 -0.975933 0.000100 0.000100 0.000100
 -1.884262 0.000100 0.000100 0.000100
 -2.617864 0.000100 0.000100 0.000100
 -0.920651 0.000100 0.000100 0.000100
 -0.694925 -2.015791 -2.669716 -1.209316
 -1.190844 -1.162271 -2.480508 -1.205443
 -0.907160 -1.746907 -2.126395 -1.194841
 -1.688081 -1.483287 -2.345509 -0.708389
 -0.713188 -1.959896 -2.509002 -1.245843
 -1.297063 -1.171183 -2.207273 -1.181994
 -0.980830 -1.484734 -2.367118 -1.188469
 -1.736382 -1.314222 -2.524838 -0.744254
 -0.688955 -1.975762 -2.527830 -1.275069
 -1.235472 -1.140162 -2.314279 -1.235472
 -0.983378 -1.264280 -2.572605 -1.319849
 -1.605761 -1.445079 -2.289775 -0.771657
 -0.625094 -1.974483 -2.712080 -1.348778
 -1.140535 -1.267534 -2.248362 -1.226712
 -1.048781 -1.309063 -2.280919 -1.282395
 -1.730115 -1.447883 -2.108768 -0.762967
 -0.543724 -2.332143 -2.747657 -1.353818
 -1.062245 -1.490284 -2.522644 -1.053356
 -0.856473 -1.651401 -1.987872 -1.400088
 -1.420264 -1.319793 -2.340626 -0.929143
 -0.319503 -2.629039 -2.676667 -2.020792
 -0.769134 -1.747458 -2.162973 -1.396802
 -0.632524 -2.079438 -1.760986 -1.760986
 -1.068029 -1.555044 -1.903350 -1.217172
 -0.000000 -15.894953 -15.894953 -15.894953
 -0.000002 -14.562201 -14.562201 -14.562201
 -0.000002 -14.334307 -14.334307 -14.334307
 -0.000001 -14.962914 -14.962914 -14.962914
 -0.000000 -16.519552 -16.519552 -16.519552
 -1.386294 -1.386294 -1.386294 -1.386294
 -1.386294 -1.386294 -1.386294 -1.386294
 -1.386294 -1.386294 -1.386294 -1.386294
 -0.000000 -16.519552 -16.519552 -16.519552
 -1.386294 -1.386294 -1.386294 -1.386294
 -1.386294 -1.386294 -1.386294 -1.386294
 -1.386294 -1.386294 -1.386294 -1.386294
 -0.607252 -2.203267 -3.357967 -1.171485
 -1.386294 -1.386294 -1.386294 -1.386294
 -1.386294 -1.386294 -1.386294 -1.386294
 -1.386294 -1.386294 -1.386294 -1.386294
 -0.796599 -2.057569 -3.064372 -0.981649
 -1.234745 -1.442384 -2.272729 -0.995072
 -1.466336 -2.564932 -2.564932 -0.485512
 -1.649090 -1.358604 -2.736527 -0.721627
 -0.894249 -2.102971 -2.988007 -0.870829
 -1.335001 -1.293037 -1.945909 -1.140845
 -1.444114 -1.598264 -2.879183 -0.681976
 -1.582516 -1.346950 -2.244891 -0.847298
 -0.816761 -2.279594 -2.567276 -0.970035
 -1.160623 -1.289834 -1.949079 -1.313091
 -0.954032 -1.769779 -2.708042 -0.973450
 -1.783636 -1.265073 -2.169869 -0.831117
 -0.644787 -2.358153 -2.484905 -1.213023
 -0.977776 -1.312624 -2.126397 -1.446155
 -1.105003 -1.837368 -2.223029 -0.913112
 -1.567909 -1.348161 -1.907777 -0.958697
 -0.670590 -2.075646 -2.933094 -1.171551
 -0.820078 -1.340979 -2.309227 -1.616082
 -0.721804 -1.998094 -2.611195 -1.187166
 -1.348175 -1.421678 -2.167010 -0.955921
 -0.598577 -2.344084 -3.713566 -1.108416
 -0.616058 -1.565137 -2.715039 -1.689190
 -0.595694 -2.071595 -2.764736 -1.347680
 -1.066864 -2.081594 -2.453156 -0.809319
 -0.604524 -2.613116 -3.587672 -1.042146
 -0.492007 -2.266955 -2.777777 -1.501490
 -0.494699 -2.614948 -3.308079 -1.271226
 -1.216143 -2.651226 -2.568988 -0.586175
 -0.690334 -3.620821 -3.792670 -0.800074
 -0.593066 -2.944426 -3.349883 -1.022627
 -1.032364 -2.211011 -3.597268 -0.679544
 -1.587896 -3.096077 -3.213860 -0.342184
 -15.550700 -15.550700 -15.550700 -0.000001
 -13.304691 -13.304691 -13.304691 -0.000005
 -13.038991 -13.038991 -13.038991 -0.000007
 -15.920864 -15.920864 -15.920864 -0.000000
 -1.386294 -1.386294 -1.386294 -1.386294
 -1.386294 -1.386294 -1.386294 -1.386294
 -1.386294 -1.386294 -1.386294 -1.386294
 -16.519552 -16.519552 -16.519552 -0.000000
 -1.386294 -1.386294 -1.386294 -1.386294
 -1.386294 -1.386294 -1.386294 -1.386294
 -1.386294 -1.386294 -1.386294 -1.386294
 -16.519552 -16.519552 -16.519552 -0.000000
 -1.386294 -1.386294 -1.386294 -1.386294
 -1.386294 -1.386294 -1.386294 -1.386294
 -1.386294 -1.386294 -1.386294 -1.386294
 -16.519552 -0.000000 -16.519552 -16.519552
 -1.386294 -1.386294 -1.386294 -1.386294
 -16.519552 -0.000000 -16.519552 -16.519552
 -1.386294 -1.386294 -1.386294 -1.386294
 -1.386294 -1.386294 -1.386294 -1.386294
 -1.386294 -1.386294 -1.386294 -1.386294
 -0.000000 -16.519552 -16.519552 -16.519552
 -1.386294 -1.386294 -1.386294 -1.386294
 -1.386294 -1.386294 -1.386294 -1.386294
 -16.519552 -16.519552 -0.000000 -16.519552
 -1.386294 -1.386294 -1.386294 -1.386294
 -1.386294 -1.386294 -1.386294 -1.386294
 -1.386294 -1.386294 -1.386294 -1.386294
 -1.386294 -1.386294 -1.386294 -1.386294
 -1.386294 -1.386294 -1.386294 -1.386294
 -0.813947 -1.756253 -1.276126 -2.252966
 -1.386294 -1.386294 -1.386294 -1.386294
 -1.018802 -1.831826 -2.177777 -1.006328
 -1.183512 -1.621134 -2.118971 -0.978249
 -1.323556 -1.626367 -2.081841 -0.885592
 -1.445328 -1.798148 -1.559738 -0.945373
 -0.750558 -1.622397 -2.155200 -1.539015
 -0.925770 -1.554378 -1.590745 -1.667706
 -0.845555 -1.641355 -2.116777 -1.360453
 -1.451299 -1.178655 -1.648658 -1.325258
 -1.124173 0.000100 0.000100 0.000100
 -2.121314 0.000100 0.000100 0.000100
 -2.463063 0.000100 0.000100 0.000100
 -0.754956 0.000100 0.000100 0.000100
 -0.609379 -2.437497 -2.437497 -1.267434
 -0.804377 -1.845820 -2.944399 -1.072640
 -0.730895 -1.686394 -2.602654 -1.349927
 -1.868450 -1.420427 -2.295892 -0.686460
 -0.930149 -1.695614 -2.206437 -1.164988
 -0.889860 -1.540444 -2.639039 -1.192140
 -0.559624 -1.540442 -3.332119 -1.722761
 -1.929907 -1.209364 -1.824548 -0.928462
 -1.021652 -1.660730 -1.966110 -1.171184
 -1.059393 -1.181995 -2.238039 -1.427116
 -1.413693 -1.126014 -2.224609 -1.126014
 -2.351369 -1.127601 -1.945907 -0.825321
 -1.027155 -1.561235 -1.504077 -1.561235
 -0.921990 -1.386294 -2.079437 -1.481604
 -0.823204 -1.410987 -2.614936 -1.410987
 -1.839613 -1.453953 -1.964776 -0.760808
 -0.881549 -1.650680 -1.417066 -1.887067
 -0.971862 -1.906166 -1.665006 -1.259543
 -0.592056 -1.904232 -2.751510 -1.452252
 -2.009758 -1.396657 -2.009758 -0.724565
 -0.433638 -2.284230 -1.791758 -2.484899
 -0.932822 -1.625965 -2.031426 -1.277661
 -0.378071 -2.602672 -1.686396 -2.890346
 -1.365241 -1.109309 -1.547562 -1.598855
 -0.000002 -14.253768 -14.253768 -14.253768
 -0.000005 -13.270790 -13.270790 -13.270790
 -0.000005 -13.235699 -13.235699 -13.235699
 -0.000006 -13.081550 -13.081550 -13.081550
 -0.000001 -14.969243 -14.969243 -14.969243
 -1.386294 -1.386294 -1.386294 -1.386294
 -1.386294 -1.386294 -1.386294 -1.386294
 -1.386294 -1.386294 -1.386294 -1.386294
 -0.000001 -14.969243 -14.969243 -14.969243
 -1.386294 -1.386294 -1.386294 -1.386294
 -1.386294 -1.386294 -1.386294 -1.386294
 -1.386294 -1.386294 -1.386294 -1.386294
 -0.689998 -2.391604 -2.580845 -1.104942
 -1.386294 -1.386294 -1.386294 -1.386294
 -1.386294 -1.386294 -1.386294 -1.386294
 -1.386294 -1.386294 -1.386294 -1.386294
 -0.738172 -2.429842 -2.871671 -0.974560
 -1.421385 -1.421385 -1.757852 -1.064715
 -2.079425 -1.568613 -2.079425 -0.613113
 -1.763587 -1.435084 -1.945907 -0.803814
 -0.752572 -2.341799 -2.564941 -1.033474
 -1.366876 -1.041456 -2.140057 -1.292769
 -1.386294 -1.673972 -2.367103 -0.757692
 -2.094943 -1.106335 -1.689480 -1.017388
 -0.816763 -2.056448 -2.662576 -1.020362
 -1.085710 -1.399366 -1.704746 -1.453433
 -0.880363 -1.921806 -2.104124 -1.148625
 -1.954796 -1.116471 -2.329487 -0.835569
 -0.911151 -1.935651 -1.866658 -1.207416
 -0.889264 -1.651400 -1.805550 -1.457246
 -0.944466 -2.197211 -2.890333 -0.810935
 -1.377326 -1.451433 -1.574035 -1.183170
 -0.739240 -2.070469 -1.819157 -1.451433
 -1.227231 -0.969403 -1.980996 -1.662545
 -0.693151 -1.466336 -2.159475 -1.871797
 -1.232144 -1.568615 -1.856295 -1.067842
 -0.677148 -2.181220 -2.740831 -1.156721
 -0.664163 -1.916918 -1.821609 -1.734599
 -0.517948 -2.240698 -2.463837 -1.547561
 -0.989415 -2.054119 -2.564938 -0.860203
 -0.448307 -2.846192 -2.404363 -1.546917
 -0.719128 -2.970375 -1.584118 -1.360977
 -0.322782 -2.674112 -2.674112 -1.980990
 -1.285199 -2.346063 -2.933841 -0.554313
 -0.801881 -3.026494 -2.061421 -0.978812
 -1.299284 -1.992415 -1.992415 -0.788466
 -0.969405 -1.980990 -2.674112 -0.882395
 -1.907068 -3.516479 -2.050167 -0.366628
 -13.873783 -13.873783 -13.873783 -0.000003
 -12.100735 -12.100735 -12.100735 -0.000017
 -12.873912 -12.873912 -12.873912 -0.000008
 -14.247295 -14.247295 -14.247295 -0.000002
 -1.386294 -1.386294 -1.386294 -1.386294
 -1.386294 -1.386294 -1.386294 -1.386294
 -1.386294 -1.386294 -1.386294 -1.386294
 -14.969243 -14.969243 -14.969243 -0.000001
 -1.386294 -1.386294 -1.386294 -1.386294
 -1.386294 -1.386294 -1.386294 -1.386294
 -1.386294 -1.386294 -1.386294 -1.386294
 -14.969243 -14.969243 -14.969243 -0.000001
 -1.386294 -1.386294 -1.386294 -1.386294
 -1.386294 -1.386294 -1.386294 -1.386294
 -1.386294 -1.386294 -1.386294 -1.386294
 -14.969243 -0.000001 -14.969243 -14.969243
 -1.386294 -1.386294 -1.386294 -1.386294
 -14.969243 -0.000001 -14.969243 -14.969243
 -1.386294 -1.386294 -1.386294 -1.386294
 -1.386294 -1.386294 -1.386294 -1.386294
 -1.386294 -1.386294 -1.386294 -1.386294
 -0.000001 -14.969243 -14.969243 -14.969243
 -1.386294 -1.386294 -1.386294 -1.386294
 -1.386294 -1.386294 -1.386294 -1.386294
 -14.969243 -14.969243 -0.000001 -14.969243
 -1.386294 -1.386294 -1.386294 -1.386294
 -1.386294 -1.386294 -1.386294 -1.386294
 -1.386294 -1.386294 -1.386294 -1.386294
 -1.386294 -1.386294 -1.386294 -1.386294
 -1.386294 -1.386294 -1.386294 -1.386294
 -0.741623 -1.569247 -1.952238 -1.751568
 -1.386294 -1.386294 -1.386294 -1.386294
 -0.726822 -2.820047 -2.452325 -0.991929
 -1.417066 -1.098614 -2.803341 -1.011603
 -0.762144 -2.197213 -2.197213 -1.167607
 -1.116963 -3.314143 -2.061416 -0.675132
 -0.495323 -2.454129 -2.287076 -1.593933
 -1.335002 -2.028139 -0.929540 -1.558143
 -0.969405 -1.575534 -2.674112 -1.064715
 -1.277661 -2.319109 -1.668526 -0.833731
