 -1.015167 0.000100 0.000100 0.000100
 -1.848732 0.000100 0.000100 0.000100
 -2.207562 0.000100 0.000100 0.000100
 -0.993568 0.000100 0.000100 0.000100
 -0.684452 -1.937214 -2.413296 -1.339377
 -1.044810 -1.859316 -2.248780 -0.949500
 -1.196805 -1.408113 -2.044100 -1.127812
 -1.466337 -1.830980 -1.974080 -0.754841
 -0.717840 -2.051023 -2.677478 -1.155640
 -0.753166 -2.032037 -2.383434 -1.184742
 -1.025491 -1.718636 -2.268680 -1.025491
 -1.472126 -1.716724 -2.146580 -0.746494
 -0.712277 -2.036180 -2.402113 -1.243334
 -0.898411 -1.741497 -2.495265 -1.093471
 -0.771792 -2.476532 -2.476532 -0.994935
 -1.290221 -1.945910 -2.071072 -0.785521
 -0.721663 -1.991092 -2.497026 -1.220168
 -1.048182 -1.575536 -2.214613 -1.098613
 -0.889522 -1.815288 -2.374901 -1.098613
 -1.217746 -1.731007 -2.400056 -0.829460
 -0.628356 -2.089634 -2.486935 -1.348479
 -0.758009 -2.113841 -2.624664 -1.084224
 -0.907558 -1.691675 -2.097137 -1.239691
 -1.098613 -1.805182 -2.158003 -0.950193
 -0.685979 -2.313434 -2.631887 -1.122271
 -0.732590 -1.797299 -2.800595 -1.228205
 -0.833731 -1.808287 -2.501429 -1.140460
 -0.973449 -2.132685 -2.538149 -0.856393
 -0.698397 -2.176497 -2.687322 -1.135950
 -0.952901 -1.939394 -2.197221 -1.023106
 -1.131403 -1.967647 -2.335368 -0.819029
 -1.379575 -2.127781 -2.247926 -0.647036
 -15.396550 -1.621860 -2.160856 -0.375068
 -14.240781 -1.446919 -2.085996 -0.445472
 -13.928843 -1.540444 -1.828125 -0.470006
 -15.450617 -1.797624 -1.774367 -0.408394
 -1.386294 -1.386294 -1.386294 -1.386294
 -0.793450 -2.117499 -2.265919 -1.128088
 -0.902498 -2.148432 -2.302582 -0.973450
 -1.211514 -2.517458 -2.354939 -0.641143
 -15.281079 -15.281079 -15.281079 -0.000001
 -13.981029 -13.981029 -13.981029 -0.000003
 -14.022528 -14.022528 -14.022528 -0.000002
 -15.590464 -15.590464 -15.590464 -0.000001
 -1.386294 -1.386294 -1.386294 -1.386294
 -1.386294 -1.386294 -1.386294 -1.386294
 -1.386294 -1.386294 -1.386294 -1.386294
 -1.057537 -2.131401 -2.423537 -0.808757
 -0.704602 -2.395618 -2.558137 -1.087287
 -0.693148 -2.371573 -2.445681 -1.139435
 -0.786675 -2.010446 -1.885283 -1.351203
 -1.442930 -2.158891 -2.344294 -0.593487
 -0.693148 -2.122366 -2.987361 -1.109172
 -0.927549 -1.639742 -2.499938 -1.113651
 -0.763353 -2.062631 -2.131624 -1.244325
 -1.547935 -1.865293 -2.455491 -0.603962
 -0.688809 -2.493639 -2.912348 -1.019239
 -1.024110 -1.672136 -2.308122 -1.039615
 -0.998530 -1.462834 -2.251286 -1.221673
 -1.780460 -1.850255 -2.580215 -0.513354
 -0.642092 -2.429335 -3.044518 -1.084428
 -1.244324 -1.538563 -2.978916 -0.806703
 -0.949082 -1.893539 -2.923146 -0.895015
 -1.708238 -1.679800 -2.292185 -0.632318
 -0.600489 -2.170875 -3.076580 -1.233532
 -0.835464 -1.667196 -2.713160 -1.167241
 -0.693149 -1.749198 -3.135473 -1.263692
 -1.547562 -1.547562 -2.191919 -0.770534
 -0.666259 -2.073171 -3.076470 -1.156881
 -0.606137 -1.927890 -2.685572 -1.423336
 -0.552071 -2.515670 -2.397888 -1.376244
 -1.144522 -1.694121 -1.914361 -1.048602
 -0.000001 -15.557731 -15.557731 -15.557731
 -0.000002 -14.436090 -14.436090 -14.436090
 -0.000003 -13.955276 -13.955276 -13.955276
 -0.000001 -15.181603 -15.181603 -15.181603
 -0.000000 -16.352377 -16.352377 -16.352377
 -1.386294 -1.386294 -1.386294 -1.386294
 -1.386294 -1.386294 -1.386294 -1.386294
 -1.386294 -1.386294 -1.386294 -1.386294
 -16.352377 -16.352377 -16.352377 -0.000000
 -1.386294 -1.386294 -1.386294 -1.386294
 -1.386294 -1.386294 -1.386294 -1.386294
 -1.386294 -1.386294 -1.386294 -1.386294
 -1.386294 -1.386294 -1.386294 -1.386294
 -1.386294 -1.386294 -1.386294 -1.386294
 -1.386294 -1.386294 -1.386294 -1.386294
 -16.352377 -16.352377 -16.352377 -0.000000
 -1.386294 -1.386294 -1.386294 -1.386294
 -1.386294 -1.386294 -1.386294 -1.386294
 -1.386294 -1.386294 -1.386294 -1.386294
 -16.352377 -16.352377 -16.352377 -0.000000
 -1.386294 -1.386294 -1.386294 -1.386294
 -1.386294 -1.386294 -1.386294 -1.386294
 -1.386294 -1.386294 -1.386294 -1.386294
 -16.352377 -0.000000 -16.352377 -16.352377
 -1.386294 -1.386294 -1.386294 -1.386294
 -0.000000 -16.352377 -16.352377 -16.352377
 -1.386294 -1.386294 -1.386294 -1.386294
 -1.386294 -1.386294 -1.386294 -1.386294
 -16.352377 -16.352377 -0.000000 -16.352377
 -1.386294 -1.386294 -1.386294 -1.386294
 -1.386294 -1.386294 -1.386294 -1.386294
 -1.386294 -1.386294 -1.386294 -1.386294
 -1.386294 -1.386294 -1.386294 -1.386294
 -1.386294 -1.386294 -1.386294 -1.386294
 -0.785929 -1.743874 -1.566087 -1.828830
 -1.386294 -1.386294 -1.386294 -1.386294
 -1.220309 -1.856297 -1.834319 -0.944462
 -1.121497 -1.446919 -2.065956 -1.164057
 -1.219241 -1.327454 -1.938362 -1.219241
 -1.945909 -1.757857 -1.138819 -1.009141
 -1.118874 -1.322472 -1.760727 -1.448353
 -0.934678 -1.820508 -1.748188 -1.304696
 -1.103107 -1.381820 -1.851823 -1.346729
 -1.754268 -1.335900 -1.492904 -1.080795
 -1.196099 0.000100 0.000100 0.000100
 -1.978041 0.000100 0.000100 0.000100
 -1.963856 0.000100 0.000100 0.000100
 -0.869951 0.000100 0.000100 0.000100
 -0.726374 -2.257846 -2.727845 -1.060147
 -1.157454 -1.540444 -1.358124 -1.540444
 -1.004585 -1.960090 -1.864781 -1.084628
 -1.860078 -2.024380 -1.890849 -0.577464
 -0.648977 -2.210208 -2.558513 -1.236763
 -0.901904 -2.154658 -1.931517 -1.098614
 -0.966845 -1.623621 -2.183231 -1.171638
 -1.886121 -1.825497 -1.796509 -0.651379
 -0.996830 -1.945908 -1.865866 -1.098613
 -1.154966 -1.346021 -1.725508 -1.400088
 -1.401798 -1.535329 -1.341174 -1.284016
 -1.537117 -1.897119 -1.609437 -0.832410
 -1.077994 -1.750936 -1.878769 -1.098613
 -0.828324 -1.980998 -1.980998 -1.247033
 -0.953432 -1.345473 -1.925288 -1.568615
 -1.603866 -1.661025 -1.753398 -0.830678
 -0.932040 -1.742968 -1.742968 -1.361602
 -0.803150 -2.367117 -1.791757 -1.232144
 -1.002154 -1.730388 -1.804496 -1.233954
 -1.335001 -1.740465 -1.645155 -0.998530
 -0.958851 -2.101912 -2.101912 -0.988265
 -1.136354 -1.755390 -1.561235 -1.216396
 -0.786240 -1.727219 -2.014899 -1.455287
 -1.517064 -1.676128 -1.785327 -0.853771
 -0.976916 -2.427744 -1.839960 -0.976916
 -0.928715 -1.996550 -1.909539 -1.136354
 -1.011603 -1.704746 -1.778854 -1.252764
 -1.780585 -2.409191 -2.137259 -0.472255
 -14.247295 -1.858897 -1.669656 -0.421834
 -13.235699 -1.945905 -1.192140 -0.591368
 -13.500805 -1.805550 -1.294728 -0.576890
 -14.617514 -1.880810 -2.039874 -0.331999
 -1.386294 -1.386294 -1.386294 -1.386294
 -1.178656 -2.159478 -2.054119 -0.801363
 -1.335001 -1.914817 -1.720662 -0.890317
 -1.979500 -2.406943 -2.630086 -0.357105
 -13.764221 -13.764221 -13.764221 -0.000003
 -13.180640 -13.180640 -13.180640 -0.000006
 -13.142174 -13.142174 -13.142174 -0.000006
 -14.937189 -14.937189 -14.937189 -0.000001
 -1.386294 -1.386294 -1.386294 -1.386294
 -1.386294 -1.386294 -1.386294 -1.386294
 -1.386294 -1.386294 -1.386294 -1.386294
 -1.737900 -2.036881 -2.036881 -0.574048
 -0.905119 -1.849576 -2.090736 -1.156433
 -1.145134 -1.481604 -1.481604 -1.481604
 -1.356442 -1.624704 -1.245217 -1.356442
 -2.068969 -1.823847 -2.041570 -0.540502
 -0.768656 -2.302580 -2.061419 -1.174121
 -1.076141 -1.481604 -2.079437 -1.181501
 -1.074516 -2.104129 -1.698667 -1.039425
 -1.809616 -1.659334 -1.924026 -0.693148
 -1.051782 -1.725509 -1.725509 -1.222407
 -1.339775 -1.435084 -2.351367 -0.904458
 -1.294728 -1.245938 -1.725508 -1.346021
 -2.094328 -1.816697 -1.847469 -0.585819
 -0.781702 -2.131624 -1.592630 -1.512588
 -1.203973 -1.560647 -1.771955 -1.139435
 -1.073612 -1.971549 -1.479076 -1.233954
 -1.975037 -1.908346 -1.122827 -0.947886
 -0.798509 -1.722765 -1.850598 -1.540445
 -0.878072 -2.146575 -1.399366 -1.510591
 -0.873896 -2.136133 -1.106518 -2.010971
 -1.653608 -1.868719 -1.216396 -1.027154
 -0.468888 -2.479331 -2.051889 -1.820089
 -0.902870 -1.739113 -1.665006 -1.470851
 -0.571134 -1.784153 -1.879463 -2.167144
 -1.220503 -1.625966 -1.545924 -1.220503
 -0.000001 -14.739771 -14.739771 -14.739771
 -0.000004 -13.514411 -13.514411 -13.514411
 -0.000004 -13.629186 -13.629186 -13.629186
 -0.000003 -13.785055 -13.785055 -13.785055
 -0.000001 -15.436878 -15.436878 -15.436878
 -1.386294 -1.386294 -1.386294 -1.386294
 -1.386294 -1.386294 -1.386294 -1.386294
 -1.386294 -1.386294 -1.386294 -1.386294
 -15.436878 -15.436878 -15.436878 -0.000001
 -1.386294 -1.386294 -1.386294 -1.386294
 -1.386294 -1.386294 -1.386294 -1.386294
 -1.386294 -1.386294 -1.386294 -1.386294
 -1.386294 -1.386294 -1.386294 -1.386294
 -1.386294 -1.386294 -1.386294 -1.386294
 -1.386294 -1.386294 -1.386294 -1.386294
 -15.436878 -15.436878 -15.436878 -0.000001
 -1.386294 -1.386294 -1.386294 -1.386294
 -1.386294 -1.386294 -1.386294 -1.386294
 -1.386294 -1.386294 -1.386294 -1.386294
 -15.436878 -15.436878 -15.436878 -0.000001
 -1.386294 -1.386294 -1.386294 -1.386294
 -1.386294 -1.386294 -1.386294 -1.386294
 -1.386294 -1.386294 -1.386294 -1.386294
 -15.436878 -0.000001 -15.436878 -15.436878
 -1.386294 -1.386294 -1.386294 -1.386294
 -0.000001 -15.436878 -15.436878 -15.436878
 -1.386294 -1.386294 -1.386294 -1.386294
 -1.386294 -1.386294 -1.386294 -1.386294
 -15.436878 -15.436878 -0.000001 -15.436878
 -1.386294 -1.386294 -1.386294 -1.386294
 -1.386294 -1.386294 -1.386294 -1.386294
 -1.386294 -1.386294 -1.386294 -1.386294
 -1.386294 -1.386294 -1.386294 -1.386294
 -1.386294 -1.386294 -1.386294 -1.386294
 -0.784119 -1.807696 -2.115662 -1.351339
 -1.386294 -1.386294 -1.386294 -1.386294
 -0.697486 -2.110211 -2.075120 -1.364880
 -1.199966 -1.474401 -1.779781 -1.199966
 -0.932822 -1.277661 -2.501422 -1.402823
 -1.579360 -2.102605 -1.656321 -0.732064
 -0.833434 -2.544219 -2.161229 -0.989594
 -0.668457 -1.984127 -2.590255 -1.290985
 -1.071585 -1.987870 -1.651400 -1.112407
 -1.450010 -2.254380 -1.561235 -0.797138
