 -1.052181 0.000100 0.000100 0.000100
 -1.894859 0.000100 0.000100 0.000100
 -2.102002 0.000100 0.000100 0.000100
 -0.972138 0.000100 0.000100 0.000100
 -0.795426 -1.869721 -2.359743 -1.203973
 -0.974399 -1.577689 -2.240063 -1.172224
 -0.924259 -1.658228 -2.584986 -1.086778
 -1.466337 -1.776492 -1.977162 -0.773190
 -0.773883 -2.082215 -2.504487 -1.101386
 -1.109944 -1.638011 -2.406380 -0.952137
 -0.907558 -1.995357 -2.133507 -1.072637
 -1.464577 -1.694889 -2.163455 -0.754433
 -0.711445 -2.132424 -2.746433 -1.119755
 -0.936246 -1.770705 -2.058387 -1.171085
 -0.823201 -1.990804 -2.432635 -1.088904
 -1.304641 -1.823071 -2.034828 -0.828971
 -0.735762 -2.130002 -2.396631 -1.167966
 -0.859596 -1.791759 -2.484904 -1.118815
 -0.834799 -1.955387 -2.717524 -1.025854
 -1.207052 -1.795720 -2.383506 -0.814891
 -0.791128 -1.944698 -2.438716 -1.150863
 -0.950193 -1.484275 -2.568285 -1.171183
 -0.767681 -1.831200 -2.713584 -1.173146
 -1.365351 -1.686399 -2.117181 -0.822907
 -0.739854 -2.199835 -2.710660 -1.062757
 -0.861483 -1.777773 -2.736620 -1.068097
 -0.881549 -1.956061 -2.515674 -1.011602
 -1.184399 -1.734152 -2.227322 -0.892322
 -0.626339 -2.308663 -2.745090 -1.197931
 -0.896747 -1.805004 -2.772585 -1.007498
 -0.779091 -1.701810 -2.833206 -1.203973
 -1.068914 -1.800976 -2.104658 -0.995351
 -0.663750 -2.116586 -2.818949 -1.187534
 -0.530629 -2.200689 -3.027364 -1.375967
 -0.733970 -1.832580 -3.373012 -1.121735
 -1.081445 -1.896639 -2.336336 -0.881548
 -0.677563 -2.287000 -2.801267 -1.109139
 -0.918124 -1.871801 -2.313633 -1.055595
 -0.941428 -2.309698 -2.869309 -0.789878
 -1.133858 -2.321521 -2.351374 -0.723919
 -15.981131 -1.400151 -2.165619 -0.448224
 -14.608505 -1.271029 -1.871801 -0.569850
 -14.279247 -1.431318 -2.360850 -0.405467
 -15.907375 -1.504077 -1.852847 -0.476444
 -1.386294 -1.386294 -1.386294 -1.386294
 -0.667224 -2.110212 -2.466887 -1.270084
 -0.768371 -2.253103 -2.575875 -1.035434
 -1.080954 -2.063306 -2.295638 -0.837023
 -0.725368 -2.365498 -2.598429 -1.056815
 -0.851259 -1.726726 -2.588947 -1.138941
 -1.014196 -2.084634 -2.043813 -0.958626
 -1.323013 -1.997468 -2.104888 -0.742063
 -0.728057 -2.190891 -2.660894 -1.092279
 -0.962624 -1.586090 -2.359278 -1.142885
 -1.088760 -2.172771 -2.263742 -0.808459
 -1.414779 -1.840549 -2.073354 -0.749660
 -0.731508 -2.349360 -2.827850 -1.009922
 -0.952785 -1.918972 -2.502116 -0.952785
 -0.969401 -2.135150 -2.422831 -0.882390
 -1.393620 -1.883426 -1.941055 -0.784815
 -0.709234 -2.266027 -2.633751 -1.101276
 -1.061295 -1.494616 -2.353276 -1.094818
 -1.055441 -1.852383 -2.833207 -0.829484
 -1.329795 -1.892779 -2.183089 -0.750515
 -0.686547 -2.172370 -2.913144 -1.113289
 -0.777705 -1.798538 -2.745917 -1.168571
 -0.935288 -2.090250 -2.740834 -0.869039
 -1.335486 -1.766623 -2.510690 -0.723919
 -0.786722 -2.502428 -3.003202 -0.883941
 -0.880163 -1.939242 -2.234706 -1.095274
 -1.022452 -1.990033 -2.631882 -0.840131
 -1.364528 -2.072133 -2.444181 -0.631517
 -15.830414 -15.830414 -15.830414 -0.000000
 -14.652760 -14.652760 -14.652760 -0.000001
 -14.240781 -14.240781 -14.240781 -0.000002
 -16.043373 -16.043373 -16.043373 -0.000000
 -1.386294 -1.386294 -1.386294 -1.386294
 -1.386294 -1.386294 -1.386294 -1.386294
 -1.386294 -1.386294 -1.386294 -1.386294
 0.000000 -16.841772 -16.841772 -16.841772
 -16.841772 -16.841772 -16.841772 -0.000000
 -1.386294 -1.386294 -1.386294 -1.386294
 -1.386294 -1.386294 -1.386294 -1.386294
 -1.386294 -1.386294 -1.386294 -1.386294
 -1.386294 -1.386294 -1.386294 -1.386294
 -1.386294 -1.386294 -1.386294 -1.386294
 -1.386294 -1.386294 -1.386294 -1.386294
 -16.841772 -16.841772 -16.841772 -0.000000
 -1.386294 -1.386294 -1.386294 -1.386294
 -1.386294 -1.386294 -1.386294 -1.386294
 -1.386294 -1.386294 -1.386294 -1.386294
 -16.841772 -16.841772 -16.841772 -0.000000
 -1.386294 -1.386294 -1.386294 -1.386294
 -1.386294 -1.386294 -1.386294 -1.386294
 -1.386294 -1.386294 -1.386294 -1.386294
 -16.841772 0.000000 -16.841772 -16.841772
 -1.386294 -1.386294 -1.386294 -1.386294
 0.000000 -16.841772 -16.841772 -16.841772
 -1.386294 -1.386294 -1.386294 -1.386294
 -1.386294 -1.386294 -1.386294 -1.386294
 -16.841772 -16.841772 -0.000000 -16.841772
 -1.386294 -1.386294 -1.386294 -1.386294
 -1.386294 -1.386294 -1.386294 -1.386294
 -1.386294 -1.386294 -1.386294 -1.386294
 -1.386294 -1.386294 -1.386294 -1.386294
 -1.386294 -1.386294 -1.386294 -1.386294
 -0.813601 -1.841471 -1.426874 -1.844534
 -1.386294 -1.386294 -1.386294 -1.386294
 -1.062088 -1.748926 -1.854986 -1.127471
 -1.117132 -1.527280 -2.152373 -1.080430
 -1.028408 -1.579585 -2.144114 -1.141963
 -1.874874 -1.692552 -1.309561 -0.934868
 -1.000509 -1.556991 -2.046155 -1.229948
 -1.051281 -1.667196 -1.781607 -1.226330
 -1.045028 -1.541465 -1.800975 -1.312624
 -1.606556 -1.484784 -1.381975 -1.133858
 -1.229641 0.000100 0.000100 0.000100
 -1.748834 0.000100 0.000100 0.000100
 -1.836610 0.000100 0.000100 0.000100
 -0.982781 0.000100 0.000100 0.000100
 -0.843971 -1.742968 -1.864329 -1.427116
 -1.090245 -1.688080 -1.560247 -1.313388
 -1.164988 -1.858132 -1.472472 -1.194841
 -1.807507 -1.519826 -1.934258 -0.749388
 -0.853921 -1.976062 -1.842531 -1.282916
 -1.178656 -1.609437 -2.034318 -1.017388
 -0.838860 -1.998093 -1.679641 -1.403389
 -1.694120 -1.648658 -1.523495 -0.901445
 -0.839751 -2.135529 -1.810108 -1.250493
 -1.107347 -1.526056 -1.700408 -1.310945
 -1.115142 -1.402824 -2.031429 -1.220503
 -1.596308 -1.990961 -1.596308 -0.780560
 -0.754344 -2.444629 -1.892563 -1.230189
 -0.847299 -1.774058 -1.945907 -1.351203
 -1.252763 -1.643628 -1.783390 -1.041455
 -1.626679 -1.717651 -1.584120 -0.870354
 -0.965082 -1.728845 -1.728845 -1.331544
 -1.233532 -1.862138 -1.499234 -1.108369
 -1.073295 -1.584119 -1.766440 -1.265667
 -1.425687 -1.539015 -2.017050 -0.886691
 -0.996529 -1.839614 -1.900239 -1.131870
 -1.137528 -1.739702 -1.784153 -1.091008
 -1.161414 -1.412727 -1.972341 -1.189585
 -1.519825 -1.698073 -1.774059 -0.847299
 -0.806088 -1.831367 -2.149820 -1.284825
 -1.075083 -1.840548 -1.617405 -1.198696
 -0.897943 -1.686398 -1.737691 -1.463255
 -1.322781 -1.668526 -1.833606 -0.953874
 -0.943292 -1.859581 -1.833606 -1.220502
 -0.887304 -1.783390 -2.581891 -1.065552
 -1.414732 -1.453953 -2.370237 -0.844189
 -1.494775 -1.869467 -2.274931 -0.656447
 -1.067007 -2.052289 -2.088656 -0.907159
 -1.170072 -1.495493 -1.863216 -1.170072
 -1.123931 -1.673975 -1.897117 -1.086191
 -1.609438 -1.934859 -1.837221 -0.700583
 -14.462616 -1.320448 -1.641355 -0.617546
 -13.892475 -1.909540 -1.546636 -0.448027
 -13.815515 -1.427116 -1.203973 -0.776531
 -14.862831 -1.720663 -1.663505 -0.459533
 -1.386294 -1.386294 -1.386294 -1.386294
 -1.171638 -1.777772 -2.122611 -0.912777
 -1.163151 -1.878769 -1.711716 -1.037988
 -1.592003 -1.668964 -1.892107 -0.782446
 -0.931107 -1.877700 -1.877700 -1.203973
 -1.011602 -2.087737 -1.617736 -1.158205
 -1.108369 -1.690289 -1.543686 -1.302525
 -1.644529 -1.699589 -1.778060 -0.787080
 -0.933858 -1.837568 -1.806796 -1.260254
 -1.038509 -1.549333 -1.636344 -1.431551
 -0.967150 -1.704747 -1.905417 -1.240443
 -1.688811 -1.779783 -1.879866 -0.705269
 -0.969832 -2.019652 -1.796509 -1.132351
 -1.026293 -1.651996 -2.079438 -1.123931
 -1.183170 -1.713796 -1.765090 -1.071945
 -1.284245 -1.878019 -1.851351 -0.883768
 -0.796526 -2.320601 -1.856297 -1.221992
 -0.993253 -1.637608 -1.909540 -1.248145
 -0.911630 -1.900238 -2.187917 -1.089311
 -1.296566 -1.740057 -1.589235 -1.058607
 -0.843322 -2.028944 -2.059716 -1.168744
 -0.818312 -1.916920 -1.916920 -1.329136
 -1.293401 -1.591893 -1.591893 -1.143870
 -1.257361 -1.918758 -1.858133 -0.884686
 -0.951455 -1.791759 -2.071343 -1.135884
 -0.897061 -1.801514 -2.236829 -1.138222
 -1.118031 -1.754017 -1.508896 -1.277095
 -1.417066 -1.858898 -2.008429 -0.760287
 -14.635292 -14.635292 -14.635292 -0.000001
 -13.928843 -13.928843 -13.928843 -0.000003
 -13.774693 -13.774693 -13.774693 -0.000003
 -14.727795 -14.727795 -14.727795 -0.000001
 -1.386294 -1.386294 -1.386294 -1.386294
 -1.386294 -1.386294 -1.386294 -1.386294
 -1.386294 -1.386294 -1.386294 -1.386294
 -0.000001 -15.738299 -15.738299 -15.738299
 -15.738299 -15.738299 -15.738299 -0.000000
 -1.386294 -1.386294 -1.386294 -1.386294
 -1.386294 -1.386294 -1.386294 -1.386294
 -1.386294 -1.386294 -1.386294 -1.386294
 -1.386294 -1.386294 -1.386294 -1.386294
 -1.386294 -1.386294 -1.386294 -1.386294
 -1.386294 -1.386294 -1.386294 -1.386294
 -15.738299 -15.738299 -15.738299 -0.000000
 -1.386294 -1.386294 -1.386294 -1.386294
 -1.386294 -1.386294 -1.386294 -1.386294
 -1.386294 -1.386294 -1.386294 -1.386294
 -15.738299 -15.738299 -15.738299 -0.000000
 -1.386294 -1.386294 -1.386294 -1.386294
 -1.386294 -1.386294 -1.386294 -1.386294
 -1.386294 -1.386294 -1.386294 -1.386294
 -15.738299 -0.000001 -15.738299 -15.738299
 -1.386294 -1.386294 -1.386294 -1.386294
 -0.000001 -15.738299 -15.738299 -15.738299
 -1.386294 -1.386294 -1.386294 -1.386294
 -1.386294 -1.386294 -1.386294 -1.386294
 -15.738299 -15.738299 -0.000000 -15.738299
 -1.386294 -1.386294 -1.386294 -1.386294
 -1.386294 -1.386294 -1.386294 -1.386294
 -1.386294 -1.386294 -1.386294 -1.386294
 -1.386294 -1.386294 -1.386294 -1.386294
 -1.386294 -1.386294 -1.386294 -1.386294
 -0.933247 -1.774367 -2.062049 -1.171372
 -1.386294 -1.386294 -1.386294 -1.386294
 -0.682057 -2.193512 -2.193512 -1.304252
 -0.992391 -2.045537 -1.980999 -1.015922
 -1.247033 -1.421386 -2.268677 -1.000174
 -1.643014 -2.137708 -1.549923 -0.741467
 -0.828430 -2.169052 -1.863671 -1.224592
 -1.045125 -2.112959 -1.466337 -1.215023
 -1.049823 -2.040217 -1.714797 -1.078811
 -1.386294 -1.902510 -1.524444 -0.959552
