 -0.975607 0.000100 0.000100 0.000100
 -2.000607 0.000100 0.000100 0.000100
 -2.578124 0.000100 0.000100 0.000100
 -0.887054 0.000100 0.000100 0.000100
 -0.608841 -2.284235 -2.736218 -1.240112
 -1.214784 -1.432507 -2.047690 -1.092182
 -1.000174 -1.826848 -2.268677 -1.000174
 -1.937471 -1.657169 -2.225152 -0.584825
 -0.600466 -2.136136 -2.446290 -1.399505
 -0.916292 -1.413693 -2.655401 -1.250064
 -1.044546 -1.637608 -2.379540 -1.018571
 -1.657169 -1.702631 -2.328336 -0.635519
 -0.761098 -1.875458 -2.280922 -1.282395
 -0.952471 -1.222761 -3.085970 -1.294220
 -0.796333 -2.060020 -2.227072 -1.159238
 -1.760154 -1.452669 -2.070308 -0.759523
 -0.869830 -1.715084 -2.300016 -1.201406
 -1.081806 -1.187166 -2.419306 -1.320697
 -0.791884 -1.504077 -2.459582 -1.429969
 -1.479626 -1.631967 -2.337852 -0.733557
 -0.790522 -1.817870 -2.297442 -1.260525
 -1.055042 -1.275282 -2.513653 -1.232722
 -0.953680 -1.513294 -2.052287 -1.324052
 -1.602003 -1.627004 -2.258781 -0.698135
 -0.615706 -1.927891 -2.695144 -1.399366
 -1.332451 -1.269931 -2.626368 -0.959776
 -0.617800 -1.854558 -2.179979 -1.653889
 -1.374202 -1.496804 -2.211930 -0.882795
 -0.390667 -2.745435 -2.899585 -1.589006
 -0.693148 -1.950229 -2.355692 -1.335864
 -0.487988 -1.842530 -2.535670 -1.907068
 -1.019591 -1.773362 -2.000419 -1.095963
 -0.000001 -15.622159 -15.622159 -15.622159
 -0.000002 -14.159103 -14.159103 -14.159103
 -0.000003 -13.864305 -13.864305 -13.864305
 -0.000001 -14.883665 -14.883665 -14.883665
 -0.000000 -16.254374 -16.254374 -16.254374
 -1.386294 -1.386294 -1.386294 -1.386294
 -1.386294 -1.386294 -1.386294 -1.386294
 -1.386294 -1.386294 -1.386294 -1.386294
 -0.000000 -16.254374 -16.254374 -16.254374
 -1.386294 -1.386294 -1.386294 -1.386294
 -1.386294 -1.386294 -1.386294 -1.386294
 -1.386294 -1.386294 -1.386294 -1.386294
 -0.612702 -2.438862 -3.355151 -1.090790
 -1.386294 -1.386294 -1.386294 -1.386294
 -1.386294 -1.386294 -1.386294 -1.386294
 -1.386294 -1.386294 -1.386294 -1.386294
 -0.734238 -2.154664 -3.173231 -1.015231
 -1.714797 -1.347074 -1.966110 -0.867502
 -1.742965 -1.491654 -2.590244 -0.644362
 -1.558794 -1.676577 -2.369723 -0.675129
 -0.889427 -2.172772 -3.005679 -0.853921
 -1.523824 -1.523824 -2.009330 -0.843581
 -1.425009 -2.172217 -2.423528 -0.585261
 -2.139033 -1.472555 -2.493204 -0.561685
 -0.884765 -2.271057 -2.865761 -0.850864
 -1.561810 -1.391184 -2.104132 -0.868663
 -1.466337 -1.738269 -2.208269 -0.726672
 -1.790003 -1.416627 -2.000074 -0.787053
 -0.846087 -2.005852 -2.844178 -0.972381
 -1.206826 -1.000974 -2.319824 -1.447988
 -0.940008 -1.807506 -1.961656 -1.188469
 -1.721588 -1.144852 -2.012939 -0.996006
 -0.772178 -1.825765 -2.962840 -1.123229
 -0.605592 -1.406097 -2.356287 -2.168235
 -0.579820 -1.609437 -2.430413 -1.883873
 -1.237339 -1.283009 -1.895394 -1.264490
 -0.000001 -15.426948 -15.426948 -15.426948
 -0.000001 -14.771024 -14.771024 -14.771024
 -0.000003 -13.955276 -13.955276 -13.955276
 -0.000001 -14.808764 -14.808764 -14.808764
 -0.000000 -16.254374 -16.254374 -16.254374
 -1.386294 -1.386294 -1.386294 -1.386294
 -1.386294 -1.386294 -1.386294 -1.386294
 -1.386294 -1.386294 -1.386294 -1.386294
 -16.254374 -16.254374 -16.254374 -0.000000
 -1.386294 -1.386294 -1.386294 -1.386294
 -1.386294 -1.386294 -1.386294 -1.386294
 -1.386294 -1.386294 -1.386294 -1.386294
 -1.386294 -1.386294 -1.386294 -1.386294
 -1.386294 -1.386294 -1.386294 -1.386294
 -1.386294 -1.386294 -1.386294 -1.386294
 -16.254374 -16.254374 -16.254374 -0.000000
 -1.386294 -1.386294 -1.386294 -1.386294
 -1.386294 -1.386294 -1.386294 -1.386294
 -1.386294 -1.386294 -1.386294 -1.386294
 -16.254374 -16.254374 -16.254374 -0.000000
 -1.386294 -1.386294 -1.386294 -1.386294
 -1.386294 -1.386294 -1.386294 -1.386294
 -1.386294 -1.386294 -1.386294 -1.386294
 -16.254374 -16.254374 -16.254374 -0.000000
 -1.386294 -1.386294 -1.386294 -1.386294
 -1.386294 -1.386294 -1.386294 -1.386294
 -1.386294 -1.386294 -1.386294 -1.386294
 -16.254374 -0.000000 -16.254374 -16.254374
 -1.386294 -1.386294 -1.386294 -1.386294
 -0.000000 -16.254374 -16.254374 -16.254374
 -1.386294 -1.386294 -1.386294 -1.386294
 -1.386294 -1.386294 -1.386294 -1.386294
 -16.254374 -16.254374 -0.000000 -16.254374
 -1.386294 -1.386294 -1.386294 -1.386294
 -1.386294 -1.386294 -1.386294 -1.386294
 -1.386294 -1.386294 -1.386294 -1.386294
 -1.386294 -1.386294 -1.386294 -1.386294
 -1.386294 -1.386294 -1.386294 -1.386294
 -0.961814 -1.357058 -1.627932 -1.807591
 -1.386294 -1.386294 -1.386294 -1.386294
 -1.222407 -1.725510 -1.738413 -1.045267
 -1.330267 -1.452869 -1.755149 -1.112265
 -1.373049 -1.373049 -2.238044 -0.950193
 -1.652922 -1.475242 -1.365241 -1.125569
 -1.012435 -1.560647 -1.678430 -1.427116
 -0.904219 -1.925868 -1.502055 -1.484036
 -1.203973 -1.386294 -2.002479 -1.155183
 -1.511624 -1.168680 -1.698502 -1.252763
 -1.137327 0.000100 0.000100 0.000100
 -2.332563 0.000100 0.000100 0.000100
 -2.903105 0.000100 0.000100 0.000100
 -0.639747 0.000100 0.000100 0.000100
 -0.323404 -13.541079 -2.944419 -1.497519
 -1.056058 -0.832916 -2.442314 -2.036866
 -1.466334 -2.564880 -1.178661 -0.955522
 -2.055722 -2.120260 -2.189252 -0.446289
 -0.600059 -2.614948 -2.460800 -1.228666
 -1.178658 -1.312187 -3.258012 -0.955517
 -1.232146 -3.177970 -1.098616 -1.098616
 -1.881369 -1.658227 -2.456728 -0.559618
 -0.865000 -1.691674 -1.622682 -1.622682
 -1.128468 -1.041457 -1.916914 -1.734596
 -1.021656 -2.120246 -1.832572 -1.021656
 -1.852382 -1.098613 -1.734599 -1.098613
 -1.174986 -1.275069 -2.022278 -1.275069
 -0.885041 -1.147404 -2.197217 -1.840546
 -1.540443 -0.965084 -1.945903 -1.339775
 -1.386294 -1.519825 -1.760985 -1.023391
 -1.232144 -1.568615 -1.141173 -1.711715
 -1.400893 -1.289668 -1.595048 -1.289668
 -1.299284 -1.417066 -1.417066 -1.417066
 -1.840546 -1.745237 -1.504077 -0.810933
 -0.641858 -1.963604 -1.740463 -1.845823
 -1.667704 -1.485384 -1.485384 -1.025855
 -0.643554 -2.131620 -1.774949 -1.679640
 -1.580449 -1.734599 -1.223776 -1.128467
 -0.268267 -2.363202 -2.496732 -2.833198
 -0.830353 -2.277252 -1.265667 -1.717647
 -0.424888 -2.341793 -1.871797 -2.341793
 -1.115143 -1.625965 -1.338285 -1.545923
 -0.000002 -14.122998 -14.122998 -14.122998
 -0.000010 -12.577650 -12.577650 -12.577650
 -0.000007 -12.948019 -12.948019 -12.948019
 -0.000010 -12.611551 -12.611551 -12.611551
 -0.000001 -14.678402 -14.678402 -14.678402
 -1.386294 -1.386294 -1.386294 -1.386294
 -1.386294 -1.386294 -1.386294 -1.386294
 -1.386294 -1.386294 -1.386294 -1.386294
 -0.000001 -14.678402 -14.678402 -14.678402
 -1.386294 -1.386294 -1.386294 -1.386294
 -1.386294 -1.386294 -1.386294 -1.386294
 -1.386294 -1.386294 -1.386294 -1.386294
 -0.600527 -2.983147 -2.983147 -1.049220
 -1.386294 -1.386294 -1.386294 -1.386294
 -1.386294 -1.386294 -1.386294 -1.386294
 -1.386294 -1.386294 -1.386294 -1.386294
 -0.708653 -2.382622 -2.921613 -1.017388
 -1.791743 -0.693164 -11.695280 -1.098621
 -1.791743 -0.875482 -1.791743 -1.386294
 -2.221610 -0.984855 -2.339391 -0.863495
 -1.348073 -1.945906 -2.146575 -0.732890
 -1.155772 -1.909537 -1.216396 -1.424034
 -12.043577 -1.041461 -2.140040 -0.636001
 -2.879183 -1.492904 -2.291405 -0.481306
 -0.965084 -2.351360 -2.351360 -0.847302
 -2.014895 -1.860747 -1.321756 -0.810934
 -0.810935 -1.504076 -2.197211 -1.504076
 -2.171245 -1.517322 -1.368903 -0.886052
 -1.533929 -1.985909 -2.545514 -0.564534
 -1.145134 -1.145134 -1.481604 -1.992423
 -1.119233 -1.694593 -1.183771 -1.694593
 -2.047689 -1.165305 -1.354546 -1.200396
 -0.473789 -1.890845 -2.178523 -2.178523
 -0.611805 -1.774949 -1.679640 -2.285768
 -0.638091 -1.667704 -1.667704 -2.360842
 -0.842681 -1.637607 -1.637607 -1.711715
 -0.000002 -14.030625 -14.030625 -14.030625
 -0.000007 -12.948019 -12.948019 -12.948019
 -0.000007 -12.923923 -12.923923 -12.923923
 -0.000010 -12.611551 -12.611551 -12.611551
 -0.000001 -14.678402 -14.678402 -14.678402
 -1.386294 -1.386294 -1.386294 -1.386294
 -1.386294 -1.386294 -1.386294 -1.386294
 -1.386294 -1.386294 -1.386294 -1.386294
 -14.678402 -14.678402 -14.678402 -0.000001
 -1.386294 -1.386294 -1.386294 -1.386294
 -1.386294 -1.386294 -1.386294 -1.386294
 -1.386294 -1.386294 -1.386294 -1.386294
 -1.386294 -1.386294 -1.386294 -1.386294
 -1.386294 -1.386294 -1.386294 -1.386294
 -1.386294 -1.386294 -1.386294 -1.386294
 -14.678402 -14.678402 -14.678402 -0.000001
 -1.386294 -1.386294 -1.386294 -1.386294
 -1.386294 -1.386294 -1.386294 -1.386294
 -1.386294 -1.386294 -1.386294 -1.386294
 -14.678402 -14.678402 -14.678402 -0.000001
 -1.386294 -1.386294 -1.386294 -1.386294
 -1.386294 -1.386294 -1.386294 -1.386294
 -1.386294 -1.386294 -1.386294 -1.386294
 -14.678402 -14.678402 -14.678402 -0.000001
 -1.386294 -1.386294 -1.386294 -1.386294
 -1.386294 -1.386294 -1.386294 -1.386294
 -1.386294 -1.386294 -1.386294 -1.386294
 -14.678402 -0.000001 -14.678402 -14.678402
 -1.386294 -1.386294 -1.386294 -1.386294
 -0.000001 -14.678402 -14.678402 -14.678402
 -1.386294 -1.386294 -1.386294 -1.386294
 -1.386294 -1.386294 -1.386294 -1.386294
 -14.678402 -14.678402 -0.000001 -14.678402
 -1.386294 -1.386294 -1.386294 -1.386294
 -1.386294 -1.386294 -1.386294 -1.386294
 -1.386294 -1.386294 -1.386294 -1.386294
 -1.386294 -1.386294 -1.386294 -1.386294
 -1.386294 -1.386294 -1.386294 -1.386294
 -0.935461 -1.293673 -2.290004 -1.460727
 -1.386294 -1.386294 -1.386294 -1.386294
 -0.620579 -2.230009 -1.967647 -1.536867
 -2.094939 -0.996335 -1.776489 -1.083346
 -1.098616 -3.177970 -12.388411 -0.470014
 -1.927886 -1.368276 -1.522426 -0.962813
 -0.226531 -3.205425 -3.205425 -2.106835
 -0.633728 -1.812374 -1.945904 -1.812374
 -0.639086 -1.791754 -2.890333 -1.386294
 -1.523495 -1.717649 -1.871799 -0.801363
