 -1.082263 0.000100 0.000100 0.000100
 -1.902016 0.000100 0.000100 0.000100
 -2.208274 0.000100 0.000100 0.000100
 -0.911267 0.000100 0.000100 0.000100
 -0.715006 -2.106839 -2.416993 -1.203973
 -0.889059 -1.597242 -2.695848 -1.142507
 -0.958852 -1.455287 -2.590259 -1.176574
 -1.584689 -1.530622 -2.558137 -0.690872
 -0.708896 -2.038619 -2.454133 -1.232144
 -0.908857 -1.453157 -2.258780 -1.352061
 -0.828324 -1.980998 -2.268677 -1.133705
 -1.445135 -1.736189 -2.089010 -0.767256
 -0.756540 -2.295240 -2.574824 -1.039000
 -0.865682 -1.743749 -2.265044 -1.202153
 -0.701883 -1.972341 -2.665482 -1.218572
 -1.383714 -1.601716 -2.320837 -0.799370
 -0.712287 -2.283804 -2.434086 -1.139731
 -1.023650 -1.562645 -2.478932 -1.057552
 -0.900788 -1.791757 -2.367117 -1.098613
 -1.374084 -1.789305 -2.116992 -0.777705
 -0.854660 -2.207051 -2.350152 -0.996436
 -1.136353 -1.476678 -1.996552 -1.155771
 -1.053763 -2.206437 -2.611897 -0.759524
 -1.320543 -1.521214 -2.307450 -0.879360
 -0.868010 -2.053054 -2.458518 -1.004275
 -1.104062 -1.659587 -2.270494 -0.980830
 -1.011602 -1.564985 -2.302580 -1.116962
 -1.376905 -1.773067 -2.360852 -0.726724
 -0.752403 -2.138696 -2.211016 -1.199417
 -1.121341 -1.885945 -2.237342 -0.877719
 -0.887305 -1.852382 -2.140062 -1.159238
 -1.384060 -1.548681 -2.210737 -0.850286
 -0.589351 -2.058821 -2.654803 -1.396766
 -0.744151 -2.107452 -2.425904 -1.155446
 -0.693149 -1.568615 -2.389591 -1.609437
 -1.149001 -1.652104 -2.019828 -1.025207
 -0.000001 -15.400657 -15.400657 -15.400657
 -0.000002 -14.369398 -14.369398 -14.369398
 -0.000003 -13.892475 -13.892475 -13.892475
 -0.000001 -14.984893 -14.984893 -14.984893
 -0.000000 -16.206106 -16.206106 -16.206106
 -1.386294 -1.386294 -1.386294 -1.386294
 -1.386294 -1.386294 -1.386294 -1.386294
 -1.386294 -1.386294 -1.386294 -1.386294
 -0.689491 -2.083111 -3.063939 -1.118031
 -1.386294 -1.386294 -1.386294 -1.386294
 -1.386294 -1.386294 -1.386294 -1.386294
 -1.386294 -1.386294 -1.386294 -1.386294
 -0.667921 -2.131887 -2.872286 -1.164612
 -0.980830 -2.140063 -2.273593 -0.905323
 -1.098614 -3.931733 -2.140057 -0.635993
 -1.334441 -2.049093 -2.188855 -0.701587
 -0.790265 -2.243421 -2.627832 -0.999820
 -0.826680 -1.856296 -2.367118 -1.163151
 -1.178656 -2.431410 -2.901406 -0.598839
 -1.509908 -1.859092 -1.859092 -0.760481
 -0.903219 -2.226598 -2.762114 -0.858767
 -1.043805 -1.864783 -2.065453 -1.004584
 -1.227230 -1.662547 -2.674139 -0.802348
 -1.314076 -1.943709 -1.869601 -0.834894
 -0.721319 -2.172531 -3.052886 -1.041917
 -1.003303 -1.514127 -2.238043 -1.181994
 -1.176574 -1.791758 -2.708041 -0.780160
 -1.390633 -1.635755 -1.818076 -0.931559
 -0.652116 -2.900894 -3.642827 -0.921540
 -0.682337 -2.079439 -2.817034 -1.171885
 -0.821766 -1.920374 -2.355689 -1.142673
 -0.972732 -1.826502 -2.327276 -1.012211
 -0.768183 -2.547037 -3.214864 -0.873062
 -0.639496 -2.205126 -2.279233 -1.347680
 -0.750308 -2.197217 -2.330747 -1.141173
 -1.183095 -2.217684 -2.217684 -0.742444
 -15.326234 -15.326234 -15.326234 -0.000001
 -13.854735 -13.854735 -13.854735 -0.000003
 -13.629186 -13.629186 -13.629186 -0.000004
 -15.324023 -15.324023 -15.324023 -0.000001
 -1.386294 -1.386294 -1.386294 -1.386294
 -1.386294 -1.386294 -1.386294 -1.386294
 -1.386294 -1.386294 -1.386294 -1.386294
 -0.000000 -16.206106 -16.206106 -16.206106
 -16.206106 -16.206106 -16.206106 -0.000000
 -1.386294 -1.386294 -1.386294 -1.386294
 -1.386294 -1.386294 -1.386294 -1.386294
 -1.386294 -1.386294 -1.386294 -1.386294
 -1.386294 -1.386294 -1.386294 -1.386294
 -1.386294 -1.386294 -1.386294 -1.386294
 -1.386294 -1.386294 -1.386294 -1.386294
 -16.206106 -16.206106 -16.206106 -0.000000
 -1.386294 -1.386294 -1.386294 -1.386294
 -1.386294 -1.386294 -1.386294 -1.386294
 -1.386294 -1.386294 -1.386294 -1.386294
 -16.206106 -16.206106 -16.206106 -0.000000
 -1.386294 -1.386294 -1.386294 -1.386294
 -1.386294 -1.386294 -1.386294 -1.386294
 -1.386294 -1.386294 -1.386294 -1.386294
 -16.206106 -0.000000 -16.206106 -16.206106
 -1.386294 -1.386294 -1.386294 -1.386294
 -0.000000 -16.206106 -16.206106 -16.206106
 -1.386294 -1.386294 -1.386294 -1.386294
 -1.386294 -1.386294 -1.386294 -1.386294
 -16.206106 -16.206106 -0.000000 -16.206106
 -1.386294 -1.386294 -1.386294 -1.386294
 -1.386294 -1.386294 -1.386294 -1.386294
 -1.386294 -1.386294 -1.386294 -1.386294
 -1.386294 -1.386294 -1.386294 -1.386294
 -1.386294 -1.386294 -1.386294 -1.386294
 -0.849437 -1.797269 -1.510969 -1.682560
 -1.386294 -1.386294 -1.386294 -1.386294
 -0.998835 -1.815595 -1.764302 -1.211855
 -1.191164 -1.940399 -1.831200 -0.935818
 -1.194338 -1.424354 -1.958435 -1.154064
 -1.757857 -1.702287 -1.401183 -0.918758
 -0.946596 -1.523671 -1.843838 -1.444682
 -1.124321 -1.476541 -1.727855 -1.312912
 -1.103808 -1.525020 -1.895393 -1.202248
 -1.574628 -1.394502 -1.474545 -1.151772
 -0.998530 0.000100 0.000100 0.000100
 -2.458926 0.000100 0.000100 0.000100
 -1.845825 0.000100 0.000100 0.000100
 -0.946344 0.000100 0.000100 0.000100
 -0.624158 -2.639039 -2.639039 -1.134982
 -1.466334 -2.564880 -2.564880 -0.485526
 -1.791751 -0.980835 -1.568613 -1.386294
 -1.774949 -1.592629 -2.468086 -0.611805
 -0.554316 -1.904232 -3.156959 -1.452252
 -0.424893 -1.871792 -12.468452 -1.648654
 -0.628623 -11.918417 -2.014880 -1.098619
 -1.325670 -1.760985 -2.367113 -0.757689
 -0.866813 -2.442336 -2.154658 -0.976012
 -1.299284 -1.145136 -2.397863 -1.145136
 -1.203979 -2.302525 -2.302525 -0.693167
 -1.533929 -1.366876 -2.833188 -0.753776
 -0.896091 -2.100052 -2.282371 -1.001451
 -1.098616 -1.686394 -2.197206 -0.993257
 -0.559632 -1.945889 -11.849426 -1.252766
 -1.729236 -1.293922 -2.335365 -0.794933
 -0.826682 -1.925285 -1.925285 -1.306252
 -1.321757 -2.014891 -1.455286 -1.003306
 -1.252766 -2.638986 -1.540440 -0.847310
 -1.609436 -1.897116 -1.791756 -0.727052
 -1.098615 -1.321756 -3.113474 -1.034076
 -0.847306 -3.044441 -1.435084 -1.252765
 -1.349927 -1.686394 -1.686394 -0.993257
 -1.679640 -1.998090 -1.304949 -0.899486
 -0.441839 -3.044482 -2.128221 -1.658225
 -0.860208 -3.258012 -1.871793 -0.955517
 -0.499000 -2.639021 -1.722761 -1.945899
 -1.134982 -1.722764 -2.079434 -0.980832
 -0.552793 -2.344540 -1.725508 -1.892560
 -0.405482 -2.014880 -11.918417 -1.609431
 -0.965087 -12.254882 -1.435084 -0.965087
 -1.196252 -1.363305 -1.681755 -1.363305
 -0.000004 -13.500805 -13.500805 -13.500805
 -0.000015 -12.206093 -12.206093 -12.206093
 -0.000011 -12.468452 -12.468452 -12.468452
 -0.000009 -12.706860 -12.706860 -12.706860
 -0.000002 -14.234223 -14.234223 -14.234223
 -1.386294 -1.386294 -1.386294 -1.386294
 -1.386294 -1.386294 -1.386294 -1.386294
 -1.386294 -1.386294 -1.386294 -1.386294
 -0.849494 -1.805003 -2.458926 -1.132061
 -1.386294 -1.386294 -1.386294 -1.386294
 -1.386294 -1.386294 -1.386294 -1.386294
 -1.386294 -1.386294 -1.386294 -1.386294
 -0.536805 -2.094939 -2.788074 -1.466336
 -1.272967 -1.272967 -3.218792 -0.916297
 -1.871783 -1.466334 -1.871783 -0.773204
 -1.406914 -1.945904 -2.505509 -0.633728
 -1.033017 -2.285768 -2.131620 -0.858664
 -0.820987 -2.120246 -2.525695 -1.021656
 -1.299286 -1.704734 -1.704734 -1.011612
 -1.963604 -2.251282 -2.251282 -0.432138
 -0.927990 -2.374890 -1.681755 -1.122145
 -1.446918 -0.636001 -2.833137 -1.734591
 -1.734591 -1.041461 -1.734591 -1.223779
 -1.427116 -1.919589 -1.752536 -0.820983
 -0.847302 -2.128221 -2.639033 -0.965084
 -0.762146 -1.609435 -2.708014 -1.321757
 -0.916297 -2.525695 -1.272967 -1.427116
 -1.927886 -1.234746 -1.927886 -0.871842
 -0.967587 -2.120255 -2.120255 -0.967587
 -0.882395 -2.268664 -1.421385 -1.421385
 -1.203976 -1.386294 -1.609433 -1.386294
 -1.572395 -2.583980 -1.572395 -0.674459
 -0.826682 -1.568614 -3.178012 -1.163152
 -0.810940 -1.791748 -2.197197 -1.280936
 -0.559624 -3.332119 -1.722761 -1.540442
 -1.352393 -4.060350 -1.495493 -0.693151
 -13.304691 -13.304691 -13.304691 -0.000005
 -11.918417 -11.918417 -11.918417 -0.000020
 -12.301401 -12.301401 -12.301401 -0.000014
 -13.217681 -13.217681 -13.217681 -0.000005
 -1.386294 -1.386294 -1.386294 -1.386294
 -1.386294 -1.386294 -1.386294 -1.386294
 -1.386294 -1.386294 -1.386294 -1.386294
 -0.000002 -14.234223 -14.234223 -14.234223
 -14.234223 -14.234223 -14.234223 -0.000002
 -1.386294 -1.386294 -1.386294 -1.386294
 -1.386294 -1.386294 -1.386294 -1.386294
 -1.386294 -1.386294 -1.386294 -1.386294
 -1.386294 -1.386294 -1.386294 -1.386294
 -1.386294 -1.386294 -1.386294 -1.386294
 -1.386294 -1.386294 -1.386294 -1.386294
 -14.234223 -14.234223 -14.234223 -0.000002
 -1.386294 -1.386294 -1.386294 -1.386294
 -1.386294 -1.386294 -1.386294 -1.386294
 -1.386294 -1.386294 -1.386294 -1.386294
 -14.234223 -14.234223 -14.234223 -0.000002
 -1.386294 -1.386294 -1.386294 -1.386294
 -1.386294 -1.386294 -1.386294 -1.386294
 -1.386294 -1.386294 -1.386294 -1.386294
 -14.234223 -0.000002 -14.234223 -14.234223
 -1.386294 -1.386294 -1.386294 -1.386294
 -0.000002 -14.234223 -14.234223 -14.234223
 -1.386294 -1.386294 -1.386294 -1.386294
 -1.386294 -1.386294 -1.386294 -1.386294
 -14.234223 -14.234223 -0.000002 -14.234223
 -1.386294 -1.386294 -1.386294 -1.386294
 -1.386294 -1.386294 -1.386294 -1.386294
 -1.386294 -1.386294 -1.386294 -1.386294
 -1.386294 -1.386294 -1.386294 -1.386294
 -1.386294 -1.386294 -1.386294 -1.386294
 -0.929537 -1.728043 -2.079439 -1.195240
 -1.386294 -1.386294 -1.386294 -1.386294
 -1.261132 -1.791756 -1.321756 -1.261132
 -1.098616 -2.602654 -1.504076 -0.993257
 -1.335002 -1.152684 -2.251263 -1.152684
 -1.526055 -2.442331 -1.343735 -0.832913
 -0.717844 -2.327262 -2.327262 -1.148625
 -0.788466 -1.704741 -1.992415 -1.481603
 -0.875473 -1.974072 -1.974072 -1.185626
 -1.485384 -2.024375 -1.137080 -1.137080
