 -1.081160 0.000100 0.000100 0.000100
 -1.770853 0.000100 0.000100 0.000100
 -2.172875 0.000100 0.000100 0.000100
 -0.976146 0.000100 0.000100 0.000100
 -0.655792 -2.200689 -2.334220 -1.296979
 -0.865861 -1.480226 -2.204142 -1.421386
 -0.911151 -1.935651 -2.377479 -1.019364
 -1.467376 -1.764107 -1.677096 -0.888640
 -0.730888 -2.019542 -2.602687 -1.165623
 -1.184268 -1.530544 -2.064624 -1.047693
 -0.943199 -1.837014 -2.019335 -1.143870
 -1.577911 -1.649370 -2.204366 -0.711102
 -0.689809 -2.234706 -2.368237 -1.211807
 -0.944463 -1.443453 -2.136597 -1.358895
 -1.031922 -1.757856 -2.163318 -1.031922
 -1.380102 -1.631416 -1.842725 -0.930365
 -0.650064 -1.933409 -2.671005 -1.331235
 -0.842680 -1.414465 -3.178040 -1.256242
 -0.834799 -2.098486 -2.583989 -0.999879
 -1.678682 -1.864784 -1.887773 -0.679162
 -0.608177 -1.983297 -2.745434 -1.371119
 -0.832910 -1.749199 -2.624661 -1.143065
 -0.872942 -1.884538 -2.759995 -1.002154
 -1.412612 -1.741115 -1.968899 -0.817446
 -0.728445 -1.914612 -2.956063 -1.145959
 -0.993253 -1.814231 -2.708042 -0.916292
 -0.814102 -2.066858 -2.423528 -1.073612
 -1.165895 -1.784933 -2.275554 -0.872733
 -0.580236 -2.076529 -2.659673 -1.406914
 -0.822360 -2.243741 -2.317848 -1.032655
 -0.575368 -2.079435 -2.079435 -1.673974
 -1.151084 -1.917561 -2.280465 -0.833549
 -0.577965 -2.264362 -3.120025 -1.234745
 -0.649089 -2.001477 -2.406939 -1.377326
 -0.493661 -2.397886 -2.957491 -1.399366
 -0.877622 -1.942331 -2.495715 -1.026042
 -0.496437 -2.416370 -2.784093 -1.425973
 -0.635991 -2.060020 -3.015519 -1.223776
 -0.378071 -1.791756 -3.295794 -2.197215
 -0.922100 -2.260989 -2.189530 -0.951658
 -0.658956 -1.926533 -3.086700 -1.233387
 -0.545514 -2.397887 -2.685565 -1.341843
 -0.677402 -1.945905 -2.063687 -1.504077
 -0.859825 -2.083598 -2.540354 -0.984988
 -0.658301 -2.022020 -3.156996 -1.179838
 -0.929537 -1.403994 -2.656748 -1.239691
 -0.587791 -1.791756 -13.199332 -1.280935
 -1.274061 -1.757857 -2.232314 -0.819589
 -0.830188 -2.167691 -2.686483 -0.963720
 -1.289668 -1.213682 -2.219200 -1.143065
 -1.044547 -2.043067 -2.043067 -0.944464
 -1.521289 -1.654820 -2.153811 -0.745699
 -0.778543 -1.974792 -2.593829 -1.116566
 -1.112406 -1.487099 -2.498694 -1.013316
 -1.303407 -2.197218 -1.996550 -0.730890
 -1.697507 -1.746297 -2.151761 -0.642145
 -0.814755 -2.477299 -2.572609 -0.923954
 -1.142098 -1.729883 -2.058385 -0.978469
 -0.693150 -2.233586 -2.639045 -1.134981
 -1.274925 -1.741014 -2.093234 -0.862945
 -0.757468 -2.136791 -3.155356 -0.992924
 -0.798509 -1.491655 -2.590259 -1.386294
 -0.596819 -2.003726 -3.102321 -1.310583
 -1.207926 -1.546380 -2.061845 -1.019025
 -0.556021 -2.293975 -3.284369 -1.244155
 -0.785741 -1.406914 -2.910981 -1.406914
 -0.596523 -2.624654 -2.288188 -1.289668
 -1.189090 -1.774606 -2.299129 -0.854243
 -0.478201 -2.210060 -3.573358 -1.417385
 -0.608808 -2.430413 -1.995098 -1.461018
 -0.546548 -2.251282 -2.944412 -1.335001
 -0.983231 -1.777473 -2.072272 -1.105833
 -0.000001 -15.315134 -15.315134 -15.315134
 -0.000003 -13.883173 -13.883173 -13.883173
 -0.000005 -13.400002 -13.400002 -13.400002
 -0.000001 -14.652760 -14.652760 -14.652760
 -15.957928 -15.957928 -15.957928 -0.000000
 -1.386294 -1.386294 -1.386294 -1.386294
 -1.386294 -1.386294 -1.386294 -1.386294
 -1.386294 -1.386294 -1.386294 -1.386294
 -1.386294 -1.386294 -1.386294 -1.386294
 -1.386294 -1.386294 -1.386294 -1.386294
 -1.386294 -1.386294 -1.386294 -1.386294
 -15.957928 -15.957928 -15.957928 -0.000000
 -1.386294 -1.386294 -1.386294 -1.386294
 -1.386294 -1.386294 -1.386294 -1.386294
 -1.386294 -1.386294 -1.386294 -1.386294
 -15.957928 -15.957928 -15.957928 -0.000000
 -1.386294 -1.386294 -1.386294 -1.386294
 -1.386294 -1.386294 -1.386294 -1.386294
 -1.386294 -1.386294 -1.386294 -1.386294
 -15.957928 -15.957928 -0.000000 -15.957928
 -1.386294 -1.386294 -1.386294 -1.386294
 -1.386294 -1.386294 -1.386294 -1.386294
 -15.957928 -0.000000 -15.957928 -15.957928
 -1.386294 -1.386294 -1.386294 -1.386294
 -1.386294 -1.386294 -1.386294 -1.386294
 -0.000000 -15.957928 -15.957928 -15.957928
 -1.386294 -1.386294 -1.386294 -1.386294
 -1.386294 -1.386294 -1.386294 -1.386294
 -15.957928 -15.957928 -0.000000 -15.957928
 -1.386294 -1.386294 -1.386294 -1.386294
 -1.386294 -1.386294 -1.386294 -1.386294
 -1.386294 -1.386294 -1.386294 -1.386294
 -1.386294 -1.386294 -1.386294 -1.386294
 -1.386294 -1.386294 -1.386294 -1.386294
 -0.912776 -1.757154 -1.300849 -1.872389
 -1.386294 -1.386294 -1.386294 -1.386294
 -1.143463 -1.645156 -1.827477 -1.116312
 -1.406914 -1.524696 -1.658227 -1.058608
 -1.287854 -1.618096 -2.114531 -0.903443
 -1.579360 -1.697142 -1.348837 -1.046557
 -0.889121 -1.613684 -2.062633 -1.336697
 -0.980830 -1.627456 -1.905087 -1.273817
 -1.148093 -1.365816 -1.841238 -1.313172
 -1.396245 -1.451053 -1.586598 -1.159856
 -1.220754 0.000100 0.000100 0.000100
 -1.731580 0.000100 0.000100 0.000100
 -1.689733 0.000100 0.000100 0.000100
 -1.068804 0.000100 0.000100 0.000100
 -0.830349 -1.807263 -2.014901 -1.321756
 -0.870355 -2.197220 -1.504077 -1.394878
 -0.975381 -1.471816 -1.859580 -1.436725
 -1.640760 -1.898588 -1.663749 -0.761512
 -0.889858 -2.044348 -1.748084 -1.252763
 -0.983951 -1.494775 -1.900238 -1.376992
 -1.047320 -1.691675 -1.740465 -1.239691
 -1.878770 -1.546637 -1.686398 -0.800568
 -0.880359 -1.712091 -2.144954 -1.245473
 -0.895673 -1.696448 -1.696448 -1.491655
 -1.007264 -1.486835 -2.036879 -1.279197
 -1.760576 -1.636962 -1.734600 -0.783043
 -1.089310 -1.677096 -1.628306 -1.271632
 -1.067842 -1.386294 -1.856296 -1.386294
 -1.049823 -1.609437 -1.714797 -1.309334
 -1.987873 -1.400088 -1.294727 -1.071584
 -1.155446 -1.534935 -1.764509 -1.209513
 -1.245937 -1.687769 -1.517870 -1.176945
 -1.157453 -1.850598 -1.278081 -1.386294
 -1.802121 -1.630271 -1.741497 -0.768049
 -0.888121 -1.945908 -1.763588 -1.293585
 -1.098613 -1.891841 -1.435084 -1.280934
 -1.062508 -1.545359 -1.916921 -1.223776
 -1.583004 -1.698073 -1.404313 -1.004927
 -1.070039 -1.965421 -1.806357 -1.042260
 -1.239691 -1.600703 -1.478102 -1.270463
 -1.076634 -1.727220 -1.294357 -1.573070
 -1.712091 -1.889022 -1.179876 -1.018945
 -0.861662 -1.973010 -1.797120 -1.299283
 -1.009268 -1.677095 -1.414732 -1.581786
 -1.464256 -1.290984 -1.548813 -1.268512
 -1.669157 -1.548529 -1.931520 -0.789425
 -0.779223 -2.272123 -1.935652 -1.224807
 -0.890508 -2.258778 -1.639742 -1.234279
 -0.770440 -2.023199 -1.617736 -1.576914
 -1.773066 -1.667706 -1.693024 -0.781876
 -0.975196 -1.937470 -1.908483 -1.107123
 -1.132515 -1.727219 -1.791757 -1.098613
 -1.206826 -1.817733 -1.584119 -1.098613
 -1.623294 -1.555853 -1.746908 -0.873636
 -0.800779 -1.694595 -2.142618 -1.386294
 -1.107347 -1.486835 -1.700408 -1.343735
 -0.806477 -1.627455 -1.828125 -1.627455
 -1.783390 -1.758698 -1.834684 -0.693148
 -1.170586 -1.686398 -1.686398 -1.141172
 -1.090645 -1.832580 -1.832580 -1.067114
 -1.309334 -1.386294 -2.040217 -1.049823
 -1.838278 -1.655957 -1.897119 -0.693148
 -1.134331 -1.883566 -1.586315 -1.134331
 -1.625310 -1.476891 -1.548350 -1.015547
 -0.879251 -1.773066 -1.572396 -1.572396
 -1.835503 -1.637053 -1.344383 -0.953957
 -1.062895 -2.061421 -1.704747 -1.062895
 -1.256837 -1.676689 -1.123306 -1.593308
 -1.379694 -1.328400 -1.520772 -1.328400
 -1.936940 -1.596014 -1.291804 -0.971861
 -0.944462 -1.791758 -1.591088 -1.424035
 -0.967993 -1.363305 -2.087221 -1.425825
 -1.148623 -1.362197 -1.436305 -1.665878
 -1.744356 -1.302525 -1.664314 -1.010389
 -0.855667 -1.771956 -1.660731 -1.537117
 -0.985058 -1.479076 -1.566087 -1.661397
 -0.912363 -1.666132 -1.753143 -1.442989
 -1.615135 -1.409284 -1.278664 -1.278664
 -0.710692 -1.911718 -2.179981 -1.395028
 -0.894630 -1.701104 -1.336462 -1.924247
 -0.878291 -1.344909 -1.588531 -2.122611
 -1.286211 -1.468532 -1.622682 -1.217218
 -0.000001 -14.808764 -14.808764 -14.808764
 -0.000002 -14.085541 -14.085541 -14.085541
 -0.000002 -14.006134 -14.006134 -14.006134
 -0.000002 -14.144817 -14.144817 -14.144817
 -15.704095 -15.704095 -15.704095 -0.000000
 -1.386294 -1.386294 -1.386294 -1.386294
 -1.386294 -1.386294 -1.386294 -1.386294
 -1.386294 -1.386294 -1.386294 -1.386294
 -1.386294 -1.386294 -1.386294 -1.386294
 -1.386294 -1.386294 -1.386294 -1.386294
 -1.386294 -1.386294 -1.386294 -1.386294
 -15.704095 -15.704095 -15.704095 -0.000000
 -1.386294 -1.386294 -1.386294 -1.386294
 -1.386294 -1.386294 -1.386294 -1.386294
 -1.386294 -1.386294 -1.386294 -1.386294
 -15.704095 -15.704095 -15.704095 -0.000000
 -1.386294 -1.386294 -1.386294 -1.386294
 -1.386294 -1.386294 -1.386294 -1.386294
 -1.386294 -1.386294 -1.386294 -1.386294
 -15.704095 -15.704095 -0.000000 -15.704095
 -1.386294 -1.386294 -1.386294 -1.386294
 -1.386294 -1.386294 -1.386294 -1.386294
 -15.704095 -0.000001 -15.704095 -15.704095
 -1.386294 -1.386294 -1.386294 -1.386294
 -1.386294 -1.386294 -1.386294 -1.386294
 -0.000001 -15.704095 -15.704095 -15.704095
 -1.386294 -1.386294 -1.386294 -1.386294
 -1.386294 -1.386294 -1.386294 -1.386294
 -15.704095 -15.704095 -0.000000 -15.704095
 -1.386294 -1.386294 -1.386294 -1.386294
 -1.386294 -1.386294 -1.386294 -1.386294
 -1.386294 -1.386294 -1.386294 -1.386294
 -1.386294 -1.386294 -1.386294 -1.386294
 -1.386294 -1.386294 -1.386294 -1.386294
 -0.976301 -1.775255 -1.859024 -1.210550
 -1.386294 -1.386294 -1.386294 -1.386294
 -0.681172 -1.906534 -2.185246 -1.457010
 -1.080914 -1.460402 -1.945907 -1.252763
 -0.742911 -1.926676 -2.555279 -1.200742
 -1.594324 -1.817467 -1.499014 -0.888755
 -0.705077 -2.355333 -1.895802 -1.343735
 -0.939282 -2.302580 -1.442384 -1.299283
 -1.009001 -1.619908 -1.619908 -1.428854
 -1.524078 -2.263742 -1.181134 -0.990780
