 -1.056053 0.000100 0.000100 0.000100
 -1.885911 0.000100 0.000100 0.000100
 -2.129972 0.000100 0.000100 0.000100
 -0.963271 0.000100 0.000100 0.000100
 -0.829859 -1.791759 -2.484904 -1.158716
 -0.866592 -1.965201 -2.491291 -1.030895
 -1.174599 -1.676689 -2.327273 -0.900163
 -1.404175 -1.702219 -2.150243 -0.785929
 -0.837108 -1.929288 -2.142862 -1.189185
 -1.049016 -1.742162 -2.537087 -0.927655
 -0.723302 -1.976060 -2.130209 -1.357024
 -1.511624 -1.582242 -1.894616 -0.859063
 -0.769431 -2.231709 -2.231709 -1.133099
 -0.883322 -2.242944 -2.297011 -0.967879
 -0.791589 -1.961656 -2.454129 -1.138459
 -1.481604 -1.719563 -2.186585 -0.731300
 -0.690526 -2.092651 -2.279236 -1.298409
 -0.878291 -1.864783 -2.653235 -1.024002
 -0.953680 -1.646824 -2.494116 -1.080431
 -1.445060 -2.067110 -1.888062 -0.720822
 -0.611318 -2.403075 -2.591126 -1.231037
 -0.941428 -1.483024 -2.463848 -1.211091
 -0.790141 -1.688080 -2.699673 -1.223776
 -1.326276 -1.883467 -1.935653 -0.825207
 -0.731800 -2.074713 -2.489655 -1.169808
 -0.679726 -2.432258 -2.432258 -1.147065
 -1.127601 -2.014900 -2.169049 -0.847299
 -1.280934 -1.681411 -2.197223 -0.855667
 -0.669166 -1.995671 -2.437503 -1.329675
 -0.727754 -1.945908 -2.592531 -1.206243
 -0.867502 -1.771955 -2.525720 -1.108664
 -1.054392 -1.666909 -2.191918 -1.046788
 -0.717620 -2.042759 -2.942240 -1.109662
 -0.762141 -1.773740 -2.540991 -1.255798
 -0.885833 -1.578978 -2.965257 -1.108976
 -1.218757 -2.206702 -2.296314 -0.705806
 -15.281079 -1.274947 -1.836631 -0.577677
 -14.166170 -1.194627 -2.011386 -0.573802
 -13.514411 -1.739113 -1.906166 -0.392045
 -15.166179 -1.501490 -1.599128 -0.553161
 -1.386294 -1.386294 -1.386294 -1.386294
 -0.712342 -2.138165 -2.436657 -1.190127
 -0.745334 -2.285775 -2.231708 -1.150799
 -0.875133 -2.111895 -2.363209 -0.999490
 -0.776812 -2.022523 -2.419824 -1.142966
 -0.668658 -1.962575 -2.493199 -1.330055
 -0.974051 -2.505517 -2.505517 -0.778307
 -0.930476 -1.960094 -2.316768 -1.004584
 -0.793348 -2.304803 -2.350266 -1.042563
 -0.678550 -2.022280 -2.273593 -1.357307
 -0.782097 -2.240704 -2.346063 -1.077560
 -1.215337 -1.880312 -1.742162 -0.978948
 -0.739328 -2.235969 -2.353752 -1.137358
 -0.685306 -2.071595 -2.446286 -1.260669
 -1.163151 -1.856296 -2.367118 -0.826680
 -1.476603 -1.857970 -1.951496 -0.747524
 -0.771039 -2.591126 -2.269544 -1.023951
 -0.988156 -1.975540 -2.029607 -1.028162
 -0.864999 -2.656748 -2.338298 -0.886052
 -1.484126 -2.246265 -1.958584 -0.641603
 -0.624880 -2.649984 -2.540785 -1.154493
 -1.217672 -1.694594 -2.187067 -0.896090
 -1.362578 -1.937940 -2.525722 -0.653928
 -1.510857 -1.921437 -2.358154 -0.619362
 -0.665445 -2.186050 -3.041713 -1.121341
 -0.972987 -1.548350 -2.898266 -1.037526
 -1.189585 -2.123888 -2.219198 -0.760590
 -1.556515 -1.712386 -2.260024 -0.684490
 -0.787335 -2.090740 -2.930488 -0.999734
 -1.074072 -1.785566 -2.442342 -0.907018
 -1.074516 -2.327270 -2.614948 -0.717842
 -1.695615 -2.070308 -2.107349 -0.564214
 -14.994166 -14.994166 -14.994166 -0.000001
 -14.108183 -14.108183 -14.108183 -0.000002
 -13.732133 -13.732133 -13.732133 -0.000003
 -15.392426 -15.392426 -15.392426 -0.000001
 -1.386294 -1.386294 -1.386294 -1.386294
 -1.386294 -1.386294 -1.386294 -1.386294
 -1.386294 -1.386294 -1.386294 -1.386294
 -16.152498 -16.152498 -0.000000 -16.152498
 -1.386294 -1.386294 -1.386294 -1.386294
 -1.386294 -1.386294 -1.386294 -1.386294
 -16.152498 -16.152498 -16.152498 -0.000000
 -1.386294 -1.386294 -1.386294 -1.386294
 -1.386294 -1.386294 -1.386294 -1.386294
 -1.386294 -1.386294 -1.386294 -1.386294
 -1.386294 -1.386294 -1.386294 -1.386294
 -16.152498 -16.152498 -16.152498 -0.000000
 -1.386294 -1.386294 -1.386294 -1.386294
 -1.386294 -1.386294 -1.386294 -1.386294
 -1.386294 -1.386294 -1.386294 -1.386294
 -16.152498 -16.152498 -16.152498 -0.000000
 -1.386294 -1.386294 -1.386294 -1.386294
 -1.386294 -1.386294 -1.386294 -1.386294
 -1.386294 -1.386294 -1.386294 -1.386294
 -16.152498 -0.000000 -16.152498 -16.152498
 -1.386294 -1.386294 -1.386294 -1.386294
 -0.000000 -16.152498 -16.152498 -16.152498
 -1.386294 -1.386294 -1.386294 -1.386294
 -1.386294 -1.386294 -1.386294 -1.386294
 -16.152498 -16.152498 -0.000000 -16.152498
 -1.386294 -1.386294 -1.386294 -1.386294
 -1.386294 -1.386294 -1.386294 -1.386294
 -1.386294 -1.386294 -1.386294 -1.386294
 -1.386294 -1.386294 -1.386294 -1.386294
 -1.386294 -1.386294 -1.386294 -1.386294
 -0.935804 -2.022176 -1.155259 -1.830169
 -1.386294 -1.386294 -1.386294 -1.386294
 -1.116004 -1.702288 -1.786845 -1.131156
 -1.282395 -1.624143 -2.435069 -0.825638
 -1.095550 -1.628014 -1.980234 -1.104766
 -1.615480 -1.528468 -1.350788 -1.123004
 -1.151084 -1.526695 -1.619069 -1.315387
 -1.160171 -1.665718 -1.614425 -1.208961
 -0.980830 -1.435084 -1.828126 -1.486378
 -1.723333 -1.175120 -1.509759 -1.231739
 -1.110734 0.000100 0.000100 0.000100
 -1.828573 0.000100 0.000100 0.000100
 -1.933933 0.000100 0.000100 0.000100
 -1.006594 0.000100 0.000100 0.000100
 -0.837188 -2.209491 -1.921811 -1.168041
 -0.855668 -1.742967 -1.817075 -1.437587
 -0.909372 -1.974077 -1.637607 -1.332227
 -1.215023 -1.945909 -1.490434 -1.093133
 -0.747807 -1.869145 -2.403225 -1.266150
 -0.961413 -1.821609 -1.916918 -1.174986
 -1.263692 -2.219198 -1.343735 -1.056054
 -1.643339 -1.678430 -1.643339 -0.851753
 -0.976916 -2.650886 -1.075356 -1.552279
 -1.178656 -1.717649 -1.958809 -0.989415
 -1.014732 -1.817075 -2.436107 -0.948041
 -1.374598 -1.670062 -1.701810 -0.976916
 -0.812495 -2.130732 -2.130732 -1.143349
 -0.895386 -2.065450 -1.554629 -1.372308
 -1.340624 -0.911630 -2.033768 -1.581786
 -1.491655 -1.707877 -1.742968 -0.870482
 -0.895175 -1.880989 -1.880989 -1.249719
 -0.693149 -1.966110 -2.040217 -1.469676
 -1.072638 -1.497519 -1.845824 -1.286211
 -1.566087 -1.695298 -1.695298 -0.857903
 -1.278664 -1.769286 -1.456912 -1.145133
 -1.146815 -1.877699 -1.957741 -0.946145
 -1.002154 -1.884538 -1.425009 -1.425009
 -1.451677 -1.766757 -1.971551 -0.785930
 -1.105680 -1.736950 -1.911303 -1.064008
 -1.039425 -2.008820 -1.462280 -1.271226
 -1.109309 -1.109309 -2.058384 -1.547562
 -1.342809 -1.582038 -1.758969 -1.018570
 -0.832261 -1.818075 -2.328898 -1.186805
 -0.860203 -1.599868 -1.811176 -1.553348
 -1.327798 -1.646250 -2.020941 -0.892482
 -1.559738 -1.965201 -2.111804 -0.637407
 -14.322330 -1.816150 -1.646251 -0.439160
 -13.641162 -1.540444 -1.134981 -0.767257
 -13.337481 -1.236763 -1.419084 -0.759842
 -14.436090 -1.699385 -1.488077 -0.525268
 -1.386294 -1.386294 -1.386294 -1.386294
 -0.963794 -2.009758 -1.630271 -1.242507
 -0.821766 -1.920374 -2.114529 -1.227230
 -1.175153 -1.823847 -1.740466 -1.037369
 -1.076140 -2.125959 -2.226042 -0.839752
 -1.034898 -1.932834 -1.558144 -1.239692
 -1.528468 -1.474401 -1.585626 -1.051546
 -1.538402 -1.797912 -1.835652 -0.776263
 -0.847299 -1.609437 -2.233588 -1.330725
 -1.137834 -1.648657 -2.159478 -0.989415
 -1.265667 -1.584119 -1.871799 -1.024506
 -1.724748 -1.940970 -1.197394 -0.977535
 -1.071025 -2.254791 -1.561647 -1.071025
 -0.866421 -1.912384 -2.079437 -1.181501
 -1.483668 -1.530188 -2.089800 -0.837043
 -1.422226 -1.734600 -1.734600 -0.901693
 -0.909603 -2.059505 -1.868450 -1.153799
 -1.191395 -1.425009 -1.661396 -1.324926
 -1.051546 -1.646250 -1.585626 -1.374318
 -1.188058 -1.765372 -2.053053 -0.927044
 -0.931107 -2.191357 -2.302582 -0.931107
 -0.843431 -1.815287 -2.257116 -1.196252
 -1.111353 -1.596858 -2.066858 -1.073612
 -1.659762 -2.385696 -2.149308 -0.508784
 -0.818726 -1.945908 -1.714108 -1.443818
 -0.724899 -1.450832 -2.549431 -1.593932
 -1.062896 -1.927886 -1.609436 -1.174121
 -1.600305 -1.395511 -1.887986 -0.918588
 -1.080594 -1.468359 -2.014901 -1.214126
 -0.776531 -1.966110 -2.040217 -1.309334
 -0.890975 -1.958809 -2.054119 -1.137834
 -1.711220 -1.998901 -1.952381 -0.612610
 -14.297939 -14.297939 -14.297939 -0.000002
 -13.641162 -13.641162 -13.641162 -0.000004
 -13.415039 -13.415039 -13.415039 -0.000004
 -14.430698 -14.430698 -14.430698 -0.000002
 -1.386294 -1.386294 -1.386294 -1.386294
 -1.386294 -1.386294 -1.386294 -1.386294
 -1.386294 -1.386294 -1.386294 -1.386294
 -15.420941 -15.420941 -0.000001 -15.420941
 -1.386294 -1.386294 -1.386294 -1.386294
 -1.386294 -1.386294 -1.386294 -1.386294
 -15.420941 -15.420941 -15.420941 -0.000001
 -1.386294 -1.386294 -1.386294 -1.386294
 -1.386294 -1.386294 -1.386294 -1.386294
 -1.386294 -1.386294 -1.386294 -1.386294
 -1.386294 -1.386294 -1.386294 -1.386294
 -15.420941 -15.420941 -15.420941 -0.000001
 -1.386294 -1.386294 -1.386294 -1.386294
 -1.386294 -1.386294 -1.386294 -1.386294
 -1.386294 -1.386294 -1.386294 -1.386294
 -15.420941 -15.420941 -15.420941 -0.000001
 -1.386294 -1.386294 -1.386294 -1.386294
 -1.386294 -1.386294 -1.386294 -1.386294
 -1.386294 -1.386294 -1.386294 -1.386294
 -15.420941 -0.000001 -15.420941 -15.420941
 -1.386294 -1.386294 -1.386294 -1.386294
 -0.000001 -15.420941 -15.420941 -15.420941
 -1.386294 -1.386294 -1.386294 -1.386294
 -1.386294 -1.386294 -1.386294 -1.386294
 -15.420941 -15.420941 -0.000001 -15.420941
 -1.386294 -1.386294 -1.386294 -1.386294
 -1.386294 -1.386294 -1.386294 -1.386294
 -1.386294 -1.386294 -1.386294 -1.386294
 -1.386294 -1.386294 -1.386294 -1.386294
 -1.386294 -1.386294 -1.386294 -1.386294
 -0.902333 -1.906534 -1.947919 -1.193320
 -1.386294 -1.386294 -1.386294 -1.386294
 -0.713149 -2.263742 -1.907069 -1.357024
 -0.870080 -1.739113 -2.224616 -1.213024
 -1.554629 -1.490090 -2.470909 -0.736322
 -1.685074 -1.649983 -1.839224 -0.768786
 -0.653483 -2.108767 -1.821086 -1.626930
 -1.324926 -1.971549 -1.479076 -1.002154
 -1.386294 -1.916918 -1.084015 -1.329136
 -1.397594 -2.473729 -1.249958 -0.962277
