 -0.978778 0.000100 0.000100 0.000100
 -1.890979 0.000100 0.000100 0.000100
 -2.281253 0.000100 0.000100 0.000100
 -0.991149 0.000100 0.000100 0.000100
 -0.715248 -1.775499 -2.811589 -1.267904
 -1.129703 -1.493925 -2.100060 -1.108869
 -0.850654 -1.655718 -2.460088 -1.215768
 -1.465415 -1.763127 -2.176689 -0.725476
 -0.686080 -2.151478 -2.267738 -1.285198
 -0.929158 -1.481604 -2.567792 -1.200192
 -1.162035 -1.549799 -2.191651 -1.012999
 -1.315804 -1.895249 -2.224272 -0.747995
 -0.629115 -2.345320 -2.317540 -1.299733
 -1.026368 -1.599713 -2.230339 -1.101875
 -1.006538 -1.727855 -2.238679 -1.049098
 -1.340421 -1.719075 -2.444482 -0.750222
 -0.673628 -2.029463 -2.507498 -1.282775
 -1.048851 -1.406914 -2.351373 -1.172721
 -0.854416 -1.625523 -2.838540 -1.142098
 -1.458331 -1.770706 -2.188749 -0.723387
 -0.773871 -2.004750 -2.505525 -1.131810
 -1.059860 -1.491992 -2.299548 -1.113927
 -1.149906 -1.386294 -2.248515 -1.115420
 -1.432814 -1.696966 -2.212972 -0.757686
 -0.802120 -1.865187 -2.668998 -1.116470
 -0.974128 -1.492616 -3.076731 -1.045304
 -1.147403 -1.480547 -2.297305 -1.037055
 -1.492563 -1.730974 -2.666682 -0.637504
 -0.846793 -1.959640 -2.333356 -1.098612
 -1.432279 -1.386294 -2.739433 -0.806027
 -1.335001 -1.393842 -2.251288 -0.958525
 -1.778086 -1.571373 -2.434865 -0.624238
 -15.498199 -1.263978 -2.025178 -0.535286
 -15.153141 -1.189209 -1.882356 -0.610081
 -14.352006 -1.098613 -1.963608 -0.641855
 -15.964945 -1.182450 -1.711179 -0.667830
 -1.386294 -1.386294 -1.386294 -1.386294
 -0.000001 -15.587069 -15.587069 -15.587069
 -0.000001 -14.940441 -14.940441 -14.940441
 -0.000000 -16.168789 -16.168789 -16.168789
 -0.514082 -2.392775 -2.930167 -1.357952
 -1.386294 -1.386294 -1.386294 -1.386294
 -1.386294 -1.386294 -1.386294 -1.386294
 -1.386294 -1.386294 -1.386294 -1.386294
 -0.690576 -2.272984 -2.826369 -1.089215
 -0.891325 -1.492904 -2.291409 -1.331636
 -1.147884 -1.871800 -2.564941 -0.794245
 -1.179654 -1.797765 -2.455405 -0.818444
 -0.674367 -2.153184 -2.730818 -1.173632
 -1.126012 -1.513777 -2.337950 -1.024229
 -1.238375 -1.595049 -2.036879 -0.976011
 -1.479626 -1.798856 -2.341522 -0.672153
 -0.829280 -2.177833 -2.961362 -0.919794
 -1.118815 -1.544899 -2.371576 -1.003303
 -0.922334 -2.339395 -2.914754 -0.794501
 -1.506688 -1.806205 -2.131627 -0.702316
 -0.828893 -2.180339 -2.833211 -0.937410
 -0.923284 -1.548608 -2.523985 -1.170846
 -0.962812 -1.810107 -3.314172 -0.871840
 -1.557850 -1.603573 -2.140066 -0.753772
 -0.674513 -2.140849 -2.874817 -1.150071
 -1.042961 -1.374318 -3.166072 -1.042961
 -0.959112 -1.859896 -2.920760 -0.898487
 -1.451244 -1.461826 -2.449772 -0.803865
 -0.690278 -2.023561 -3.367292 -1.102932
 -0.821712 -1.478927 -2.877052 -1.286849
 -0.889522 -2.151759 -2.662580 -0.908570
 -1.135276 -1.849388 -2.343406 -0.854882
 -0.620279 -2.298874 -3.515266 -1.102337
 -0.600775 -1.865370 -2.792129 -1.446113
 -0.559618 -2.533690 -2.756831 -1.252763
 -1.098612 -2.188749 -2.463852 -0.756080
 -0.705296 -2.943340 -3.413343 -0.866508
 -0.779326 -2.494120 -2.494120 -0.977776
 -1.071945 -3.100076 -2.512298 -0.631995
 -1.210586 -2.951524 -2.372788 -0.586093
 -15.893702 -15.893702 -15.893702 -0.000000
 -13.892475 -13.892475 -13.892475 -0.000003
 -14.022528 -14.022528 -14.022528 -0.000002
 -16.032537 -16.032537 -16.032537 -0.000000
 -1.386294 -1.386294 -1.386294 -1.386294
 -1.386294 -1.386294 -1.386294 -1.386294
 -1.386294 -1.386294 -1.386294 -1.386294
 -16.784899 -16.784899 -16.784899 -0.000000
 -1.386294 -1.386294 -1.386294 -1.386294
 -1.386294 -1.386294 -1.386294 -1.386294
 -1.386294 -1.386294 -1.386294 -1.386294
 -16.784899 -16.784899 -16.784899 -0.000000
 -1.386294 -1.386294 -1.386294 -1.386294
 -1.386294 -1.386294 -1.386294 -1.386294
 -1.386294 -1.386294 -1.386294 -1.386294
 -16.784899 -0.000000 -16.784899 -16.784899
 -1.386294 -1.386294 -1.386294 -1.386294
 -16.784899 -0.000000 -16.784899 -16.784899
 -1.386294 -1.386294 -1.386294 -1.386294
 -1.386294 -1.386294 -1.386294 -1.386294
 -1.386294 -1.386294 -1.386294 -1.386294
 -0.000000 -16.784899 -16.784899 -16.784899
 -1.386294 -1.386294 -1.386294 -1.386294
 -1.386294 -1.386294 -1.386294 -1.386294
 -16.784899 -16.784899 -0.000000 -16.784899
 -1.386294 -1.386294 -1.386294 -1.386294
 -1.386294 -1.386294 -1.386294 -1.386294
 -1.386294 -1.386294 -1.386294 -1.386294
 -1.386294 -1.386294 -1.386294 -1.386294
 -1.386294 -1.386294 -1.386294 -1.386294
 -0.767729 -1.818816 -1.271940 -2.370552
 -1.386294 -1.386294 -1.386294 -1.386294
 -1.007737 -1.750583 -2.053239 -1.099719
 -1.278406 -1.730390 -2.200392 -0.835762
 -1.166821 -1.549029 -2.452470 -0.941327
 -1.738270 -1.770018 -1.375365 -0.913548
 -0.924388 -1.502466 -2.010878 -1.399282
 -1.034074 -1.727220 -1.651997 -1.290984
 -0.932821 -1.545924 -2.201329 -1.263062
 -1.580845 -1.242457 -1.528545 -1.242457
 -1.136990 0.000100 0.000100 0.000100
 -1.944405 0.000100 0.000100 0.000100
 -1.944405 0.000100 0.000100 0.000100
 -0.933762 0.000100 0.000100 0.000100
 -0.796945 -2.029086 -1.864783 -1.335941
 -1.027518 -1.418383 -2.068966 -1.295781
 -0.998530 -2.251286 -1.914817 -0.970359
 -1.780330 -1.672700 -2.038158 -0.666681
 -0.864998 -1.908346 -1.845826 -1.299283
 -1.234745 -1.266494 -1.756040 -1.368276
 -1.036093 -1.699385 -1.642226 -1.313724
 -1.597603 -1.768228 -1.865866 -0.750306
 -0.899280 -1.852383 -2.060022 -1.174986
 -1.090450 -1.668526 -2.031429 -1.066352
 -0.862708 -1.858132 -1.918757 -1.290151
 -1.605080 -1.878373 -2.101516 -0.646231
 -0.956438 -1.568616 -2.007981 -1.297741
 -1.089311 -1.900238 -1.900238 -1.009268
 -1.087053 -1.969437 -1.746295 -1.053151
 -1.670062 -1.552279 -1.609437 -0.916291
 -1.029620 -1.694595 -1.781606 -1.235064
 -1.317827 -1.317827 -2.010971 -1.106518
 -1.342234 -1.490654 -1.413693 -1.308333
 -1.676879 -1.800492 -1.700409 -0.765251
 -1.011602 -1.992428 -1.912386 -1.043350
 -1.061709 -1.799305 -2.057133 -1.019149
 -1.195605 -1.313388 -1.783390 -1.345136
 -1.826245 -1.702631 -1.456499 -0.858662
 -1.040549 -1.919097 -1.780948 -1.104062
 -1.058122 -1.617736 -1.576914 -1.394593
 -1.187166 -1.679641 -1.474847 -1.274177
 -1.700607 -1.341662 -1.700607 -0.984988
 -14.441451 -1.170666 -1.120235 -1.011602
 -14.122998 -1.128466 -1.151455 -1.020836
 -14.054530 -1.037526 -0.952368 -1.347680
 -14.576319 -1.191589 -1.103297 -1.009268
 -1.386294 -1.386294 -1.386294 -1.386294
 -0.000002 -14.566929 -14.566929 -14.566929
 -0.000001 -14.621988 -14.621988 -14.621988
 -0.000001 -14.639688 -14.639688 -14.639688
 -0.838800 -2.141573 -1.933933 -1.185076
 -1.386294 -1.386294 -1.386294 -1.386294
 -1.386294 -1.386294 -1.386294 -1.386294
 -1.386294 -1.386294 -1.386294 -1.386294
 -0.815296 -2.133120 -2.292184 -1.084772
 -1.024506 -1.584119 -1.958809 -1.221215
 -1.197053 -1.306252 -2.261757 -1.130362
 -1.912007 -1.575536 -1.981000 -0.678478
 -0.731248 -2.187920 -2.321451 -1.176322
 -1.107124 -1.826244 -1.774951 -1.081806
 -1.178656 -1.871799 -1.648657 -1.060873
 -1.567042 -1.953814 -2.103345 -0.639495
 -1.007046 -1.778153 -2.393336 -0.982353
 -1.014353 -1.466337 -2.564939 -1.109663
 -1.374866 -1.470176 -1.374866 -1.330414
 -1.695428 -1.923686 -1.636005 -0.743062
 -0.980830 -1.718427 -1.882730 -1.225952
 -1.024505 -1.766440 -1.671130 -1.265667
 -1.213924 -1.479626 -1.724747 -1.213924
 -1.807144 -1.525293 -1.598052 -0.876997
 -1.025282 -1.718427 -1.631416 -1.323116
 -1.019149 -1.201470 -1.945908 -1.632252
 -0.806808 -1.800057 -1.962575 -1.394593
 -1.360092 -1.246148 -2.019336 -1.130076
 -0.835568 -1.954798 -1.809616 -1.342998
 -0.857903 -1.566087 -1.695298 -1.695298
 -1.069626 -1.985912 -1.366876 -1.329136
 -1.353142 -1.849578 -1.420583 -1.070910
 -0.920365 -1.867744 -1.791759 -1.271225
 -0.888641 -2.107876 -1.271632 -1.677095
 -0.810932 -2.072058 -1.647177 -1.439539
 -1.145133 -1.838278 -1.912386 -0.980830
 -1.020361 -2.118971 -2.056451 -0.937840
 -0.780160 -2.954894 -2.367117 -0.926764
 -1.256837 -2.039593 -1.767660 -0.880360
 -1.493439 -2.340734 -2.235373 -0.558281
 -14.576319 -14.576319 -14.576319 -0.000001
 -13.458841 -13.458841 -13.458841 -0.000004
 -13.629186 -13.629186 -13.629186 -0.000004
 -14.904074 -14.904074 -14.904074 -0.000001
 -1.386294 -1.386294 -1.386294 -1.386294
 -1.386294 -1.386294 -1.386294 -1.386294
 -1.386294 -1.386294 -1.386294 -1.386294
 -15.708623 -15.708623 -15.708623 -0.000000
 -1.386294 -1.386294 -1.386294 -1.386294
 -1.386294 -1.386294 -1.386294 -1.386294
 -1.386294 -1.386294 -1.386294 -1.386294
 -15.708623 -15.708623 -15.708623 -0.000000
 -1.386294 -1.386294 -1.386294 -1.386294
 -1.386294 -1.386294 -1.386294 -1.386294
 -1.386294 -1.386294 -1.386294 -1.386294
 -15.708623 -0.000001 -15.708623 -15.708623
 -1.386294 -1.386294 -1.386294 -1.386294
 -15.708623 -0.000001 -15.708623 -15.708623
 -1.386294 -1.386294 -1.386294 -1.386294
 -1.386294 -1.386294 -1.386294 -1.386294
 -1.386294 -1.386294 -1.386294 -1.386294
 -0.000001 -15.708623 -15.708623 -15.708623
 -1.386294 -1.386294 -1.386294 -1.386294
 -1.386294 -1.386294 -1.386294 -1.386294
 -15.708623 -15.708623 -0.000000 -15.708623
 -1.386294 -1.386294 -1.386294 -1.386294
 -1.386294 -1.386294 -1.386294 -1.386294
 -1.386294 -1.386294 -1.386294 -1.386294
 -1.386294 -1.386294 -1.386294 -1.386294
 -1.386294 -1.386294 -1.386294 -1.386294
 -0.953105 -1.585627 -1.903162 -1.344991
 -1.386294 -1.386294 -1.386294 -1.386294
 -0.741157 -2.367121 -1.856297 -1.296682
 -1.199083 -1.478667 -2.204601 -1.020836
 -1.068760 -1.887067 -1.887067 -1.039773
 -1.324650 -2.108767 -1.857453 -0.783845
 -0.739472 -1.966700 -2.125764 -1.334178
 -0.899943 -2.112959 -1.515127 -1.375365
 -0.911151 -1.578978 -1.866658 -1.439216
 -1.499794 -1.713368 -1.644375 -0.907744
