 -0.933311 0.000100 0.000100 0.000100
 -2.014118 0.000100 0.000100 0.000100
 -2.431417 0.000100 0.000100 0.000100
 -0.953473 0.000100 0.000100 0.000100
 -0.640657 -2.209272 -2.750868 -1.205971
 -0.716959 -1.422226 -2.363206 -1.734600
 -1.029621 -1.540444 -2.079438 -1.192139
 -1.663844 -1.611476 -2.304623 -0.670992
 -0.579075 -2.460212 -2.536198 -1.290984
 -1.053762 -1.534347 -2.339970 -1.080431
 -0.925342 -1.713796 -2.224619 -1.154183
 -1.567326 -1.735318 -2.313395 -0.661399
 -0.668756 -2.197223 -2.402018 -1.251735
 -1.027517 -1.440361 -2.302582 -1.186581
 -1.124589 -1.504077 -2.277262 -1.048603
 -1.590900 -1.580747 -2.438196 -0.686930
 -0.837778 -1.896384 -2.331701 -1.139159
 -1.252763 -1.268512 -2.153548 -1.148967
 -1.206826 -1.671130 -2.054121 -0.955513
 -1.599075 -1.369765 -2.281965 -0.817200
 -0.823768 -1.893724 -2.752383 -1.058607
 -1.247323 -1.609438 -2.572245 -0.829280
 -1.260254 -1.371479 -2.332886 -1.006020
 -1.637307 -1.637307 -2.575575 -0.625706
 -0.932164 -1.865261 -2.477061 -1.001157
 -1.548813 -1.176574 -2.436113 -0.937345
 -1.027518 -1.462834 -2.251286 -1.186582
 -1.623878 -1.605860 -2.335374 -0.682452
 -15.053886 -1.180106 -1.873252 -0.617798
 -14.797590 -1.121341 -1.873676 -0.652776
 -13.972518 -0.977985 -1.817733 -0.773191
 -15.511127 -0.958452 -1.778997 -0.803618
 -1.386294 -1.386294 -1.386294 -1.386294
 -0.000001 -15.310660 -15.310660 -15.310660
 -0.000002 -14.533353 -14.533353 -14.533353
 -0.000001 -15.644888 -15.644888 -15.644888
 -0.000000 -16.360258 -16.360258 -16.360258
 -1.386294 -1.386294 -1.386294 -1.386294
 -1.386294 -1.386294 -1.386294 -1.386294
 -1.386294 -1.386294 -1.386294 -1.386294
 -0.638172 -2.050050 -3.512328 -1.160956
 -1.386294 -1.386294 -1.386294 -1.386294
 -1.386294 -1.386294 -1.386294 -1.386294
 -1.386294 -1.386294 -1.386294 -1.386294
 -0.620101 -2.221285 -2.928224 -1.203478
 -1.092534 -1.634130 -2.797274 -0.895175
 -1.152682 -1.440361 -3.637496 -0.865002
 -1.445667 -1.814574 -2.853464 -0.609065
 -0.825860 -2.011086 -2.927374 -0.981467
 -1.295566 -1.549799 -2.142861 -0.924707
 -1.683544 -1.763586 -3.149855 -0.510829
 -1.633632 -1.887866 -2.692237 -0.535021
 -0.845586 -2.071758 -2.705480 -0.973147
 -1.088460 -1.406914 -2.793202 -1.029620
 -1.363305 -1.815287 -2.374898 -0.716680
 -1.674529 -1.496642 -2.595253 -0.665345
 -0.698597 -2.297163 -2.730026 -1.087802
 -1.027995 -1.427794 -2.369835 -1.174598
 -1.109663 -2.208269 -2.112959 -0.821982
 -1.671051 -1.353448 -2.067214 -0.850819
 -0.645292 -2.273596 -2.715428 -1.182954
 -1.067482 -1.079043 -2.700172 -1.390255
 -0.935710 -1.689480 -3.258080 -0.955513
 -1.417843 -1.488669 -2.288195 -0.842479
 -0.548484 -2.023468 -4.541146 -1.275406
 -0.752337 -1.470176 -2.856465 -1.421386
 -0.490625 -1.945907 -3.198652 -1.589234
 -1.056894 -1.809859 -2.229117 -0.964521
 -0.615761 -2.351374 -3.926904 -1.064711
 -0.522054 -2.297809 -2.251289 -1.604664
 -0.384849 -2.330747 -3.178026 -1.711715
 -1.067841 -2.237069 -2.859596 -0.708896
 -0.751606 -2.986310 -3.561672 -0.799560
 -0.639496 -3.234732 -2.205126 -1.130616
 -1.304949 -4.077444 -2.468086 -0.466624
 -1.205442 -2.785890 -2.507177 -0.584708
 -15.460317 -15.460317 -15.460317 -0.000001
 -13.400002 -13.400002 -13.400002 -0.000005
 -13.514411 -13.514411 -13.514411 -0.000004
 -15.633588 -15.633588 -15.633588 -0.000000
 -1.386294 -1.386294 -1.386294 -1.386294
 -1.386294 -1.386294 -1.386294 -1.386294
 -1.386294 -1.386294 -1.386294 -1.386294
 -16.360258 -16.360258 -16.360258 -0.000000
 -1.386294 -1.386294 -1.386294 -1.386294
 -1.386294 -1.386294 -1.386294 -1.386294
 -1.386294 -1.386294 -1.386294 -1.386294
 -16.360258 -16.360258 -16.360258 -0.000000
 -1.386294 -1.386294 -1.386294 -1.386294
 -1.386294 -1.386294 -1.386294 -1.386294
 -1.386294 -1.386294 -1.386294 -1.386294
 -16.360258 -0.000000 -16.360258 -16.360258
 -1.386294 -1.386294 -1.386294 -1.386294
 -16.360258 -0.000000 -16.360258 -16.360258
 -1.386294 -1.386294 -1.386294 -1.386294
 -1.386294 -1.386294 -1.386294 -1.386294
 -1.386294 -1.386294 -1.386294 -1.386294
 -0.000000 -16.360258 -16.360258 -16.360258
 -1.386294 -1.386294 -1.386294 -1.386294
 -1.386294 -1.386294 -1.386294 -1.386294
 -16.360258 -16.360258 -0.000000 -16.360258
 -1.386294 -1.386294 -1.386294 -1.386294
 -1.386294 -1.386294 -1.386294 -1.386294
 -1.386294 -1.386294 -1.386294 -1.386294
 -1.386294 -1.386294 -1.386294 -1.386294
 -1.386294 -1.386294 -1.386294 -1.386294
 -0.873273 -1.686085 -1.236414 -2.237262
 -1.386294 -1.386294 -1.386294 -1.386294
 -1.140845 -1.603814 -2.071950 -1.040202
 -1.133099 -1.572011 -2.244954 -1.009485
 -1.391714 -1.556794 -2.302583 -0.819753
 -1.734600 -1.545359 -1.386294 -1.020836
 -0.744150 -1.560911 -2.130443 -1.628964
 -0.977035 -1.601862 -1.765491 -1.382499
 -0.999406 -1.726453 -2.260534 -1.050700
 -1.561236 -1.216395 -1.467710 -1.334178
 -0.969706 0.000100 0.000100 0.000100
 -2.295894 0.000100 0.000100 0.000100
 -1.912903 0.000100 0.000100 0.000100
 -0.987564 0.000100 0.000100 0.000100
 -0.684338 -2.424796 -2.019335 -1.293401
 -1.609435 -1.203975 -1.791753 -1.098616
 -1.481604 -1.992423 -1.481604 -0.893821
 -1.819157 -2.311629 -2.001477 -0.504840
 -0.873275 -1.945907 -2.208269 -1.109663
 -1.185626 -2.197211 -1.504076 -1.018573
 -0.916294 -2.420352 -2.014895 -0.973452
 -2.533690 -1.745238 -1.468986 -0.661896
 -0.732890 -2.552034 -2.397886 -1.047970
 -0.988614 -1.458614 -1.815285 -1.458614
 -0.674459 -1.890845 -2.360842 -1.405342
 -2.120260 -1.496109 -2.189252 -0.608808
 -0.890317 -2.068966 -1.914817 -1.152680
 -1.243194 -1.060874 -2.005327 -1.466336
 -1.299284 -1.299284 -1.704744 -1.299284
 -1.998093 -1.244325 -2.131624 -0.781702
 -0.903714 -1.479076 -2.066858 -1.425009
 -1.582408 -1.154966 -1.582408 -1.294728
 -1.634128 -1.410987 -1.767657 -0.940987
 -1.709520 -1.609437 -2.456728 -0.628611
 -0.777707 -1.819155 -2.001475 -1.413693
 -1.018571 -1.386294 -1.711715 -1.568615
 -1.315677 -1.410987 -1.315677 -1.516346
 -1.819157 -1.713796 -2.001477 -0.649089
 -13.698981 -1.121342 -1.230541 -0.962277
 -13.304691 -1.203974 -1.003304 -1.098614
 -13.102169 -0.896091 -1.058609 -1.406913
 -13.815515 -0.843972 -1.272966 -1.237875
 -1.386294 -1.386294 -1.386294 -1.386294
 -0.000003 -13.910825 -13.910825 -13.910825
 -0.000003 -13.742944 -13.742944 -13.742944
 -0.000003 -13.764221 -13.764221 -13.764221
 -0.000001 -14.907435 -14.907435 -14.907435
 -1.386294 -1.386294 -1.386294 -1.386294
 -1.386294 -1.386294 -1.386294 -1.386294
 -1.386294 -1.386294 -1.386294 -1.386294
 -0.634499 -2.200584 -1.959423 -1.522706
 -1.386294 -1.386294 -1.386294 -1.386294
 -1.386294 -1.386294 -1.386294 -1.386294
 -1.386294 -1.386294 -1.386294 -1.386294
 -0.585260 -2.664693 -2.760002 -1.170775
 -0.788463 -1.887062 -3.496420 -1.011605
 -1.540443 -1.435084 -1.540443 -1.098615
 -1.871798 -1.871798 -2.564935 -0.485511
 -0.709678 -2.095968 -2.606789 -1.166435
 -1.386294 -1.386294 -2.197211 -0.944466
 -1.272967 -1.272967 -2.120246 -1.139438
 -2.442340 -1.653889 -2.260020 -0.482254
 -0.988613 -2.151757 -2.508427 -0.843431
 -0.974562 -1.667704 -1.890845 -1.262243
 -1.540443 -1.540443 -1.540443 -1.029624
 -1.739702 -1.542992 -1.830673 -0.797661
 -1.216396 -1.349927 -1.755390 -1.303407
 -0.897944 -1.424034 -1.791756 -1.686396
 -1.339775 -1.658225 -1.435084 -1.172722
 -1.576914 -1.463586 -1.576914 -1.034591
 -0.743160 -2.104129 -1.921809 -1.362197
 -0.814511 -2.302577 -1.609436 -1.358124
 -1.116006 -1.662545 -2.268674 -0.969403
 -1.644122 -1.432814 -1.644122 -0.980831
 -0.813293 -2.360848 -1.773066 -1.229452
 -0.672949 -2.793183 -1.252764 -1.945904
 -0.756330 -2.282371 -1.812374 -1.326871
 -1.247458 -1.904235 -1.652922 -0.987948
 -0.760971 -2.164960 -2.095968 -1.220503
 -0.632529 -1.673972 -1.856290 -2.079429
 -0.534086 -2.268674 -1.757855 -1.980996
 -1.053151 -2.151757 -1.815287 -0.988613
 -0.938271 -2.624661 -1.669156 -1.056054
 -0.810935 -2.890333 -2.197211 -0.944465
 -1.299284 -1.838274 -2.174741 -0.788462
 -1.014732 -4.381932 -1.897117 -0.744443
 -13.919874 -13.919874 -13.919874 -0.000003
 -12.206093 -12.206093 -12.206093 -0.000015
 -13.060496 -13.060496 -13.060496 -0.000006
 -13.997835 -13.997835 -13.997835 -0.000002
 -1.386294 -1.386294 -1.386294 -1.386294
 -1.386294 -1.386294 -1.386294 -1.386294
 -1.386294 -1.386294 -1.386294 -1.386294
 -14.907435 -14.907435 -14.907435 -0.000001
 -1.386294 -1.386294 -1.386294 -1.386294
 -1.386294 -1.386294 -1.386294 -1.386294
 -1.386294 -1.386294 -1.386294 -1.386294
 -14.907435 -14.907435 -14.907435 -0.000001
 -1.386294 -1.386294 -1.386294 -1.386294
 -1.386294 -1.386294 -1.386294 -1.386294
 -1.386294 -1.386294 -1.386294 -1.386294
 -14.907435 -0.000001 -14.907435 -14.907435
 -1.386294 -1.386294 -1.386294 -1.386294
 -14.907435 -0.000001 -14.907435 -14.907435
 -1.386294 -1.386294 -1.386294 -1.386294
 -1.386294 -1.386294 -1.386294 -1.386294
 -1.386294 -1.386294 -1.386294 -1.386294
 -0.000001 -14.907435 -14.907435 -14.907435
 -1.386294 -1.386294 -1.386294 -1.386294
 -1.386294 -1.386294 -1.386294 -1.386294
 -14.907435 -14.907435 -0.000001 -14.907435
 -1.386294 -1.386294 -1.386294 -1.386294
 -1.386294 -1.386294 -1.386294 -1.386294
 -1.386294 -1.386294 -1.386294 -1.386294
 -1.386294 -1.386294 -1.386294 -1.386294
 -1.386294 -1.386294 -1.386294 -1.386294
 -1.081973 -1.278253 -2.200584 -1.302644
 -1.386294 -1.386294 -1.386294 -1.386294
 -0.683297 -2.312529 -2.050167 -1.319284
 -1.423108 -0.984855 -3.320200 -1.051546
 -1.299284 -1.299284 -2.397874 -1.011605
 -1.686397 -1.561235 -1.755390 -0.839103
 -0.769689 -2.155977 -2.068966 -1.221673
 -0.946598 -1.902103 -1.208961 -1.806794
 -0.723925 -1.299284 -3.496420 -1.550595
 -1.376632 -1.744356 -1.638996 -0.971169
