 -1.026394 0.000100 0.000100 0.000100
 -1.913404 0.000100 0.000100 0.000100
 -2.253865 0.000100 0.000100 0.000100
 -0.943833 0.000100 0.000100 0.000100
 -0.819678 -1.859581 -2.663953 -1.096565
 -0.896586 -1.692386 -2.738350 -1.069199
 -1.071025 -2.072470 -1.630639 -1.091644
 -1.485385 -1.729582 -2.038770 -0.763489
 -0.714840 -2.001050 -2.533266 -1.216932
 -0.862224 -1.889739 -2.197222 -1.153421
 -0.780160 -1.974079 -2.667221 -1.098613
 -1.304356 -1.632471 -2.077545 -0.896563
 -0.696914 -2.165769 -2.269309 -1.259364
 -0.893819 -1.897119 -2.258131 -1.089563
 -0.995429 -1.882729 -2.529352 -0.919922
 -1.328665 -1.800270 -2.096535 -0.805121
 -0.749309 -1.918053 -2.585881 -1.187166
 -1.014196 -1.736329 -2.318248 -1.014196
 -0.785741 -1.854937 -2.505520 -1.183771
 -1.328910 -2.118906 -1.919777 -0.758365
 -0.732523 -2.075587 -2.358154 -1.206550
 -0.911150 -2.009760 -2.782945 -0.911150
 -0.803963 -2.323783 -2.129628 -1.091644
 -1.353314 -1.728701 -2.134166 -0.807976
 -0.598186 -2.130532 -2.674147 -1.337687
 -0.740401 -2.137503 -2.970407 -1.038894
 -0.768372 -1.982812 -2.624661 -1.120592
 -1.265666 -1.924445 -2.221177 -0.768926
 -0.635232 -2.018315 -2.973825 -1.251061
 -0.905118 -1.747795 -2.291409 -1.138733
 -0.971862 -1.618487 -2.512298 -1.071945
 -1.117305 -1.829499 -2.659846 -0.815571
 -0.669458 -2.026095 -2.814551 -1.216609
 -0.853699 -1.653454 -2.509117 -1.199200
 -0.873275 -2.208269 -2.564939 -0.927342
 -1.100707 -1.825805 -2.586090 -0.841735
 -0.641512 -2.212728 -2.708048 -1.212557
 -0.723001 -1.985914 -2.227075 -1.310787
 -0.747216 -2.155977 -2.251286 -1.186582
 -1.286809 -2.058736 -2.456037 -0.672443
 -15.580242 -0.470004 -0.980829 -15.580242
 -14.310209 -0.514900 -0.910213 -14.310209
 -13.928843 -0.287684 -1.386294 -13.928843
 -15.428941 -0.521507 -0.900480 -15.428941
 -1.386294 -1.386294 -1.386294 -1.386294
 -0.632314 -1.911023 -2.889187 -1.327691
 -0.698967 -2.104907 -2.989943 -1.106380
 -1.386294 -1.386294 -1.386294 -1.386294
 -0.622079 -2.311119 -2.400731 -1.296925
 -0.829724 -1.869145 -2.292000 -1.175999
 -0.856474 -2.211011 -2.211011 -1.032364
 -1.096084 -2.047059 -1.901348 -0.948448
 -0.749175 -2.246495 -2.586001 -1.060872
 -0.935462 -1.730389 -1.971551 -1.233954
 -1.272966 -1.714797 -2.177419 -0.851753
 -1.499437 -1.904902 -2.279594 -0.643251
 -0.675129 -2.030170 -2.738820 -1.220951
 -0.876551 -1.723847 -2.512301 -1.126012
 -0.935710 -1.776491 -2.670302 -0.996334
 -1.386294 -1.894707 -2.270496 -0.700420
 -0.655264 -2.139101 -2.954135 -1.168571
 -1.036540 -1.847469 -2.479989 -0.906487
 -0.943199 -1.837014 -2.530156 -0.989719
 -1.644123 -1.605657 -2.507895 -0.645079
 -0.695203 -1.939768 -3.052766 -1.170984
 -0.847299 -1.691017 -2.288852 -1.252763
 -0.757688 -1.856295 -1.856295 -1.519825
 -1.389859 -1.706529 -2.054835 -0.818073
 -0.646279 -2.178212 -3.422532 -1.108256
 -0.688752 -1.787363 -2.534575 -1.381899
 -0.693149 -1.887068 -2.936881 -1.219241
 -1.160664 -1.678134 -1.847210 -1.071999
 -0.000001 -15.613915 -15.613915 -15.613915
 -0.000002 -14.543061 -14.543061 -14.543061
 -0.000003 -13.981029 -13.981029 -13.981029
 -0.000001 -15.281079 -15.281079 -15.281079
 -0.000000 -16.427050 -16.427050 -16.427050
 -1.386294 -1.386294 -1.386294 -1.386294
 -1.386294 -1.386294 -1.386294 -1.386294
 -1.386294 -1.386294 -1.386294 -1.386294
 -16.427050 -16.427050 -16.427050 -0.000000
 -1.386294 -1.386294 -1.386294 -1.386294
 -1.386294 -1.386294 -1.386294 -1.386294
 -1.386294 -1.386294 -1.386294 -1.386294
 -1.386294 -1.386294 -1.386294 -1.386294
 -1.386294 -1.386294 -1.386294 -1.386294
 -1.386294 -1.386294 -1.386294 -1.386294
 -16.427050 -16.427050 -16.427050 -0.000000
 -1.386294 -1.386294 -1.386294 -1.386294
 -1.386294 -1.386294 -1.386294 -1.386294
 -1.386294 -1.386294 -1.386294 -1.386294
 -16.427050 -16.427050 -16.427050 -0.000000
 -1.386294 -1.386294 -1.386294 -1.386294
 -1.386294 -1.386294 -1.386294 -1.386294
 -1.386294 -1.386294 -1.386294 -1.386294
 -16.427050 -0.000000 -16.427050 -16.427050
 -1.386294 -1.386294 -1.386294 -1.386294
 -0.000000 -16.427050 -16.427050 -16.427050
 -1.386294 -1.386294 -1.386294 -1.386294
 -1.386294 -1.386294 -1.386294 -1.386294
 -16.427050 -16.427050 -0.000000 -16.427050
 -1.386294 -1.386294 -1.386294 -1.386294
 -1.386294 -1.386294 -1.386294 -1.386294
 -1.386294 -1.386294 -1.386294 -1.386294
 -1.386294 -1.386294 -1.386294 -1.386294
 -1.386294 -1.386294 -1.386294 -1.386294
 -0.759940 -1.778630 -1.578355 -1.850733
 -1.386294 -1.386294 -1.386294 -1.386294
 -1.095478 -1.756289 -1.892421 -1.072275
 -1.263692 -1.609437 -1.676879 -1.107346
 -1.105756 -1.495220 -2.141845 -1.116566
 -1.782456 -1.559313 -1.395684 -0.983950
 -0.991534 -1.652104 -1.819158 -1.290314
 -1.054161 -1.684128 -1.663926 -1.285490
 -1.034074 -1.355657 -2.014901 -1.373049
 -1.590309 -1.315872 -1.529065 -1.167452
 -1.103754 0.000100 0.000100 0.000100
 -1.807263 0.000100 0.000100 0.000100
 -2.027806 0.000100 0.000100 0.000100
 -0.987117 0.000100 0.000100 0.000100
 -0.837042 -2.176813 -2.132362 -1.093471
 -0.980831 -1.791757 -1.856295 -1.197053
 -0.878072 -1.704746 -1.858896 -1.399366
 -1.513294 -1.695615 -1.887986 -0.809785
 -0.809682 -2.002479 -2.120261 -1.203973
 -0.966442 -2.036878 -1.749198 -1.154494
 -1.086637 -1.585626 -1.710788 -1.283347
 -1.455287 -1.496960 -1.763588 -0.990399
 -0.792446 -2.007466 -2.007466 -1.277953
 -0.873530 -1.499234 -2.069776 -1.456675
 -0.899943 -1.802807 -1.466337 -1.620487
 -1.440361 -1.813036 -1.691675 -0.877577
 -0.780159 -1.909541 -2.330753 -1.216396
 -0.926764 -1.619908 -2.166448 -1.232144
 -1.197053 -1.232144 -1.791757 -1.428854
 -1.918052 -1.565231 -1.620801 -0.806703
 -0.888048 -1.823507 -1.856297 -1.306252
 -1.116005 -2.188637 -1.386294 -1.170072
 -1.283347 -1.710788 -1.528468 -1.123005
 -1.355835 -1.833870 -1.684339 -0.924053
 -0.736166 -2.155979 -1.813036 -1.418383
 -1.280934 -1.791757 -1.241714 -1.321756
 -0.943199 -1.782947 -1.549333 -1.469291
 -1.619909 -1.731134 -1.593933 -0.863047
 -0.957534 -2.110211 -1.822530 -1.098613
 -1.280934 -1.666595 -1.321756 -1.321756
 -1.123931 -1.609437 -1.696448 -1.232144
 -1.679641 -1.774951 -1.918052 -0.698814
 -0.746573 -1.934414 -2.062247 -1.369102
 -1.258041 -1.509354 -1.663504 -1.186582
 -1.277095 -1.348554 -1.599868 -1.348554
 -1.647720 -1.805943 -1.777772 -0.746173
 -0.805360 -2.009330 -1.603866 -1.523824
 -1.071214 -1.974078 -1.637608 -1.126784
 -1.173514 -1.802120 -1.684338 -1.078205
 -1.589732 -1.692386 -2.084427 -0.718338
 -14.446785 -0.736633 -0.651476 -14.446785
 -13.732133 -0.784121 -0.609768 -13.732133
 -13.815515 -0.798509 -0.597839 -13.815515
 -14.533353 -0.578079 -0.823201 -14.533353
 -1.386294 -1.386294 -1.386294 -1.386294
 -1.091787 -1.669420 -2.093234 -1.042025
 -0.926583 -1.808971 -1.895982 -1.237522
 -1.386294 -1.386294 -1.386294 -1.386294
 -0.923325 -1.728389 -1.728389 -1.395684
 -0.971169 -1.376632 -1.995668 -1.456675
 -1.337504 -1.386294 -1.673975 -1.203974
 -1.652922 -1.770705 -1.710081 -0.782096
 -0.854693 -1.866291 -1.979619 -1.266672
 -1.457753 -1.421386 -1.457753 -1.227230
 -1.213924 -1.670680 -1.619387 -1.149385
 -1.829910 -1.469908 -1.675760 -0.861662
 -0.895175 -2.008822 -2.104132 -1.092534
 -1.274177 -1.774951 -1.336698 -1.244325
 -1.146469 -1.271632 -1.728388 -1.494775
 -1.667196 -1.540445 -1.667196 -0.896089
 -0.619876 -2.097139 -2.145929 -1.504077
 -1.368903 -1.963607 -1.558144 -0.929537
 -0.888641 -1.453953 -1.900238 -1.581786
 -1.501490 -1.651772 -1.478500 -1.028584
 -0.683579 -2.293013 -1.871801 -1.425515
 -0.857452 -1.599387 -1.887067 -1.504077
 -0.837730 -1.871800 -1.599868 -1.553348
 -1.470176 -1.603707 -1.397855 -1.133704
 -0.556389 -1.920375 -2.150898 -1.809150
 -0.938271 -1.430746 -1.749198 -1.631416
 -0.720548 -1.713796 -1.765090 -1.819157
 -1.297063 -1.427116 -1.321756 -1.514127
 -0.000001 -14.786291 -14.786291 -14.786291
 -0.000003 -13.928843 -13.928843 -13.928843
 -0.000003 -13.835317 -13.835317 -13.835317
 -0.000003 -13.883173 -13.883173 -13.883173
 -0.000001 -15.581953 -15.581953 -15.581953
 -1.386294 -1.386294 -1.386294 -1.386294
 -1.386294 -1.386294 -1.386294 -1.386294
 -1.386294 -1.386294 -1.386294 -1.386294
 -15.581953 -15.581953 -15.581953 -0.000001
 -1.386294 -1.386294 -1.386294 -1.386294
 -1.386294 -1.386294 -1.386294 -1.386294
 -1.386294 -1.386294 -1.386294 -1.386294
 -1.386294 -1.386294 -1.386294 -1.386294
 -1.386294 -1.386294 -1.386294 -1.386294
 -1.386294 -1.386294 -1.386294 -1.386294
 -15.581953 -15.581953 -15.581953 -0.000001
 -1.386294 -1.386294 -1.386294 -1.386294
 -1.386294 -1.386294 -1.386294 -1.386294
 -1.386294 -1.386294 -1.386294 -1.386294
 -15.581953 -15.581953 -15.581953 -0.000001
 -1.386294 -1.386294 -1.386294 -1.386294
 -1.386294 -1.386294 -1.386294 -1.386294
 -1.386294 -1.386294 -1.386294 -1.386294
 -15.581953 -0.000001 -15.581953 -15.581953
 -1.386294 -1.386294 -1.386294 -1.386294
 -0.000001 -15.581953 -15.581953 -15.581953
 -1.386294 -1.386294 -1.386294 -1.386294
 -1.386294 -1.386294 -1.386294 -1.386294
 -15.581953 -15.581953 -0.000001 -15.581953
 -1.386294 -1.386294 -1.386294 -1.386294
 -1.386294 -1.386294 -1.386294 -1.386294
 -1.386294 -1.386294 -1.386294 -1.386294
 -1.386294 -1.386294 -1.386294 -1.386294
 -1.386294 -1.386294 -1.386294 -1.386294
 -0.878551 -1.680264 -2.294073 -1.212557
 -1.386294 -1.386294 -1.386294 -1.386294
 -0.858333 -1.855474 -1.937712 -1.288369
 -1.027787 -1.695614 -1.746907 -1.257361
 -0.899486 -1.304949 -2.468086 -1.438480
 -1.632694 -1.470176 -1.662547 -0.954363
 -0.755024 -2.253792 -1.931020 -1.272966
 -0.675757 -2.338298 -1.691675 -1.558144
 -0.995429 -1.749198 -1.688574 -1.302913
 -1.523824 -2.009330 -1.632037 -0.792938
