 -0.942647 0.000100 0.000100 0.000100
 -1.828255 0.000100 0.000100 0.000100
 -2.262919 0.000100 0.000100 0.000100
 -1.062286 0.000100 0.000100 0.000100
 -0.708096 -2.013419 -2.386094 -1.266206
 -0.927142 -1.602269 -2.631882 -1.105833
 -0.973451 -1.555370 -2.302578 -1.167606
 -1.396379 -1.640000 -1.893780 -0.896423
 -0.785423 -1.844813 -2.463851 -1.200938
 -0.867502 -1.609437 -2.525723 -1.203973
 -0.890317 -1.418383 -2.607957 -1.295781
 -1.230672 -1.684339 -2.239334 -0.877533
 -0.690185 -1.908059 -2.824347 -1.235116
 -1.117661 -1.457986 -2.124463 -1.137079
 -1.137834 -1.648657 -1.958809 -1.060873
 -1.562449 -1.410643 -2.239334 -0.821294
 -0.743242 -2.200485 -2.359550 -1.141880
 -1.026158 -1.489730 -2.320075 -1.145959
 -0.897943 -2.091859 -2.784996 -0.897943
 -1.412963 -1.589893 -1.845826 -0.929536
 -0.755361 -1.968382 -2.533694 -1.167605
 -0.987751 -1.841238 -2.086359 -1.064711
 -0.881549 -1.822529 -2.030167 -1.227825
 -1.316866 -1.698233 -2.034704 -0.871555
 -0.579819 -2.200305 -2.950607 -1.284016
 -1.105833 -1.533276 -2.226420 -1.063274
 -0.826680 -1.999395 -2.618428 -1.037989
 -1.220502 -1.891670 -1.959111 -0.884030
 -0.548567 -2.079440 -2.941661 -1.408767
 -0.858023 -2.120260 -2.263360 -1.044125
 -0.645522 -1.841767 -3.020405 -1.315677
 -1.091924 -1.708109 -2.170731 -0.996614
 -0.554678 -2.130213 -2.823358 -1.396245
 -0.685306 -1.953813 -2.205126 -1.410200
 -0.751990 -2.051265 -1.945906 -1.358124
 -1.121602 -1.769286 -2.484904 -0.866419
 -0.535218 -2.364715 -3.137902 -1.283346
 -0.693149 -1.568615 -2.708041 -1.491655
 -0.782762 -2.051265 -1.850597 -1.358124
 -0.906722 -2.228475 -2.516156 -0.897243
 -0.614505 -2.009236 -3.091038 -1.274590
 -0.977536 -1.396245 -2.217220 -1.319284
 -0.969403 -2.114525 -2.268674 -0.924951
 -1.129149 -1.733348 -2.538971 -0.864998
 -0.687953 -1.999398 -3.060266 -1.154852
 -0.849717 -1.749199 -2.529352 -1.143065
 -0.802350 -1.757855 -2.674130 -1.170073
 -1.462834 -1.720663 -2.320282 -0.710847
 -0.771738 -2.257121 -3.068048 -0.950293
 -1.282395 -1.587776 -2.086765 -0.930998
 -0.975382 -1.808285 -2.501422 -0.975382
 -1.473587 -1.752300 -2.064079 -0.753772
 -0.904457 -1.771556 -2.739137 -1.020141
 -1.017388 -1.648658 -2.034318 -1.153963
 -0.814102 -1.971549 -2.759995 -1.037245
 -1.472803 -1.601184 -2.254056 -0.767681
 -0.836791 -1.777773 -2.704531 -1.105680
 -1.079921 -1.355332 -2.235687 -1.218757
 -0.872942 -2.172217 -1.804496 -1.191395
 -1.395079 -1.493925 -2.076529 -0.910477
 -0.689764 -1.735731 -3.489741 -1.232628
 -0.770338 -1.403586 -2.392193 -1.609437
 -0.808218 -2.123888 -2.036878 -1.189585
 -1.465237 -1.586598 -2.000160 -0.846199
 -0.597838 -1.877701 -4.037170 -1.275069
 -0.591366 -1.945908 -2.484902 -1.513046
 -0.719125 -2.747256 -2.970395 -0.922724
 -1.142576 -1.993624 -2.335373 -0.802899
 -0.221916 -2.180171 -2.453463 -15.219154
 -0.360285 -2.476532 -1.521026 -13.989468
 -0.497843 -1.985909 -1.366876 -13.142174
 -0.533063 -1.878770 -1.345472 -14.873302
 -15.622159 -15.622159 -15.622159 -0.000001
 -13.883173 -13.883173 -13.883173 -0.000003
 -14.214290 -14.214290 -14.214290 -0.000002
 -1.386294 -1.386294 -1.386294 -1.386294
 -1.386294 -1.386294 -1.386294 -1.386294
 -1.386294 -1.386294 -1.386294 -1.386294
 -1.386294 -1.386294 -1.386294 -1.386294
 -15.973070 -15.973070 -15.973070 -0.000000
 -1.386294 -1.386294 -1.386294 -1.386294
 -1.386294 -1.386294 -1.386294 -1.386294
 -1.386294 -1.386294 -1.386294 -1.386294
 -15.973070 -15.973070 -15.973070 -0.000000
 -1.386294 -1.386294 -1.386294 -1.386294
 -1.386294 -1.386294 -1.386294 -1.386294
 -1.386294 -1.386294 -1.386294 -1.386294
 -15.973070 -15.973070 -15.973070 -0.000000
 -1.386294 -1.386294 -1.386294 -1.386294
 -1.386294 -1.386294 -1.386294 -1.386294
 -1.386294 -1.386294 -1.386294 -1.386294
 -15.973070 -15.973070 -0.000000 -15.973070
 -1.386294 -1.386294 -1.386294 -1.386294
 -1.386294 -1.386294 -1.386294 -1.386294
 -15.973070 -0.000000 -15.973070 -15.973070
 -1.386294 -1.386294 -1.386294 -1.386294
 -1.386294 -1.386294 -1.386294 -1.386294
 -0.000000 -15.973070 -15.973070 -15.973070
 -1.386294 -1.386294 -1.386294 -1.386294
 -1.386294 -1.386294 -1.386294 -1.386294
 -15.973070 -15.973070 -0.000000 -15.973070
 -1.386294 -1.386294 -1.386294 -1.386294
 -1.386294 -1.386294 -1.386294 -1.386294
 -1.386294 -1.386294 -1.386294 -1.386294
 -1.386294 -1.386294 -1.386294 -1.386294
 -1.386294 -1.386294 -1.386294 -1.386294
 -0.913405 -1.918542 -1.160611 -1.975237
 -1.386294 -1.386294 -1.386294 -1.386294
 -1.113127 -1.806273 -1.806273 -1.070202
 -1.442989 -1.666132 -1.848453 -0.873896
 -1.271386 -1.524581 -1.938556 -1.027408
 -1.609437 -1.149906 -1.696448 -1.203973
 -0.882048 -1.735967 -1.970806 -1.307514
 -1.156432 -1.444114 -1.716047 -1.310583
 -0.800121 -1.836210 -1.669156 -1.595049
 -1.389578 -1.376506 -1.515619 -1.277661
 -1.271933 0.000100 0.000100 0.000100
 -1.772063 0.000100 0.000100 0.000100
 -1.826721 0.000100 0.000100 0.000100
 -0.944720 0.000100 0.000100 0.000100
 -0.949081 -1.785327 -1.998901 -1.172225
 -0.905710 -1.710080 -1.710080 -1.452252
 -1.022902 -1.780584 -2.003726 -1.087440
 -1.815289 -1.681758 -1.438812 -0.882002
 -0.843267 -1.887068 -1.442384 -1.704747
 -1.058608 -1.812377 -1.406914 -1.406914
 -1.031603 -1.670680 -1.670680 -1.319284
 -1.578185 -1.909541 -1.457557 -0.885039
 -0.875470 -1.825660 -1.825660 -1.342809
 -1.076141 -1.992426 -1.586964 -1.145133
 -1.435084 -1.540444 -1.468986 -1.147403
 -1.890849 -1.513556 -1.850027 -0.751417
 -1.043553 -1.850027 -1.572396 -1.262242
 -0.971169 -1.744356 -1.862138 -1.233532
 -0.977536 -1.524078 -1.724747 -1.479626
 -1.720663 -1.609437 -1.355204 -1.012918
 -0.898487 -1.652257 -1.750697 -1.480407
 -1.338892 -1.926676 -1.690289 -0.897061
 -1.198243 -1.575536 -1.709066 -1.170072
 -1.454432 -1.785788 -1.859896 -0.813930
 -0.799166 -2.644986 -1.834061 -1.140915
 -0.957535 -1.704747 -2.397888 -1.068760
 -1.057371 -1.988924 -1.663504 -1.119891
 -1.879727 -1.609437 -1.396876 -0.916292
 -0.813776 -1.951607 -1.912386 -1.320337
 -1.216396 -2.315000 -1.136354 -1.258955
 -0.853922 -1.976060 -1.976060 -1.213924
 -1.284016 -1.746638 -1.609437 -1.053492
 -0.760706 -1.926008 -2.035207 -1.361479
 -0.928715 -1.755390 -1.561235 -1.504077
 -0.990400 -1.820745 -1.518466 -1.395864
 -1.460402 -1.865866 -1.756667 -0.819900
 -0.802347 -1.945909 -1.912007 -1.342914
 -0.899001 -2.056448 -1.815287 -1.196252
 -0.998530 -1.845824 -1.988924 -1.088142
 -1.834061 -2.038854 -1.834061 -0.597301
 -0.973763 -1.940603 -2.100945 -1.031750
 -1.453433 -1.252764 -1.858896 -1.124931
 -1.211942 -1.486377 -1.865865 -1.134981
 -1.533930 -1.821611 -1.680533 -0.829484
 -1.037244 -1.596859 -2.018070 -1.170775
 -1.181134 -1.437066 -1.781905 -1.247825
 -1.509908 -1.318853 -1.458615 -1.276294
 -1.673976 -1.699951 -1.903550 -0.732369
 -1.025491 -1.932209 -1.932209 -1.044909
 -1.073295 -1.543298 -1.817733 -1.265667
 -0.992130 -1.716046 -1.923684 -1.192800
 -2.089390 -1.501605 -1.501605 -0.842360
 -1.059392 -1.875139 -1.514127 -1.272966
 -1.207094 -1.628305 -1.238842 -1.537334
 -1.252764 -1.540444 -1.812377 -1.088461
 -1.704747 -1.920970 -1.376244 -0.869427
 -0.954162 -2.163996 -1.441864 -1.333651
 -1.247458 -2.145395 -1.407800 -1.046788
 -1.038894 -1.609437 -1.823010 -1.256617
 -1.797299 -1.414307 -1.866291 -0.829050
 -0.948040 -1.817076 -2.030649 -1.143349
 -0.921407 -1.640527 -1.751752 -1.449473
 -1.009268 -1.839613 -1.581786 -1.305533
 -1.598855 -1.498772 -1.802454 -0.892637
 -0.727437 -1.885945 -1.780585 -1.626435
 -0.815751 -1.871800 -1.599868 -1.599868
 -1.109663 -1.802807 -1.215023 -1.566420
 -1.241713 -1.727220 -1.582038 -1.115420
 -0.621045 -1.453953 -1.474156 -14.576319
 -0.439369 -2.101910 -1.455287 -13.710155
 -0.650589 -1.449095 -1.412727 -13.955276
 -0.693149 -1.719785 -1.136640 -14.108183
 -14.914124 -14.914124 -14.914124 -0.000001
 -13.928843 -13.928843 -13.928843 -0.000003
 -14.159103 -14.159103 -14.159103 -0.000002
 -1.386294 -1.386294 -1.386294 -1.386294
 -1.386294 -1.386294 -1.386294 -1.386294
 -1.386294 -1.386294 -1.386294 -1.386294
 -1.386294 -1.386294 -1.386294 -1.386294
 -15.525700 -15.525700 -15.525700 -0.000001
 -1.386294 -1.386294 -1.386294 -1.386294
 -1.386294 -1.386294 -1.386294 -1.386294
 -1.386294 -1.386294 -1.386294 -1.386294
 -15.525700 -15.525700 -15.525700 -0.000001
 -1.386294 -1.386294 -1.386294 -1.386294
 -1.386294 -1.386294 -1.386294 -1.386294
 -1.386294 -1.386294 -1.386294 -1.386294
 -15.525700 -15.525700 -15.525700 -0.000001
 -1.386294 -1.386294 -1.386294 -1.386294
 -1.386294 -1.386294 -1.386294 -1.386294
 -1.386294 -1.386294 -1.386294 -1.386294
 -15.525700 -15.525700 -0.000001 -15.525700
 -1.386294 -1.386294 -1.386294 -1.386294
 -1.386294 -1.386294 -1.386294 -1.386294
 -15.525700 -0.000001 -15.525700 -15.525700
 -1.386294 -1.386294 -1.386294 -1.386294
 -1.386294 -1.386294 -1.386294 -1.386294
 -0.000001 -15.525700 -15.525700 -15.525700
 -1.386294 -1.386294 -1.386294 -1.386294
 -1.386294 -1.386294 -1.386294 -1.386294
 -15.525700 -15.525700 -0.000001 -15.525700
 -1.386294 -1.386294 -1.386294 -1.386294
 -1.386294 -1.386294 -1.386294 -1.386294
 -1.386294 -1.386294 -1.386294 -1.386294
 -1.386294 -1.386294 -1.386294 -1.386294
 -1.386294 -1.386294 -1.386294 -1.386294
 -1.052668 -1.761481 -1.815548 -1.150572
 -1.386294 -1.386294 -1.386294 -1.386294
 -0.868242 -1.966852 -2.043813 -1.168346
 -1.088142 -1.663504 -1.663504 -1.258041
 -1.203974 -2.420360 -2.014899 -0.738612
 -1.868948 -1.832580 -1.906688 -0.621492
 -0.629359 -2.122259 -2.227619 -1.429114
 -0.868091 -1.909539 -1.686397 -1.398717
 -1.136354 -1.686397 -1.450010 -1.349927
 -1.422662 -1.650445 -1.800727 -0.911837
