 -1.063927 0.000100 0.000100 0.000100
 -1.852384 0.000100 0.000100 0.000100
 -2.273597 0.000100 0.000100 0.000100
 -0.928621 0.000100 0.000100 0.000100
 -0.782227 -2.056967 -2.567792 -1.084508
 -0.798509 -1.939678 -2.677272 -1.086190
 -0.593519 -2.256060 -2.708040 -1.286665
 -1.510300 -1.779428 -1.904591 -0.773190
 -0.816208 -1.951186 -2.506182 -1.095984
 -0.879560 -2.100058 -2.217840 -1.039190
 -1.043043 -1.518466 -2.256060 -1.127601
 -1.365885 -1.953671 -1.990713 -0.762509
 -0.889262 -2.115706 -1.948653 -1.120774
 -0.899762 -2.014901 -2.302581 -1.021652
 -0.925342 -2.311629 -2.224619 -0.925342
 -1.454562 -1.865476 -1.987366 -0.745243
 -0.780421 -2.238405 -2.160444 -1.139795
 -1.041455 -1.821611 -2.079439 -1.020836
 -0.812813 -1.594512 -2.810898 -1.226788
 -1.535507 -1.752919 -1.858280 -0.786480
 -0.614195 -2.340106 -2.340106 -1.323173
 -0.890974 -1.830979 -2.484901 -1.060873
 -0.774494 -2.287076 -2.143976 -1.138459
 -1.352915 -1.837161 -2.016208 -0.800541
 -0.715180 -2.285777 -2.385860 -1.148250
 -0.812813 -1.671472 -2.587757 -1.226788
 -0.815366 -2.019335 -2.935615 -0.989719
 -1.101387 -1.684185 -2.556671 -0.905272
 -0.615070 -2.352535 -2.569598 -1.245827
 -0.909603 -1.868450 -2.295892 -1.072121
 -0.851373 -2.327270 -2.614948 -0.910214
 -1.217094 -1.837481 -2.216970 -0.830678
 -0.567713 -2.639055 -2.777205 -1.205510
 -0.716679 -1.915371 -2.780361 -1.196251
 -0.682454 -2.134699 -2.335368 -1.274503
 -1.084970 -1.836710 -2.564947 -0.853729
 -0.558573 -2.482819 -2.588180 -1.311888
 -0.516446 -2.294212 -4.085929 -1.252763
 -0.750308 -1.974077 -1.974077 -1.386294
 -0.840654 -1.945909 -2.331571 -1.113001
 -0.596124 -2.247524 -2.940670 -1.235924
 -0.544114 -1.945907 -2.639048 -1.583004
 -0.514902 -1.921809 -3.713527 -1.462280
 -0.792520 -2.052772 -2.289160 -1.147065
 -0.708073 -2.266216 -2.795059 -1.071213
 -0.778671 -1.913647 -2.858100 -1.090450
 -0.608593 -1.916918 -4.219414 -1.223776
 -1.159022 -2.032294 -2.114531 -0.833600
 -0.805943 -2.031709 -2.851148 -1.009381
 -0.932821 -1.913647 -2.858100 -0.912202
 -1.239692 -2.538962 -2.384814 -0.617164
 -1.512174 -1.775759 -2.047692 -0.731509
 -0.976119 -2.016319 -2.775422 -0.849189
 -1.112406 -1.939082 -2.093232 -0.906070
 -1.110042 -2.685565 -1.992426 -0.763767
 -1.317148 -1.959863 -1.993199 -0.787534
 -0.717994 -2.385698 -2.953679 -0.999406
 -0.973450 -1.909541 -2.340321 -0.973450
 -1.020652 -2.144577 -2.070469 -0.925342
 -1.317302 -1.945910 -1.977658 -0.796526
 -0.857258 -2.042301 -2.694624 -0.971861
 -0.836855 -1.708692 -3.052414 -1.082988
 -0.856778 -1.773066 -2.466207 -1.137079
 -1.468738 -1.784590 -2.319513 -0.685979
 -0.748475 -1.877483 -3.158412 -1.104294
 -0.638089 -1.701607 -2.766312 -1.485385
 -0.839103 -1.829497 -2.602678 -1.098614
 -1.173982 -1.637943 -2.501434 -0.880635
 -0.650987 -2.123457 -3.396418 -1.122827
 -0.592267 -2.096341 -2.548324 -1.403196
 -0.606139 -2.110207 -2.397885 -1.417066
 -1.017924 -2.049093 -1.888751 -1.025706
 -0.000001 -15.388286 -15.388286 -15.388286
 -0.000002 -14.046625 -14.046625 -14.046625
 -0.000003 -13.687682 -13.687682 -13.687682
 -0.000001 -14.991085 -14.991085 -14.991085
 -16.137899 -16.137899 -16.137899 -0.000000
 -1.386294 -1.386294 -1.386294 -1.386294
 -1.386294 -1.386294 -1.386294 -1.386294
 -1.386294 -1.386294 -1.386294 -1.386294
 -1.386294 -1.386294 -1.386294 -1.386294
 -1.386294 -1.386294 -1.386294 -1.386294
 -1.386294 -1.386294 -1.386294 -1.386294
 -16.137899 -16.137899 -16.137899 -0.000000
 -1.386294 -1.386294 -1.386294 -1.386294
 -1.386294 -1.386294 -1.386294 -1.386294
 -1.386294 -1.386294 -1.386294 -1.386294
 -16.137899 -16.137899 -16.137899 -0.000000
 -1.386294 -1.386294 -1.386294 -1.386294
 -1.386294 -1.386294 -1.386294 -1.386294
 -1.386294 -1.386294 -1.386294 -1.386294
 -0.000000 -16.137899 -16.137899 -16.137899
 -16.137899 -0.000000 -16.137899 -16.137899
 -1.386294 -1.386294 -1.386294 -1.386294
 -1.386294 -1.386294 -1.386294 -1.386294
 -1.386294 -1.386294 -1.386294 -1.386294
 -1.386294 -1.386294 -1.386294 -1.386294
 -0.000000 -16.137899 -16.137899 -16.137899
 -1.386294 -1.386294 -1.386294 -1.386294
 -1.386294 -1.386294 -1.386294 -1.386294
 -16.137899 -16.137899 -0.000000 -16.137899
 -1.386294 -1.386294 -1.386294 -1.386294
 -1.386294 -1.386294 -1.386294 -1.386294
 -1.386294 -1.386294 -1.386294 -1.386294
 -1.386294 -1.386294 -1.386294 -1.386294
 -1.386294 -1.386294 -1.386294 -1.386294
 -0.901692 -1.723551 -1.336571 -1.877702
 -1.386294 -1.386294 -1.386294 -1.386294
 -1.158332 -1.898731 -1.821173 -0.982441
 -1.272181 -1.540445 -1.871801 -1.045124
 -1.080128 -1.530544 -1.980068 -1.184268
 -1.360977 -1.584120 -1.754018 -1.006806
 -0.914690 -1.772711 -1.717651 -1.386294
 -0.921541 -1.818285 -1.538701 -1.491073
 -0.925770 -1.736699 -1.850027 -1.307704
 -1.632037 -1.437882 -1.486084 -1.076512
 -1.147573 0.000100 0.000100 0.000100
 -1.978870 0.000100 0.000100 0.000100
 -1.819443 0.000100 0.000100 0.000100
 -0.961674 0.000100 0.000100 0.000100
 -0.949081 -1.488077 -2.281305 -1.255455
 -0.705572 -2.197218 -1.686397 -1.561235
 -0.792679 -2.068966 -1.720662 -1.418383
 -1.386294 -1.977657 -1.722766 -0.836936
 -0.982411 -1.855349 -1.984561 -1.103363
 -0.759107 -2.145395 -1.904235 -1.324419
 -1.014353 -1.620487 -2.025949 -1.178656
 -1.636106 -1.914818 -1.636106 -0.769688
 -0.868242 -1.930484 -2.004592 -1.202248
 -1.034075 -1.860750 -1.791757 -1.132515
 -0.966442 -1.477266 -1.956836 -1.386294
 -1.714271 -1.825497 -1.662978 -0.756739
 -1.051360 -1.824548 -1.670398 -1.200395
 -1.108976 -1.530188 -1.741496 -1.278875
 -1.016936 -1.547562 -1.835242 -1.324419
 -1.731416 -1.628762 -1.535671 -0.887988
 -1.029620 -1.945908 -1.540445 -1.252763
 -1.080914 -1.422662 -1.627455 -1.499623
 -1.054938 -2.010446 -1.627455 -1.134981
 -1.741497 -1.530188 -1.530188 -0.937126
 -1.014530 -1.922786 -1.645155 -1.209838
 -0.853491 -2.284230 -1.591088 -1.314836
 -1.193104 -1.759497 -1.859580 -0.997360
 -1.391714 -1.853059 -1.754619 -0.863648
 -0.895565 -1.614687 -2.256538 -1.244941
 -1.053151 -1.681757 -1.969437 -1.122144
 -0.949868 -1.890848 -1.572396 -1.367602
 -1.529016 -1.847469 -1.757857 -0.791418
 -0.808344 -2.084634 -1.895393 -1.273706
 -0.753774 -1.916920 -2.060020 -1.366876
 -0.992130 -1.849576 -1.655422 -1.269761
 -1.376442 -2.089390 -1.644705 -0.842360
 -0.759523 -2.165617 -2.052289 -1.241361
 -0.989415 -2.159478 -1.717649 -1.098614
 -1.088461 -1.876915 -1.540444 -1.217672
 -1.619909 -1.473306 -1.702147 -0.940008
 -0.853921 -1.874279 -1.874279 -1.319284
 -0.921683 -1.699385 -1.893539 -1.313724
 -0.974051 -1.876915 -1.751752 -1.217672
 -1.679171 -1.599128 -2.043813 -0.730092
 -0.835464 -2.100059 -1.982276 -1.183770
 -1.041455 -1.629239 -1.791758 -1.257677
 -1.133705 -1.757856 -2.068008 -0.969402
 -1.692386 -1.614425 -1.902106 -0.760011
 -1.006240 -1.791758 -1.760010 -1.218414
 -0.833921 -1.704747 -2.292529 -1.262916
 -1.008666 -1.609437 -1.552279 -1.498212
 -1.909541 -1.463255 -1.791759 -0.790312
 -1.048182 -1.791758 -1.662547 -1.227230
 -1.040019 -1.662547 -1.662547 -1.319603
 -1.197053 -1.925288 -1.619908 -1.037989
 -1.771956 -1.514127 -1.771956 -0.820981
 -0.978812 -1.773740 -1.773740 -1.255798
 -1.290151 -2.052287 -1.290151 -1.136001
 -0.993253 -1.463255 -1.848916 -1.424035
 -1.511457 -1.762771 -1.533930 -0.936094
 -0.885691 -1.774951 -1.998094 -1.264127
 -0.887305 -1.791758 -2.140062 -1.190986
 -1.041455 -1.945908 -2.214170 -0.928977
 -1.429779 -1.522870 -1.572880 -1.093308
 -0.938821 -1.940970 -1.752919 -1.230731
 -0.892762 -1.562917 -2.014900 -1.395864
 -1.076141 -1.704746 -1.992426 -1.076141
 -1.301030 -1.588711 -1.755765 -1.047581
 -0.664161 -1.707201 -2.273595 -1.604548
 -0.792240 -1.890848 -1.572396 -1.667706
 -0.759107 -1.652922 -1.978342 -1.598855
 -1.272181 -1.566420 -1.908168 -1.014353
 -0.000001 -14.723771 -14.723771 -14.723771
 -0.000003 -13.901692 -13.901692 -13.901692
 -0.000004 -13.629186 -13.629186 -13.629186
 -0.000002 -14.193950 -14.193950 -14.193950
 -15.583661 -15.583661 -15.583661 -0.000001
 -1.386294 -1.386294 -1.386294 -1.386294
 -1.386294 -1.386294 -1.386294 -1.386294
 -1.386294 -1.386294 -1.386294 -1.386294
 -1.386294 -1.386294 -1.386294 -1.386294
 -1.386294 -1.386294 -1.386294 -1.386294
 -1.386294 -1.386294 -1.386294 -1.386294
 -15.583661 -15.583661 -15.583661 -0.000001
 -1.386294 -1.386294 -1.386294 -1.386294
 -1.386294 -1.386294 -1.386294 -1.386294
 -1.386294 -1.386294 -1.386294 -1.386294
 -15.583661 -15.583661 -15.583661 -0.000001
 -1.386294 -1.386294 -1.386294 -1.386294
 -1.386294 -1.386294 -1.386294 -1.386294
 -1.386294 -1.386294 -1.386294 -1.386294
 -0.000001 -15.583661 -15.583661 -15.583661
 -15.583661 -0.000001 -15.583661 -15.583661
 -1.386294 -1.386294 -1.386294 -1.386294
 -1.386294 -1.386294 -1.386294 -1.386294
 -1.386294 -1.386294 -1.386294 -1.386294
 -1.386294 -1.386294 -1.386294 -1.386294
 -0.000001 -15.583661 -15.583661 -15.583661
 -1.386294 -1.386294 -1.386294 -1.386294
 -1.386294 -1.386294 -1.386294 -1.386294
 -15.583661 -15.583661 -0.000001 -15.583661
 -1.386294 -1.386294 -1.386294 -1.386294
 -1.386294 -1.386294 -1.386294 -1.386294
 -1.386294 -1.386294 -1.386294 -1.386294
 -1.386294 -1.386294 -1.386294 -1.386294
 -1.386294 -1.386294 -1.386294 -1.386294
 -0.975157 -2.003871 -1.862460 -1.100320
 -1.386294 -1.386294 -1.386294 -1.386294
 -0.653232 -2.179285 -2.220107 -1.355111
 -1.191395 -1.730388 -1.730388 -1.073612
 -1.014353 -1.945907 -2.112959 -0.984500
 -1.178655 -1.871801 -1.535330 -1.129865
 -0.728239 -1.835819 -2.188639 -1.403686
 -0.851373 -1.462280 -2.327270 -1.410987
 -0.984500 -1.677645 -1.677645 -1.375365
 -1.327296 -1.902659 -1.732760 -0.894433
