 -1.088243 0.000100 0.000100 0.000100
 -1.984427 0.000100 0.000100 0.000100
 -2.073595 0.000100 0.000100 0.000100
 -0.916291 0.000100 0.000100 0.000100
 -0.750875 -2.120908 -2.356221 -1.160447
 -1.021125 -2.019652 -2.056020 -0.969832
 -1.103808 -1.828702 -2.171645 -0.931958
 -1.389557 -1.737863 -2.037968 -0.810523
 -0.721478 -2.142863 -2.242946 -1.236142
 -0.879846 -1.907360 -2.032523 -1.185227
 -0.877719 -2.003728 -2.186049 -1.087440
 -1.412003 -1.987366 -2.038010 -0.715390
 -0.675876 -2.292185 -2.440605 -1.193574
 -1.074162 -1.479626 -2.130212 -1.165133
 -0.884203 -2.270494 -2.506881 -0.910872
 -1.384557 -1.854560 -2.149677 -0.741242
 -0.740734 -2.190363 -2.287212 -1.171794
 -0.786582 -1.647720 -2.653237 -1.266948
 -0.922723 -2.054121 -2.216639 -1.006806
 -1.328187 -1.882975 -1.849823 -0.854159
 -0.736369 -1.962975 -2.270941 -1.281950
 -0.893302 -1.815289 -2.279593 -1.122143
 -0.743579 -2.213751 -2.376269 -1.131949
 -1.389964 -1.871802 -2.313634 -0.696817
 -0.663295 -2.167371 -2.495058 -1.245216
 -0.971861 -1.936940 -2.267181 -0.983837
 -0.942609 -1.704747 -3.245179 -0.942609
 -1.373981 -1.930106 -2.046365 -0.749577
 -0.678084 -2.210806 -2.414901 -1.226139
 -0.772397 -1.913119 -2.639053 -1.142415
 -1.210618 -1.685074 -2.378218 -0.858398
 -1.205696 -1.790039 -2.088084 -0.892480
 -0.665968 -1.936232 -2.596226 -1.318924
 -0.803044 -1.901654 -2.507787 -1.135483
 -0.976510 -1.945908 -2.203736 -0.993902
 -1.143818 -1.831201 -2.169974 -0.898947
 -0.679333 -1.939746 -2.758772 -1.251991
 -0.888542 -1.945909 -2.110211 -1.124930
 -0.868501 -1.871800 -2.323783 -1.112698
 -0.924104 -2.008116 -2.052568 -1.077438
 -0.663038 -2.101517 -2.581089 -1.249131
 -0.497097 -2.012600 -2.671842 -1.666325
 -0.621921 -2.519034 -2.519034 -1.197284
 -1.024653 -1.795917 -2.226699 -1.001795
 -0.601411 -2.210848 -2.734095 -1.282288
 -0.659572 -1.921811 -2.683947 -1.315677
 -0.904907 -1.739702 -2.477296 -1.091008
 -1.062322 -2.160933 -2.417653 -0.798508
 -0.675327 -2.050809 -2.265920 -1.352301
 -0.940650 -1.675760 -2.186584 -1.170666
 -0.974999 -1.845825 -2.171245 -1.047320
 -1.361172 -1.918881 -2.016861 -0.768310
 -0.868663 -2.509598 -2.344084 -0.908194
 -1.107704 -1.613973 -2.262666 -1.003714
 -1.017267 -2.085105 -2.611195 -0.819442
 -1.453646 -1.981001 -2.287374 -0.640897
 -0.788458 -2.259058 -2.534469 -1.016935
 -1.125569 -1.835243 -1.978344 -0.973763
 -0.971861 -1.952688 -2.289158 -0.971861
 -1.555216 -1.806530 -1.861590 -0.756709
 -0.725937 -2.217591 -2.445374 -1.137672
 -1.036093 -1.428654 -2.384162 -1.160390
 -0.973763 -1.770705 -2.751529 -0.945983
 -1.310385 -1.631767 -2.121315 -0.879895
 -0.727728 -1.956701 -2.541958 -1.214162
 -0.797661 -1.525293 -2.390288 -1.425210
 -0.939743 -1.839224 -1.649983 -1.353718
 -1.336067 -1.571105 -2.002546 -0.930602
 -0.610909 -2.125881 -2.627360 -1.325966
 -0.887820 -1.546480 -2.222818 -1.319952
 -0.710641 -2.514229 -2.062247 -1.202048
 -1.458207 -1.530966 -1.630057 -1.035350
 -0.366154 -1.411774 -2.766317 -15.665540
 -0.685180 -1.177656 -1.671313 -14.731803
 -0.384740 -1.725912 -1.956435 -14.462616
 -1.129657 -0.985206 -1.192395 -15.337211
 -15.949677 -15.949677 -0.000000 -15.949677
 -15.290275 -15.290275 -0.000001 -15.290275
 -14.743731 -14.743731 -0.000001 -14.743731
 -1.386294 -1.386294 -1.386294 -1.386294
 -1.386294 -1.386294 -1.386294 -1.386294
 -1.386294 -1.386294 -1.386294 -1.386294
 -16.546627 -16.546627 -16.546627 -0.000000
 -1.386294 -1.386294 -1.386294 -1.386294
 -1.386294 -1.386294 -1.386294 -1.386294
 -1.386294 -1.386294 -1.386294 -1.386294
 -1.386294 -1.386294 -1.386294 -1.386294
 -16.546627 -16.546627 -16.546627 -0.000000
 -1.386294 -1.386294 -1.386294 -1.386294
 -1.386294 -1.386294 -1.386294 -1.386294
 -1.386294 -1.386294 -1.386294 -1.386294
 -16.546627 -16.546627 -16.546627 -0.000000
 -1.386294 -1.386294 -1.386294 -1.386294
 -1.386294 -1.386294 -1.386294 -1.386294
 -1.386294 -1.386294 -1.386294 -1.386294
 -16.546627 -0.000000 -16.546627 -16.546627
 -1.386294 -1.386294 -1.386294 -1.386294
 -0.000000 -16.546627 -16.546627 -16.546627
 -1.386294 -1.386294 -1.386294 -1.386294
 -1.386294 -1.386294 -1.386294 -1.386294
 -16.546627 -16.546627 -0.000000 -16.546627
 -1.386294 -1.386294 -1.386294 -1.386294
 -1.386294 -1.386294 -1.386294 -1.386294
 -1.386294 -1.386294 -1.386294 -1.386294
 -1.386294 -1.386294 -1.386294 -1.386294
 -1.386294 -1.386294 -1.386294 -1.386294
 -0.805408 -1.885247 -1.325019 -1.998747
 -1.386294 -1.386294 -1.386294 -1.386294
 -1.183770 -1.678847 -1.876917 -1.037816
 -1.261384 -1.600890 -2.155200 -0.918440
 -1.113428 -1.522631 -2.040974 -1.128465
 -1.648658 -1.648658 -1.405712 -0.993733
 -1.040344 -1.464857 -1.765442 -1.408767
 -1.007498 -1.527373 -1.468532 -1.673976
 -1.009485 -1.657169 -1.826245 -1.259139
 -1.609438 -1.352026 -1.330973 -1.283506
 -1.203760 0.000100 0.000100 0.000100
 -1.805286 0.000100 0.000100 0.000100
 -1.759651 0.000100 0.000100 0.000100
 -1.012241 0.000100 0.000100 0.000100
 -0.941117 -2.125250 -1.902107 -1.075429
 -1.083168 -1.657255 -1.698928 -1.245011
 -1.290646 -1.643467 -1.587378 -1.117375
 -1.605923 -1.474587 -1.757154 -0.921587
 -0.853870 -1.907361 -1.878373 -1.298555
 -1.084772 -1.532348 -1.500599 -1.500599
 -0.916291 -1.748274 -1.769780 -1.364316
 -1.711155 -1.701105 -1.494091 -0.885741
 -0.919302 -1.868800 -1.868800 -1.229000
 -0.999045 -1.672773 -1.773869 -1.293284
 -1.225097 -1.907069 -1.247825 -1.307014
 -1.727737 -1.671225 -1.727737 -0.783923
 -1.041454 -1.991030 -1.746577 -1.090244
 -0.994763 -1.751088 -2.113992 -1.091094
 -1.349927 -1.078612 -1.668380 -1.550597
 -1.581267 -1.668278 -1.518466 -0.950193
 -1.061612 -1.877360 -1.589679 -1.213628
 -1.076354 -1.285446 -1.868591 -1.477113
 -1.091644 -1.578454 -1.764171 -1.249273
 -1.465043 -1.744357 -1.481993 -1.002420
 -0.920493 -1.836783 -1.634917 -1.396832
 -1.262681 -1.622683 -1.335001 -1.360319
 -1.180291 -1.549198 -1.716251 -1.201797
 -1.540445 -1.665608 -1.483286 -0.994934
 -1.027081 -1.866519 -1.522250 -1.312792
 -1.038595 -1.665990 -1.612880 -1.355835
 -0.875469 -2.010448 -1.435084 -1.554431
 -1.360761 -1.920376 -1.457753 -1.009986
 -0.956642 -1.970696 -1.495638 -1.376922
 -1.030450 -1.723596 -1.656155 -1.295142
 -0.935091 -1.711937 -1.760727 -1.366436
 -1.516599 -1.760576 -1.558710 -0.920826
 -0.919158 -2.056798 -1.656321 -1.264279
 -0.863047 -1.807507 -1.934258 -1.311071
 -1.127323 -1.850028 -1.117661 -1.651177
 -1.526917 -1.922529 -1.577689 -0.843720
 -0.885112 -2.343726 -1.546220 -1.279016
 -1.030501 -2.023751 -1.761388 -1.081145
 -1.185354 -1.969934 -1.175692 -1.401242
 -1.605262 -1.892944 -1.534882 -0.836892
 -0.775212 -2.093683 -2.253313 -1.167605
 -1.250254 -1.655718 -1.709785 -1.073798
 -1.435084 -1.587276 -1.292768 -1.262615
 -1.613352 -1.795673 -1.947865 -0.708896
 -0.915232 -1.866519 -1.937471 -1.201152
 -0.974366 -1.811406 -2.083339 -1.094729
 -1.150109 -1.114177 -1.945909 -1.549495
 -1.583685 -1.888461 -1.769402 -0.748568
 -1.117305 -1.868720 -1.450010 -1.258955
 -1.205135 -1.216831 -1.830840 -1.410987
 -1.077559 -1.527760 -1.721915 -1.332451
 -1.627620 -1.428619 -1.888151 -0.885246
 -0.997871 -1.654204 -1.868351 -1.252763
 -1.196251 -1.815289 -1.131112 -1.550182
 -1.249273 -1.685699 -1.190084 -1.497109
 -1.805886 -1.485218 -1.617486 -0.889596
 -1.082390 -1.741635 -1.453953 -1.376992
 -1.010782 -1.982641 -1.515619 -1.277661
 -1.045124 -1.540445 -1.579665 -1.478313
 -1.600891 -1.725345 -1.509457 -0.918439
 -0.949255 -1.424679 -1.692273 -1.669801
 -1.032502 -1.638637 -1.516747 -1.468738
 -1.539479 -1.766006 -1.595049 -0.887718
 -1.390633 -1.560854 -1.613776 -1.072970
 -0.880981 -1.495656 -1.910599 -1.543975
 -0.931795 -1.579132 -1.579132 -1.640690
 -1.165082 -1.262456 -2.002122 -1.308976
 -1.663750 -1.250563 -1.553749 -1.162270
 -0.379187 -1.859063 -1.834061 -15.438852
 -0.552608 -1.734601 -1.393996 -15.179049
 -0.407286 -2.005852 -1.609437 -14.827113
 -0.812856 -1.635413 -1.017387 -15.176488
 -16.043373 -16.043373 -0.000000 -16.043373
 -14.774862 -14.774862 -0.000001 -14.774862
 -15.134597 -15.134597 -0.000001 -15.134597
 -1.386294 -1.386294 -1.386294 -1.386294
 -1.386294 -1.386294 -1.386294 -1.386294
 -1.386294 -1.386294 -1.386294 -1.386294
 -16.564703 -16.564703 -16.564703 -0.000000
 -1.386294 -1.386294 -1.386294 -1.386294
 -1.386294 -1.386294 -1.386294 -1.386294
 -1.386294 -1.386294 -1.386294 -1.386294
 -1.386294 -1.386294 -1.386294 -1.386294
 -16.564703 -16.564703 -16.564703 -0.000000
 -1.386294 -1.386294 -1.386294 -1.386294
 -1.386294 -1.386294 -1.386294 -1.386294
 -1.386294 -1.386294 -1.386294 -1.386294
 -16.564703 -16.564703 -16.564703 -0.000000
 -1.386294 -1.386294 -1.386294 -1.386294
 -1.386294 -1.386294 -1.386294 -1.386294
 -1.386294 -1.386294 -1.386294 -1.386294
 -16.564703 -0.000000 -16.564703 -16.564703
 -1.386294 -1.386294 -1.386294 -1.386294
 -0.000000 -16.564703 -16.564703 -16.564703
 -1.386294 -1.386294 -1.386294 -1.386294
 -1.386294 -1.386294 -1.386294 -1.386294
 -16.564703 -16.564703 -0.000000 -16.564703
 -1.386294 -1.386294 -1.386294 -1.386294
 -1.386294 -1.386294 -1.386294 -1.386294
 -1.386294 -1.386294 -1.386294 -1.386294
 -1.386294 -1.386294 -1.386294 -1.386294
 -1.386294 -1.386294 -1.386294 -1.386294
 -0.959101 -1.598620 -1.869565 -1.345549
 -1.386294 -1.386294 -1.386294 -1.386294
 -0.789460 -2.220873 -1.713130 -1.358309
 -1.046212 -2.118155 -1.399033 -1.267106
 -1.295142 -1.325914 -1.771224 -1.236302
 -1.589972 -1.760317 -1.678079 -0.827030
 -0.842922 -1.999977 -1.845826 -1.286211
 -0.914184 -1.754487 -1.706859 -1.407617
 -1.225097 -1.494225 -1.282916 -1.586598
 -1.392423 -1.892378 -1.505096 -0.970698
