 -1.015102 0.000100 0.000100 0.000100
 -1.844752 0.000100 0.000100 0.000100
 -2.190793 0.000100 0.000100 0.000100
 -1.000374 0.000100 0.000100 0.000100
 -0.789645 -2.058882 -2.524244 -1.083885
 -0.929991 -1.732335 -2.100058 -1.183771
 -1.006806 -1.699950 -2.447159 -1.006806
 -1.504077 -1.809458 -1.984662 -0.741061
 -0.648027 -2.046154 -2.692779 -1.272966
 -0.875470 -1.568615 -2.571912 -1.208614
 -0.764975 -2.535670 -1.907068 -1.181134
 -1.364316 -1.791759 -2.275185 -0.744441
 -0.679689 -2.126606 -2.445059 -1.247358
 -0.814509 -1.945908 -2.862191 -1.029620
 -0.831735 -1.877699 -1.957741 -1.307157
 -1.317302 -2.128230 -2.079440 -0.717245
 -0.709234 -2.191918 -2.463851 -1.167415
 -0.977985 -1.543298 -2.364273 -1.151257
 -1.142098 -1.835242 -2.346063 -0.854417
 -1.431011 -1.648075 -2.254210 -0.768827
 -0.655733 -2.070681 -2.499676 -1.299283
 -0.971861 -2.001478 -2.432258 -0.919676
 -1.011602 -1.912384 -2.174746 -0.980831
 -1.497020 -1.707585 -2.282948 -0.707413
 -0.765468 -1.889397 -2.705144 -1.149294
 -0.934310 -1.683545 -2.862191 -1.009818
 -0.882391 -1.900956 -2.386459 -1.064712
 -1.288203 -1.840271 -2.299802 -0.765329
 -0.722135 -2.302583 -2.302583 -1.157453
 -0.971861 -1.596014 -2.358150 -1.126012
 -0.883503 -1.832578 -3.218848 -0.950194
 -1.323859 -1.800198 -2.006534 -0.834311
 -0.585517 -2.013483 -2.772585 -1.397723
 -0.664161 -1.968214 -2.833204 -1.249094
 -0.916292 -1.771955 -2.525720 -1.049823
 -0.944462 -1.707676 -2.121237 -1.171372
 -0.000001 -15.294841 -15.294841 -15.294841
 -0.000002 -14.187077 -14.187077 -14.187077
 -0.000004 -13.579793 -13.579793 -13.579793
 -0.000001 -14.797590 -14.797590 -14.797590
 -0.741615 -1.900710 -2.676300 -1.186210
 -1.386294 -1.386294 -1.386294 -1.386294
 -1.386294 -1.386294 -1.386294 -1.386294
 -1.386294 -1.386294 -1.386294 -1.386294
 -0.800265 -2.104585 -2.355899 -1.096358
 -1.022452 -1.638636 -2.631882 -0.983231
 -0.980831 -2.079435 -2.367113 -0.900789
 -1.160338 -1.887773 -2.093625 -0.886801
 -0.773651 -1.959818 -2.365282 -1.191164
 -1.054161 -2.049586 -1.938361 -0.970780
 -1.066865 -1.760009 -2.335368 -0.949082
 -1.395079 -2.124157 -1.867438 -0.737865
 -0.815486 -2.243743 -2.754567 -0.947063
 -0.978167 -1.737270 -2.525722 -0.999673
 -1.218572 -1.911716 -2.442340 -0.755950
 -1.301137 -2.172531 -2.197223 -0.687608
 -0.773190 -2.228475 -2.605768 -1.030235
 -1.134015 -1.911716 -1.749198 -1.031361
 -0.960464 -2.197218 -2.091859 -0.960464
 -1.340886 -1.953271 -2.207052 -0.720411
 -0.779879 -2.287316 -2.648328 -0.996334
 -1.017924 -1.560247 -2.476532 -1.065552
 -0.857452 -1.650680 -4.595024 -0.984203
 -1.640936 -2.108276 -1.933072 -0.616091
 -0.639592 -2.267604 -3.168386 -1.118221
 -0.759840 -1.775758 -2.422380 -1.293921
 -0.810932 -2.420360 -2.708038 -0.916292
 -1.465518 -1.881678 -2.271142 -0.666479
 -0.835166 -2.183237 -2.927675 -0.916291
 -1.148623 -1.516347 -2.039593 -1.098613
 -1.018571 -1.878767 -2.079436 -1.018571
 -1.558144 -1.951186 -2.302583 -0.602634
 -14.910786 -14.910786 -14.910786 -0.000001
 -14.093145 -14.093145 -14.093145 -0.000002
 -13.617064 -13.617064 -13.617064 -0.000004
 -15.243427 -15.243427 -15.243427 -0.000001
 -1.386294 -1.386294 -1.386294 -1.386294
 -1.386294 -1.386294 -1.386294 -1.386294
 -1.386294 -1.386294 -1.386294 -1.386294
 -16.045525 -16.045525 -0.000000 -16.045525
 -1.386294 -1.386294 -1.386294 -1.386294
 -1.386294 -1.386294 -1.386294 -1.386294
 -16.045525 -16.045525 -16.045525 -0.000000
 -1.386294 -1.386294 -1.386294 -1.386294
 -1.386294 -1.386294 -1.386294 -1.386294
 -1.386294 -1.386294 -1.386294 -1.386294
 -1.386294 -1.386294 -1.386294 -1.386294
 -16.045525 -16.045525 -16.045525 -0.000000
 -1.386294 -1.386294 -1.386294 -1.386294
 -1.386294 -1.386294 -1.386294 -1.386294
 -1.386294 -1.386294 -1.386294 -1.386294
 -16.045525 -16.045525 -16.045525 -0.000000
 -1.386294 -1.386294 -1.386294 -1.386294
 -1.386294 -1.386294 -1.386294 -1.386294
 -1.386294 -1.386294 -1.386294 -1.386294
 -16.045525 -0.000000 -16.045525 -16.045525
 -1.386294 -1.386294 -1.386294 -1.386294
 -0.000000 -16.045525 -16.045525 -16.045525
 -1.386294 -1.386294 -1.386294 -1.386294
 -1.386294 -1.386294 -1.386294 -1.386294
 -16.045525 -16.045525 -0.000000 -16.045525
 -1.386294 -1.386294 -1.386294 -1.386294
 -1.386294 -1.386294 -1.386294 -1.386294
 -1.386294 -1.386294 -1.386294 -1.386294
 -1.386294 -1.386294 -1.386294 -1.386294
 -1.386294 -1.386294 -1.386294 -1.386294
 -0.913606 -1.952382 -1.240473 -1.785328
 -1.386294 -1.386294 -1.386294 -1.386294
 -0.944845 -1.844040 -1.778443 -1.258139
 -1.076140 -2.174748 -1.791758 -0.970780
 -1.094902 -1.788048 -2.262505 -0.931273
 -1.791758 -1.360977 -1.336284 -1.158036
 -0.903304 -1.894943 -1.612711 -1.406097
 -1.043553 -1.634916 -1.457986 -1.513556
 -0.976510 -1.741115 -1.992428 -1.165752
 -1.395988 -1.505686 -1.357766 -1.297142
 -1.295910 0.000100 0.000100 0.000100
 -2.026797 0.000100 0.000100 0.000100
 -1.701375 0.000100 0.000100 0.000100
 -0.886339 0.000100 0.000100 0.000100
 -0.928715 -2.448529 -1.686397 -1.098614
 -0.619045 -2.564926 -1.717647 -1.584118
 -0.993254 -1.909537 -1.686396 -1.216396
 -1.508184 -1.859580 -2.239067 -0.660888
 -0.733971 -2.302579 -2.207270 -1.171184
 -1.213024 -1.413693 -2.001471 -1.126014
 -0.973452 -1.727217 -1.727217 -1.321756
 -2.097137 -2.171245 -2.171245 -0.432135
 -0.888893 -1.727219 -1.860750 -1.364316
 -0.744445 -2.302570 -1.897113 -1.290985
 -0.838334 -1.531475 -1.819152 -1.665004
 -1.492516 -1.276294 -2.662580 -0.852480
 -0.951560 -2.130209 -1.619387 -1.213924
 -0.791590 -1.325670 -2.212965 -1.760985
 -1.475905 -1.252764 -1.358124 -1.475905
 -1.428854 -1.999395 -1.673975 -0.826680
 -0.857452 -1.822529 -2.030167 -1.262916
 -1.243194 -1.871797 -1.118032 -1.466336
 -0.897944 -1.909537 -1.349927 -1.686396
 -1.178656 -2.025949 -1.945907 -0.873275
 -0.822683 -2.107876 -1.728388 -1.340624
 -1.011604 -1.992422 -2.174741 -0.950979
 -1.478101 -1.963604 -2.097134 -0.675759
 -1.532897 -1.838277 -1.838277 -0.763767
 -1.057371 -1.335001 -1.558144 -1.720662
 -0.940987 -1.767657 -1.767657 -1.315677
 -0.762144 -1.860747 -1.504076 -1.860747
 -1.218572 -1.486835 -1.800491 -1.161414
 -0.712567 -1.936338 -1.754017 -1.648657
 -0.878553 -1.466336 -1.871798 -1.609436
 -0.889860 -1.540444 -1.722764 -1.627454
 -1.043806 -1.266948 -2.183231 -1.372308
 -0.000002 -14.046625 -14.046625 -14.046625
 -0.000005 -13.337481 -13.337481 -13.337481
 -0.000006 -13.038990 -13.038990 -13.038990
 -0.000005 -13.337481 -13.337481 -13.337481
 -0.919675 -2.224622 -1.929158 -1.055631
 -1.386294 -1.386294 -1.386294 -1.386294
 -1.386294 -1.386294 -1.386294 -1.386294
 -1.386294 -1.386294 -1.386294 -1.386294
 -0.643552 -2.205731 -2.285773 -1.336698
 -0.757692 -1.856290 -2.367103 -1.268513
 -1.276294 -1.681755 -1.276294 -1.363305
 -1.267434 -2.149818 -1.926676 -0.784583
 -0.878866 -2.062631 -2.205731 -1.057114
 -1.335002 -2.251277 -1.691672 -0.804377
 -1.172722 -0.904460 -1.945903 -1.945903
 -1.589234 -1.812377 -1.540444 -0.871397
 -0.966442 -2.442339 -1.882728 -0.966442
 -0.732372 -2.005327 -2.005327 -1.386294
 -1.770702 -1.904232 -1.285199 -0.905712
 -1.157454 -2.169049 -2.169049 -0.782761
 -0.901550 -1.524078 -2.130209 -1.357024
 -1.041457 -1.223777 -1.734596 -1.734596
 -0.832913 -1.749196 -1.749196 -1.526055
 -1.749198 -1.911716 -2.036879 -0.601799
 -0.869040 -2.134699 -2.047689 -1.098613
 -0.952011 -1.740463 -2.251282 -1.098614
 -1.005525 -1.767657 -1.767657 -1.228667
 -1.518466 -2.014900 -2.089007 -0.646629
 -0.643878 -2.110209 -1.822529 -1.650680
 -0.793235 -2.128221 -1.540443 -1.540443
 -1.152682 -1.440361 -2.944399 -0.929540
 -1.429969 -1.584119 -2.054121 -0.850152
 -0.925342 -1.490654 -2.406939 -1.243795
 -1.272967 -1.514127 -1.514127 -1.272967
 -1.098615 -1.435084 -1.791755 -1.339775
 -1.642226 -1.824547 -1.824547 -0.725939
 -13.710155 -13.710155 -13.710155 -0.000003
 -13.321220 -13.321220 -13.321220 -0.000005
 -12.971550 -12.971550 -12.971550 -0.000007
 -13.835317 -13.835317 -13.835317 -0.000003
 -1.386294 -1.386294 -1.386294 -1.386294
 -1.386294 -1.386294 -1.386294 -1.386294
 -1.386294 -1.386294 -1.386294 -1.386294
 -14.900702 -14.900702 -0.000001 -14.900702
 -1.386294 -1.386294 -1.386294 -1.386294
 -1.386294 -1.386294 -1.386294 -1.386294
 -14.900702 -14.900702 -14.900702 -0.000001
 -1.386294 -1.386294 -1.386294 -1.386294
 -1.386294 -1.386294 -1.386294 -1.386294
 -1.386294 -1.386294 -1.386294 -1.386294
 -1.386294 -1.386294 -1.386294 -1.386294
 -14.900702 -14.900702 -14.900702 -0.000001
 -1.386294 -1.386294 -1.386294 -1.386294
 -1.386294 -1.386294 -1.386294 -1.386294
 -1.386294 -1.386294 -1.386294 -1.386294
 -14.900702 -14.900702 -14.900702 -0.000001
 -1.386294 -1.386294 -1.386294 -1.386294
 -1.386294 -1.386294 -1.386294 -1.386294
 -1.386294 -1.386294 -1.386294 -1.386294
 -14.900702 -0.000001 -14.900702 -14.900702
 -1.386294 -1.386294 -1.386294 -1.386294
 -0.000001 -14.900702 -14.900702 -14.900702
 -1.386294 -1.386294 -1.386294 -1.386294
 -1.386294 -1.386294 -1.386294 -1.386294
 -14.900702 -14.900702 -0.000001 -14.900702
 -1.386294 -1.386294 -1.386294 -1.386294
 -1.386294 -1.386294 -1.386294 -1.386294
 -1.386294 -1.386294 -1.386294 -1.386294
 -1.386294 -1.386294 -1.386294 -1.386294
 -1.386294 -1.386294 -1.386294 -1.386294
 -0.919675 -1.861717 -2.052772 -1.147065
 -1.386294 -1.386294 -1.386294 -1.386294
 -0.858663 -2.131624 -2.062631 -1.107124
 -0.570550 -1.882726 -3.828550 -1.343735
 -1.239692 -2.251277 -1.691672 -0.865002
 -1.365241 -1.904235 -1.652922 -0.905710
 -1.071945 -2.144577 -1.936939 -0.925342
 -0.890977 -2.564926 -1.360977 -1.360977
 -0.823204 -1.767657 -1.921806 -1.410987
 -1.188225 -2.014900 -1.252763 -1.286665
