 -0.956431 0.000100 0.000100 0.000100
 -1.765121 0.000100 0.000100 0.000100
 -2.350227 0.000100 0.000100 0.000100
 -1.052040 0.000100 0.000100 0.000100
 -0.659346 -2.136336 -2.394909 -1.296298
 -0.978595 -1.765267 -2.364887 -1.024265
 -0.742541 -2.020943 -1.976492 -1.374318
 -1.497520 -1.565988 -2.367122 -0.747215
 -0.648114 -2.155036 -2.619924 -1.243887
 -0.886280 -1.660919 -2.230012 -1.236763
 -1.019026 -1.834061 -2.239524 -0.986765
 -1.392767 -1.642228 -2.210211 -0.802099
 -0.633386 -2.290922 -2.350641 -1.299283
 -1.052911 -1.500487 -2.295414 -1.116762
 -0.871840 -1.887068 -2.272729 -1.116962
 -1.432814 -1.571217 -2.146580 -0.828536
 -0.706570 -1.971417 -2.387577 -1.288966
 -0.921587 -1.641641 -2.281676 -1.183066
 -1.014353 -1.540445 -2.259565 -1.143564
 -1.373049 -1.762200 -2.162822 -0.776529
 -0.631814 -2.043934 -2.490948 -1.362484
 -0.845010 -1.889133 -2.377484 -1.119447
 -0.768546 -1.721649 -2.354169 -1.337238
 -1.261034 -1.793408 -2.145848 -0.836375
 -0.533361 -2.470010 -2.768503 -1.324146
 -1.018278 -1.529103 -2.276315 -1.141338
 -0.741350 -2.044754 -2.737896 -1.110447
 -1.178220 -1.877033 -2.179982 -0.853112
 -0.553885 -2.244291 -2.602689 -1.405637
 -0.779762 -1.770160 -3.236488 -1.102989
 -0.769841 -1.708108 -2.364884 -1.340385
 -1.059723 -1.981001 -2.285490 -0.882389
 -0.463480 -2.272732 -3.026502 -1.516886
 -0.770284 -1.796135 -2.794659 -1.171042
 -0.572196 -1.850598 -3.332187 -1.415282
 -1.139663 -1.679476 -2.433246 -0.901772
 -0.505908 -2.336133 -2.701246 -1.455775
 -0.634192 -1.954039 -2.944433 -1.289881
 -0.595293 -2.033768 -2.881056 -1.340624
 -0.962624 -1.823762 -2.619562 -0.957482
 -0.515212 -2.126482 -2.847537 -1.489954
 -0.538998 -1.941290 -2.736216 -1.568616
 -0.774642 -2.105871 -2.547700 -1.081371
 -1.076677 -1.889087 -2.377933 -0.878700
 -0.605391 -2.059507 -2.863878 -1.310909
 -0.654599 -1.696052 -2.948809 -1.408370
 -0.872197 -2.164960 -2.239067 -1.019832
 -1.308736 -1.875842 -2.493002 -0.705318
 -0.655968 -2.163701 -2.742734 -1.198098
 -1.123305 -1.362197 -2.327275 -1.135884
 -1.178656 -1.871800 -2.816253 -0.736824
 -1.362684 -1.830025 -2.198932 -0.749303
 -0.721614 -2.098830 -3.021161 -1.070934
 -1.152680 -1.409109 -2.447999 -1.040202
 -0.983100 -1.658227 -2.910981 -0.965082
 -1.573235 -1.699386 -2.566485 -0.629185
 -0.639866 -2.324379 -2.875554 -1.144422
 -1.133099 -1.467468 -2.160613 -1.102008
 -0.844380 -1.791758 -2.538966 -1.125281
 -1.467710 -1.491807 -2.343178 -0.801714
 -0.469369 -2.456734 -3.078421 -1.415282
 -1.063744 -1.546917 -2.558516 -1.009185
 -0.468646 -2.425478 -2.351371 -1.658227
 -1.359143 -1.520263 -2.139301 -0.899611
 -0.317469 -2.330568 -3.690190 -1.898435
 -0.768371 -1.415708 -2.484904 -1.559958
 -0.415938 -2.404859 -2.484901 -1.791758
 -1.075664 -1.491655 -1.742969 -1.351203
 -0.000000 -16.085573 -16.085573 -16.085573
 -0.000001 -14.845131 -14.845131 -14.845131
 -0.000002 -14.234223 -14.234223 -14.234223
 -0.000001 -15.042224 -15.042224 -15.042224
 -0.000000 -16.672556 -16.672556 -16.672556
 -1.386294 -1.386294 -1.386294 -1.386294
 -1.386294 -1.386294 -1.386294 -1.386294
 -1.386294 -1.386294 -1.386294 -1.386294
 -0.000000 -16.672556 -16.672556 -16.672556
 -1.386294 -1.386294 -1.386294 -1.386294
 -1.386294 -1.386294 -1.386294 -1.386294
 -1.386294 -1.386294 -1.386294 -1.386294
 -16.672556 -16.672556 -16.672556 -0.000000
 -1.386294 -1.386294 -1.386294 -1.386294
 -1.386294 -1.386294 -1.386294 -1.386294
 -1.386294 -1.386294 -1.386294 -1.386294
 -1.386294 -1.386294 -1.386294 -1.386294
 -1.386294 -1.386294 -1.386294 -1.386294
 -1.386294 -1.386294 -1.386294 -1.386294
 -16.672556 -16.672556 -16.672556 -0.000000
 -1.386294 -1.386294 -1.386294 -1.386294
 -1.386294 -1.386294 -1.386294 -1.386294
 -1.386294 -1.386294 -1.386294 -1.386294
 -1.465763 -0.619532 -1.465763 -16.672556
 -15.206794 -0.000001 -15.206794 -15.206794
 -16.053024 -0.000000 -16.053024 -16.053024
 -15.206794 -0.000001 -15.206794 -15.206794
 -1.386294 -1.386294 -1.386294 -1.386294
 -1.386294 -1.386294 -1.386294 -1.386294
 -0.000000 -16.672556 -16.672556 -16.672556
 -1.386294 -1.386294 -1.386294 -1.386294
 -1.386294 -1.386294 -1.386294 -1.386294
 -16.672556 -16.672556 -0.000000 -16.672556
 -1.386294 -1.386294 -1.386294 -1.386294
 -1.386294 -1.386294 -1.386294 -1.386294
 -1.386294 -1.386294 -1.386294 -1.386294
 -1.386294 -1.386294 -1.386294 -1.386294
 -1.386294 -1.386294 -1.386294 -1.386294
 -0.765181 -1.867504 -1.346323 -2.119880
 -1.386294 -1.386294 -1.386294 -1.386294
 -1.159700 -1.762560 -2.101914 -0.934983
 -1.187992 -1.624419 -2.039362 -0.999592
 -1.078940 -1.649984 -2.108558 -1.059646
 -1.581134 -1.628762 -1.535671 -0.960308
 -0.931414 -1.615082 -2.015841 -1.294915
 -0.940008 -1.856297 -1.725269 -1.290984
 -0.966685 -1.429969 -1.928959 -1.447988
 -1.720933 -1.189803 -1.623295 -1.140773
 -1.128619 0.000100 0.000100 0.000100
 -1.906170 0.000100 0.000100 0.000100
 -1.706016 0.000100 0.000100 0.000100
 -1.060497 0.000100 0.000100 0.000100
 -0.738549 -1.837160 -2.097886 -1.426246
 -1.145133 -1.409284 -1.769286 -1.320337
 -1.151131 -1.180984 -1.904901 -1.478818
 -1.381428 -1.796649 -1.712092 -0.910212
 -0.868663 -2.027172 -1.938619 -1.187844
 -0.635990 -1.945909 -1.888751 -1.734600
 -1.004794 -1.495914 -1.545924 -1.625967
 -1.859134 -1.617972 -1.661775 -0.785064
 -1.016374 -1.835562 -1.540445 -1.330724
 -1.118918 -1.509115 -1.796796 -1.250254
 -0.946597 -1.806796 -1.692386 -1.333013
 -1.707499 -1.527706 -1.738270 -0.853729
 -0.807474 -2.060236 -1.699223 -1.411541
 -1.130506 -1.364120 -1.669502 -1.455928
 -1.094158 -1.300772 -1.673976 -1.583004
 -1.572880 -1.498772 -1.625524 -0.987947
 -0.868241 -2.004593 -1.679171 -1.350667
 -0.859469 -2.016920 -1.621608 -1.402555
 -1.042199 -1.499623 -1.748084 -1.386294
 -1.597242 -1.835653 -1.743846 -0.769618
 -0.641126 -2.383435 -1.846635 -1.499235
 -1.087974 -1.797120 -1.620190 -1.205757
 -0.784778 -1.883389 -2.121799 -1.302360
 -1.673976 -1.764948 -1.718428 -0.772285
 -0.738818 -1.748084 -1.993919 -1.550916
 -0.978812 -1.773740 -1.704747 -1.299283
 -1.063166 -1.771350 -1.297566 -1.554286
 -1.669565 -1.712737 -1.837900 -0.750462
 -0.669280 -2.175717 -2.219202 -1.325386
 -1.015231 -1.836210 -1.362427 -1.504077
 -0.796332 -1.985914 -1.884132 -1.347828
 -1.649216 -1.991501 -1.822879 -0.673837
 -0.547966 -2.320602 -2.233591 -1.530082
 -0.765788 -2.223029 -1.965201 -1.249584
 -0.731300 -2.235373 -1.898903 -1.339288
 -1.640528 -1.860387 -1.694595 -0.761776
 -0.673266 -2.318779 -1.947919 -1.390318
 -1.127186 -2.183235 -1.521839 -1.064008
 -0.859133 -1.734600 -1.734600 -1.498212
 -1.690149 -1.749868 -1.863812 -0.720250
 -0.718407 -2.118752 -1.978170 -1.370546
 -1.246533 -1.609437 -1.897118 -1.014732
 -0.984345 -1.396876 -1.781287 -1.558144
 -1.531158 -1.948457 -1.862935 -0.721537
 -0.939336 -2.182937 -1.417966 -1.369647
 -1.077559 -1.710081 -1.770705 -1.175999
 -0.977092 -1.626435 -1.655422 -1.444114
 -1.759854 -1.663228 -1.637252 -0.812178
 -0.897191 -1.869050 -1.833959 -1.279282
 -1.268512 -1.473306 -1.543923 -1.287204
 -1.589235 -1.589235 -1.694595 -0.896089
 -1.745950 -1.407348 -1.673976 -0.933363
 -0.830718 -2.076310 -1.893989 -1.243403
 -1.234489 -1.783595 -1.419631 -1.206709
 -0.932628 -1.463255 -1.848917 -1.525131
 -1.741207 -1.647178 -1.893013 -0.730888
 -0.682278 -2.239070 -1.683125 -1.598568
 -0.876427 -2.046496 -1.786985 -1.247990
 -0.786480 -1.874279 -1.376442 -1.976062
 -1.704748 -1.819158 -1.520177 -0.827030
 -0.537042 -1.955084 -1.819538 -2.190398
 -0.711725 -1.659762 -1.482832 -2.385696
 -0.573081 -1.804181 -1.581038 -2.720468
 -1.223776 -1.803593 -0.961412 -1.839961
 -0.000001 -15.561227 -15.561227 -15.561227
 -0.000002 -14.452089 -14.452089 -14.452089
 -0.000001 -14.873302 -14.873302 -14.873302
 -0.000002 -14.108183 -14.108183 -14.108183
 -0.000000 -16.286995 -16.286995 -16.286995
 -1.386294 -1.386294 -1.386294 -1.386294
 -1.386294 -1.386294 -1.386294 -1.386294
 -1.386294 -1.386294 -1.386294 -1.386294
 -0.000000 -16.286995 -16.286995 -16.286995
 -1.386294 -1.386294 -1.386294 -1.386294
 -1.386294 -1.386294 -1.386294 -1.386294
 -1.386294 -1.386294 -1.386294 -1.386294
 -16.286995 -16.286995 -16.286995 -0.000000
 -1.386294 -1.386294 -1.386294 -1.386294
 -1.386294 -1.386294 -1.386294 -1.386294
 -1.386294 -1.386294 -1.386294 -1.386294
 -1.386294 -1.386294 -1.386294 -1.386294
 -1.386294 -1.386294 -1.386294 -1.386294
 -1.386294 -1.386294 -1.386294 -1.386294
 -16.286995 -16.286995 -16.286995 -0.000000
 -1.386294 -1.386294 -1.386294 -1.386294
 -1.386294 -1.386294 -1.386294 -1.386294
 -1.386294 -1.386294 -1.386294 -1.386294
 -1.118229 -0.917559 -1.295910 -16.286995
 -15.168766 -0.000001 -15.168766 -15.168766
 -15.369436 -0.000001 -15.369436 -15.369436
 -14.991085 -0.000001 -14.991085 -14.991085
 -1.386294 -1.386294 -1.386294 -1.386294
 -1.386294 -1.386294 -1.386294 -1.386294
 -0.000000 -16.286995 -16.286995 -16.286995
 -1.386294 -1.386294 -1.386294 -1.386294
 -1.386294 -1.386294 -1.386294 -1.386294
 -16.286995 -16.286995 -0.000000 -16.286995
 -1.386294 -1.386294 -1.386294 -1.386294
 -1.386294 -1.386294 -1.386294 -1.386294
 -1.386294 -1.386294 -1.386294 -1.386294
 -1.386294 -1.386294 -1.386294 -1.386294
 -1.386294 -1.386294 -1.386294 -1.386294
 -0.850117 -1.889268 -2.240371 -1.155075
 -1.386294 -1.386294 -1.386294 -1.386294
 -0.563577 -2.465335 -2.376388 -1.374506
 -0.967879 -1.632037 -1.929288 -1.275363
 -0.865991 -1.745238 -2.128228 -1.252763
 -0.739795 -2.425069 -2.208005 -1.125788
 -0.715543 -1.656526 -2.170331 -1.579234
 -0.812813 -1.671472 -1.845825 -1.558144
 -0.834462 -1.969438 -1.681758 -1.425825
 -1.806797 -1.862886 -1.788778 -0.666637
