 -1.023482 0.000100 0.000100 0.000100
 -1.812737 0.000100 0.000100 0.000100
 -2.344242 0.000100 0.000100 0.000100
 -0.963561 0.000100 0.000100 0.000100
 -0.717342 -2.211266 -2.411936 -1.162354
 -1.010506 -1.403994 -2.293849 -1.239691
 -1.184268 -1.530544 -2.700607 -0.890508
 -1.542323 -1.499398 -2.386700 -0.753069
 -0.728979 -1.875951 -2.569097 -1.245543
 -1.035040 -1.213023 -2.465783 -1.337320
 -1.147403 -1.339774 -2.438381 -1.098613
 -1.517398 -1.655868 -2.509787 -0.676277
 -0.809892 -1.769148 -2.564947 -1.178655
 -0.961142 -1.493606 -2.155980 -1.283041
 -1.143870 -1.469291 -2.162434 -1.089803
 -1.479290 -1.540445 -2.075587 -0.838329
 -0.646056 -2.124464 -2.296314 -1.363495
 -1.060480 -1.567909 -2.090097 -1.134588
 -0.734534 -1.563225 -2.289158 -1.563225
 -1.317165 -1.703726 -2.149310 -0.835777
 -0.589607 -2.105225 -2.844180 -1.326312
 -0.878865 -1.592630 -2.205733 -1.304949
 -0.809320 -1.609437 -2.558513 -1.282225
 -1.180851 -1.728043 -2.230671 -0.896746
 -0.495154 -2.504708 -2.833211 -1.386294
 -0.715421 -1.814031 -3.345498 -1.162271
 -0.753773 -2.071070 -2.214170 -1.223776
 -1.060619 -1.864991 -2.529149 -0.869564
 -0.450541 -2.710943 -2.801914 -1.445836
 -0.766352 -1.877700 -2.650886 -1.165507
 -0.715128 -2.123888 -2.575868 -1.154494
 -1.130725 -2.181545 -2.627832 -0.709075
 -0.630199 -2.611199 -2.848870 -1.090174
 -0.864999 -2.057133 -2.405437 -1.019149
 -0.819029 -1.893539 -2.453150 -1.131403
 -1.455596 -2.309084 -3.304509 -0.460974
 -15.576812 -15.576812 -15.576812 -0.000001
 -14.070156 -14.070156 -14.070156 -0.000002
 -13.567055 -13.567055 -13.567055 -0.000004
 -15.620516 -15.620516 -15.620516 -0.000001
 -1.386294 -1.386294 -1.386294 -1.386294
 -1.386294 -1.386294 -1.386294 -1.386294
 -1.386294 -1.386294 -1.386294 -1.386294
 -1.211397 -1.804003 -2.550734 -0.777494
 -0.707676 -2.079441 -2.939639 -1.110705
 -1.134015 -1.248425 -2.260023 -1.248425
 -0.930149 -1.858132 -2.494116 -1.002470
 -1.460642 -1.515828 -2.593386 -0.747561
 -0.779580 -1.995974 -2.787560 -1.067262
 -1.098613 -1.213682 -2.442344 -1.263692
 -1.267434 -1.690289 -2.555279 -0.784583
 -1.689328 -1.508658 -2.297114 -0.706027
 -0.697724 -2.111926 -2.863340 -1.126392
 -1.071025 -1.249273 -2.564946 -1.225175
 -1.198243 -2.114529 -2.450999 -0.710541
 -1.649736 -1.586367 -2.297212 -0.687776
 -0.789331 -2.032524 -3.035823 -1.002905
 -1.117807 -1.190128 -2.314055 -1.309474
 -0.989719 -1.549333 -2.424796 -1.116471
 -1.597081 -1.481249 -2.029214 -0.823892
 -0.733970 -1.982112 -3.218871 -1.072295
 -0.940556 -1.616310 -2.498697 -1.112406
 -0.970780 -1.887068 -2.580210 -0.931559
 -1.339601 -1.816930 -2.327754 -0.738121
 -0.734614 -2.153697 -3.763129 -0.964839
 -0.724753 -1.889739 -2.708045 -1.211408
 -1.023812 -2.332138 -2.555279 -0.763530
 -1.263692 -2.079441 -2.529357 -0.668101
 -0.858880 -2.503254 -3.218872 -0.788458
 -0.631504 -2.208850 -2.755389 -1.221466
 -0.968252 -2.577677 -2.289999 -0.814102
 -1.490722 -3.169682 -2.892051 -0.389625
 -15.402703 -15.402703 -15.402703 -0.000001
 -13.764221 -13.764221 -13.764221 -0.000003
 -13.514411 -13.514411 -13.514411 -0.000004
 -15.815639 -15.815639 -15.815639 -0.000000
 -1.386294 -1.386294 -1.386294 -1.386294
 -1.386294 -1.386294 -1.386294 -1.386294
 -1.386294 -1.386294 -1.386294 -1.386294
 -16.452423 -16.452423 -16.452423 -0.000000
 -1.386294 -1.386294 -1.386294 -1.386294
 -1.386294 -1.386294 -1.386294 -1.386294
 -1.386294 -1.386294 -1.386294 -1.386294
 -16.452423 -16.452423 -16.452423 -0.000000
 -1.386294 -1.386294 -1.386294 -1.386294
 -1.386294 -1.386294 -1.386294 -1.386294
 -1.386294 -1.386294 -1.386294 -1.386294
 -16.452423 -16.452423 -16.452423 -0.000000
 -1.386294 -1.386294 -1.386294 -1.386294
 -1.386294 -1.386294 -1.386294 -1.386294
 -1.386294 -1.386294 -1.386294 -1.386294
 -16.452423 -0.000000 -16.452423 -16.452423
 -1.386294 -1.386294 -1.386294 -1.386294
 -16.452423 -0.000000 -16.452423 -16.452423
 -1.386294 -1.386294 -1.386294 -1.386294
 -1.386294 -1.386294 -1.386294 -1.386294
 -1.386294 -1.386294 -1.386294 -1.386294
 -0.000000 -16.452423 -16.452423 -16.452423
 -1.386294 -1.386294 -1.386294 -1.386294
 -1.386294 -1.386294 -1.386294 -1.386294
 -16.452423 -16.452423 -0.000000 -16.452423
 -1.386294 -1.386294 -1.386294 -1.386294
 -1.386294 -1.386294 -1.386294 -1.386294
 -1.386294 -1.386294 -1.386294 -1.386294
 -1.386294 -1.386294 -1.386294 -1.386294
 -1.386294 -1.386294 -1.386294 -1.386294
 -0.769736 -1.799665 -1.339449 -2.211644
 -1.386294 -1.386294 -1.386294 -1.386294
 -0.954894 -2.209666 -2.195679 -0.931083
 -1.138353 -1.635755 -2.223540 -0.976510
 -1.211286 -1.668527 -2.010812 -0.968160
 -1.596450 -1.596450 -1.419520 -1.041455
 -0.829460 -1.649090 -2.130393 -1.375553
 -1.126784 -1.404987 -1.591088 -1.483458
 -0.919028 -1.520606 -2.570424 -1.184135
 -1.677096 -1.251829 -1.600135 -1.123212
 -1.203973 0.000100 0.000100 0.000100
 -1.836827 0.000100 0.000100 0.000100
 -2.089662 0.000100 0.000100 0.000100
 -0.874791 0.000100 0.000100 0.000100
 -0.733500 -2.085105 -2.040653 -1.326002
 -1.046788 -1.770704 -1.835242 -1.142098
 -1.154966 -1.346021 -1.651400 -1.457246
 -2.173125 -1.410987 -1.921811 -0.701311
 -0.955512 -1.994403 -1.834061 -1.140915
 -1.206826 -1.235814 -1.817733 -1.394878
 -1.181501 -1.341843 -1.644122 -1.432814
 -1.686398 -1.386294 -2.117180 -0.810931
 -0.913302 -1.750697 -1.982498 -1.246793
 -1.113651 -1.286922 -1.719785 -1.530544
 -0.681976 -2.090736 -1.716046 -1.655422
 -1.897119 -1.469676 -1.687399 -0.832410
 -0.869039 -1.729238 -1.824548 -1.419084
 -0.751743 -2.173123 -1.676689 -1.479980
 -0.891600 -1.560647 -1.832579 -1.514127
 -1.643148 -1.391834 -1.797299 -0.935818
 -0.925770 -1.773066 -1.464766 -1.595386
 -1.013817 -1.431551 -1.954796 -1.360092
 -1.129385 -1.650680 -1.704747 -1.193923
 -1.816150 -1.474401 -1.615480 -0.892481
 -0.726300 -1.956838 -2.219201 -1.323116
 -0.762142 -1.696448 -1.954276 -1.568615
 -0.841569 -1.809149 -1.709066 -1.495493
 -1.768502 -1.839960 -1.877700 -0.658463
 -0.684259 -2.153548 -2.367121 -1.252763
 -0.905710 -2.346063 -1.978342 -1.016936
 -0.996831 -1.865865 -1.945907 -1.098614
 -1.770705 -2.058386 -2.292000 -0.509055
 -1.222842 -2.421534 -2.033770 -0.721586
 -1.141173 -1.504077 -2.079436 -1.098614
 -1.466336 -1.871798 -2.094939 -0.708654
 -2.010726 -2.218365 -2.144257 -0.446027
 -14.100693 -14.100693 -14.100693 -0.000002
 -13.473026 -13.473026 -13.473026 -0.000004
 -13.500805 -13.500805 -13.500805 -0.000004
 -14.956545 -14.956545 -14.956545 -0.000001
 -1.386294 -1.386294 -1.386294 -1.386294
 -1.386294 -1.386294 -1.386294 -1.386294
 -1.386294 -1.386294 -1.386294 -1.386294
 -1.805411 -1.815774 -2.062634 -0.605571
 -1.019364 -1.630271 -2.089800 -1.140725
 -1.163152 -1.386294 -1.619908 -1.428854
 -0.950194 -1.544899 -1.678429 -1.544899
 -1.862528 -1.663677 -2.248189 -0.598403
 -1.057791 -2.025372 -1.925289 -0.980830
 -1.149906 -1.232144 -2.302580 -1.232144
 -1.037245 -1.661396 -2.172217 -1.073612
 -1.771718 -1.335001 -1.983027 -0.845950
 -0.985058 -1.927099 -2.018070 -1.055263
 -1.208961 -1.286922 -1.853316 -1.314321
 -1.152681 -1.558144 -1.691674 -1.239692
 -1.596014 -1.596014 -1.906169 -0.807558
 -0.965082 -1.658227 -1.945908 -1.252763
 -0.924591 -1.361803 -2.087737 -1.499953
 -1.310583 -1.353142 -1.716046 -1.230541
 -1.773066 -1.229452 -1.693024 -1.039099
 -1.004360 -1.851656 -1.780198 -1.177203
 -1.008229 -1.563225 -1.665007 -1.441864
 -1.046788 -1.770704 -1.652922 -1.247458
 -1.838278 -1.409284 -1.874646 -0.813776
 -0.933289 -1.849578 -2.348567 -1.038649
 -0.754842 -2.364273 -1.584119 -1.466337
 -0.753774 -1.406097 -2.227072 -1.734599
 -1.434049 -2.266955 -1.861492 -0.687980
 -0.856473 -2.344546 -2.093233 -1.032363
 -0.819901 -2.639045 -1.791757 -1.134981
 -0.972734 -1.410987 -2.327270 -1.271226
 -1.659448 -2.378568 -2.378568 -0.470981
 -14.508659 -14.508659 -14.508659 -0.000002
 -13.400002 -13.400002 -13.400002 -0.000005
 -13.429854 -13.429854 -13.429854 -0.000004
 -14.755520 -14.755520 -14.755520 -0.000001
 -1.386294 -1.386294 -1.386294 -1.386294
 -1.386294 -1.386294 -1.386294 -1.386294
 -1.386294 -1.386294 -1.386294 -1.386294
 -15.590464 -15.590464 -15.590464 -0.000001
 -1.386294 -1.386294 -1.386294 -1.386294
 -1.386294 -1.386294 -1.386294 -1.386294
 -1.386294 -1.386294 -1.386294 -1.386294
 -15.590464 -15.590464 -15.590464 -0.000001
 -1.386294 -1.386294 -1.386294 -1.386294
 -1.386294 -1.386294 -1.386294 -1.386294
 -1.386294 -1.386294 -1.386294 -1.386294
 -15.590464 -15.590464 -15.590464 -0.000001
 -1.386294 -1.386294 -1.386294 -1.386294
 -1.386294 -1.386294 -1.386294 -1.386294
 -1.386294 -1.386294 -1.386294 -1.386294
 -15.590464 -0.000001 -15.590464 -15.590464
 -1.386294 -1.386294 -1.386294 -1.386294
 -15.590464 -0.000001 -15.590464 -15.590464
 -1.386294 -1.386294 -1.386294 -1.386294
 -1.386294 -1.386294 -1.386294 -1.386294
 -1.386294 -1.386294 -1.386294 -1.386294
 -0.000001 -15.590464 -15.590464 -15.590464
 -1.386294 -1.386294 -1.386294 -1.386294
 -1.386294 -1.386294 -1.386294 -1.386294
 -15.590464 -15.590464 -0.000001 -15.590464
 -1.386294 -1.386294 -1.386294 -1.386294
 -1.386294 -1.386294 -1.386294 -1.386294
 -1.386294 -1.386294 -1.386294 -1.386294
 -1.386294 -1.386294 -1.386294 -1.386294
 -1.386294 -1.386294 -1.386294 -1.386294
 -0.811778 -1.795155 -2.146015 -1.298718
 -1.386294 -1.386294 -1.386294 -1.386294
 -0.700811 -2.349466 -2.236138 -1.198897
 -1.289131 -1.876915 -2.020015 -0.823769
 -1.098614 -1.669155 -3.135467 -0.832912
 -1.823306 -1.903349 -1.823306 -0.638754
 -0.742910 -2.929974 -1.690289 -1.250339
 -0.942610 -1.945906 -1.571216 -1.348073
 -0.722137 -2.302577 -1.850597 -1.358124
 -1.706859 -1.884540 -1.706859 -0.723129
