 -0.956156 0.000100 0.000100 0.000100
 -1.970381 0.000100 0.000100 0.000100
 -2.203691 0.000100 0.000100 0.000100
 -1.005576 0.000100 0.000100 0.000100
 -0.703685 -2.275695 -2.478635 -1.143636
 -0.890613 -1.719303 -2.380699 -1.145959
 -0.876931 -1.701104 -2.435069 -1.158781
 -1.618287 -1.827637 -2.166852 -0.641634
 -0.654266 -2.289454 -2.429216 -1.235295
 -0.977092 -1.655422 -2.409191 -1.070910
 -0.916292 -1.696448 -2.302580 -1.149906
 -1.491882 -1.861629 -1.958255 -0.737042
 -0.708448 -2.039053 -2.444517 -1.235558
 -1.038649 -1.626435 -2.409191 -1.022901
 -0.859539 -1.924247 -2.147389 -1.158781
 -1.620249 -1.735318 -2.250216 -0.653100
 -0.693148 -2.026331 -2.828675 -1.174120
 -0.805868 -1.454562 -2.980611 -1.312912
 -1.158205 -2.023199 -2.310879 -0.788459
 -1.435084 -1.773297 -2.351374 -0.699378
 -0.678077 -2.144413 -2.578048 -1.206144
 -0.990780 -1.501605 -2.669205 -1.088760
 -0.829724 -1.835242 -2.346063 -1.176000
 -1.276810 -1.649485 -2.397894 -0.825499
 -0.691088 -2.073274 -2.520586 -1.228322
 -1.015231 -1.548529 -2.154663 -1.173836
 -0.654683 -2.060020 -2.322381 -1.366876
 -1.411211 -1.467830 -1.868452 -0.990571
 -0.517795 -2.113342 -2.915687 -1.473306
 -0.679665 -2.030865 -2.453720 -1.287289
 -0.651763 -1.911303 -2.470915 -1.400479
 -0.923857 -1.723772 -2.054625 -1.215768
 -0.000001 -15.656061 -15.656061 -15.656061
 -0.000002 -14.397729 -14.397729 -14.397729
 -0.000003 -13.892475 -13.892475 -13.892475
 -0.000001 -14.991085 -14.991085 -14.991085
 -0.689126 -2.479281 -2.488943 -1.105080
 -1.386294 -1.386294 -1.386294 -1.386294
 -1.386294 -1.386294 -1.386294 -1.386294
 -1.386294 -1.386294 -1.386294 -1.386294
 -15.644888 -15.644888 -15.644888 -0.000000
 -13.854735 -13.854735 -13.854735 -0.000003
 -13.845074 -13.845074 -13.845074 -0.000003
 -15.228934 -15.228934 -15.228934 -0.000001
 -1.386294 -1.386294 -1.386294 -1.386294
 -1.386294 -1.386294 -1.386294 -1.386294
 -1.386294 -1.386294 -1.386294 -1.386294
 -1.196747 -2.182030 -2.548961 -0.679542
 -0.659068 -2.238045 -2.748869 -1.164752
 -1.029620 -1.645805 -2.376688 -1.029620
 -0.813513 -2.009758 -2.782939 -1.019364
 -1.681957 -1.900836 -2.269743 -0.577664
 -0.659081 -2.567425 -3.005679 -1.031602
 -0.828323 -1.693319 -2.594100 -1.188764
 -0.730889 -2.197220 -2.602681 -1.098613
 -1.627620 -1.684239 -2.144580 -0.691347
 -0.675369 -2.293655 -2.733021 -1.123585
 -1.054650 -1.468211 -2.348567 -1.121341
 -0.999879 -1.890848 -2.360848 -0.949868
 -1.582409 -1.703770 -2.498698 -0.634251
 -0.681666 -2.459818 -2.636748 -1.087131
 -1.098613 -1.444358 -2.875097 -0.982541
 -0.800780 -2.100057 -3.198652 -0.947383
 -1.755530 -1.580728 -2.218814 -0.668218
 -0.599365 -2.121062 -3.548172 -1.196804
 -0.848958 -1.589732 -2.470088 -1.260254
 -0.693149 -1.734599 -2.545523 -1.406097
 -1.468258 -1.701873 -2.266765 -0.726321
 -0.637133 -1.996553 -3.050711 -1.244566
 -0.829484 -1.556920 -2.273595 -1.386294
 -0.598839 -2.719088 -2.208269 -1.291984
 -1.189584 -1.536106 -2.070783 -1.037477
 -0.000001 -15.494475 -15.494475 -15.494475
 -0.000001 -14.576319 -14.576319 -14.576319
 -0.000003 -13.928843 -13.928843 -13.928843
 -0.000001 -15.147878 -15.147878 -15.147878
 -0.000000 -16.334013 -16.334013 -16.334013
 -1.386294 -1.386294 -1.386294 -1.386294
 -1.386294 -1.386294 -1.386294 -1.386294
 -1.386294 -1.386294 -1.386294 -1.386294
 -16.334013 -16.334013 -16.334013 -0.000000
 -1.386294 -1.386294 -1.386294 -1.386294
 -1.386294 -1.386294 -1.386294 -1.386294
 -1.386294 -1.386294 -1.386294 -1.386294
 -1.386294 -1.386294 -1.386294 -1.386294
 -1.386294 -1.386294 -1.386294 -1.386294
 -1.386294 -1.386294 -1.386294 -1.386294
 -16.334013 -16.334013 -16.334013 -0.000000
 -1.386294 -1.386294 -1.386294 -1.386294
 -1.386294 -1.386294 -1.386294 -1.386294
 -1.386294 -1.386294 -1.386294 -1.386294
 -16.334013 -16.334013 -16.334013 -0.000000
 -1.386294 -1.386294 -1.386294 -1.386294
 -1.386294 -1.386294 -1.386294 -1.386294
 -1.386294 -1.386294 -1.386294 -1.386294
 -16.334013 -0.000000 -16.334013 -16.334013
 -1.386294 -1.386294 -1.386294 -1.386294
 -0.000000 -16.334013 -16.334013 -16.334013
 -1.386294 -1.386294 -1.386294 -1.386294
 -1.386294 -1.386294 -1.386294 -1.386294
 -16.334013 -16.334013 -0.000000 -16.334013
 -1.386294 -1.386294 -1.386294 -1.386294
 -1.386294 -1.386294 -1.386294 -1.386294
 -1.386294 -1.386294 -1.386294 -1.386294
 -1.386294 -1.386294 -1.386294 -1.386294
 -1.386294 -1.386294 -1.386294 -1.386294
 -0.783314 -1.753035 -1.496052 -1.925176
 -1.386294 -1.386294 -1.386294 -1.386294
 -1.103917 -1.863022 -1.897708 -1.012483
 -1.165946 -1.844276 -1.681758 -1.066573
 -1.095022 -1.500487 -2.226422 -1.095022
 -1.831200 -1.509617 -1.369856 -1.008843
 -0.941813 -1.742590 -1.943260 -1.231765
 -1.017197 -1.604983 -1.945909 -1.221992
 -1.128918 -1.474663 -1.936008 -1.192431
 -1.630152 -1.248218 -1.595863 -1.157246
 -1.020962 0.000100 0.000100 0.000100
 -1.945909 0.000100 0.000100 0.000100
 -2.191031 0.000100 0.000100 0.000100
 -0.954270 0.000100 0.000100 0.000100
 -0.728240 -2.268679 -2.114529 -1.227230
 -1.631414 -1.631414 -1.631414 -0.884206
 -1.504076 -1.637606 -1.280935 -1.185626
 -1.729238 -1.562184 -2.623049 -0.615591
 -0.792679 -1.988924 -1.845824 -1.375823
 -0.897944 -2.602672 -2.197215 -0.897944
 -0.793235 -2.128221 -2.128221 -1.172722
 -1.739702 -1.879463 -2.041981 -0.612519
 -0.801629 -2.370237 -1.964776 -1.146469
 -0.847302 -2.128221 -3.044482 -0.904460
 -1.458614 -1.563974 -1.458614 -1.122145
 -2.094943 -1.571697 -2.094943 -0.604856
 -0.858229 -2.036878 -1.956836 -1.189585
 -0.987389 -1.852379 -2.322376 -0.987389
 -1.053153 -1.681755 -1.815285 -1.196252
 -1.616817 -1.734600 -1.868131 -0.753773
 -0.867502 -1.966110 -1.771955 -1.309334
 -1.648656 -1.871797 -1.871797 -0.693151
 -0.995431 -1.430746 -1.631414 -1.631414
 -1.729238 -1.488077 -1.824548 -0.831299
 -0.955513 -1.945907 -1.738269 -1.215023
 -1.220503 -1.066353 -1.808285 -1.625965
 -0.730891 -2.043067 -2.602672 -1.155772
 -1.618095 -1.575536 -1.457753 -1.015922
 -0.635991 -2.060020 -2.060020 -1.533930
 -0.878553 -2.228469 -1.341174 -1.535329
 -0.546548 -1.963604 -1.963604 -1.963604
 -1.252764 -1.326871 -1.540444 -1.449473
 -0.000002 -14.166170 -14.166170 -14.166170
 -0.000006 -13.199332 -13.199332 -13.199332
 -0.000005 -13.287885 -13.287885 -13.287885
 -0.000004 -13.415039 -13.415039 -13.415039
 -0.876712 -2.730026 -1.924403 -0.987060
 -1.386294 -1.386294 -1.386294 -1.386294
 -1.386294 -1.386294 -1.386294 -1.386294
 -1.386294 -1.386294 -1.386294 -1.386294
 -14.108183 -14.108183 -14.108183 -0.000002
 -12.254882 -12.254882 -12.254882 -0.000014
 -13.060496 -13.060496 -13.060496 -0.000006
 -13.997835 -13.997835 -13.997835 -0.000002
 -1.386294 -1.386294 -1.386294 -1.386294
 -1.386294 -1.386294 -1.386294 -1.386294
 -1.386294 -1.386294 -1.386294 -1.386294
 -1.731500 -2.036881 -2.248189 -0.532805
 -1.209839 -1.963604 -1.845823 -0.907560
 -1.435084 -1.339775 -1.791755 -1.098615
 -1.223777 -1.916914 -1.223777 -1.329137
 -1.983649 -1.658227 -2.150702 -0.587788
 -0.885041 -1.945905 -2.197217 -1.098614
 -1.261132 -1.386294 -2.148427 -1.049824
 -1.673974 -1.306252 -1.386294 -1.232145
 -1.583292 -1.616082 -2.309226 -0.699793
 -0.953106 -2.339391 -1.853888 -1.017645
 -0.738960 -1.565634 -2.818379 -1.371479
 -1.516346 -1.005525 -1.634128 -1.516346
 -1.784153 -1.186318 -2.310243 -0.849847
 -0.890317 -1.988924 -1.609437 -1.375823
 -1.011603 -1.510591 -1.571216 -1.571216
 -0.998532 -1.845821 -1.440361 -1.440361
 -1.583004 -1.722765 -1.722765 -0.826680
 -0.655409 -1.811176 -2.246490 -1.553348
 -0.934312 -1.722764 -1.722764 -1.386294
 -0.757689 -1.760985 -1.450832 -2.079435
 -1.252764 -1.945907 -1.589234 -1.001450
 -0.467025 -2.125248 -2.189786 -1.953399
 -0.693151 -1.871797 -2.005327 -1.553347
 -0.414438 -1.945905 -2.079434 -2.639039
 -1.491654 -1.437587 -1.817075 -0.980831
 -0.000002 -14.316288 -14.316288 -14.316288
 -0.000006 -13.142174 -13.142174 -13.142174
 -0.000007 -12.948019 -12.948019 -12.948019
 -0.000005 -13.369229 -13.369229 -13.369229
 -0.000001 -14.984893 -14.984893 -14.984893
 -1.386294 -1.386294 -1.386294 -1.386294
 -1.386294 -1.386294 -1.386294 -1.386294
 -1.386294 -1.386294 -1.386294 -1.386294
 -14.984893 -14.984893 -14.984893 -0.000001
 -1.386294 -1.386294 -1.386294 -1.386294
 -1.386294 -1.386294 -1.386294 -1.386294
 -1.386294 -1.386294 -1.386294 -1.386294
 -1.386294 -1.386294 -1.386294 -1.386294
 -1.386294 -1.386294 -1.386294 -1.386294
 -1.386294 -1.386294 -1.386294 -1.386294
 -14.984893 -14.984893 -14.984893 -0.000001
 -1.386294 -1.386294 -1.386294 -1.386294
 -1.386294 -1.386294 -1.386294 -1.386294
 -1.386294 -1.386294 -1.386294 -1.386294
 -14.984893 -14.984893 -14.984893 -0.000001
 -1.386294 -1.386294 -1.386294 -1.386294
 -1.386294 -1.386294 -1.386294 -1.386294
 -1.386294 -1.386294 -1.386294 -1.386294
 -14.984893 -0.000001 -14.984893 -14.984893
 -1.386294 -1.386294 -1.386294 -1.386294
 -0.000001 -14.984893 -14.984893 -14.984893
 -1.386294 -1.386294 -1.386294 -1.386294
 -1.386294 -1.386294 -1.386294 -1.386294
 -14.984893 -14.984893 -0.000001 -14.984893
 -1.386294 -1.386294 -1.386294 -1.386294
 -1.386294 -1.386294 -1.386294 -1.386294
 -1.386294 -1.386294 -1.386294 -1.386294
 -1.386294 -1.386294 -1.386294 -1.386294
 -1.386294 -1.386294 -1.386294 -1.386294
 -0.744114 -1.785567 -2.219202 -1.392525
 -1.386294 -1.386294 -1.386294 -1.386294
 -0.699706 -2.465483 -1.985913 -1.269238
 -0.853493 -1.686396 -1.791756 -1.504076
 -1.157455 -1.763583 -1.945902 -0.990402
 -1.337504 -1.548812 -2.302577 -0.855668
 -0.700812 -2.236136 -1.930756 -1.378690
 -0.693151 -1.526055 -2.730004 -1.526055
 -0.988614 -1.458614 -2.374890 -1.196252
 -1.406097 -1.916920 -1.533930 -0.936095
