 -1.079744 0.000100 0.000100 0.000100
 -1.902425 0.000100 0.000100 0.000100
 -2.266217 0.000100 0.000100 0.000100
 -0.897942 0.000100 0.000100 0.000100
 -0.836968 -2.107878 -2.337452 -1.052943
 -0.871224 -1.729883 -2.058385 -1.285199
 -0.823769 -1.945907 -2.100057 -1.217672
 -1.348073 -1.763588 -2.021417 -0.829280
 -0.732017 -1.880638 -2.397893 -1.288588
 -0.721319 -1.974079 -2.484901 -1.232144
 -1.080914 -1.673975 -2.153545 -1.029621
 -1.319603 -1.677815 -2.138629 -0.848257
 -0.652874 -2.403388 -2.316377 -1.236458
 -0.828490 -1.843718 -2.423533 -1.150573
 -0.746072 -1.935651 -2.495261 -1.207416
 -1.364985 -1.656690 -1.813533 -0.939639
 -0.633130 -1.990713 -2.464496 -1.396657
 -1.006020 -1.565635 -2.499938 -1.069199
 -1.020652 -2.144577 -2.311629 -0.859384
 -1.265666 -1.914361 -2.246494 -0.766270
 -0.771886 -2.141371 -2.482297 -1.088223
 -0.990400 -2.051268 -2.543741 -0.864106
 -1.145133 -1.704746 -2.174746 -0.950978
 -1.278542 -1.899117 -1.899117 -0.862382
 -0.758067 -2.169052 -2.302583 -1.148403
 -0.799371 -2.151759 -2.374901 -1.075624
 -1.108369 -1.995668 -1.926676 -0.945851
 -1.394593 -1.767268 -2.133202 -0.770439
 -0.777535 -2.157558 -2.588340 -1.050648
 -0.832147 -1.879463 -2.477296 -1.113998
 -0.940390 -1.658227 -2.456728 -1.098613
 -1.351108 -1.816865 -2.368041 -0.723919
 -0.877180 -1.948762 -2.277266 -1.081663
 -1.150285 -2.044100 -1.990033 -0.874032
 -1.086191 -2.079437 -2.772574 -0.744443
 -1.416067 -1.883874 -2.430417 -0.659068
 -14.940441 -1.095371 -1.778855 -0.699663
 -14.115618 -1.167606 -1.769779 -0.656781
 -13.742944 -1.354546 -1.893539 -0.525269
 -15.224056 -1.226224 -1.536378 -0.710411
 -1.386294 -1.386294 -1.386294 -1.386294
 -0.000001 -14.876768 -14.876768 -14.876768
 -0.000002 -14.386493 -14.386493 -14.386493
 -0.000001 -15.382042 -15.382042 -15.382042
 -0.578308 -2.481736 -2.631676 -1.260198
 -1.386294 -1.386294 -1.386294 -1.386294
 -1.386294 -1.386294 -1.386294 -1.386294
 -1.386294 -1.386294 -1.386294 -1.386294
 -0.821839 -2.098489 -2.401675 -1.057941
 -0.968252 -1.425009 -2.289999 -1.278406
 -0.887305 -2.022278 -2.140059 -1.084015
 -1.447852 -1.980068 -2.094478 -0.685713
 -0.825872 -1.957273 -3.036079 -0.986495
 -0.975715 -2.034318 -2.034318 -1.017388
 -1.019364 -2.089800 -2.965257 -0.768050
 -1.215023 -2.047005 -2.400644 -0.726670
 -0.832045 -2.135751 -2.671268 -0.974128
 -1.435084 -1.791758 -1.578185 -0.944463
 -1.057792 -2.197217 -2.890352 -0.721321
 -1.187444 -2.184801 -2.040220 -0.792968
 -0.858540 -2.079440 -2.797277 -0.940984
 -0.873733 -1.854558 -2.442340 -1.081371
 -0.902240 -2.265538 -2.178528 -0.974561
 -1.337023 -1.718734 -2.089593 -0.833920
 -0.687178 -2.173553 -2.977923 -1.101611
 -0.959777 -1.857716 -2.058385 -1.098613
 -0.749661 -3.817667 -2.313628 -0.899943
 -1.255405 -1.912184 -2.411174 -0.739040
 -0.821712 -1.951286 -2.830533 -1.023739
 -0.659813 -2.468093 -2.824764 -1.081806
 -0.955513 -1.791757 -2.159478 -1.098614
 -1.211090 -2.346069 -2.100947 -0.725583
 -15.115704 -15.115704 -15.115704 -0.000001
 -13.928843 -13.928843 -13.928843 -0.000003
 -13.641162 -13.641162 -13.641162 -0.000004
 -15.155762 -15.155762 -15.155762 -0.000001
 -1.386294 -1.386294 -1.386294 -1.386294
 -1.386294 -1.386294 -1.386294 -1.386294
 -1.386294 -1.386294 -1.386294 -1.386294
 -0.000000 -16.061525 -16.061525 -16.061525
 -16.061525 -16.061525 -16.061525 -0.000000
 -1.386294 -1.386294 -1.386294 -1.386294
 -1.386294 -1.386294 -1.386294 -1.386294
 -1.386294 -1.386294 -1.386294 -1.386294
 -1.386294 -1.386294 -1.386294 -1.386294
 -1.386294 -1.386294 -1.386294 -1.386294
 -1.386294 -1.386294 -1.386294 -1.386294
 -16.061525 -16.061525 -16.061525 -0.000000
 -1.386294 -1.386294 -1.386294 -1.386294
 -1.386294 -1.386294 -1.386294 -1.386294
 -1.386294 -1.386294 -1.386294 -1.386294
 -16.061525 -16.061525 -16.061525 -0.000000
 -1.386294 -1.386294 -1.386294 -1.386294
 -1.386294 -1.386294 -1.386294 -1.386294
 -1.386294 -1.386294 -1.386294 -1.386294
 -16.061525 -0.000000 -16.061525 -16.061525
 -1.386294 -1.386294 -1.386294 -1.386294
 -0.000000 -16.061525 -16.061525 -16.061525
 -1.386294 -1.386294 -1.386294 -1.386294
 -1.386294 -1.386294 -1.386294 -1.386294
 -16.061525 -16.061525 -0.000000 -16.061525
 -1.386294 -1.386294 -1.386294 -1.386294
 -1.386294 -1.386294 -1.386294 -1.386294
 -1.386294 -1.386294 -1.386294 -1.386294
 -1.386294 -1.386294 -1.386294 -1.386294
 -1.386294 -1.386294 -1.386294 -1.386294
 -0.810930 -2.006997 -1.391599 -1.757435
 -1.386294 -1.386294 -1.386294 -1.386294
 -0.934310 -1.979811 -2.089010 -1.063521
 -1.625310 -1.410200 -1.625310 -1.015547
 -1.142098 -1.698385 -2.092288 -0.982249
 -1.797912 -1.761545 -1.332550 -0.919364
 -0.931822 -1.651402 -1.784933 -1.400088
 -1.225027 -1.290984 -1.856297 -1.290984
 -1.132746 -1.671741 -1.636650 -1.219757
 -1.729767 -1.186682 -1.446192 -1.265931
 -1.083575 0.000100 0.000100 0.000100
 -1.920970 0.000100 0.000100 0.000100
 -2.030169 0.000100 0.000100 0.000100
 -0.957534 0.000100 0.000100 0.000100
 -0.803498 -1.496642 -2.258774 -1.496642
 -1.064715 -2.268664 -1.421385 -1.170074
 -1.178658 -1.466336 -3.258012 -0.860208
 -1.497519 -1.932834 -2.028143 -0.693150
 -0.740403 -1.871798 -2.382617 -1.284016
 -0.847303 -1.475905 -2.862162 -1.252764
 -1.139438 -1.832572 -1.832572 -1.021656
 -1.582408 -1.400088 -2.344540 -0.793954
 -0.737602 -1.669155 -2.288188 -1.461517
 -0.980833 -1.897113 -2.079432 -1.049825
 -2.251263 -1.558141 -1.558141 -0.747224
 -1.157454 -2.456725 -1.540444 -0.952660
 -0.810933 -2.890352 -1.974077 -1.018571
 -1.421385 -1.575534 -2.268664 -0.802353
 -0.869043 -2.740803 -1.488076 -1.236764
 -1.481604 -1.481604 -1.992425 -0.893820
 -0.985819 -2.007463 -1.719784 -1.160171
 -0.810937 -1.686394 -2.197206 -1.349927
 -0.802353 -2.674112 -1.421385 -1.421385
 -1.752536 -1.752536 -1.752536 -0.733972
 -1.007643 -1.578184 -1.945905 -1.252764
 -0.969405 -1.757852 -2.674112 -0.969405
 -1.070444 -1.475905 -2.456714 -1.070444
 -1.697728 -1.490090 -2.316761 -0.707335
 -1.033017 -1.774949 -1.679640 -1.244325
 -1.172722 -1.945903 -2.128221 -0.847302
 -1.252765 -1.945896 -1.658222 -0.965087
 -1.239692 -1.765782 -1.622682 -1.072638
 -1.182697 -1.642226 -1.824546 -1.082614
 -1.673972 -1.856290 -1.163153 -1.067844
 -1.157455 -1.475905 -1.763583 -1.252764
 -1.931517 -2.442336 -2.288188 -0.405469
 -13.038991 -1.120593 -1.120593 -1.056055
 -12.644341 -1.642224 -0.794936 -1.036096
 -12.706861 -1.550595 -0.723925 -1.193925
 -13.687682 -1.181501 -1.386294 -0.813777
 -1.386294 -1.386294 -1.386294 -1.386294
 -0.000005 -13.217681 -13.217681 -13.217681
 -0.000004 -13.415039 -13.415039 -13.415039
 -0.000004 -13.541079 -13.541079 -13.541079
 -0.944462 -2.110211 -1.992429 -1.039772
 -1.386294 -1.386294 -1.386294 -1.386294
 -1.386294 -1.386294 -1.386294 -1.386294
 -1.386294 -1.386294 -1.386294 -1.386294
 -0.706222 -2.041215 -2.041215 -1.399366
 -1.098616 -1.568613 -1.568613 -1.386294
 -0.730895 -1.686394 -2.602654 -1.349927
 -1.540444 -1.945906 -1.945906 -0.693150
 -0.971862 -1.739113 -1.739113 -1.308333
 -1.321757 -1.791753 -2.302565 -0.762146
 -1.216398 -1.909532 -1.909532 -0.897947
 -1.371479 -1.902103 -1.565634 -0.946598
 -0.932822 -2.031426 -1.913645 -1.115143
 -0.826684 -2.367103 -2.079429 -1.067844
 -1.128468 -1.916914 -1.916914 -0.961415
 -1.266948 -2.183231 -1.864781 -0.796946
 -0.976012 -1.749197 -1.400893 -1.595048
 -1.386294 -2.079425 -1.232146 -1.098616
 -1.287856 -1.575534 -1.575534 -1.170074
 -1.111859 -1.932834 -2.251285 -0.865000
 -0.773193 -2.564935 -1.535329 -1.401798
 -0.632529 -1.856290 -2.367103 -1.519824
 -0.998532 -1.558143 -2.251277 -1.152682
 -0.965083 -1.578184 -1.745237 -1.435084
 -0.976917 -2.496732 -1.609437 -1.075357
 -0.869043 -2.047681 -1.131405 -2.047681
 -0.980833 -2.079429 -1.673972 -1.163153
 -1.272967 -1.832577 -1.832577 -0.916294
 -13.473026 -13.473026 -13.473026 -0.000004
 -12.345852 -12.345852 -12.345852 -0.000013
 -12.923923 -12.923923 -12.923923 -0.000007
 -13.353481 -13.353481 -13.353481 -0.000005
 -1.386294 -1.386294 -1.386294 -1.386294
 -1.386294 -1.386294 -1.386294 -1.386294
 -1.386294 -1.386294 -1.386294 -1.386294
 -0.000002 -14.498610 -14.498610 -14.498610
 -14.498610 -14.498610 -14.498610 -0.000002
 -1.386294 -1.386294 -1.386294 -1.386294
 -1.386294 -1.386294 -1.386294 -1.386294
 -1.386294 -1.386294 -1.386294 -1.386294
 -1.386294 -1.386294 -1.386294 -1.386294
 -1.386294 -1.386294 -1.386294 -1.386294
 -1.386294 -1.386294 -1.386294 -1.386294
 -14.498610 -14.498610 -14.498610 -0.000002
 -1.386294 -1.386294 -1.386294 -1.386294
 -1.386294 -1.386294 -1.386294 -1.386294
 -1.386294 -1.386294 -1.386294 -1.386294
 -14.498610 -14.498610 -14.498610 -0.000002
 -1.386294 -1.386294 -1.386294 -1.386294
 -1.386294 -1.386294 -1.386294 -1.386294
 -1.386294 -1.386294 -1.386294 -1.386294
 -14.498610 -0.000002 -14.498610 -14.498610
 -1.386294 -1.386294 -1.386294 -1.386294
 -0.000002 -14.498610 -14.498610 -14.498610
 -1.386294 -1.386294 -1.386294 -1.386294
 -1.386294 -1.386294 -1.386294 -1.386294
 -14.498610 -14.498610 -0.000002 -14.498610
 -1.386294 -1.386294 -1.386294 -1.386294
 -1.386294 -1.386294 -1.386294 -1.386294
 -1.386294 -1.386294 -1.386294 -1.386294
 -1.386294 -1.386294 -1.386294 -1.386294
 -1.386294 -1.386294 -1.386294 -1.386294
 -0.906241 -1.527067 -2.152771 -1.337023
 -1.386294 -1.386294 -1.386294 -1.386294
 -0.693150 -2.079437 -1.897117 -1.491654
 -1.122145 -2.662564 -2.151752 -0.716682
 -1.526054 -1.189587 -2.442314 -0.938276
 -1.386294 -2.159475 -1.648656 -0.815753
 -0.810933 -1.711715 -1.791757 -1.568615
 -1.648654 -1.466336 -1.871793 -0.860208
 -0.969405 -2.268664 -1.287856 -1.421385
 -1.697728 -2.183231 -1.171638 -0.930477
