 -0.984854 0.000100 0.000100 0.000100
 -2.059560 0.000100 0.000100 0.000100
 -2.344621 0.000100 0.000100 0.000100
 -0.908540 0.000100 0.000100 0.000100
 -0.620577 -2.169389 -2.700016 -1.269707
 -0.912362 -1.548350 -2.446289 -1.206601
 -0.975608 -1.538701 -2.256538 -1.191831
 -1.546691 -1.711621 -2.411688 -0.660076
 -0.678490 -2.182567 -2.295895 -1.275846
 -0.947544 -1.521145 -2.451618 -1.178655
 -1.039424 -1.767661 -1.921811 -1.110883
 -1.674856 -1.640251 -2.130873 -0.693147
 -0.797877 -2.024178 -2.212972 -1.176881
 -1.098613 -1.508633 -2.161505 -1.107745
 -1.023189 -1.573234 -2.435455 -1.062410
 -1.610788 -1.610788 -2.165349 -0.721897
 -0.784484 -1.981767 -2.569553 -1.110939
 -0.985483 -1.526613 -2.272403 -1.182842
 -0.946421 -1.651402 -2.344546 -1.126392
 -1.597681 -1.604195 -2.157296 -0.732000
 -0.673959 -2.218309 -2.596745 -1.180893
 -1.203055 -1.372614 -2.087739 -1.132229
 -1.001449 -1.493925 -2.233589 -1.200578
 -1.680119 -1.645514 -2.040826 -0.711691
 -0.691645 -1.988927 -2.388912 -1.306830
 -1.030744 -1.670238 -2.542724 -0.977091
 -0.893302 -1.844276 -2.192582 -1.136532
 -1.396933 -1.651307 -2.022871 -0.847298
 -0.445013 -2.045993 -2.708049 -1.812379
 -0.816137 -1.585976 -2.418883 -1.331447
 -0.573801 -1.750373 -2.183236 -1.895555
 -1.072093 -1.557084 -1.869682 -1.228312
 -0.000000 -16.099932 -16.099932 -16.099932
 -0.000001 -15.068274 -15.068274 -15.068274
 -0.000002 -14.566929 -14.566929 -14.566929
 -0.000001 -15.315134 -15.315134 -15.315134
 -0.000000 -16.807236 -16.807236 -16.807236
 -1.386294 -1.386294 -1.386294 -1.386294
 -1.386294 -1.386294 -1.386294 -1.386294
 -1.386294 -1.386294 -1.386294 -1.386294
 -0.000000 -16.807236 -16.807236 -16.807236
 -1.386294 -1.386294 -1.386294 -1.386294
 -1.386294 -1.386294 -1.386294 -1.386294
 -1.386294 -1.386294 -1.386294 -1.386294
 -0.693147 -2.047818 -3.075105 -1.124548
 -1.386294 -1.386294 -1.386294 -1.386294
 -1.386294 -1.386294 -1.386294 -1.386294
 -1.386294 -1.386294 -1.386294 -1.386294
 -0.794500 -1.969273 -2.860695 -1.045814
 -1.094729 -1.617250 -2.371020 -0.984728
 -1.263692 -2.036878 -2.575868 -0.671643
 -1.502533 -1.837617 -2.041529 -0.716604
 -0.845883 -2.016320 -2.730972 -0.987461
 -1.125192 -1.769067 -2.082724 -0.966722
 -1.363305 -1.928617 -2.203053 -0.716679
 -1.438303 -1.805450 -1.725985 -0.866853
 -0.788458 -1.992430 -2.546314 -1.106480
 -1.101907 -1.639490 -1.979357 -1.092055
 -1.335001 -2.213549 -2.012879 -0.705368
 -1.375149 -1.558456 -1.876170 -0.958255
 -0.754152 -2.059906 -2.662081 -1.101652
 -0.878984 -1.615303 -1.864518 -1.465363
 -1.036092 -1.875842 -2.112230 -0.991641
 -1.363672 -1.883308 -2.099836 -0.755624
 -0.755314 -2.275556 -2.701223 -1.020891
 -0.869546 -1.619388 -2.769290 -1.139022
 -0.730189 -2.397892 -2.995725 -0.974788
 -1.347803 -2.186457 -2.314838 -0.636591
 -15.854131 -1.543923 -2.353329 -0.369028
 -14.682612 -1.313388 -1.501979 -0.676481
 -14.234223 -1.527373 -1.728043 -0.502093
 -15.936574 -1.964059 -1.947110 -0.332643
 -1.386294 -1.386294 -1.386294 -1.386294
 -0.450098 -2.939158 -2.379544 -1.528175
 -0.642958 -2.610066 -2.514756 -1.139894
 -1.064189 -3.289892 -2.519784 -0.621277
 -15.952042 -15.952042 -15.952042 -0.000000
 -13.710155 -13.710155 -13.710155 -0.000003
 -14.316288 -14.316288 -14.316288 -0.000002
 -16.001562 -16.001562 -16.001562 -0.000000
 -1.386294 -1.386294 -1.386294 -1.386294
 -1.386294 -1.386294 -1.386294 -1.386294
 -1.386294 -1.386294 -1.386294 -1.386294
 -16.807236 -16.807236 -16.807236 -0.000000
 -1.386294 -1.386294 -1.386294 -1.386294
 -1.386294 -1.386294 -1.386294 -1.386294
 -1.386294 -1.386294 -1.386294 -1.386294
 -16.807236 -16.807236 -16.807236 -0.000000
 -1.386294 -1.386294 -1.386294 -1.386294
 -1.386294 -1.386294 -1.386294 -1.386294
 -1.386294 -1.386294 -1.386294 -1.386294
 -16.807236 -16.807236 -16.807236 -0.000000
 -1.386294 -1.386294 -1.386294 -1.386294
 -1.386294 -1.386294 -1.386294 -1.386294
 -1.386294 -1.386294 -1.386294 -1.386294
 -16.807236 -0.000000 -16.807236 -16.807236
 -1.386294 -1.386294 -1.386294 -1.386294
 -0.000000 -16.807236 -16.807236 -16.807236
 -1.386294 -1.386294 -1.386294 -1.386294
 -1.386294 -1.386294 -1.386294 -1.386294
 -16.807236 -16.807236 -0.000000 -16.807236
 -1.386294 -1.386294 -1.386294 -1.386294
 -1.386294 -1.386294 -1.386294 -1.386294
 -1.386294 -1.386294 -1.386294 -1.386294
 -1.386294 -1.386294 -1.386294 -1.386294
 -1.386294 -1.386294 -1.386294 -1.386294
 -0.898627 -1.597958 -1.446292 -1.863553
 -1.386294 -1.386294 -1.386294 -1.386294
 -1.077867 -1.823071 -1.877986 -1.063479
 -1.245347 -1.592217 -1.824549 -1.057294
 -1.133323 -1.459255 -2.073064 -1.139968
 -1.606207 -1.726008 -1.278994 -1.069903
 -0.924590 -1.723097 -1.851351 -1.317632
 -1.072433 -1.757857 -1.550218 -1.297516
 -0.966954 -1.785789 -1.716796 -1.300282
 -1.512247 -1.368699 -1.610918 -1.122566
 -1.071657 0.000100 0.000100 0.000100
 -2.164963 0.000100 0.000100 0.000100
 -2.247654 0.000100 0.000100 0.000100
 -0.827460 0.000100 0.000100 0.000100
 -0.611470 -2.191917 -2.292000 -1.407801
 -1.309922 -2.063687 -1.252764 -1.147404
 -0.764609 -1.757855 -2.114525 -1.421385
 -1.984130 -1.843052 -2.995726 -0.424394
 -0.710050 -2.142861 -2.242944 -1.255560
 -1.047970 -1.510591 -1.858896 -1.299283
 -0.806479 -2.639039 -1.828123 -1.134982
 -1.884540 -1.293673 -2.034071 -0.814101
 -0.776036 -2.079439 -2.397891 -1.127433
 -0.935161 -1.628305 -1.839613 -1.376992
 -1.084628 -1.429466 -1.960090 -1.266948
 -2.054122 -1.284016 -1.871801 -0.818653
 -0.899000 -1.650986 -1.889396 -1.386294
 -1.125281 -1.845825 -1.645155 -1.125281
 -1.154966 -1.582408 -1.892560 -1.112407
 -1.845825 -1.558144 -1.845825 -0.747215
 -1.032123 -1.548813 -1.897118 -1.268512
 -1.367602 -1.667706 -1.485385 -1.108092
 -1.397594 -1.269761 -1.780584 -1.192800
 -2.009760 -1.771350 -1.297566 -0.861140
 -0.822360 -1.624705 -2.049586 -1.448815
 -1.422662 -1.422662 -1.722765 -1.080914
 -0.946929 -1.421386 -1.863216 -1.534714
 -1.552867 -1.630828 -1.776010 -0.859721
 -0.382210 -2.737896 -2.496736 -1.768502
 -0.727635 -1.937469 -1.635189 -1.726161
 -0.574090 -1.693318 -1.757856 -2.519988
 -1.170072 -1.757857 -1.227230 -1.495493
 -0.000001 -14.830743 -14.830743 -14.830743
 -0.000004 -13.514411 -13.514411 -13.514411
 -0.000003 -13.845074 -13.845074 -13.845074
 -0.000003 -13.774693 -13.774693 -13.774693
 -0.000001 -15.518439 -15.518439 -15.518439
 -1.386294 -1.386294 -1.386294 -1.386294
 -1.386294 -1.386294 -1.386294 -1.386294
 -1.386294 -1.386294 -1.386294 -1.386294
 -0.000001 -15.518439 -15.518439 -15.518439
 -1.386294 -1.386294 -1.386294 -1.386294
 -1.386294 -1.386294 -1.386294 -1.386294
 -1.386294 -1.386294 -1.386294 -1.386294
 -0.631345 -2.247654 -3.263572 -1.126315
 -1.386294 -1.386294 -1.386294 -1.386294
 -1.386294 -1.386294 -1.386294 -1.386294
 -1.386294 -1.386294 -1.386294 -1.386294
 -0.727995 -1.963181 -3.278851 -1.081634
 -0.969403 -1.421385 -2.450992 -1.227231
 -2.351344 -1.435084 -1.435084 -0.847306
 -1.397594 -1.885945 -2.137259 -0.727437
 -0.911518 -1.941135 -2.509117 -0.985626
 -1.575535 -1.247033 -1.900956 -1.031922
 -1.945903 -1.540443 -1.945903 -0.693152
 -2.019652 -1.638286 -1.590658 -0.756739
 -0.923672 -1.916921 -2.204601 -1.062508
 -1.252763 -1.395864 -1.358124 -1.562917
 -1.150573 -1.661396 -1.804496 -1.111353
 -1.627059 -1.199616 -1.696052 -1.143263
 -1.029620 -1.704747 -2.092511 -1.085710
 -0.996334 -1.977160 -1.229949 -1.609437
 -1.242507 -1.316615 -2.009758 -1.173514
 -1.627456 -1.722766 -1.627456 -0.847299
 -0.880360 -2.266650 -2.209491 -0.988993
 -0.796333 -1.852382 -2.140062 -1.292769
 -0.806089 -1.995668 -1.638996 -1.499234
 -1.479385 -1.696448 -1.897119 -0.823510
 -14.513647 -1.371479 -1.589732 -0.611958
 -13.592372 -1.386294 -0.771111 -1.246533
 -13.554151 -1.945906 -0.976511 -0.732890
 -14.462616 -2.419056 -1.818285 -0.289430
 -1.386294 -1.386294 -1.386294 -1.386294
 -0.552071 -2.985666 -1.956059 -1.459625
 -0.570546 -3.135480 -1.931519 -1.400893
 -1.189126 -3.545769 -2.309014 -0.566854
 -14.648421 -14.648421 -14.648421 -0.000001
 -12.206093 -12.206093 -12.206093 -0.000015
 -13.384734 -13.384734 -13.384734 -0.000005
 -14.665663 -14.665663 -14.665663 -0.000001
 -1.386294 -1.386294 -1.386294 -1.386294
 -1.386294 -1.386294 -1.386294 -1.386294
 -1.386294 -1.386294 -1.386294 -1.386294
 -15.518439 -15.518439 -15.518439 -0.000001
 -1.386294 -1.386294 -1.386294 -1.386294
 -1.386294 -1.386294 -1.386294 -1.386294
 -1.386294 -1.386294 -1.386294 -1.386294
 -15.518439 -15.518439 -15.518439 -0.000001
 -1.386294 -1.386294 -1.386294 -1.386294
 -1.386294 -1.386294 -1.386294 -1.386294
 -1.386294 -1.386294 -1.386294 -1.386294
 -15.518439 -15.518439 -15.518439 -0.000001
 -1.386294 -1.386294 -1.386294 -1.386294
 -1.386294 -1.386294 -1.386294 -1.386294
 -1.386294 -1.386294 -1.386294 -1.386294
 -15.518439 -0.000001 -15.518439 -15.518439
 -1.386294 -1.386294 -1.386294 -1.386294
 -0.000001 -15.518439 -15.518439 -15.518439
 -1.386294 -1.386294 -1.386294 -1.386294
 -1.386294 -1.386294 -1.386294 -1.386294
 -15.518439 -15.518439 -0.000001 -15.518439
 -1.386294 -1.386294 -1.386294 -1.386294
 -1.386294 -1.386294 -1.386294 -1.386294
 -1.386294 -1.386294 -1.386294 -1.386294
 -1.386294 -1.386294 -1.386294 -1.386294
 -1.386294 -1.386294 -1.386294 -1.386294
 -0.919027 -1.495914 -2.180963 -1.331365
 -1.386294 -1.386294 -1.386294 -1.386294
 -0.644141 -2.444629 -2.253575 -1.261937
 -1.346449 -1.867743 -1.516347 -1.005523
 -1.036094 -1.929905 -2.181216 -0.949083
 -1.287855 -1.644528 -1.757857 -1.025491
 -0.522054 -2.451959 -2.857421 -1.335001
 -0.883503 -1.832578 -1.752536 -1.373049
 -0.693150 -1.634129 -2.209488 -1.634129
 -1.277661 -2.213751 -1.808288 -0.802768
