 -1.053739 0.000100 0.000100 0.000100
 -1.805087 0.000100 0.000100 0.000100
 -2.152351 0.000100 0.000100 0.000100
 -0.992370 0.000100 0.000100 0.000100
 -0.798977 -1.935834 -2.241216 -1.205380
 -0.914504 -1.572559 -2.248611 -1.250976
 -1.044412 -1.702219 -1.901348 -1.150572
 -1.585907 -1.578185 -2.128231 -0.755360
 -0.757570 -2.060557 -2.297399 -1.193056
 -0.875146 -1.727625 -2.333760 -1.175832
 -1.020524 -1.865476 -2.392830 -0.932926
 -1.376601 -1.682672 -2.072969 -0.830396
 -0.722323 -2.082641 -2.450366 -1.192326
 -0.933811 -1.750571 -2.520257 -1.041759
 -1.022560 -1.916377 -2.216481 -0.956602
 -1.396894 -1.799085 -2.189951 -0.743886
 -0.709148 -1.991372 -2.385276 -1.275236
 -1.028442 -1.778100 -2.320424 -0.980175
 -1.019970 -1.640209 -2.085519 -1.135654
 -1.303651 -1.856913 -2.034321 -0.817490
 -0.746343 -2.031923 -2.413718 -1.186338
 -0.869771 -1.774761 -2.392196 -1.139434
 -1.004992 -1.683750 -2.061043 -1.136455
 -1.350160 -1.733784 -2.125455 -0.810113
 -0.697064 -2.136554 -2.621234 -1.167382
 -0.910771 -1.741389 -2.534064 -1.069520
 -0.947677 -1.983109 -2.319581 -0.977091
 -1.241776 -1.819977 -2.159484 -0.835367
 -0.697615 -2.006395 -2.451302 -1.267356
 -0.902192 -1.966402 -2.350360 -1.024360
 -0.808530 -1.791759 -2.524125 -1.178655
 -1.202372 -1.846094 -2.224022 -0.835878
 -0.613994 -2.249126 -2.700133 -1.251319
 -0.828111 -1.658729 -2.575018 -1.215394
 -0.941371 -1.666778 -2.311914 -1.133262
 -1.189824 -1.624641 -2.232196 -0.937897
 -0.530011 -2.141784 -3.063939 -1.397344
 -0.661981 -2.037502 -2.373974 -1.344356
 -0.696590 -2.117974 -2.782947 -1.140724
 -0.990744 -1.898616 -2.316129 -0.966876
 -0.625218 -2.269471 -3.171576 -1.140838
 -0.780364 -1.762836 -2.332368 -1.297779
 -0.734648 -2.104132 -2.414286 -1.174598
 -0.918259 -1.954799 -2.392012 -1.000357
 -0.740163 -2.046316 -2.577892 -1.146270
 -0.729080 -1.877701 -2.363208 -1.307157
 -0.808750 -2.175623 -2.437987 -1.039273
 -1.125038 -1.889951 -2.470620 -0.821553
 -0.740556 -1.973943 -2.642518 -1.161356
 -0.959776 -1.675395 -2.415061 -1.077559
 -1.220902 -1.715598 -2.260323 -0.865448
 -1.353612 -1.751070 -2.076124 -0.814883
 -0.836796 -1.976459 -2.722404 -1.014376
 -0.885741 -1.711155 -2.499611 -1.124492
 -1.030235 -1.794841 -2.382626 -0.955512
 -1.495798 -1.868245 -2.117364 -0.690775
 -0.758369 -2.321534 -2.659747 -1.012028
 -1.044646 -1.828764 -2.289288 -0.951314
 -1.214784 -2.022999 -2.302583 -0.752966
 -1.428792 -1.855437 -1.869294 -0.798986
 -0.811146 -2.106553 -2.673285 -1.007941
 -1.020924 -1.660961 -2.342678 -1.039273
 -0.994040 -1.723291 -2.684700 -0.959193
 -1.489199 -1.756004 -2.120977 -0.730229
 -0.763272 -1.900350 -2.941803 -1.103904
 -0.945525 -1.633898 -2.437710 -1.111709
 -0.834798 -2.000850 -3.053996 -0.958031
 -1.437363 -1.699428 -2.154754 -0.768460
 -0.629952 -2.287017 -3.633463 -1.080609
 -0.726749 -2.227235 -2.690806 -1.076256
 -0.800460 -2.320282 -2.944434 -0.916291
 -1.330643 -2.103833 -2.464041 -0.637496
 -0.446599 -2.914921 -2.681306 -1.437513
 -0.733970 -2.400563 -2.525726 -1.051729
 -0.688136 -2.402930 -2.297570 -1.182431
 -1.178304 -2.524323 -2.136558 -0.705166
 -16.597431 -0.000000 -16.597431 -16.597431
 -14.699280 -0.000001 -14.699280 -14.699280
 -14.959735 -0.000001 -14.959735 -14.959735
 -16.323483 -0.000000 -16.323483 -16.323483
 -1.386294 -1.386294 -1.386294 -1.386294
 -17.341578 -17.341578 -17.341578 -0.000000
 -1.386294 -1.386294 -1.386294 -1.386294
 -1.386294 -1.386294 -1.386294 -1.386294
 -1.386294 -1.386294 -1.386294 -1.386294
 -1.386294 -1.386294 -1.386294 -1.386294
 -1.386294 -1.386294 -1.386294 -1.386294
 -17.341578 -17.341578 -17.341578 -0.000000
 -1.386294 -1.386294 -1.386294 -1.386294
 -1.386294 -1.386294 -1.386294 -1.386294
 -1.386294 -1.386294 -1.386294 -1.386294
 -17.341578 -17.341578 -17.341578 -0.000000
 -1.386294 -1.386294 -1.386294 -1.386294
 -1.386294 -1.386294 -1.386294 -1.386294
 -1.386294 -1.386294 -1.386294 -1.386294
 -17.341578 0.000000 -17.341578 -17.341578
 -1.386294 -1.386294 -1.386294 -1.386294
 0.000000 -17.341578 -17.341578 -17.341578
 -1.386294 -1.386294 -1.386294 -1.386294
 -1.386294 -1.386294 -1.386294 -1.386294
 -17.341578 -17.341578 -0.000000 -17.341578
 -1.386294 -1.386294 -1.386294 -1.386294
 -1.386294 -1.386294 -1.386294 -1.386294
 -1.386294 -1.386294 -1.386294 -1.386294
 -1.386294 -1.386294 -1.386294 -1.386294
 -1.386294 -1.386294 -1.386294 -1.386294
 -0.832115 -1.856474 -1.342265 -1.914630
 -1.386294 -1.386294 -1.386294 -1.386294
 -1.084513 -1.636161 -2.073375 -1.074563
 -1.193358 -1.679642 -1.880312 -1.027738
 -1.136483 -1.526281 -2.009848 -1.115649
 -1.516126 -1.662729 -1.429114 -1.046122
 -1.006406 -1.515506 -2.079441 -1.238658
 -1.116550 -1.361421 -1.814232 -1.373049
 -1.033580 -1.490338 -2.007028 -1.256723
 -1.536437 -1.408924 -1.560730 -1.107255
 -1.211865 0.000100 0.000100 0.000100
 -1.782245 0.000100 0.000100 0.000100
 -1.709219 0.000100 0.000100 0.000100
 -1.041029 0.000100 0.000100 0.000100
 -0.953373 -1.815595 -1.912222 -1.190502
 -1.258461 -1.663926 -1.532898 -1.169230
 -1.095098 -1.864784 -1.757153 -1.084626
 -1.692192 -1.625817 -1.742453 -0.811833
 -0.920726 -1.879575 -1.908989 -1.201027
 -1.142576 -1.699386 -1.760010 -1.120353
 -0.980830 -1.654558 -1.799139 -1.315343
 -1.593662 -1.526410 -1.849957 -0.862131
 -0.868089 -1.767368 -1.895749 -1.349927
 -0.950777 -1.661623 -1.902785 -1.292526
 -1.006594 -1.646251 -2.083464 -1.148005
 -1.725367 -1.527542 -1.907688 -0.784384
 -0.926241 -1.793741 -1.934098 -1.227346
 -1.063068 -1.606153 -1.785201 -1.251120
 -1.047320 -1.765783 -1.558144 -1.318472
 -1.722766 -1.603814 -1.882194 -0.759191
 -0.942678 -1.804338 -1.641186 -1.377995
 -1.068154 -1.684339 -1.578978 -1.329518
 -1.090739 -1.526056 -1.704748 -1.328697
 -1.646825 -1.530101 -1.846438 -0.836954
 -0.925770 -1.977861 -1.634917 -1.307704
 -1.128466 -1.580450 -1.962384 -1.108465
 -1.130701 -1.478102 -1.781288 -1.270463
 -1.662729 -1.621486 -1.762258 -0.818444
 -0.921568 -2.052440 -1.819509 -1.166103
 -1.237522 -1.602635 -1.585828 -1.191536
 -1.294357 -1.455287 -1.666596 -1.191703
 -1.556263 -1.538563 -1.640033 -0.966495
 -0.873731 -1.882731 -1.800493 -1.327205
 -0.975234 -1.909542 -2.110212 -1.039772
 -1.058203 -1.802122 -1.546189 -1.291297
 -1.519551 -1.630777 -1.681039 -0.918212
 -0.822559 -2.047210 -1.882455 -1.275170
 -0.950977 -1.838279 -1.965030 -1.157109
 -1.124782 -1.670293 -1.650875 -1.220092
 -1.629046 -1.629046 -1.659199 -0.873529
 -0.849227 -1.934415 -2.032395 -1.214951
 -0.939548 -1.735878 -1.926933 -1.247033
 -0.998529 -1.776833 -1.651670 -1.306830
 -1.523383 -1.664461 -1.705704 -0.888944
 -0.850412 -1.966645 -2.109746 -1.166140
 -1.047131 -1.773067 -1.996210 -1.068871
 -1.086778 -1.637608 -1.722766 -1.238970
 -1.702812 -1.582667 -1.997611 -0.740776
 -0.928339 -1.912540 -1.809886 -1.226174
 -1.062895 -1.665527 -1.879101 -1.162424
 -1.098613 -1.791759 -1.941290 -1.031474
 -1.752672 -1.545658 -1.694403 -0.844414
 -1.054441 -1.824549 -1.609438 -1.236763
 -1.088141 -1.701245 -1.574951 -1.295780
 -1.486983 -1.421386 -1.557187 -1.133704
 -1.760010 -1.472329 -1.689630 -0.881941
 -0.973592 -1.719382 -1.945909 -1.203166
 -1.117661 -2.098488 -1.542543 -1.089223
 -1.121452 -1.711220 -1.473892 -1.329853
 -1.715219 -1.532898 -1.780460 -0.831017
 -1.059898 -1.845826 -1.668145 -1.180851
 -1.112848 -1.656462 -1.981884 -1.070736
 -1.095134 -1.921812 -1.516347 -1.205135
 -1.624280 -1.681988 -1.732761 -0.820646
 -0.809830 -2.057653 -1.943709 -1.258285
 -1.175871 -1.451577 -1.744563 -1.263978
 -1.064007 -1.414868 -1.757153 -1.429466
 -1.569328 -1.433662 -1.621971 -1.033185
 -0.843970 -1.845160 -1.795767 -1.402424
 -0.936557 -1.546637 -2.043073 -1.326396
 -0.961412 -1.478667 -2.079440 -1.329136
 -1.495656 -1.752376 -1.855030 -0.807238
 -0.682337 -2.324563 -1.493266 -1.759671
 -0.809220 -2.344547 -1.599216 -1.359266
 -0.897162 -1.787476 -1.443705 -1.666848
 -1.370165 -2.286454 -1.829030 -0.726208
 -15.654472 -0.000001 -15.654472 -15.654472
 -14.352006 -0.000002 -14.352006 -14.352006
 -14.969243 -0.000001 -14.969243 -14.969243
 -15.324023 -0.000001 -15.324023 -15.324023
 -1.386294 -1.386294 -1.386294 -1.386294
 -16.568535 -16.568535 -16.568535 -0.000000
 -1.386294 -1.386294 -1.386294 -1.386294
 -1.386294 -1.386294 -1.386294 -1.386294
 -1.386294 -1.386294 -1.386294 -1.386294
 -1.386294 -1.386294 -1.386294 -1.386294
 -1.386294 -1.386294 -1.386294 -1.386294
 -16.568535 -16.568535 -16.568535 -0.000000
 -1.386294 -1.386294 -1.386294 -1.386294
 -1.386294 -1.386294 -1.386294 -1.386294
 -1.386294 -1.386294 -1.386294 -1.386294
 -16.568535 -16.568535 -16.568535 -0.000000
 -1.386294 -1.386294 -1.386294 -1.386294
 -1.386294 -1.386294 -1.386294 -1.386294
 -1.386294 -1.386294 -1.386294 -1.386294
 -16.568535 -0.000000 -16.568535 -16.568535
 -1.386294 -1.386294 -1.386294 -1.386294
 -0.000000 -16.568535 -16.568535 -16.568535
 -1.386294 -1.386294 -1.386294 -1.386294
 -1.386294 -1.386294 -1.386294 -1.386294
 -16.568535 -16.568535 -0.000000 -16.568535
 -1.386294 -1.386294 -1.386294 -1.386294
 -1.386294 -1.386294 -1.386294 -1.386294
 -1.386294 -1.386294 -1.386294 -1.386294
 -1.386294 -1.386294 -1.386294 -1.386294
 -1.386294 -1.386294 -1.386294 -1.386294
 -0.952965 -1.712747 -1.942093 -1.235701
 -1.386294 -1.386294 -1.386294 -1.386294
 -0.814242 -1.872628 -2.262093 -1.206732
 -1.060480 -1.774245 -2.061927 -1.030327
 -1.181994 -1.390749 -2.197222 -1.098613
 -1.459054 -1.818427 -1.715773 -0.854635
 -0.816956 -1.989354 -1.850767 -1.330575
 -0.781838 -2.018599 -1.964532 -1.311659
 -0.958429 -1.772527 -1.893888 -1.217003
 -1.421386 -1.726767 -1.602204 -0.969401
