 -1.030501 0.000100 0.000100 0.000100
 -1.807298 0.000100 0.000100 0.000100
 -2.196123 0.000100 0.000100 0.000100
 -1.000103 0.000100 0.000100 0.000100
 -0.674799 -1.952101 -2.602687 -1.292107
 -0.909603 -1.671741 -2.170730 -1.219757
 -0.808460 -1.842530 -1.976060 -1.357024
 -1.333804 -1.668006 -2.073470 -0.862382
 -0.756570 -1.820089 -2.166960 -1.369673
 -0.936094 -1.663141 -2.257846 -1.159237
 -0.682893 -1.684338 -2.377479 -1.530188
 -1.469676 -1.771956 -2.207273 -0.713351
 -0.664656 -2.132865 -2.291089 -1.324650
 -0.989414 -1.791758 -2.852623 -0.906722
 -0.857452 -1.459625 -2.397888 -1.376244
 -1.464168 -1.795021 -1.965647 -0.771021
 -0.576958 -2.244152 -2.487774 -1.389164
 -0.837887 -1.690662 -2.383806 -1.235188
 -0.714203 -2.166448 -2.772576 -1.098613
 -1.430746 -1.731500 -1.903350 -0.832910
 -0.685304 -2.181598 -2.477061 -1.206601
 -0.983378 -1.739702 -2.390285 -1.025051
 -0.980831 -1.791757 -2.484898 -0.980831
 -1.284942 -1.714798 -2.445683 -0.783802
 -0.687608 -1.934859 -2.667225 -1.261131
 -0.942364 -1.511457 -2.347701 -1.223776
 -0.955513 -2.054119 -3.663517 -0.773192
 -1.236430 -1.879315 -2.200222 -0.807195
 -0.615879 -2.487678 -2.556671 -1.206747
 -0.788459 -1.871800 -2.564943 -1.156183
 -0.976511 -1.635754 -2.957491 -0.976511
 -1.312624 -1.695615 -2.028759 -0.877306
 -0.674750 -1.837900 -2.564947 -1.367897
 -0.766651 -2.010971 -2.646955 -1.106518
 -0.927988 -2.257116 -2.257116 -0.927988
 -1.197703 -1.754718 -2.024381 -0.933738
 -0.695776 -2.071597 -2.610592 -1.197867
 -0.604956 -2.058385 -2.115544 -1.581463
 -0.851052 -2.409187 -3.102321 -0.825077
 -0.957534 -2.056145 -2.082813 -1.011601
 -0.729604 -1.733805 -3.329815 -1.185841
 -0.658058 -1.722765 -2.639048 -1.460402
 -0.604202 -1.889395 -3.761155 -1.276294
 -0.963794 -1.741497 -2.306025 -1.068154
 -0.742177 -1.992429 -2.601492 -1.160284
 -0.745108 -1.695298 -2.577682 -1.324926
 -0.810933 -1.791756 -2.043067 -1.349927
 -1.184970 -1.914048 -1.964058 -0.900234
 -0.924155 -1.699539 -2.729156 -1.035380
 -0.905323 -1.654557 -2.273593 -1.199083
 -0.851052 -1.849576 -2.542716 -1.087440
 -1.297063 -1.832581 -1.966112 -0.851753
 -0.721057 -2.234610 -2.422662 -1.145569
 -1.002153 -1.695298 -2.229378 -1.073612
 -1.432814 -2.174746 -1.838277 -0.716139
 -1.303271 -2.100557 -1.806797 -0.816919
 -0.631272 -2.212537 -2.660560 -1.242181
 -0.719582 -1.653889 -2.665482 -1.377636
 -0.938271 -1.749198 -2.547700 -1.031361
 -1.511266 -1.847738 -2.048408 -0.707578
 -0.742505 -2.037826 -2.870732 -1.087345
 -0.829907 -1.845825 -2.810898 -1.061709
 -0.976917 -1.877699 -1.957741 -1.110448
 -1.557403 -1.725738 -2.156520 -0.702090
 -0.702308 -2.362068 -2.537959 -1.104710
 -0.847299 -1.722765 -2.744410 -1.113002
 -0.758532 -1.971549 -2.759995 -1.111353
 -1.397468 -1.897119 -2.667225 -0.628609
 -0.737079 -2.328710 -2.910629 -0.995260
 -1.361803 -1.660295 -1.962575 -0.883769
 -1.083346 -1.977158 -2.228469 -0.878553
 -1.989752 -2.137388 -2.258015 -0.445116
 -14.812461 -0.618513 -0.773806 -14.812461
 -13.910825 -1.089563 -0.410023 -13.910825
 -13.617064 -0.769135 -0.622532 -13.617064
 -15.308415 -0.784869 -0.609137 -15.308415
 -1.386294 -1.386294 -1.386294 -1.386294
 -15.260075 -15.260075 -15.260075 -0.000001
 -15.392426 -15.392426 -15.392426 -0.000001
 -1.386294 -1.386294 -1.386294 -1.386294
 -1.386294 -1.386294 -1.386294 -1.386294
 -1.386294 -1.386294 -1.386294 -1.386294
 -1.386294 -1.386294 -1.386294 -1.386294
 -16.021585 -16.021585 -16.021585 -0.000000
 -1.386294 -1.386294 -1.386294 -1.386294
 -1.386294 -1.386294 -1.386294 -1.386294
 -1.386294 -1.386294 -1.386294 -1.386294
 -16.021585 -16.021585 -16.021585 -0.000000
 -1.386294 -1.386294 -1.386294 -1.386294
 -1.386294 -1.386294 -1.386294 -1.386294
 -1.386294 -1.386294 -1.386294 -1.386294
 -0.667059 -16.021585 -0.719935 -16.021585
 -15.354527 -0.000001 -15.354527 -15.354527
 -1.386294 -1.386294 -1.386294 -1.386294
 -15.301651 -0.000001 -15.301651 -15.301651
 -1.386294 -1.386294 -1.386294 -1.386294
 -1.386294 -1.386294 -1.386294 -1.386294
 -0.000000 -16.021585 -16.021585 -16.021585
 -1.386294 -1.386294 -1.386294 -1.386294
 -1.386294 -1.386294 -1.386294 -1.386294
 -16.021585 -16.021585 -0.000000 -16.021585
 -1.386294 -1.386294 -1.386294 -1.386294
 -1.386294 -1.386294 -1.386294 -1.386294
 -1.386294 -1.386294 -1.386294 -1.386294
 -1.386294 -1.386294 -1.386294 -1.386294
 -1.386294 -1.386294 -1.386294 -1.386294
 -0.865824 -1.913404 -1.190844 -2.057654
 -1.386294 -1.386294 -1.386294 -1.386294
 -1.003778 -1.938087 -1.920068 -1.070224
 -1.136640 -1.602002 -1.806796 -1.160171
 -1.120592 -1.613067 -1.813738 -1.166054
 -1.662547 -1.920374 -1.495493 -0.821766
 -0.977446 -1.592631 -1.973402 -1.268135
 -1.145133 -1.945908 -1.669656 -1.047969
 -0.978595 -1.708108 -1.868450 -1.242747
 -1.531879 -1.446113 -1.531879 -1.101844
 -1.219457 0.000100 0.000100 0.000100
 -1.787067 0.000100 0.000100 0.000100
 -1.675545 0.000100 0.000100 0.000100
 -1.049957 0.000100 0.000100 0.000100
 -0.929112 -1.798149 -1.724041 -1.342674
 -1.022901 -1.598264 -1.655422 -1.397594
 -1.285972 -1.655718 -1.555635 -1.134422
 -1.500053 -1.575088 -1.524445 -1.043697
 -0.927085 -1.958255 -1.915695 -1.152169
 -0.894366 -1.675619 -1.945909 -1.342914
 -1.070833 -1.490091 -1.777772 -1.335941
 -1.522946 -1.597054 -1.644306 -0.951160
 -0.841680 -1.960094 -1.667425 -1.429466
 -1.108817 -1.672285 -1.849215 -1.124321
 -1.252763 -1.797489 -1.730798 -0.990399
 -1.774059 -1.597603 -1.722766 -0.799832
 -0.988035 -2.046154 -1.535330 -1.262037
 -1.056053 -1.847639 -1.749199 -1.137399
 -0.951288 -1.807759 -1.945909 -1.181304
 -1.680389 -1.505448 -1.493178 -1.002058
 -0.974713 -1.855071 -1.779564 -1.212187
 -1.317666 -1.877280 -1.520606 -1.019832
 -1.257514 -1.688296 -1.614188 -1.103363
 -1.481022 -1.603624 -1.633037 -0.977919
 -1.054441 -1.785328 -1.593437 -1.270664
 -0.997003 -1.935270 -1.542229 -1.299283
 -1.084014 -1.654558 -1.654558 -1.275069
 -1.484925 -1.717257 -1.534935 -0.971664
 -0.895174 -1.698668 -1.682139 -1.502554
 -0.946807 -1.654137 -1.571900 -1.545924
 -1.404643 -1.423336 -1.564986 -1.188935
 -1.646252 -1.398416 -1.556640 -1.051545
 -0.941371 -1.906451 -1.845826 -1.192685
 -0.972172 -1.800492 -1.700409 -1.294945
 -1.107959 -1.759719 -1.438812 -1.345286
 -1.576101 -2.319677 -1.497320 -0.752502
 -1.015231 -1.766006 -1.783101 -1.208816
 -1.072638 -1.805003 -1.728043 -1.152680
 -1.043043 -1.633535 -1.736189 -1.286665
 -1.831879 -1.700543 -1.480482 -0.844493
 -0.917916 -1.923436 -1.669656 -1.323381
 -1.027517 -1.845825 -1.440361 -1.396876
 -1.324222 -1.729686 -1.442005 -1.138819
 -1.560911 -1.866292 -1.574156 -0.848220
 -0.935160 -1.964778 -1.746089 -1.228147
 -0.990860 -1.380324 -1.859896 -1.507076
 -1.063827 -1.756973 -1.613872 -1.261652
 -1.727937 -1.847738 -1.696188 -0.731109
 -1.039424 -1.804029 -1.785680 -1.158285
 -1.266672 -1.306677 -1.643148 -1.369856
 -1.263290 -1.563394 -1.725912 -1.109139
 -1.735519 -1.631723 -1.576915 -0.863965
 -1.017761 -1.627137 -1.627137 -1.403994
 -1.061911 -1.782456 -1.755057 -1.161284
 -0.923858 -1.604425 -1.827568 -1.422104
 -1.469080 -1.839454 -1.530449 -0.930085
 -0.946144 -1.839961 -1.654558 -1.340309
 -1.203973 -1.691675 -1.418383 -1.295781
 -1.207246 -1.406097 -1.884132 -1.190986
 -1.685184 -1.701713 -1.389338 -0.959776
 -1.003595 -1.520285 -1.769500 -1.409060
 -1.059199 -1.422104 -1.926008 -1.323013
 -1.192139 -1.479820 -1.583004 -1.334109
 -1.591365 -1.547562 -1.439349 -1.059860
 -0.894517 -1.830225 -2.265542 -1.117661
 -0.862891 -1.536234 -1.804498 -1.617912
 -1.051211 -1.772527 -1.614304 -1.267433
 -1.279610 -1.490919 -1.721442 -1.146079
 -0.662533 -2.105689 -1.828702 -1.599128
 -0.928562 -1.955713 -1.739490 -1.245473
 -1.147702 -1.859896 -1.684006 -1.074943
 -1.443646 -1.769067 -1.593177 -0.941189
 -15.214229 -0.822104 -0.578938 -15.214229
 -14.247295 -1.085710 -0.411981 -14.247295
 -14.462616 -0.797927 -0.598314 -14.462616
 -14.956545 -0.902017 -0.520457 -14.956545
 -1.386294 -1.386294 -1.386294 -1.386294
 -15.303911 -15.303911 -15.303911 -0.000001
 -15.640060 -15.640060 -15.640060 -0.000000
 -1.386294 -1.386294 -1.386294 -1.386294
 -1.386294 -1.386294 -1.386294 -1.386294
 -1.386294 -1.386294 -1.386294 -1.386294
 -1.386294 -1.386294 -1.386294 -1.386294
 -16.179192 -16.179192 -16.179192 -0.000000
 -1.386294 -1.386294 -1.386294 -1.386294
 -1.386294 -1.386294 -1.386294 -1.386294
 -1.386294 -1.386294 -1.386294 -1.386294
 -16.179192 -16.179192 -16.179192 -0.000000
 -1.386294 -1.386294 -1.386294 -1.386294
 -1.386294 -1.386294 -1.386294 -1.386294
 -1.386294 -1.386294 -1.386294 -1.386294
 -0.813992 -16.179192 -0.585344 -16.179192
 -15.365199 -0.000001 -15.365199 -15.365199
 -1.386294 -1.386294 -1.386294 -1.386294
 -15.593848 -0.000001 -15.593848 -15.593848
 -1.386294 -1.386294 -1.386294 -1.386294
 -1.386294 -1.386294 -1.386294 -1.386294
 -0.000000 -16.179192 -16.179192 -16.179192
 -1.386294 -1.386294 -1.386294 -1.386294
 -1.386294 -1.386294 -1.386294 -1.386294
 -16.179192 -16.179192 -0.000000 -16.179192
 -1.386294 -1.386294 -1.386294 -1.386294
 -1.386294 -1.386294 -1.386294 -1.386294
 -1.386294 -1.386294 -1.386294 -1.386294
 -1.386294 -1.386294 -1.386294 -1.386294
 -1.386294 -1.386294 -1.386294 -1.386294
 -1.139905 -1.711355 -1.833052 -1.079973
 -1.386294 -1.386294 -1.386294 -1.386294
 -0.894472 -1.670062 -1.751408 -1.472237
 -1.009001 -1.760987 -2.166451 -1.052803
 -1.041455 -1.916921 -2.302582 -0.916292
 -1.434531 -2.038729 -1.761743 -0.776891
 -0.930476 -1.901825 -1.652610 -1.328823
 -1.104548 -1.762602 -1.392229 -1.392229
 -1.086190 -1.707877 -1.742968 -1.183354
 -1.555509 -1.948551 -1.494885 -0.862363
