 -1.047922 0.000100 0.000100 0.000100
 -1.942744 0.000100 0.000100 0.000100
 -2.204224 0.000100 0.000100 0.000100
 -0.927129 0.000100 0.000100 0.000100
 -0.747014 -2.066862 -2.345065 -1.191394
 -1.038509 -1.731655 -2.162436 -1.038509
 -1.227230 -1.521469 -1.981000 -1.048182
 -1.452544 -1.640360 -2.173470 -0.780159
 -0.800778 -1.895266 -2.626152 -1.113566
 -0.979591 -1.624419 -2.459214 -1.072923
 -1.048182 -1.470176 -2.325838 -1.133704
 -1.411828 -1.783391 -2.006534 -0.790140
 -0.747417 -2.045418 -2.133710 -1.277661
 -0.859538 -1.975541 -2.280921 -1.091340
 -1.043553 -1.810806 -2.073169 -1.025854
 -1.345136 -1.877701 -2.198906 -0.743115
 -0.743813 -2.070959 -2.216141 -1.239226
 -1.230880 -1.488709 -2.376010 -0.943199
 -1.028503 -2.142861 -1.891547 -0.982694
 -1.401798 -1.584120 -2.027806 -0.874444
 -0.709556 -2.188223 -2.486715 -1.162067
 -0.856109 -1.754854 -2.325397 -1.189047
 -1.082865 -1.658227 -1.945909 -1.114613
 -1.431226 -1.822091 -2.067214 -0.749169
 -0.719123 -2.081152 -2.311168 -1.241713
 -0.819442 -2.167993 -2.419306 -1.033015
 -0.998530 -1.963608 -2.145929 -0.982781
 -1.184226 -1.727221 -2.294073 -0.878551
 -0.615424 -2.242612 -2.640642 -1.265522
 -0.844379 -2.210468 -2.251289 -1.034897
 -0.903713 -1.596859 -2.577682 -1.150573
 -1.163151 -1.885285 -2.153549 -0.868352
 -0.589558 -2.360263 -2.805573 -1.235944
 -0.960308 -1.908346 -2.703272 -0.911518
 -0.889263 -1.987872 -2.904155 -0.923165
 -1.005645 -1.942240 -2.347704 -0.928311
 -0.598473 -2.106374 -2.934694 -1.289079
 -0.637718 -2.171645 -2.960097 -1.185153
 -0.774642 -1.377636 -2.799011 -1.486835
 -0.905519 -2.040498 -2.555963 -0.946527
 -0.596896 -2.242265 -3.038064 -1.219639
 -0.664977 -1.850599 -2.456732 -1.415282
 -0.713768 -1.876915 -2.793195 -1.217672
 -1.043804 -1.839142 -2.296566 -0.945900
 -0.709148 -2.003068 -2.843850 -1.155771
 -0.727215 -1.845826 -2.397892 -1.316983
 -0.971862 -2.224619 -2.070469 -0.948331
 -1.318766 -1.834579 -2.387963 -0.731809
 -0.805552 -1.964573 -2.486447 -1.109457
 -0.914091 -1.869601 -2.023751 -1.162271
 -1.123306 -1.978968 -2.414283 -0.804853
 -1.439593 -1.837785 -2.200690 -0.707085
 -0.877622 -2.165475 -2.769009 -0.899409
 -0.905709 -1.746013 -2.368540 -1.115780
 -0.974560 -2.296312 -2.871671 -0.764840
 -1.427116 -1.701553 -2.218243 -0.757579
 -0.826413 -1.764209 -2.884798 -1.093041
 -0.959776 -1.963077 -1.876065 -1.128853
 -1.006020 -1.806796 -2.189786 -1.026640
 -1.452523 -1.656739 -1.755179 -0.910347
 -0.890267 -1.892735 -2.637174 -1.001763
 -0.880573 -1.627787 -2.358672 -1.222322
 -1.006538 -1.882005 -2.510611 -0.913757
 -1.105605 -1.841769 -2.401384 -0.867833
 -0.830052 -1.932531 -3.168000 -0.975233
 -0.621283 -2.322385 -2.363207 -1.307157
 -0.875470 -2.243741 -2.685569 -0.893819
 -1.175305 -1.995791 -2.401255 -0.766223
 -0.985565 -2.669434 -2.646961 -0.720284
 -0.795278 -2.688814 -2.383434 -0.945850
 -1.107582 -2.521267 -2.153545 -0.748209
 -1.215795 -2.484905 -2.132085 -0.689947
 -15.523890 -15.523890 -15.523890 -0.000001
 -13.989468 -13.989468 -13.989468 -0.000003
 -14.227623 -14.227623 -14.227623 -0.000002
 -15.837059 -15.837059 -15.837059 -0.000000
 -1.386294 -1.386294 -1.386294 -1.386294
 -1.386294 -1.386294 -1.386294 -1.386294
 -1.386294 -1.386294 -1.386294 -1.386294
 -16.573620 -16.573620 -16.573620 -0.000000
 -1.386294 -1.386294 -1.386294 -1.386294
 -1.386294 -1.386294 -1.386294 -1.386294
 -1.386294 -1.386294 -1.386294 -1.386294
 -16.573620 -16.573620 -16.573620 -0.000000
 -1.386294 -1.386294 -1.386294 -1.386294
 -1.386294 -1.386294 -1.386294 -1.386294
 -1.386294 -1.386294 -1.386294 -1.386294
 -16.573620 -16.573620 -16.573620 -0.000000
 -1.386294 -1.386294 -1.386294 -1.386294
 -1.386294 -1.386294 -1.386294 -1.386294
 -1.386294 -1.386294 -1.386294 -1.386294
 -0.000000 -16.573620 -16.573620 -16.573620
 -16.573620 -0.000000 -16.573620 -16.573620
 -1.386294 -1.386294 -1.386294 -1.386294
 -1.386294 -1.386294 -1.386294 -1.386294
 -1.386294 -1.386294 -1.386294 -1.386294
 -1.386294 -1.386294 -1.386294 -1.386294
 -0.000000 -16.573620 -16.573620 -16.573620
 -1.386294 -1.386294 -1.386294 -1.386294
 -1.386294 -1.386294 -1.386294 -1.386294
 -16.573620 -16.573620 -0.000000 -16.573620
 -1.386294 -1.386294 -1.386294 -1.386294
 -1.386294 -1.386294 -1.386294 -1.386294
 -1.386294 -1.386294 -1.386294 -1.386294
 -1.386294 -1.386294 -1.386294 -1.386294
 -1.386294 -1.386294 -1.386294 -1.386294
 -0.774353 -2.025741 -1.278780 -2.050073
 -1.386294 -1.386294 -1.386294 -1.386294
 -0.957715 -1.963953 -1.843994 -1.146509
 -1.260001 -1.699951 -2.293013 -0.837729
 -0.990749 -1.702472 -2.024055 -1.157246
 -1.484564 -1.879218 -1.552006 -0.894366
 -0.924552 -1.709329 -1.838540 -1.334635
 -1.036817 -1.764252 -1.741263 -1.207965
 -1.025409 -1.373716 -2.002323 -1.373716
 -1.710298 -1.311659 -1.594785 -1.058824
 -1.194436 0.000100 0.000100 0.000100
 -1.911598 0.000100 0.000100 0.000100
 -1.946937 0.000100 0.000100 0.000100
 -0.899997 0.000100 0.000100 0.000100
 -0.842789 -2.076056 -2.023412 -1.165187
 -1.098613 -1.673975 -1.834318 -1.141173
 -1.022452 -1.567178 -1.843430 -1.296888
 -1.599387 -1.956062 -1.747307 -0.729141
 -0.860500 -1.870163 -1.808288 -1.350864
 -1.014963 -2.364884 -1.785069 -0.978595
 -1.180291 -1.392852 -1.564702 -1.446919
 -1.715707 -1.614902 -1.642682 -0.849117
 -0.800011 -1.906169 -2.026797 -1.308333
 -1.036621 -1.592146 -1.969439 -1.196251
 -1.138733 -1.570865 -1.962906 -1.104247
 -1.516347 -1.558907 -1.880990 -0.873033
 -0.902455 -1.906450 -1.734600 -1.311744
 -1.195004 -1.506783 -1.888150 -1.126012
 -1.120592 -1.749199 -1.882729 -1.056054
 -1.682139 -1.530334 -1.698669 -0.880359
 -0.909488 -2.183663 -1.918972 -1.085053
 -1.120592 -1.631416 -1.847639 -1.137399
 -0.984854 -1.585627 -1.893110 -1.305326
 -1.612463 -1.741675 -1.724580 -0.804907
 -1.088856 -1.734601 -1.698233 -1.190986
 -1.056053 -1.443818 -1.647416 -1.497885
 -1.006806 -2.105414 -1.871801 -1.024505
 -1.556721 -1.656093 -1.717651 -0.870354
 -0.802347 -2.302583 -1.819732 -1.239064
 -0.919105 -1.849578 -2.186049 -1.104247
 -0.868597 -1.826850 -1.863217 -1.330414
 -1.646252 -2.141572 -1.600442 -0.717539
 -0.786094 -2.296684 -1.834061 -1.258698
 -1.059082 -1.386294 -1.824548 -1.419084
 -1.003868 -1.615668 -1.680206 -1.392525
 -1.491338 -1.733651 -2.054123 -0.754841
 -0.684232 -2.176543 -2.176543 -1.314321
 -1.197704 -1.572396 -1.736699 -1.156882
 -1.175305 -1.785069 -1.785069 -1.033655
 -1.553623 -1.910297 -1.813134 -0.739524
 -0.684179 -2.094569 -2.170555 -1.353795
 -1.192545 -1.718636 -1.841238 -1.025491
 -1.044909 -1.885689 -2.143517 -0.969401
 -1.598106 -1.890494 -1.733651 -0.754841
 -0.748546 -1.879315 -2.147578 -1.356794
 -1.149165 -1.820331 -1.864783 -1.004584
 -1.278081 -1.540445 -1.945908 -1.009818
 -1.632037 -1.988712 -1.706145 -0.721478
 -0.867806 -1.754018 -2.029430 -1.288656
 -1.079195 -1.734600 -2.085996 -1.023106
 -1.320045 -1.582409 -1.582409 -1.133460
 -1.735519 -1.720015 -1.982379 -0.679468
 -0.811805 -2.190254 -1.704748 -1.338504
 -1.059611 -1.874646 -1.673976 -1.163151
 -1.180443 -1.445135 -1.850598 -1.203973
 -1.524445 -1.642227 -1.601406 -0.949081
 -0.947213 -1.811177 -1.851182 -1.232144
 -1.005523 -1.488948 -1.964370 -1.315677
 -1.272181 -1.515127 -1.770018 -1.109663
 -1.386294 -1.994541 -1.507247 -0.935461
 -0.783966 -1.769500 -2.243284 -1.320952
 -0.851205 -1.645155 -1.922786 -1.452784
 -0.933785 -1.687555 -1.975236 -1.261472
 -1.254332 -1.575536 -1.722139 -1.111231
 -0.975496 -1.973011 -1.797121 -1.145132
 -0.693148 -2.324561 -1.749199 -1.477266
 -0.823601 -2.044100 -1.889950 -1.270913
 -1.102229 -1.986430 -2.040497 -0.914488
 -1.065488 -1.912785 -1.796954 -1.073036
 -0.885039 -2.438381 -2.351370 -0.904457
 -1.009947 -1.881784 -2.021545 -1.046989
 -1.251157 -2.561736 -1.769500 -0.763060
 -15.006399 -15.006399 -15.006399 -0.000001
 -13.955276 -13.955276 -13.955276 -0.000003
 -14.214290 -14.214290 -14.214290 -0.000002
 -15.153141 -15.153141 -15.153141 -0.000001
 -1.386294 -1.386294 -1.386294 -1.386294
 -1.386294 -1.386294 -1.386294 -1.386294
 -1.386294 -1.386294 -1.386294 -1.386294
 -16.091753 -16.091753 -16.091753 -0.000000
 -1.386294 -1.386294 -1.386294 -1.386294
 -1.386294 -1.386294 -1.386294 -1.386294
 -1.386294 -1.386294 -1.386294 -1.386294
 -16.091753 -16.091753 -16.091753 -0.000000
 -1.386294 -1.386294 -1.386294 -1.386294
 -1.386294 -1.386294 -1.386294 -1.386294
 -1.386294 -1.386294 -1.386294 -1.386294
 -16.091753 -16.091753 -16.091753 -0.000000
 -1.386294 -1.386294 -1.386294 -1.386294
 -1.386294 -1.386294 -1.386294 -1.386294
 -1.386294 -1.386294 -1.386294 -1.386294
 -0.000000 -16.091753 -16.091753 -16.091753
 -16.091753 -0.000000 -16.091753 -16.091753
 -1.386294 -1.386294 -1.386294 -1.386294
 -1.386294 -1.386294 -1.386294 -1.386294
 -1.386294 -1.386294 -1.386294 -1.386294
 -1.386294 -1.386294 -1.386294 -1.386294
 -0.000000 -16.091753 -16.091753 -16.091753
 -1.386294 -1.386294 -1.386294 -1.386294
 -1.386294 -1.386294 -1.386294 -1.386294
 -16.091753 -16.091753 -0.000000 -16.091753
 -1.386294 -1.386294 -1.386294 -1.386294
 -1.386294 -1.386294 -1.386294 -1.386294
 -1.386294 -1.386294 -1.386294 -1.386294
 -1.386294 -1.386294 -1.386294 -1.386294
 -1.386294 -1.386294 -1.386294 -1.386294
 -1.085354 -1.831555 -1.998609 -1.003676
 -1.386294 -1.386294 -1.386294 -1.386294
 -0.727154 -2.330320 -2.011867 -1.252763
 -0.972319 -1.871801 -1.682559 -1.265667
 -0.875470 -2.049586 -2.174748 -1.076140
 -1.313388 -2.140065 -1.888751 -0.771791
 -0.804852 -1.833259 -1.736409 -1.528770
 -0.938271 -1.609437 -1.800491 -1.412727
 -0.751136 -1.820331 -1.911303 -1.521839
 -1.433362 -2.091001 -1.826850 -0.740215
