 -1.015231 0.000100 0.000100 0.000100
 -1.696277 0.000100 0.000100 0.000100
 -2.187817 0.000100 0.000100 0.000100
 -1.072492 0.000100 0.000100 0.000100
 -0.767122 -1.900022 -2.616699 -1.161413
 -0.954825 -1.355835 -2.495267 -1.291297
 -1.070910 -1.626435 -1.747795 -1.249958
 -1.421912 -1.605761 -2.006649 -0.859030
 -0.614048 -2.304337 -2.709801 -1.229396
 -1.095339 -1.429852 -2.109392 -1.187713
 -0.961412 -1.498212 -2.302582 -1.223776
 -1.449232 -1.473138 -2.682499 -0.760030
 -0.698135 -2.045208 -2.376564 -1.272019
 -1.003925 -1.307306 -2.418655 -1.294727
 -0.927988 -1.563975 -1.969438 -1.363305
 -1.377453 -1.768931 -1.976570 -0.823892
 -0.585789 -2.177421 -2.813409 -1.309333
 -1.009817 -1.574346 -2.233590 -1.134980
 -0.933289 -1.814487 -2.090739 -1.138733
 -1.351008 -1.636259 -2.066295 -0.868311
 -0.664027 -2.189478 -2.291756 -1.301359
 -1.170933 -1.409825 -2.374903 -1.042101
 -1.000375 -1.676128 -2.098984 -1.131403
 -1.244324 -1.797425 -2.446119 -0.777594
 -0.688328 -2.100597 -2.602688 -1.200223
 -1.018570 -1.540445 -2.584986 -1.052093
 -0.926080 -1.858897 -2.328898 -1.047969
 -1.259033 -1.693208 -2.320602 -0.834876
 -0.691544 -1.859835 -2.796958 -1.264063
 -0.914348 -1.597832 -2.604633 -1.130236
 -0.993253 -1.769779 -2.420363 -0.993253
 -1.102115 -1.849329 -2.793789 -0.800063
 -0.679501 -2.030287 -2.655992 -1.232362
 -1.137528 -1.474000 -3.003389 -0.914385
 -0.930820 -1.599868 -2.447159 -1.147884
 -1.301642 -1.743474 -2.488445 -0.755098
 -15.625438 -0.423633 -1.063239 -15.625438
 -14.793839 -0.300294 -1.349390 -14.793839
 -13.955276 -0.468268 -0.983733 -13.955276
 -15.598903 -0.480479 -0.963612 -15.598903
 -1.386294 -1.386294 -1.386294 -1.386294
 -0.737511 -1.645770 -2.613353 -1.364357
 -0.726422 -1.832581 -2.908718 -1.197931
 -1.386294 -1.386294 -1.386294 -1.386294
 -0.632060 -2.331881 -2.665653 -1.197867
 -1.037988 -1.428854 -2.527463 -1.119666
 -0.834799 -2.024378 -2.024378 -1.197704
 -1.016252 -1.891720 -2.402545 -0.924445
 -0.711653 -2.097947 -2.593562 -1.165693
 -0.983837 -1.395344 -2.311632 -1.275543
 -1.196251 -1.864078 -2.374901 -0.799371
 -1.423013 -1.622809 -2.224148 -0.790737
 -0.793495 -1.997467 -2.780997 -1.049583
 -1.072637 -1.576163 -2.325397 -1.040202
 -0.944463 -1.673975 -2.772580 -1.018570
 -1.352393 -1.738055 -2.392735 -0.746257
 -0.705570 -2.106252 -3.082260 -1.082864
 -1.047131 -1.485385 -2.360852 -1.113822
 -0.733971 -2.055722 -3.218859 -1.044125
 -1.633535 -1.754372 -2.197224 -0.652707
 -0.779505 -1.809908 -2.988561 -1.116762
 -0.932165 -1.442990 -2.829279 -1.167887
 -1.029620 -2.003066 -3.449966 -0.741939
 -1.595708 -1.415915 -2.740838 -0.713319
 -0.674525 -1.857802 -3.504049 -1.189047
 -0.796465 -1.628014 -3.147834 -1.171777
 -0.877720 -2.696865 -3.102321 -0.750969
 -1.355523 -1.742969 -2.529641 -0.718465
 -0.686717 -2.286584 -3.210840 -1.036092
 -0.623904 -2.145741 -2.635287 -1.289270
 -0.916292 -1.877699 -3.344010 -0.887305
 -1.277375 -2.473624 -2.313994 -0.619734
 -0.693147 -2.995730 -3.927283 -0.843266
 -0.879250 -2.671002 -2.360850 -0.864213
 -1.044546 -2.890359 -2.736210 -0.639082
 -1.461802 -2.754568 -2.621037 -0.459154
 -15.585366 -15.585366 -15.585366 -0.000001
 -13.732133 -13.732133 -13.732133 -0.000003
 -13.629186 -13.629186 -13.629186 -0.000004
 -15.925724 -15.925724 -15.925724 -0.000000
 -1.386294 -1.386294 -1.386294 -1.386294
 -1.386294 -1.386294 -1.386294 -1.386294
 -1.386294 -1.386294 -1.386294 -1.386294
 -16.579941 -16.579941 -16.579941 -0.000000
 -1.386294 -1.386294 -1.386294 -1.386294
 -1.386294 -1.386294 -1.386294 -1.386294
 -1.386294 -1.386294 -1.386294 -1.386294
 -16.579941 -16.579941 -16.579941 -0.000000
 -1.386294 -1.386294 -1.386294 -1.386294
 -1.386294 -1.386294 -1.386294 -1.386294
 -1.386294 -1.386294 -1.386294 -1.386294
 -16.579941 -0.000000 -16.579941 -16.579941
 -1.386294 -1.386294 -1.386294 -1.386294
 -16.579941 -0.000000 -16.579941 -16.579941
 -1.386294 -1.386294 -1.386294 -1.386294
 -1.386294 -1.386294 -1.386294 -1.386294
 -1.386294 -1.386294 -1.386294 -1.386294
 -0.000000 -16.579941 -16.579941 -16.579941
 -1.386294 -1.386294 -1.386294 -1.386294
 -1.386294 -1.386294 -1.386294 -1.386294
 -16.579941 -16.579941 -0.000000 -16.579941
 -1.386294 -1.386294 -1.386294 -1.386294
 -1.386294 -1.386294 -1.386294 -1.386294
 -1.386294 -1.386294 -1.386294 -1.386294
 -1.386294 -1.386294 -1.386294 -1.386294
 -1.386294 -1.386294 -1.386294 -1.386294
 -0.769730 -1.778614 -1.329346 -2.269734
 -1.386294 -1.386294 -1.386294 -1.386294
 -1.062536 -1.709521 -2.309410 -0.983100
 -1.300528 -1.678963 -2.332888 -0.811864
 -1.165058 -1.435084 -2.543745 -0.990399
 -1.698668 -1.698668 -1.148623 -1.148623
 -0.787638 -1.605348 -2.079441 -1.517486
 -0.975519 -1.556548 -1.651858 -1.512097
 -1.025282 -1.343735 -1.718427 -1.604017
 -1.579976 -1.270359 -1.556070 -1.196251
 -1.205720 0.000100 0.000100 0.000100
 -1.674325 0.000100 0.000100 0.000100
 -1.767961 0.000100 0.000100 0.000100
 -1.071751 0.000100 0.000100 0.000100
 -0.803962 -1.918321 -1.894791 -1.365532
 -0.883322 -1.753398 -1.690877 -1.473814
 -0.966617 -1.761545 -1.726453 -1.309561
 -1.898139 -1.485895 -1.712422 -0.813227
 -0.975519 -1.720851 -1.738869 -1.315387
 -1.070442 -1.527200 -2.073741 -1.157453
 -1.022330 -1.804028 -1.804028 -1.168041
 -1.706399 -1.494225 -1.885091 -0.815894
 -0.914580 -1.687769 -1.987873 -1.282305
 -1.147403 -1.686398 -1.840548 -1.082865
 -0.950193 -1.752538 -1.752538 -1.321756
 -1.773410 -1.463255 -1.791759 -0.839102
 -0.969401 -1.819733 -1.680896 -1.300433
 -1.057370 -1.636106 -1.813036 -1.221673
 -1.139435 -1.544899 -1.576648 -1.347074
 -1.624942 -1.672951 -1.549718 -0.908628
 -1.098613 -1.673976 -1.856297 -1.130361
 -1.081806 -1.414950 -1.843944 -1.347508
 -1.061473 -1.582769 -1.665007 -1.349155
 -1.609438 -1.712978 -1.515619 -0.916291
 -0.884765 -1.788206 -1.668062 -1.463967
 -1.276732 -1.239691 -1.720663 -1.375823
 -1.336145 -1.194494 -2.274411 -1.104344
 -1.782097 -1.672898 -1.622467 -0.806088
 -1.022901 -1.780585 -1.758607 -1.205222
 -1.300849 -1.156600 -1.805943 -1.391000
 -1.180163 -1.678000 -1.646251 -1.160745
 -1.883193 -1.470661 -1.672898 -0.842993
 -1.110589 -1.700787 -1.745239 -1.159982
 -1.131870 -1.782456 -1.537334 -1.222842
 -1.081221 -1.478102 -1.922786 -1.249844
 -1.933409 -1.791759 -1.444563 -0.792239
 -14.755520 -0.732994 -0.654829 -14.755520
 -14.369398 -0.704709 -0.681720 -14.369398
 -14.457367 -0.672314 -0.714426 -14.457367
 -15.024472 -0.751536 -0.637981 -15.024472
 -1.386294 -1.386294 -1.386294 -1.386294
 -0.930399 -1.757857 -1.905777 -1.257083
 -0.976089 -1.642567 -1.753792 -1.360162
 -1.386294 -1.386294 -1.386294 -1.386294
 -0.802138 -1.847639 -1.919098 -1.397223
 -0.902107 -1.699049 -2.220344 -1.194494
 -1.047969 -1.571216 -1.669656 -1.373391
 -1.815289 -1.746296 -1.681758 -0.740776
 -0.907296 -1.834842 -1.678000 -1.386294
 -1.074943 -1.652257 -1.750697 -1.226174
 -0.985284 -1.875139 -1.321756 -1.576648
 -1.629240 -1.612711 -2.060022 -0.739979
 -1.035500 -1.920184 -1.876699 -1.063409
 -1.238079 -1.279751 -1.762602 -1.345709
 -1.165507 -1.639290 -1.839960 -1.092748
 -1.883193 -1.690289 -1.782097 -0.702904
 -0.988612 -1.864079 -1.839387 -1.158511
 -0.860202 -1.738270 -1.707498 -1.515127
 -1.193278 -1.459906 -1.785327 -1.214784
 -1.808566 -1.568616 -1.364316 -0.988265
 -0.949081 -1.679968 -1.967649 -1.249185
 -1.019832 -1.297463 -1.877280 -1.545924
 -1.067841 -1.702147 -1.702147 -1.232144
 -1.548227 -1.350402 -1.900447 -0.970912
 -0.946344 -1.691676 -1.805004 -1.335001
 -0.904731 -1.609437 -1.787118 -1.478818
 -0.896089 -1.556445 -1.899388 -1.464072
 -1.322621 -1.641075 -1.837785 -0.965947
 -0.871967 -1.757273 -1.809458 -1.403994
 -0.869039 -1.824548 -1.699385 -1.441557
 -0.959416 -1.741115 -1.741115 -1.323381
 -1.677646 -1.871801 -1.717651 -0.734275
 -0.965837 -2.218598 -1.776766 -1.074731
 -0.903713 -3.270821 -1.596859 -1.037244
 -1.104655 -2.020943 -2.067463 -0.892481
 -1.469676 -2.445683 -1.609438 -0.727049
 -14.959735 -14.959735 -14.959735 -0.000001
 -13.710155 -13.710155 -13.710155 -0.000003
 -14.340241 -14.340241 -14.340241 -0.000002
 -15.155762 -15.155762 -15.155762 -0.000001
 -1.386294 -1.386294 -1.386294 -1.386294
 -1.386294 -1.386294 -1.386294 -1.386294
 -1.386294 -1.386294 -1.386294 -1.386294
 -16.072052 -16.072052 -16.072052 -0.000000
 -1.386294 -1.386294 -1.386294 -1.386294
 -1.386294 -1.386294 -1.386294 -1.386294
 -1.386294 -1.386294 -1.386294 -1.386294
 -16.072052 -16.072052 -16.072052 -0.000000
 -1.386294 -1.386294 -1.386294 -1.386294
 -1.386294 -1.386294 -1.386294 -1.386294
 -1.386294 -1.386294 -1.386294 -1.386294
 -16.072052 -0.000000 -16.072052 -16.072052
 -1.386294 -1.386294 -1.386294 -1.386294
 -16.072052 -0.000000 -16.072052 -16.072052
 -1.386294 -1.386294 -1.386294 -1.386294
 -1.386294 -1.386294 -1.386294 -1.386294
 -1.386294 -1.386294 -1.386294 -1.386294
 -0.000000 -16.072052 -16.072052 -16.072052
 -1.386294 -1.386294 -1.386294 -1.386294
 -1.386294 -1.386294 -1.386294 -1.386294
 -16.072052 -16.072052 -0.000000 -16.072052
 -1.386294 -1.386294 -1.386294 -1.386294
 -1.386294 -1.386294 -1.386294 -1.386294
 -1.386294 -1.386294 -1.386294 -1.386294
 -1.386294 -1.386294 -1.386294 -1.386294
 -1.386294 -1.386294 -1.386294 -1.386294
 -1.041628 -1.588712 -1.927237 -1.212737
 -1.386294 -1.386294 -1.386294 -1.386294
 -0.666792 -2.182495 -2.013419 -1.425634
 -0.982541 -1.807263 -2.181955 -1.053492
 -1.063274 -1.990033 -2.369520 -0.856938
 -1.554629 -1.736951 -1.641641 -0.869851
 -0.687514 -2.131626 -1.774952 -1.565232
 -0.744821 -2.369520 -1.756419 -1.350955
 -1.034075 -1.769779 -1.573070 -1.321756
 -1.433251 -1.782626 -1.679086 -0.899612
