 -1.056473 0.000100 0.000100 0.000100
 -1.819719 0.000100 0.000100 0.000100
 -2.204649 0.000100 0.000100 0.000100
 -0.967690 0.000100 0.000100 0.000100
 -0.771580 -2.058387 -2.534469 -1.106380
 -1.128088 -1.572774 -2.188958 -1.030450
 -1.039424 -1.634130 -2.327274 -1.039424
 -1.446477 -1.837016 -2.193690 -0.705614
 -0.677522 -2.119607 -2.423817 -1.260668
 -0.857151 -1.665608 -2.336774 -1.238164
 -0.912896 -1.812377 -2.100058 -1.161792
 -1.317975 -1.920971 -2.056145 -0.781078
 -0.627743 -2.387549 -2.387549 -1.264092
 -0.902561 -1.691017 -2.288852 -1.175205
 -0.824917 -1.868719 -2.522642 -1.117305
 -1.462578 -1.669592 -2.382940 -0.717934
 -0.706800 -2.252987 -2.391137 -1.170637
 -0.907159 -1.623294 -2.440053 -1.164988
 -0.809108 -1.701104 -2.522079 -1.231102
 -1.404917 -1.603918 -2.120878 -0.835681
 -0.809622 -2.033397 -2.713298 -1.027876
 -0.943865 -1.715263 -2.480728 -1.057623
 -0.960896 -1.868450 -2.170730 -1.052703
 -1.268089 -1.743512 -2.458637 -0.780505
 -0.793897 -2.125702 -2.531167 -1.052668
 -0.886691 -1.924677 -2.315542 -1.069012
 -1.049823 -1.696448 -1.742968 -1.232144
 -1.367538 -1.790039 -2.175095 -0.766329
 -0.660117 -2.189789 -2.412932 -1.266854
 -0.824724 -2.056865 -2.555854 -1.032363
 -1.011602 -1.635754 -2.146578 -1.124930
 -1.235610 -1.668226 -2.154880 -0.904253
 -0.620476 -2.157810 -2.836567 -1.244423
 -0.724470 -1.761388 -2.429214 -1.364507
 -0.805944 -1.966111 -3.401180 -0.967585
 -1.009167 -1.833556 -2.129401 -1.030790
 -0.615916 -2.159970 -2.658216 -1.292977
 -0.726886 -1.714271 -2.518641 -1.362874
 -0.825500 -2.156729 -2.397889 -1.034591
 -0.895238 -1.918625 -2.415061 -1.034739
 -0.642831 -2.075266 -3.109337 -1.190581
 -0.606971 -2.002479 -2.162821 -1.584745
 -0.819442 -1.592630 -2.824764 -1.215337
 -0.909676 -2.036144 -2.242480 -1.019932
 -0.665748 -2.124903 -2.995730 -1.149906
 -0.733970 -2.302582 -3.218865 -0.967585
 -1.089563 -1.992427 -2.061419 -0.916292
 -1.154870 -2.047145 -2.296041 -0.787146
 -0.778614 -2.017998 -2.521101 -1.115760
 -1.034074 -2.101912 -2.148432 -0.902498
 -0.980831 -2.341799 -1.811176 -1.006806
 -1.408113 -2.016702 -2.116075 -0.689557
 -0.868034 -1.953400 -2.787624 -0.975867
 -0.926763 -1.593933 -2.261760 -1.214444
 -1.185045 -2.491291 -2.348191 -0.661798
 -1.509908 -1.867658 -2.180749 -0.670158
 -0.788873 -2.306742 -2.514381 -1.007460
 -1.080675 -1.996964 -2.353637 -0.844287
 -1.249094 -2.347701 -2.204601 -0.678550
 -1.504077 -1.920013 -2.019543 -0.696239
 -0.746982 -2.429845 -2.641154 -1.002731
 -1.131403 -1.642227 -2.660792 -0.881942
 -0.832910 -2.683502 -2.516450 -0.876713
 -1.576794 -1.922064 -2.090055 -0.647451
 -0.651433 -2.026121 -2.734771 -1.266035
 -0.856300 -1.562185 -2.740834 -1.200395
 -0.736321 -1.864783 -2.758594 -1.194627
 -1.407539 -1.689105 -2.342406 -0.745548
 -0.535225 -2.408532 -2.785009 -1.336413
 -0.963577 -2.020944 -2.472927 -0.912283
 -0.791884 -2.123113 -2.123113 -1.178656
 -1.419325 -1.763287 -2.239626 -0.733669
 -15.630336 -0.000001 -15.630336 -15.630336
 -14.473033 -0.000002 -14.473033 -14.473033
 -14.070156 -0.000002 -14.070156 -14.070156
 -15.522076 -0.000001 -15.522076 -15.522076
 -1.386294 -1.386294 -1.386294 -1.386294
 -0.000000 -16.514856 -16.514856 -16.514856
 -1.386294 -1.386294 -1.386294 -1.386294
 -1.386294 -1.386294 -1.386294 -1.386294
 -16.514856 -16.514856 -16.514856 -0.000000
 -1.386294 -1.386294 -1.386294 -1.386294
 -1.386294 -1.386294 -1.386294 -1.386294
 -1.386294 -1.386294 -1.386294 -1.386294
 -1.386294 -1.386294 -1.386294 -1.386294
 -1.386294 -1.386294 -1.386294 -1.386294
 -1.386294 -1.386294 -1.386294 -1.386294
 -16.514856 -16.514856 -16.514856 -0.000000
 -1.386294 -1.386294 -1.386294 -1.386294
 -1.386294 -1.386294 -1.386294 -1.386294
 -1.386294 -1.386294 -1.386294 -1.386294
 -16.514856 -16.514856 -16.514856 -0.000000
 -1.386294 -1.386294 -1.386294 -1.386294
 -1.386294 -1.386294 -1.386294 -1.386294
 -1.386294 -1.386294 -1.386294 -1.386294
 -16.514856 -0.000000 -16.514856 -16.514856
 -1.386294 -1.386294 -1.386294 -1.386294
 -0.000000 -16.514856 -16.514856 -16.514856
 -1.386294 -1.386294 -1.386294 -1.386294
 -1.386294 -1.386294 -1.386294 -1.386294
 -16.514856 -16.514856 -0.000000 -16.514856
 -1.386294 -1.386294 -1.386294 -1.386294
 -1.386294 -1.386294 -1.386294 -1.386294
 -1.386294 -1.386294 -1.386294 -1.386294
 -1.386294 -1.386294 -1.386294 -1.386294
 -1.386294 -1.386294 -1.386294 -1.386294
 -0.798732 -1.870794 -1.369622 -1.952658
 -1.386294 -1.386294 -1.386294 -1.386294
 -1.041952 -1.796254 -1.900613 -1.103107
 -1.322848 -1.339378 -2.298225 -0.991071
 -0.993252 -1.630829 -1.964601 -1.225364
 -1.688296 -1.740939 -1.362874 -0.957410
 -1.047424 -1.570298 -1.888751 -1.238164
 -1.007179 -1.690663 -1.634573 -1.365241
 -1.081371 -1.430746 -1.800492 -1.360542
 -1.607436 -1.494107 -1.314766 -1.182168
 -1.213023 0.000100 0.000100 0.000100
 -1.872647 0.000100 0.000100 0.000100
 -1.808795 0.000100 0.000100 0.000100
 -0.954161 0.000100 0.000100 0.000100
 -0.852997 -2.174749 -2.079439 -1.092947
 -0.955513 -1.945907 -1.871799 -1.143565
 -1.019364 -2.272120 -1.578978 -1.108976
 -1.478102 -1.403994 -2.133507 -0.896747
 -0.864364 -2.147707 -1.915907 -1.156070
 -0.881549 -1.650680 -2.030167 -1.337023
 -1.123005 -2.221610 -1.423108 -1.123005
 -1.697730 -1.697730 -1.777772 -0.766173
 -0.804374 -1.951186 -1.988926 -1.295781
 -1.203974 -1.791757 -1.860750 -0.973451
 -0.947383 -2.020015 -1.876915 -1.119233
 -1.677096 -1.810627 -1.581786 -0.812100
 -0.840306 -2.028146 -1.951186 -1.221673
 -0.738612 -1.860750 -1.934857 -1.504077
 -1.193923 -1.822529 -1.704747 -1.039773
 -1.600092 -1.577102 -1.895555 -0.817998
 -0.957534 -1.956061 -1.732918 -1.210730
 -1.011602 -1.887067 -1.376244 -1.459625
 -1.034075 -1.364316 -1.934857 -1.408767
 -1.685423 -1.391184 -1.685423 -0.966302
 -0.860202 -1.802808 -2.068510 -1.252763
 -0.890974 -1.766440 -2.123113 -1.206826
 -0.948331 -1.713796 -1.936939 -1.243795
 -1.515127 -1.490434 -1.738270 -0.969901
 -1.006805 -1.673976 -1.726619 -1.312186
 -0.859384 -1.618487 -2.311629 -1.275543
 -1.008666 -1.351609 -1.957741 -1.446919
 -1.572880 -1.475242 -1.835243 -0.905709
 -0.931958 -2.266955 -1.549118 -1.237339
 -1.280934 -1.945908 -1.617405 -0.965082
 -1.098613 -1.791757 -2.302578 -0.916292
 -1.495914 -1.520606 -2.118441 -0.827460
 -0.873274 -1.945909 -1.871801 -1.252763
 -1.036093 -2.134699 -1.760009 -1.036093
 -0.790523 -1.866658 -1.741496 -1.530188
 -1.266493 -1.730065 -1.838278 -0.962811
 -0.816762 -1.936649 -2.074799 -1.243504
 -0.927342 -1.620487 -1.945907 -1.332806
 -0.980831 -1.999395 -1.619908 -1.232144
 -1.485824 -1.663504 -1.663504 -0.929537
 -0.881200 -1.945909 -2.089009 -1.142415
 -1.150981 -1.694594 -2.187067 -0.947383
 -0.998530 -1.558144 -1.609437 -1.509354
 -1.658227 -1.630828 -1.909541 -0.764411
 -0.822907 -1.807759 -2.246012 -1.234414
 -1.016375 -1.518466 -1.945907 -1.286665
 -1.386294 -1.486377 -1.435084 -1.252764
 -1.810627 -1.604775 -1.728389 -0.781009
 -1.098613 -1.742162 -1.998094 -1.033016
 -1.170072 -1.757856 -1.863216 -1.015922
 -0.869040 -2.047689 -1.699385 -1.313724
 -1.614304 -1.357584 -1.995670 -0.897060
 -1.005904 -1.797489 -2.029290 -1.087249
 -1.198243 -1.757856 -1.863216 -0.992391
 -1.031922 -1.826848 -1.632694 -1.247033
 -1.728389 -2.147098 -1.453953 -0.750856
 -0.904457 -1.988468 -1.627456 -1.339774
 -0.980831 -1.586964 -1.992426 -1.258461
 -1.185624 -1.848916 -1.349927 -1.280934
 -1.622683 -1.478102 -1.691675 -0.940710
 -0.982694 -1.855180 -1.891547 -1.144335
 -1.404643 -1.564985 -1.655957 -1.036920
 -0.938271 -1.377636 -2.260020 -1.377636
 -1.475242 -1.386294 -1.835243 -1.016935
 -0.726671 -2.259565 -1.620487 -1.540445
 -1.130616 -1.410200 -2.359275 -1.082988
 -0.888893 -2.101910 -1.504077 -1.408767
 -1.796953 -1.625103 -1.828702 -0.740903
 -14.498610 -0.000002 -14.498610 -14.498610
 -13.805464 -0.000003 -13.805464 -13.805464
 -13.805464 -0.000003 -13.805464 -13.805464
 -14.488457 -0.000002 -14.488457 -14.488457
 -1.386294 -1.386294 -1.386294 -1.386294
 -0.000001 -15.593848 -15.593848 -15.593848
 -1.386294 -1.386294 -1.386294 -1.386294
 -1.386294 -1.386294 -1.386294 -1.386294
 -15.593848 -15.593848 -15.593848 -0.000001
 -1.386294 -1.386294 -1.386294 -1.386294
 -1.386294 -1.386294 -1.386294 -1.386294
 -1.386294 -1.386294 -1.386294 -1.386294
 -1.386294 -1.386294 -1.386294 -1.386294
 -1.386294 -1.386294 -1.386294 -1.386294
 -1.386294 -1.386294 -1.386294 -1.386294
 -15.593848 -15.593848 -15.593848 -0.000001
 -1.386294 -1.386294 -1.386294 -1.386294
 -1.386294 -1.386294 -1.386294 -1.386294
 -1.386294 -1.386294 -1.386294 -1.386294
 -15.593848 -15.593848 -15.593848 -0.000001
 -1.386294 -1.386294 -1.386294 -1.386294
 -1.386294 -1.386294 -1.386294 -1.386294
 -1.386294 -1.386294 -1.386294 -1.386294
 -15.593848 -0.000001 -15.593848 -15.593848
 -1.386294 -1.386294 -1.386294 -1.386294
 -0.000001 -15.593848 -15.593848 -15.593848
 -1.386294 -1.386294 -1.386294 -1.386294
 -1.386294 -1.386294 -1.386294 -1.386294
 -15.593848 -15.593848 -0.000001 -15.593848
 -1.386294 -1.386294 -1.386294 -1.386294
 -1.386294 -1.386294 -1.386294 -1.386294
 -1.386294 -1.386294 -1.386294 -1.386294
 -1.386294 -1.386294 -1.386294 -1.386294
 -1.386294 -1.386294 -1.386294 -1.386294
 -0.941089 -1.629916 -1.989057 -1.283640
 -1.386294 -1.386294 -1.386294 -1.386294
 -0.769590 -1.916056 -2.041219 -1.348073
 -1.170072 -1.575536 -1.863216 -1.116005
 -1.504077 -1.686397 -1.686397 -0.897943
 -1.462280 -1.698668 -1.603358 -0.956733
 -0.936597 -1.997466 -1.926008 -1.118918
 -0.683487 -1.862138 -1.590206 -1.995668
 -0.850778 -1.731133 -1.856295 -1.428854
 -1.604296 -1.900561 -1.604296 -0.801951
