 -1.128989 0.000100 0.000100 0.000100
 -1.869503 0.000100 0.000100 0.000100
 -2.005169 0.000100 0.000100 0.000100
 -0.947260 0.000100 0.000100 0.000100
 -0.770821 -2.111993 -2.342515 -1.138545
 -0.966015 -2.258778 -2.189786 -0.908857
 -0.912028 -1.626679 -2.816253 -1.073295
 -1.543417 -1.948881 -1.868838 -0.714138
 -0.740938 -2.238045 -2.148433 -1.203973
 -0.994935 -2.140062 -1.945908 -0.994935
 -0.830933 -1.479626 -2.823348 -1.282916
 -1.412421 -1.711937 -2.271551 -0.749127
 -0.649797 -2.118155 -2.321753 -1.349023
 -0.875470 -1.704747 -2.243741 -1.219241
 -0.932378 -2.346063 -2.145395 -0.932378
 -1.472472 -1.939812 -2.206440 -0.660062
 -0.687142 -1.913314 -2.403935 -1.350788
 -0.942044 -1.438480 -2.205731 -1.336698
 -0.832911 -1.813736 -2.442339 -1.154494
 -1.335613 -1.838716 -2.005769 -0.813227
 -0.757096 -2.162437 -2.215080 -1.181609
 -0.842680 -1.673975 -2.261759 -1.280934
 -0.864999 -2.356645 -1.988924 -1.057371
 -1.266604 -1.935653 -2.146961 -0.782975
 -0.813850 -1.987582 -2.311368 -1.137250
 -0.850152 -1.989582 -2.123113 -1.151257
 -1.227825 -1.550597 -2.292529 -0.931560
 -1.259236 -1.975371 -1.952382 -0.831298
 -0.754556 -2.209841 -2.432984 -1.101752
 -0.749844 -1.953813 -2.541595 -1.180626
 -0.961412 -1.580450 -2.833200 -1.041455
 -1.176322 -1.746089 -2.216091 -0.896244
 -0.594708 -2.138629 -2.484904 -1.397855
 -0.773191 -2.034318 -2.670302 -1.083346
 -0.758532 -1.971549 -2.983134 -1.073612
 -1.108274 -2.029430 -2.005332 -0.906722
 -0.550727 -2.187071 -2.752383 -1.396551
 -0.622945 -2.397889 -2.621030 -1.203973
 -0.875471 -2.032917 -2.351367 -1.029621
 -0.972619 -2.313240 -2.211458 -0.883274
 -0.588724 -2.228141 -2.760944 -1.294610
 -0.543618 -2.047689 -2.923146 -1.441557
 -0.613107 -2.667214 -2.890352 -1.098614
 -1.018848 -2.068668 -2.158280 -0.923538
 -0.612747 -2.326114 -2.805686 -1.203973
 -0.713768 -2.020015 -2.387736 -1.252764
 -0.664163 -2.833194 -2.427737 -1.084015
 -1.109663 -2.277265 -2.143734 -0.797288
 -0.612726 -2.268682 -2.395433 -1.333524
 -0.882391 -1.632694 -2.519988 -1.170072
 -0.994624 -1.725508 -2.498689 -0.994624
 -1.181134 -2.217224 -2.187371 -0.750889
 -0.677316 -2.403227 -2.562291 -1.125568
 -0.990400 -1.562917 -2.456728 -1.098613
 -1.172721 -1.945907 -2.484897 -0.767257
 -1.454348 -1.845826 -2.133507 -0.713082
 -0.740105 -2.263598 -2.794224 -1.027786
 -0.783300 -2.355689 -2.556358 -0.992391
 -1.062246 -2.091859 -1.829497 -0.993253
 -1.499739 -1.993396 -2.036881 -0.673061
 -0.712441 -2.491294 -2.976799 -0.978709
 -1.041455 -1.580450 -2.833200 -0.961412
 -0.939549 -1.826848 -2.856455 -0.939549
 -1.436725 -1.712978 -2.031431 -0.796688
 -0.841954 -2.274055 -2.338593 -0.994861
 -1.037526 -2.205126 -2.136133 -0.873896
 -1.021653 -1.919589 -2.238039 -0.950194
 -1.557442 -1.584471 -2.237343 -0.739133
 -1.433662 -1.949474 -2.930299 -0.569451
 -2.094943 -1.689480 -2.670302 -0.473087
 -1.178656 -2.208269 -2.431410 -0.704199
 -2.573155 -1.762227 -2.439624 -0.408194
 -14.144817 -14.144817 -0.000002 -14.144817
 -14.130324 -14.130324 -0.000002 -14.130324
 -13.369229 -13.369229 -0.000005 -13.369229
 -15.481330 -15.481330 -0.000001 -15.481330
 -1.386294 -1.386294 -1.386294 -1.386294
 -1.386294 -1.386294 -1.386294 -1.386294
 -0.000000 -15.977684 -15.977684 -15.977684
 -1.386294 -1.386294 -1.386294 -1.386294
 -15.977684 -15.977684 -15.977684 -0.000000
 -1.386294 -1.386294 -1.386294 -1.386294
 -1.386294 -1.386294 -1.386294 -1.386294
 -1.386294 -1.386294 -1.386294 -1.386294
 -1.386294 -1.386294 -1.386294 -1.386294
 -1.386294 -1.386294 -1.386294 -1.386294
 -1.386294 -1.386294 -1.386294 -1.386294
 -15.977684 -15.977684 -15.977684 -0.000000
 -1.386294 -1.386294 -1.386294 -1.386294
 -1.386294 -1.386294 -1.386294 -1.386294
 -1.386294 -1.386294 -1.386294 -1.386294
 -15.977684 -15.977684 -15.977684 -0.000000
 -1.386294 -1.386294 -1.386294 -1.386294
 -1.386294 -1.386294 -1.386294 -1.386294
 -1.386294 -1.386294 -1.386294 -1.386294
 -15.977684 -0.000000 -15.977684 -15.977684
 -1.386294 -1.386294 -1.386294 -1.386294
 -0.000000 -15.977684 -15.977684 -15.977684
 -1.386294 -1.386294 -1.386294 -1.386294
 -1.386294 -1.386294 -1.386294 -1.386294
 -15.977684 -15.977684 -0.000000 -15.977684
 -1.386294 -1.386294 -1.386294 -1.386294
 -1.386294 -1.386294 -1.386294 -1.386294
 -1.386294 -1.386294 -1.386294 -1.386294
 -1.386294 -1.386294 -1.386294 -1.386294
 -1.386294 -1.386294 -1.386294 -1.386294
 -0.696606 -2.066862 -1.351243 -2.152222
 -1.386294 -1.386294 -1.386294 -1.386294
 -1.087131 -1.651897 -1.822242 -1.172898
 -1.116962 -1.704747 -2.302580 -0.939282
 -1.085368 -1.587459 -2.048803 -1.112036
 -1.479626 -1.724747 -1.570597 -0.951560
 -0.876181 -1.706529 -1.746534 -1.479471
 -0.827535 -1.684006 -1.982498 -1.429114
 -1.091008 -1.617100 -1.879463 -1.161626
 -1.718637 -1.407201 -1.592343 -0.987750
 -1.122893 0.000100 0.000100 0.000100
 -1.706999 0.000100 0.000100 0.000100
 -1.848829 0.000100 0.000100 0.000100
 -1.091144 0.000100 0.000100 0.000100
 -0.949081 -1.796378 -2.012600 -1.160390
 -0.945644 -1.905417 -1.704747 -1.269430
 -0.965082 -1.658227 -1.475906 -1.609437
 -2.153548 -1.774059 -1.627456 -0.658057
 -0.840553 -1.987365 -1.849215 -1.294220
 -1.134981 -1.673975 -1.828125 -1.107582
 -1.223776 -1.521026 -1.446919 -1.377926
 -1.787583 -1.626315 -1.469130 -0.901753
 -0.908668 -2.059237 -1.751753 -1.217672
 -0.989129 -1.537694 -1.704747 -1.463586
 -1.098613 -1.448815 -1.791758 -1.327454
 -1.600305 -1.858133 -1.359143 -0.953679
 -0.802710 -2.265541 -1.801237 -1.262242
 -0.992391 -1.920374 -1.809149 -1.142673
 -0.890508 -1.762344 -1.678963 -1.463852
 -1.634130 -1.516347 -1.538820 -0.992277
 -1.020222 -2.118832 -1.737466 -1.069012
 -1.035244 -1.782455 -1.340624 -1.537334
 -1.174599 -1.346449 -1.767660 -1.346449
 -1.629240 -1.762771 -1.556920 -0.863773
 -1.064211 -1.771956 -1.537117 -1.309333
 -1.172040 -1.782947 -1.549333 -1.172040
 -1.558144 -1.393842 -1.393842 -1.226788
 -1.636962 -1.613973 -1.390830 -1.028715
 -1.087249 -2.029290 -1.293585 -1.358124
 -0.975715 -1.500238 -1.341174 -1.977160
 -1.073134 -1.517064 -1.676128 -1.379864
 -1.619146 -1.669157 -1.420696 -0.988914
 -0.913819 -1.619388 -1.940970 -1.357024
 -0.957114 -1.832580 -1.609437 -1.362578
 -1.074072 -1.749199 -1.615668 -1.252763
 -1.358745 -1.855180 -1.690877 -0.910721
 -0.813107 -2.105873 -1.700409 -1.377636
 -1.116005 -2.114529 -1.386294 -1.198243
 -0.928977 -2.214170 -1.945908 -1.041455
 -1.501605 -1.842531 -1.752919 -0.808459
 -0.872027 -2.012749 -1.640074 -1.369200
 -1.133705 -1.521469 -1.632694 -1.330414
 -0.880360 -2.327273 -1.554087 -1.285824
 -1.860751 -1.524280 -1.982112 -0.715621
 -0.756739 -2.260813 -1.886121 -1.291415
 -1.098613 -2.070469 -1.451433 -1.183170
 -1.065552 -1.888750 -1.834683 -1.065552
 -1.636345 -1.706962 -1.865186 -0.757097
 -0.734724 -1.932425 -1.901654 -1.486140
 -1.088142 -1.335001 -2.155977 -1.258041
 -0.957300 -1.422662 -1.828125 -1.540444
 -1.525220 -1.892944 -1.715263 -0.794333
 -1.146974 -1.954530 -1.867518 -0.951229
 -1.026293 -1.742968 -1.609437 -1.321756
 -1.016375 -1.820745 -1.609437 -1.286665
 -1.758814 -1.678772 -1.492186 -0.876427
 -0.921541 -1.818285 -1.818285 -1.281982
 -0.711498 -2.135527 -1.992427 -1.368276
 -1.163151 -1.450833 -1.593933 -1.386294
 -1.758698 -1.711070 -1.540445 -0.837542
 -1.308807 -1.796509 -1.480657 -1.089179
 -1.000975 -1.543298 -1.504077 -1.626679
 -1.410987 -1.285824 -1.593308 -1.285824
 -1.791759 -1.463255 -1.661706 -0.886643
 -0.968854 -1.585627 -1.744691 -1.423108
 -0.926763 -1.711716 -1.711716 -1.414465
 -0.971351 -1.683545 -1.683545 -1.386294
 -1.508696 -1.691017 -1.354546 -1.089438
 -1.094098 -1.486140 -1.787244 -1.303818
 -1.225364 -1.435084 -1.700786 -1.252763
 -0.968738 -2.086765 -1.661883 -1.182312
 -1.683125 -1.317666 -1.808288 -0.960992
 -14.493546 -14.493546 -0.000002 -14.493546
 -14.193950 -14.193950 -0.000002 -14.193950
 -13.963934 -13.963934 -0.000003 -13.963934
 -14.547880 -14.547880 -0.000001 -14.547880
 -1.386294 -1.386294 -1.386294 -1.386294
 -1.386294 -1.386294 -1.386294 -1.386294
 -0.000001 -15.713131 -15.713131 -15.713131
 -1.386294 -1.386294 -1.386294 -1.386294
 -15.713131 -15.713131 -15.713131 -0.000000
 -1.386294 -1.386294 -1.386294 -1.386294
 -1.386294 -1.386294 -1.386294 -1.386294
 -1.386294 -1.386294 -1.386294 -1.386294
 -1.386294 -1.386294 -1.386294 -1.386294
 -1.386294 -1.386294 -1.386294 -1.386294
 -1.386294 -1.386294 -1.386294 -1.386294
 -15.713131 -15.713131 -15.713131 -0.000000
 -1.386294 -1.386294 -1.386294 -1.386294
 -1.386294 -1.386294 -1.386294 -1.386294
 -1.386294 -1.386294 -1.386294 -1.386294
 -15.713131 -15.713131 -15.713131 -0.000000
 -1.386294 -1.386294 -1.386294 -1.386294
 -1.386294 -1.386294 -1.386294 -1.386294
 -1.386294 -1.386294 -1.386294 -1.386294
 -15.713131 -0.000001 -15.713131 -15.713131
 -1.386294 -1.386294 -1.386294 -1.386294
 -0.000001 -15.713131 -15.713131 -15.713131
 -1.386294 -1.386294 -1.386294 -1.386294
 -1.386294 -1.386294 -1.386294 -1.386294
 -15.713131 -15.713131 -0.000000 -15.713131
 -1.386294 -1.386294 -1.386294 -1.386294
 -1.386294 -1.386294 -1.386294 -1.386294
 -1.386294 -1.386294 -1.386294 -1.386294
 -1.386294 -1.386294 -1.386294 -1.386294
 -1.386294 -1.386294 -1.386294 -1.386294
 -0.965456 -1.612441 -2.172056 -1.184670
 -1.386294 -1.386294 -1.386294 -1.386294
 -0.792403 -2.359278 -1.926415 -1.180626
 -1.226788 -1.712294 -1.712294 -1.061709
 -1.286211 -1.195240 -2.538962 -1.072638
 -1.629240 -2.060022 -1.446919 -0.818311
 -0.870829 -2.038432 -1.657065 -1.345286
 -0.991193 -1.741496 -1.684338 -1.316615
 -1.081371 -1.377636 -1.609437 -1.566878
 -1.568616 -1.742969 -1.403101 -0.992003
