 -1.038570 0.000100 0.000100 0.000100
 -1.796722 0.000100 0.000100 0.000100
 -2.381528 0.000100 0.000100 0.000100
 -0.947295 0.000100 0.000100 0.000100
 -0.610419 -2.300255 -2.535094 -1.282333
 -0.921279 -1.496642 -2.595250 -1.192431
 -1.134981 -1.540444 -2.772578 -0.911838
 -1.452252 -1.675396 -2.515145 -0.697412
 -0.595661 -2.103698 -2.663312 -1.358366
 -1.007859 -1.537117 -2.465100 -1.093625
 -0.959777 -1.710080 -2.463845 -1.046788
 -1.375460 -1.554339 -2.344859 -0.820783
 -0.757965 -1.838877 -2.673101 -1.192877
 -1.030559 -1.647720 -1.993995 -1.156600
 -1.357024 -1.247825 -1.907068 -1.181134
 -1.415282 -1.763588 -2.233591 -0.736950
 -0.656446 -1.810627 -2.691825 -1.386294
 -0.884686 -1.555853 -2.899582 -1.136000
 -0.778671 -2.239067 -2.501429 -1.042822
 -1.275543 -1.531476 -2.018286 -0.989879
 -0.649403 -1.867745 -2.534915 -1.410987
 -0.950193 -1.678430 -2.280604 -1.125641
 -1.011602 -1.810107 -2.302580 -0.986910
 -1.078046 -1.609438 -2.215572 -1.047969
 -0.623766 -2.085283 -2.660646 -1.309693
 -0.839504 -1.600092 -2.653237 -1.218158
 -0.894786 -1.911716 -2.036879 -1.161414
 -1.082483 -1.691289 -2.414287 -0.947952
 -0.571258 -2.231125 -2.708048 -1.342809
 -0.652326 -1.999397 -2.692540 -1.287204
 -0.957535 -1.956059 -2.397888 -0.957535
 -1.022819 -2.010973 -2.416437 -0.873896
 -0.636181 -2.471206 -3.104928 -1.074761
 -0.943504 -1.912902 -2.231354 -1.033655
 -0.938271 -2.123888 -2.730017 -0.858229
 -1.314747 -1.925656 -2.710608 -0.655502
 -15.436878 -15.436878 -15.436878 -0.000001
 -14.144817 -14.144817 -14.144817 -0.000002
 -13.514411 -13.514411 -13.514411 -0.000004
 -15.410851 -15.410851 -15.410851 -0.000001
 -1.386294 -1.386294 -1.386294 -1.386294
 -1.386294 -1.386294 -1.386294 -1.386294
 -1.386294 -1.386294 -1.386294 -1.386294
 -1.024681 -1.940972 -2.578238 -0.863658
 -0.700068 -1.997808 -2.708048 -1.200149
 -0.896376 -1.495493 -3.213133 -1.116005
 -0.910872 -1.813736 -3.135473 -0.938271
 -1.572930 -1.621249 -2.572806 -0.656640
 -0.652140 -2.112540 -3.068049 -1.165946
 -0.983950 -1.305533 -2.968074 -1.191589
 -1.073612 -1.804496 -2.172217 -0.968252
 -1.597242 -1.738015 -2.637012 -0.597652
 -0.711927 -2.452865 -2.844906 -1.007540
 -1.137642 -1.513693 -2.944432 -0.899684
 -1.021653 -2.014898 -2.120258 -0.950194
 -1.688811 -1.699740 -2.627079 -0.579389
 -0.726441 -2.518198 -2.988200 -0.953499
 -1.104062 -1.343735 -2.506881 -1.120592
 -0.810932 -2.197218 -3.295808 -0.897943
 -1.497734 -1.573720 -2.284565 -0.760843
 -0.609378 -2.050730 -3.130647 -1.258850
 -0.931180 -1.342914 -3.521432 -1.154323
 -0.905710 -1.547562 -2.751523 -1.142098
 -1.449906 -1.645879 -2.583002 -0.699130
 -0.625895 -2.123892 -3.358632 -1.168382
 -0.896313 -1.436880 -2.362646 -1.346729
 -0.852214 -1.734599 -3.120868 -1.041456
 -1.528228 -1.321214 -2.372196 -0.860399
 -0.583504 -2.173893 -3.946951 -1.174372
 -0.595223 -1.882142 -2.853999 -1.432618
 -0.681173 -2.020941 -2.627069 -1.240787
 -1.036309 -1.997203 -2.862198 -0.793231
 -0.129389 -2.542969 -3.152733 -15.581953
 -0.218410 -2.577683 -2.118153 -14.272938
 -0.443936 -1.773064 -1.667704 -13.180640
 -0.388779 -2.118661 -1.599868 -15.241027
 -16.074144 -16.074144 -16.074144 -0.000000
 -13.972518 -13.972518 -13.972518 -0.000003
 -14.137597 -14.137597 -14.137597 -0.000002
 -1.386294 -1.386294 -1.386294 -1.386294
 -1.386294 -1.386294 -1.386294 -1.386294
 -1.386294 -1.386294 -1.386294 -1.386294
 -1.386294 -1.386294 -1.386294 -1.386294
 -16.310368 -16.310368 -16.310368 -0.000000
 -1.386294 -1.386294 -1.386294 -1.386294
 -1.386294 -1.386294 -1.386294 -1.386294
 -1.386294 -1.386294 -1.386294 -1.386294
 -16.310368 -16.310368 -16.310368 -0.000000
 -1.386294 -1.386294 -1.386294 -1.386294
 -1.386294 -1.386294 -1.386294 -1.386294
 -1.386294 -1.386294 -1.386294 -1.386294
 -16.310368 -0.000000 -16.310368 -16.310368
 -1.386294 -1.386294 -1.386294 -1.386294
 -16.310368 -0.000000 -16.310368 -16.310368
 -1.386294 -1.386294 -1.386294 -1.386294
 -1.386294 -1.386294 -1.386294 -1.386294
 -1.386294 -1.386294 -1.386294 -1.386294
 -0.000000 -16.310368 -16.310368 -16.310368
 -1.386294 -1.386294 -1.386294 -1.386294
 -1.386294 -1.386294 -1.386294 -1.386294
 -16.310368 -16.310368 -0.000000 -16.310368
 -1.386294 -1.386294 -1.386294 -1.386294
 -1.386294 -1.386294 -1.386294 -1.386294
 -1.386294 -1.386294 -1.386294 -1.386294
 -1.386294 -1.386294 -1.386294 -1.386294
 -1.386294 -1.386294 -1.386294 -1.386294
 -0.761433 -1.879671 -1.211149 -2.494856
 -1.386294 -1.386294 -1.386294 -1.386294
 -1.162444 -1.733424 -1.994788 -0.982008
 -1.391714 -1.723847 -1.962258 -0.838330
 -1.179348 -1.584813 -2.175305 -0.983604
 -2.302579 -1.469676 -1.139435 -1.049823
 -0.950293 -1.483933 -1.746297 -1.550182
 -1.218572 -1.279196 -1.854559 -1.310945
 -0.965792 -1.145133 -2.605529 -1.481604
 -1.669656 -1.283535 -1.560854 -1.124930
 -1.248242 0.000100 0.000100 0.000100
 -1.674984 0.000100 0.000100 0.000100
 -1.890095 0.000100 0.000100 0.000100
 -0.981837 0.000100 0.000100 0.000100
 -0.864998 -2.111528 -1.845825 -1.203973
 -1.131403 -1.729238 -1.987066 -1.013620
 -1.309334 -1.714797 -1.514127 -1.108664
 -1.581603 -1.621608 -1.902510 -0.803899
 -0.918820 -2.030169 -1.920970 -1.129384
 -1.080914 -1.673975 -1.774058 -1.192139
 -1.367602 -1.718999 -1.527944 -1.052522
 -1.676690 -1.378197 -1.949982 -0.870603
 -1.012918 -1.845825 -1.691675 -1.221673
 -1.023390 -1.450833 -1.856296 -1.386294
 -1.229452 -1.667706 -1.527944 -1.197704
 -1.580450 -1.560247 -1.916921 -0.827881
 -0.830349 -1.977161 -1.717651 -1.401798
 -0.935710 -1.871800 -1.535329 -1.433547
 -0.989719 -1.591893 -1.954796 -1.261652
 -1.698073 -1.499623 -1.583004 -0.945739
 -0.900436 -1.892563 -1.751485 -1.311534
 -1.149906 -1.651996 -1.568615 -1.261132
 -1.164753 -1.272966 -1.783790 -1.427116
 -1.650680 -1.677348 -1.504077 -0.918820
 -0.840784 -1.791759 -1.950823 -1.347828
 -0.900788 -2.143976 -1.450833 -1.418043
 -0.920206 -1.716535 -1.633154 -1.484734
 -1.479626 -1.547067 -1.724748 -0.964463
 -0.914184 -2.135854 -1.804498 -1.150572
 -1.056054 -1.854558 -1.566878 -1.248425
 -1.098613 -1.897118 -1.742968 -1.073921
 -1.583462 -1.845825 -1.609437 -0.828184
 -0.996529 -2.230479 -2.274931 -0.866167
 -1.176000 -1.710080 -2.346063 -0.879735
 -0.953875 -1.808287 -2.239067 -1.066352
 -1.783175 -1.891388 -2.012749 -0.602551
 -14.478201 -14.478201 -14.478201 -0.000002
 -13.764221 -13.764221 -13.764221 -0.000003
 -13.527834 -13.527834 -13.527834 -0.000004
 -14.907435 -14.907435 -14.907435 -0.000001
 -1.386294 -1.386294 -1.386294 -1.386294
 -1.386294 -1.386294 -1.386294 -1.386294
 -1.386294 -1.386294 -1.386294 -1.386294
 -1.683081 -1.803917 -1.813134 -0.720714
 -0.900163 -1.676689 -2.039593 -1.285824
 -1.164988 -1.395511 -1.983295 -1.194841
 -1.126784 -1.546636 -1.737691 -1.248145
 -2.278042 -1.497885 -2.013350 -0.615497
 -0.913008 -1.932836 -1.691675 -1.310309
 -1.044909 -1.313172 -2.204142 -1.313172
 -1.006240 -1.967647 -1.536867 -1.274503
 -1.821612 -1.478667 -1.942239 -0.761616
 -0.903219 -1.914818 -1.691675 -1.335001
 -0.980830 -1.654557 -2.273593 -1.105993
 -1.108369 -1.415853 -1.690289 -1.415853
 -1.954530 -1.519213 -1.840120 -0.732540
 -0.818653 -1.807263 -1.609437 -1.635413
 -0.935710 -1.776491 -1.732039 -1.341174
 -0.869772 -1.820745 -1.709520 -1.435084
 -1.596589 -1.495493 -1.757857 -0.914138
 -0.886052 -1.902984 -1.668145 -1.386294
 -0.920365 -1.593308 -2.039593 -1.315677
 -0.989129 -1.617736 -1.576914 -1.499953
 -1.462834 -1.558144 -1.750516 -0.956565
 -0.719350 -1.809150 -1.950229 -1.575536
 -1.256837 -1.228666 -1.721141 -1.410987
 -0.791884 -1.817733 -1.717650 -1.584119
 -1.396876 -1.533452 -1.485824 -1.169487
 -0.661399 -1.958079 -2.112230 -1.506095
 -0.770707 -1.953399 -2.007466 -1.342492
 -0.753773 -1.783390 -1.783390 -1.643628
 -1.020962 -2.036880 -1.785566 -1.074072
 -0.513022 -1.955827 -1.347580 -14.927369
 -0.528528 -1.845824 -1.375823 -13.764221
 -0.662059 -1.609437 -1.258041 -13.764221
 -0.819900 -1.658227 -0.996830 -14.334307
 -15.099219 -15.099219 -15.099219 -0.000001
 -13.901692 -13.901692 -13.901692 -0.000003
 -14.467838 -14.467838 -14.467838 -0.000002
 -1.386294 -1.386294 -1.386294 -1.386294
 -1.386294 -1.386294 -1.386294 -1.386294
 -1.386294 -1.386294 -1.386294 -1.386294
 -1.386294 -1.386294 -1.386294 -1.386294
 -15.705606 -15.705606 -15.705606 -0.000000
 -1.386294 -1.386294 -1.386294 -1.386294
 -1.386294 -1.386294 -1.386294 -1.386294
 -1.386294 -1.386294 -1.386294 -1.386294
 -15.705606 -15.705606 -15.705606 -0.000000
 -1.386294 -1.386294 -1.386294 -1.386294
 -1.386294 -1.386294 -1.386294 -1.386294
 -1.386294 -1.386294 -1.386294 -1.386294
 -15.705606 -0.000001 -15.705606 -15.705606
 -1.386294 -1.386294 -1.386294 -1.386294
 -15.705606 -0.000001 -15.705606 -15.705606
 -1.386294 -1.386294 -1.386294 -1.386294
 -1.386294 -1.386294 -1.386294 -1.386294
 -1.386294 -1.386294 -1.386294 -1.386294
 -0.000001 -15.705606 -15.705606 -15.705606
 -1.386294 -1.386294 -1.386294 -1.386294
 -1.386294 -1.386294 -1.386294 -1.386294
 -15.705606 -15.705606 -0.000000 -15.705606
 -1.386294 -1.386294 -1.386294 -1.386294
 -1.386294 -1.386294 -1.386294 -1.386294
 -1.386294 -1.386294 -1.386294 -1.386294
 -1.386294 -1.386294 -1.386294 -1.386294
 -1.386294 -1.386294 -1.386294 -1.386294
 -0.954002 -1.612463 -2.138556 -1.212062
 -1.386294 -1.386294 -1.386294 -1.386294
 -0.770580 -2.014902 -2.450218 -1.146815
 -1.169230 -1.550597 -1.992428 -1.076140
 -0.989415 -2.159478 -1.791757 -1.060873
 -1.727855 -1.499014 -1.849215 -0.817297
 -0.772444 -2.005973 -1.796253 -1.436880
 -0.793690 -1.854558 -1.749198 -1.526056
 -0.934311 -1.945907 -1.945907 -1.134981
 -1.673976 -1.742969 -1.290984 -1.014731
