 -1.066927 0.000100 0.000100 0.000100
 -1.665295 0.000100 0.000100 0.000100
 -2.219606 0.000100 0.000100 0.000100
 -1.026807 0.000100 0.000100 0.000100
 -0.789238 -1.774367 -2.390127 -1.256669
 -1.142098 -1.298102 -2.309700 -1.175999
 -0.868090 -1.374024 -2.197222 -1.532248
 -1.535464 -1.444114 -2.237344 -0.816564
 -0.685273 -1.936077 -2.419873 -1.336188
 -1.101638 -1.313482 -2.164531 -1.258824
 -1.078810 -1.484275 -1.966111 -1.226446
 -1.607456 -1.418555 -2.003068 -0.861284
 -0.788458 -1.878595 -2.441379 -1.185448
 -1.127323 -1.380025 -1.830225 -1.331235
 -0.857036 -1.509908 -2.582540 -1.276294
 -1.472555 -1.509256 -2.230840 -0.816109
 -0.622878 -2.083280 -2.674147 -1.308908
 -1.034897 -1.440361 -2.133507 -1.239691
 -0.737600 -1.903349 -1.990360 -1.443818
 -1.451892 -1.607456 -2.048188 -0.828949
 -0.584362 -2.209303 -2.757267 -1.311941
 -0.806171 -1.761681 -2.310246 -1.264280
 -0.699458 -1.890849 -2.583992 -1.284715
 -1.218451 -1.818816 -2.093919 -0.870144
 -0.454782 -2.510802 -2.944437 -1.462834
 -0.751417 -1.745668 -2.648531 -1.262242
 -0.746393 -2.132683 -2.340321 -1.167606
 -1.174488 -1.923205 -2.300498 -0.810409
 -0.406147 -2.609524 -3.072146 -1.542263
 -0.757310 -1.679641 -2.085105 -1.512588
 -0.598658 -2.311629 -2.224619 -1.413693
 -1.267801 -1.916496 -2.389401 -0.734503
 -0.445471 -2.529001 -3.113513 -1.446919
 -0.607136 -1.859896 -3.038542 -1.380324
 -0.859384 -1.876315 -2.406939 -1.098613
 -1.260606 -1.842113 -2.608284 -0.724896
 -0.567595 -2.295984 -3.330878 -1.215072
 -0.745946 -1.730798 -2.220344 -1.427116
 -0.510828 -3.056337 -2.496732 -1.307157
 -1.223776 -1.821612 -2.294215 -0.813560
 -0.742793 -2.135092 -2.747269 -1.073295
 -0.945983 -1.158905 -2.191917 -1.681093
 -0.808460 -1.976060 -2.823348 -1.031603
 -1.197328 -1.629640 -2.525727 -0.862750
 -0.814669 -2.019890 -2.936179 -0.990271
 -0.983458 -1.317827 -2.446289 -1.303228
 -1.054938 -1.774058 -2.639048 -0.889859
 -1.486983 -1.603707 -2.287374 -0.752336
 -0.805167 -1.975237 -2.725541 -1.053407
 -1.301737 -1.151455 -1.942239 -1.315343
 -1.031361 -1.486835 -2.442340 -1.107347
 -1.481263 -1.444358 -2.054123 -0.895149
 -0.855666 -2.096248 -3.283410 -0.880482
 -0.995428 -1.443818 -2.085671 -1.308643
 -1.073612 -1.884540 -2.423533 -0.872941
 -1.574281 -1.414950 -2.026266 -0.872085
 -0.836406 -1.968756 -2.787064 -1.006481
 -0.757686 -1.585423 -2.166451 -1.552086
 -0.985536 -2.065453 -2.653235 -0.844954
 -1.581945 -1.717900 -2.075963 -0.714275
 -0.920167 -2.073655 -2.915836 -0.863548
 -0.725938 -2.112230 -1.958079 -1.370294
 -0.742629 -2.204142 -3.590417 -0.951383
 -1.340870 -2.394458 -2.781230 -0.535806
 -0.897277 -2.903249 -3.259922 -0.694977
 -0.895175 -2.327274 -2.534912 -0.880360
 -1.079382 -2.688808 -2.688808 -0.645747
 -1.583197 -3.021161 -2.962321 -0.364939
 -15.350225 -15.350225 -15.350225 -0.000001
 -13.664692 -13.664692 -13.664692 -0.000003
 -13.541079 -13.541079 -13.541079 -0.000004
 -15.973070 -15.973070 -15.973070 -0.000000
 -1.386294 -1.386294 -1.386294 -1.386294
 -1.386294 -1.386294 -1.386294 -1.386294
 -1.386294 -1.386294 -1.386294 -1.386294
 -16.517544 -16.517544 -16.517544 -0.000000
 -1.386294 -1.386294 -1.386294 -1.386294
 -1.386294 -1.386294 -1.386294 -1.386294
 -1.386294 -1.386294 -1.386294 -1.386294
 -16.517544 -16.517544 -16.517544 -0.000000
 -1.386294 -1.386294 -1.386294 -1.386294
 -1.386294 -1.386294 -1.386294 -1.386294
 -1.386294 -1.386294 -1.386294 -1.386294
 -16.517544 -16.517544 -16.517544 -0.000000
 -1.386294 -1.386294 -1.386294 -1.386294
 -1.386294 -1.386294 -1.386294 -1.386294
 -1.386294 -1.386294 -1.386294 -1.386294
 -16.517544 -16.517544 -16.517544 -0.000000
 -1.386294 -1.386294 -1.386294 -1.386294
 -1.386294 -1.386294 -1.386294 -1.386294
 -1.386294 -1.386294 -1.386294 -1.386294
 -16.517544 -16.517544 -0.000000 -16.517544
 -1.386294 -1.386294 -1.386294 -1.386294
 -1.386294 -1.386294 -1.386294 -1.386294
 -16.517544 -0.000000 -16.517544 -16.517544
 -1.386294 -1.386294 -1.386294 -1.386294
 -1.386294 -1.386294 -1.386294 -1.386294
 -0.000000 -16.517544 -16.517544 -16.517544
 -1.386294 -1.386294 -1.386294 -1.386294
 -1.386294 -1.386294 -1.386294 -1.386294
 -16.517544 -16.517544 -0.000000 -16.517544
 -1.386294 -1.386294 -1.386294 -1.386294
 -1.386294 -1.386294 -1.386294 -1.386294
 -1.386294 -1.386294 -1.386294 -1.386294
 -1.386294 -1.386294 -1.386294 -1.386294
 -1.386294 -1.386294 -1.386294 -1.386294
 -0.793972 -1.979326 -1.364403 -1.869123
 -1.386294 -1.386294 -1.386294 -1.386294
 -1.040960 -1.938519 -1.840401 -1.066493
 -1.357584 -1.893888 -1.690289 -0.897060
 -1.059998 -1.865261 -1.831925 -1.082987
 -1.566878 -1.676879 -1.609437 -0.905480
 -0.836738 -1.677521 -1.980470 -1.418660
 -1.161414 -1.827160 -1.449095 -1.233387
 -0.856601 -1.540445 -2.233590 -1.370546
 -1.653129 -1.297426 -1.682688 -1.051417
 -1.112406 0.000100 0.000100 0.000100
 -1.826606 0.000100 0.000100 0.000100
 -1.927249 0.000100 0.000100 0.000100
 -1.008609 0.000100 0.000100 0.000100
 -0.547966 -2.212970 -2.618433 -1.428854
 -1.285199 -1.285199 -1.835242 -1.247458
 -1.110448 -1.498212 -2.140061 -1.110448
 -1.697730 -1.511144 -1.672412 -0.895385
 -1.159237 -1.143733 -2.060022 -1.426300
 -1.360092 -1.837014 -1.731654 -0.898748
 -1.002154 -1.661396 -1.661396 -1.373716
 -1.547562 -1.452252 -1.869145 -0.918955
 -0.913210 -2.379542 -2.091861 -0.960463
 -1.218158 -2.011386 -2.247773 -0.766174
 -1.241714 -1.364316 -1.666595 -1.321756
 -1.558144 -1.636106 -1.879727 -0.816208
 -0.796584 -2.062247 -1.975236 -1.261472
 -1.046788 -1.598855 -1.835242 -1.247458
 -0.756865 -1.686397 -2.448529 -1.349927
 -1.657169 -1.998094 -1.133099 -1.044992
 -0.911150 -1.866660 -1.935652 -1.207415
 -1.145133 -1.386294 -2.397887 -1.076141
 -0.499958 -2.406120 -2.164960 -1.668526
 -1.479385 -1.974079 -1.934859 -0.715621
 -0.920827 -2.507787 -2.507787 -0.823452
 -0.950978 -1.912384 -1.704746 -1.258461
 -0.929538 -1.932834 -2.251285 -1.034898
 -1.629743 -1.323013 -1.926008 -0.936597
 -0.647104 -2.479681 -2.074218 -1.320448
 -1.057371 -1.462834 -1.558144 -1.558144
 -1.127187 -1.697728 -1.429466 -1.372308
 -1.018231 -1.990961 -2.092744 -0.970603
 -0.502458 -2.527828 -2.907315 -1.345136
 -1.187844 -1.516347 -1.921809 -1.110884
 -1.397594 -1.544197 -1.716046 -1.022902
 -1.699049 -2.220344 -2.029290 -0.549667
 -0.494518 -2.634578 -2.271675 -1.535970
 -0.950194 -1.832578 -1.832578 -1.226446
 -1.023391 -1.519825 -1.961654 -1.268512
 -1.906169 -2.035380 -1.936940 -0.550648
 -1.080675 -2.102324 -2.030865 -0.898354
 -1.004585 -1.372308 -2.065450 -1.372308
 -1.440361 -1.286211 -2.133503 -0.998531
 -2.117180 -1.848917 -1.711716 -0.613105
 -1.006443 -2.491822 -2.086359 -0.849600
 -1.108664 -1.469676 -1.832579 -1.272966
 -1.196252 -1.509908 -1.889395 -1.122144
 -1.126671 -1.772189 -2.442344 -0.869951
 -0.735260 -2.009760 -2.223333 -1.278874
 -1.078205 -1.578978 -2.009758 -1.140725
 -1.056054 -1.749197 -1.400893 -1.461517
 -1.673976 -1.673976 -1.561498 -0.879047
 -0.768860 -1.702147 -2.261760 -1.386294
 -1.139435 -1.347074 -1.514127 -1.609437
 -0.871397 -1.812377 -2.387736 -1.119233
 -1.506658 -1.417711 -1.630271 -1.078204
 -1.279959 -1.739490 -2.104132 -0.857103
 -0.928462 -1.452986 -1.642227 -1.729238
 -1.492904 -1.849576 -1.310583 -1.054650
 -1.528468 -1.744691 -1.474401 -0.968854
 -1.062245 -1.952100 -1.952100 -0.993253
 -0.604596 -1.848916 -2.197220 -1.686398
 -1.071945 -2.070469 -1.876315 -0.971862
 -0.969401 -2.177709 -2.017367 -0.982473
 -1.377636 -1.941571 -2.219201 -0.701882
 -1.124931 -1.778854 -1.945906 -1.011603
 -0.968252 -2.066858 -2.577677 -0.872942
 -1.574695 -2.580212 -2.152771 -0.509145
 -14.247295 -14.247295 -14.247295 -0.000002
 -13.473026 -13.473026 -13.473026 -0.000004
 -13.384734 -13.384734 -13.384734 -0.000005
 -14.893922 -14.893922 -14.893922 -0.000001
 -1.386294 -1.386294 -1.386294 -1.386294
 -1.386294 -1.386294 -1.386294 -1.386294
 -1.386294 -1.386294 -1.386294 -1.386294
 -15.580242 -15.580242 -15.580242 -0.000001
 -1.386294 -1.386294 -1.386294 -1.386294
 -1.386294 -1.386294 -1.386294 -1.386294
 -1.386294 -1.386294 -1.386294 -1.386294
 -15.580242 -15.580242 -15.580242 -0.000001
 -1.386294 -1.386294 -1.386294 -1.386294
 -1.386294 -1.386294 -1.386294 -1.386294
 -1.386294 -1.386294 -1.386294 -1.386294
 -15.580242 -15.580242 -15.580242 -0.000001
 -1.386294 -1.386294 -1.386294 -1.386294
 -1.386294 -1.386294 -1.386294 -1.386294
 -1.386294 -1.386294 -1.386294 -1.386294
 -15.580242 -15.580242 -15.580242 -0.000001
 -1.386294 -1.386294 -1.386294 -1.386294
 -1.386294 -1.386294 -1.386294 -1.386294
 -1.386294 -1.386294 -1.386294 -1.386294
 -15.580242 -15.580242 -0.000001 -15.580242
 -1.386294 -1.386294 -1.386294 -1.386294
 -1.386294 -1.386294 -1.386294 -1.386294
 -15.580242 -0.000001 -15.580242 -15.580242
 -1.386294 -1.386294 -1.386294 -1.386294
 -1.386294 -1.386294 -1.386294 -1.386294
 -0.000001 -15.580242 -15.580242 -15.580242
 -1.386294 -1.386294 -1.386294 -1.386294
 -1.386294 -1.386294 -1.386294 -1.386294
 -15.580242 -15.580242 -0.000001 -15.580242
 -1.386294 -1.386294 -1.386294 -1.386294
 -1.386294 -1.386294 -1.386294 -1.386294
 -1.386294 -1.386294 -1.386294 -1.386294
 -1.386294 -1.386294 -1.386294 -1.386294
 -1.386294 -1.386294 -1.386294 -1.386294
 -0.836512 -2.165208 -1.963181 -1.165894
 -1.386294 -1.386294 -1.386294 -1.386294
 -0.958679 -2.442344 -1.895802 -0.969042
 -1.432104 -1.496642 -1.719784 -1.026641
 -1.315677 -1.921809 -2.327270 -0.717842
 -1.770018 -2.025951 -1.620487 -0.693148
 -0.537278 -2.067463 -2.914754 -1.448426
 -0.994624 -1.892560 -1.400088 -1.457246
 -1.016936 -1.904235 -1.770704 -1.142098
 -1.970104 -1.941933 -1.221388 -0.862014
