 -1.007120 0.000100 0.000100 0.000100
 -2.089471 0.000100 0.000100 0.000100
 -2.377153 0.000100 0.000100 0.000100
 -0.871882 0.000100 0.000100 0.000100
 -0.760970 -2.406124 -2.468644 -1.027436
 -0.849991 -1.684786 -1.987066 -1.386294
 -0.949082 -1.824547 -1.893539 -1.200396
 -1.412898 -1.818363 -2.348990 -0.695537
 -0.715495 -2.524346 -2.559437 -1.039614
 -0.927142 -1.676376 -2.044100 -1.245595
 -0.911402 -1.734599 -2.140062 -1.190986
 -1.489152 -1.878087 -2.117759 -0.690645
 -0.701446 -2.256815 -2.339053 -1.193923
 -1.069199 -1.565635 -2.499938 -1.006020
 -0.771621 -2.265538 -2.098486 -1.166932
 -1.393842 -1.911423 -2.325398 -0.680694
 -0.714770 -2.140065 -2.490266 -1.170666
 -0.852213 -1.616817 -2.427743 -1.249094
 -0.800780 -2.020015 -2.187067 -1.183771
 -1.322391 -1.685891 -2.126202 -0.846453
 -0.824484 -1.923095 -2.410797 -1.121960
 -1.367366 -1.367366 -1.920750 -1.067262
 -1.149385 -1.907068 -2.417889 -0.808460
 -1.499849 -1.525491 -2.435308 -0.751304
 -0.777340 -2.278042 -2.407254 -1.056053
 -0.993252 -1.909541 -2.469154 -0.924260
 -0.974051 -1.945907 -2.793195 -0.871397
 -1.388842 -1.814926 -2.390289 -0.700811
 -0.803873 -1.788930 -2.608369 -1.165988
 -1.196805 -1.408113 -2.044100 -1.127812
 -1.098613 -1.247033 -2.386459 -1.247033
 -1.827864 -1.493495 -2.358491 -0.653745
 -14.904074 -14.904074 -14.904074 -0.000001
 -14.571634 -14.571634 -14.571634 -0.000001
 -13.732133 -13.732133 -13.732133 -0.000003
 -15.201806 -15.201806 -15.201806 -0.000001
 -1.386294 -1.386294 -1.386294 -1.386294
 -1.386294 -1.386294 -1.386294 -1.386294
 -1.386294 -1.386294 -1.386294 -1.386294
 -0.000000 -16.120094 -16.120094 -16.120094
 -0.000000 -16.120094 -16.120094 -16.120094
 -1.386294 -1.386294 -1.386294 -1.386294
 -1.386294 -1.386294 -1.386294 -1.386294
 -1.386294 -1.386294 -1.386294 -1.386294
 -0.683217 -2.227622 -3.125562 -1.069112
 -1.386294 -1.386294 -1.386294 -1.386294
 -1.386294 -1.386294 -1.386294 -1.386294
 -1.386294 -1.386294 -1.386294 -1.386294
 -0.665855 -1.963856 -2.930697 -1.229324
 -1.071214 -2.484899 -2.197220 -0.770110
 -1.145134 -1.992423 -3.091002 -0.693152
 -1.592146 -1.990493 -2.285292 -0.583147
 -0.905847 -1.972507 -3.170205 -0.880205
 -1.252763 -1.754854 -2.182295 -0.847299
 -1.152681 -1.497519 -3.637541 -0.834228
 -1.651575 -1.926678 -2.259822 -0.582945
 -0.907852 -2.221238 -2.796599 -0.850694
 -0.887304 -2.197221 -2.197221 -1.005087
 -1.072638 -2.028143 -2.384814 -0.834228
 -1.647822 -1.680974 -2.162277 -0.680673
 -0.813434 -2.177420 -3.218869 -0.907992
 -1.026921 -1.596014 -2.432258 -1.045969
 -0.813513 -2.377479 -2.377479 -0.991193
 -1.581388 -1.480292 -2.340492 -0.754046
 -0.734228 -1.927504 -3.138589 -1.104824
 -0.819442 -1.369487 -2.778248 -1.414950
 -0.745793 -1.717649 -2.054119 -1.523495
 -1.253943 -1.517134 -1.890850 -1.066127
 -0.721684 -1.779052 -3.403751 -1.164687
 -0.601958 -2.035207 -2.074427 -1.629743
 -0.467988 -2.110209 -4.595024 -1.417066
 -0.833549 -1.962013 -2.219841 -1.151083
 -0.000001 -15.418931 -15.418931 -15.418931
 -0.000002 -14.207556 -14.207556 -14.207556
 -0.000004 -13.500805 -13.500805 -13.500805
 -0.000001 -14.859316 -14.859316 -14.859316
 -16.120094 -16.120094 -16.120094 -0.000000
 -1.386294 -1.386294 -1.386294 -1.386294
 -1.386294 -1.386294 -1.386294 -1.386294
 -1.386294 -1.386294 -1.386294 -1.386294
 -1.386294 -1.386294 -1.386294 -1.386294
 -1.386294 -1.386294 -1.386294 -1.386294
 -1.386294 -1.386294 -1.386294 -1.386294
 -16.120094 -16.120094 -16.120094 -0.000000
 -1.386294 -1.386294 -1.386294 -1.386294
 -1.386294 -1.386294 -1.386294 -1.386294
 -1.386294 -1.386294 -1.386294 -1.386294
 -16.120094 -16.120094 -16.120094 -0.000000
 -1.386294 -1.386294 -1.386294 -1.386294
 -1.386294 -1.386294 -1.386294 -1.386294
 -1.386294 -1.386294 -1.386294 -1.386294
 -16.120094 -16.120094 -16.120094 -0.000000
 -1.386294 -1.386294 -1.386294 -1.386294
 -1.386294 -1.386294 -1.386294 -1.386294
 -1.386294 -1.386294 -1.386294 -1.386294
 -16.120094 -0.000000 -16.120094 -16.120094
 -1.386294 -1.386294 -1.386294 -1.386294
 -0.000000 -16.120094 -16.120094 -16.120094
 -1.386294 -1.386294 -1.386294 -1.386294
 -1.386294 -1.386294 -1.386294 -1.386294
 -16.120094 -16.120094 -0.000000 -16.120094
 -1.386294 -1.386294 -1.386294 -1.386294
 -1.386294 -1.386294 -1.386294 -1.386294
 -1.386294 -1.386294 -1.386294 -1.386294
 -1.386294 -1.386294 -1.386294 -1.386294
 -1.386294 -1.386294 -1.386294 -1.386294
 -0.896038 -1.591633 -1.534475 -1.756462
 -1.386294 -1.386294 -1.386294 -1.386294
 -1.234592 -1.582898 -1.779608 -1.093735
 -1.275069 -1.310787 -1.884132 -1.207246
 -1.332227 -1.314836 -1.974080 -1.112599
 -1.934414 -1.392092 -1.202048 -1.183000
 -1.110309 -1.425825 -1.815289 -1.318853
 -0.958851 -1.817076 -1.696449 -1.306252
 -1.233715 -1.397344 -1.566420 -1.375365
 -1.457063 -1.343735 -1.470486 -1.285915
 -1.176778 0.000100 0.000100 0.000100
 -1.632252 0.000100 0.000100 0.000100
 -2.405437 0.000100 0.000100 0.000100
 -0.901366 0.000100 0.000100 0.000100
 -0.417741 -2.614936 -3.020385 -1.516346
 -0.955517 -1.312187 -2.564915 -1.312187
 -1.386294 -2.484840 -1.098621 -1.098621
 -1.504076 -1.791756 -2.043067 -0.730891
 -0.583952 -2.005327 -2.005327 -1.754016
 -1.897107 -1.386294 -1.386294 -1.049828
 -0.628623 -1.609431 -2.707977 -1.609431
 -1.120593 -1.749196 -2.442331 -0.884206
 -0.573350 -2.215564 -2.397882 -1.442383
 -0.737607 -2.442314 -1.749192 -1.343735
 -1.446918 -2.140040 -2.140040 -0.636001
 -1.558143 -2.251277 -2.251277 -0.546550
 -0.693151 -2.379534 -2.197215 -1.216396
 -1.252766 -1.540440 -2.638986 -0.847310
 -1.098619 -1.609431 -2.707977 -0.916301
 -1.832577 -1.514127 -2.120255 -0.693151
 -0.788461 -2.397879 -2.685553 -0.950979
 -1.011607 -1.992415 -1.704741 -1.145136
 -2.638986 -1.252766 -2.638986 -0.559632
 -1.667704 -1.667704 -1.890845 -0.751420
 -0.719128 -1.717647 -2.277252 -1.466336
 -1.098617 -1.658222 -1.658222 -1.252765
 -1.163156 -0.693160 -2.772514 -2.079417
 -1.270463 -1.645154 -2.656739 -0.784958
 -1.452252 -1.652920 -2.058380 -0.805629
 -1.098616 -1.455286 -2.014891 -1.203975
 -0.619056 -1.871783 -1.466334 -2.564880
 -1.458614 -2.374890 -2.662564 -0.503109
 -12.847937 -12.847937 -12.847937 -0.000008
 -12.301401 -12.301401 -12.301401 -0.000014
 -11.982954 -11.982954 -11.982954 -0.000019
 -13.253399 -13.253399 -13.253399 -0.000005
 -1.386294 -1.386294 -1.386294 -1.386294
 -1.386294 -1.386294 -1.386294 -1.386294
 -1.386294 -1.386294 -1.386294 -1.386294
 -0.000002 -14.100693 -14.100693 -14.100693
 -0.000002 -14.100693 -14.100693 -14.100693
 -1.386294 -1.386294 -1.386294 -1.386294
 -1.386294 -1.386294 -1.386294 -1.386294
 -1.386294 -1.386294 -1.386294 -1.386294
 -0.656244 -2.405437 -3.098576 -1.061709
 -1.386294 -1.386294 -1.386294 -1.386294
 -1.386294 -1.386294 -1.386294 -1.386294
 -1.386294 -1.386294 -1.386294 -1.386294
 -0.623192 -2.847793 -2.442336 -1.143065
 -1.791743 -1.386294 -11.695280 -0.539016
 -1.791726 -1.791726 -11.002167 -0.405507
 -2.036874 -1.526055 -2.730005 -0.532810
 -0.832913 -2.219192 -2.730004 -0.938273
 -1.791748 -1.504075 -2.890294 -0.587799
 -1.504072 -1.504072 -1.504072 -1.098623
 -1.897116 -2.014897 -2.708032 -0.430787
 -0.753777 -2.427727 -2.427727 -1.041457
 -1.335002 -1.558141 -1.558141 -1.152684
 -1.203979 -2.302525 -1.609428 -0.916306
 -1.415282 -1.763586 -2.169047 -0.751990
 -1.228667 -1.921806 -2.614936 -0.717845
 -1.203976 -1.897107 -1.609433 -1.049828
 -0.636001 -1.223779 -2.140040 -2.833137
 -2.215564 -0.829282 -2.215564 -1.062896
 -1.098615 -1.550595 -1.887062 -1.193925
 -1.072640 -1.239692 -2.538951 -1.239692
 -0.762152 -1.609431 -11.918417 -1.098619
 -1.285199 -1.452252 -1.904232 -1.077561
 -0.739671 -1.586963 -2.685553 -1.386294
 -0.757692 -2.367103 -1.268513 -1.856290
 -0.916301 -2.707977 -1.609431 -1.098619
 -1.098615 -1.540443 -1.252764 -1.791755
 -0.000005 -13.235699 -13.235699 -13.235699
 -0.000014 -12.301401 -12.301401 -12.301401
 -0.000011 -12.506192 -12.506192 -12.506192
 -0.000011 -12.542559 -12.542559 -12.542559
 -14.100693 -14.100693 -14.100693 -0.000002
 -1.386294 -1.386294 -1.386294 -1.386294
 -1.386294 -1.386294 -1.386294 -1.386294
 -1.386294 -1.386294 -1.386294 -1.386294
 -1.386294 -1.386294 -1.386294 -1.386294
 -1.386294 -1.386294 -1.386294 -1.386294
 -1.386294 -1.386294 -1.386294 -1.386294
 -14.100693 -14.100693 -14.100693 -0.000002
 -1.386294 -1.386294 -1.386294 -1.386294
 -1.386294 -1.386294 -1.386294 -1.386294
 -1.386294 -1.386294 -1.386294 -1.386294
 -14.100693 -14.100693 -14.100693 -0.000002
 -1.386294 -1.386294 -1.386294 -1.386294
 -1.386294 -1.386294 -1.386294 -1.386294
 -1.386294 -1.386294 -1.386294 -1.386294
 -14.100693 -14.100693 -14.100693 -0.000002
 -1.386294 -1.386294 -1.386294 -1.386294
 -1.386294 -1.386294 -1.386294 -1.386294
 -1.386294 -1.386294 -1.386294 -1.386294
 -14.100693 -0.000002 -14.100693 -14.100693
 -1.386294 -1.386294 -1.386294 -1.386294
 -0.000002 -14.100693 -14.100693 -14.100693
 -1.386294 -1.386294 -1.386294 -1.386294
 -1.386294 -1.386294 -1.386294 -1.386294
 -14.100693 -14.100693 -0.000002 -14.100693
 -1.386294 -1.386294 -1.386294 -1.386294
 -1.386294 -1.386294 -1.386294 -1.386294
 -1.386294 -1.386294 -1.386294 -1.386294
 -1.386294 -1.386294 -1.386294 -1.386294
 -1.386294 -1.386294 -1.386294 -1.386294
 -0.763216 -1.424613 -2.587757 -1.523053
 -1.386294 -1.386294 -1.386294 -1.386294
 -0.725940 -2.335365 -1.929905 -1.293922
 -1.067844 -1.067844 -2.367103 -1.519824
 -1.203979 -2.302525 -11.512965 -0.510849
 -1.575534 -1.170074 -1.287856 -1.575534
 -0.967587 -1.966107 -1.714795 -1.203974
 -0.462632 -1.504075 -3.295752 -2.197206
 -1.049828 -1.203976 -1.609433 -1.897107
 -1.098615 -2.197211 -1.280935 -1.280935
