 -1.102299 0.000100 0.000100 0.000100
 -1.668167 0.000100 0.000100 0.000100
 -2.162863 0.000100 0.000100 0.000100
 -1.009763 0.000100 0.000100 0.000100
 -0.919065 -1.918585 -2.225315 -1.060564
 -1.032551 -1.371766 -2.144954 -1.297658
 -1.114742 -1.532476 -1.937940 -1.164753
 -1.427537 -1.624705 -1.974080 -0.857451
 -0.707413 -1.954444 -2.400730 -1.291757
 -0.881200 -1.518466 -2.574514 -1.236234
 -0.923672 -1.734600 -2.273593 -1.128466
 -1.386294 -1.578979 -2.069184 -0.873409
 -0.712756 -2.089197 -2.307450 -1.250339
 -0.832410 -1.406497 -2.465100 -1.448170
 -0.880890 -1.574035 -2.224619 -1.308333
 -1.553348 -1.579666 -2.112963 -0.773190
 -0.753166 -2.129202 -2.069779 -1.258850
 -0.970780 -1.527067 -2.152771 -1.245216
 -1.239691 -1.791758 -1.963607 -0.907558
 -1.451751 -1.800058 -2.023201 -0.758605
 -0.670158 -1.847550 -2.822927 -1.304464
 -0.967277 -1.530745 -2.308447 -1.190420
 -0.964183 -1.676376 -2.226420 -1.127812
 -1.247648 -1.776492 -2.137504 -0.854159
 -0.612386 -2.107878 -2.763283 -1.296949
 -1.103890 -1.609437 -2.356649 -0.984345
 -0.977536 -1.437066 -2.535670 -1.181134
 -1.163151 -1.645403 -2.612243 -0.864658
 -0.684259 -1.900100 -2.846694 -1.244981
 -0.876551 -1.436166 -2.512301 -1.328536
 -0.980831 -1.817075 -1.984127 -1.123931
 -1.170666 -1.661576 -2.340735 -0.906976
 -0.618086 -1.996148 -2.641285 -1.370824
 -0.818653 -1.776491 -2.875097 -1.098613
 -1.043351 -1.992426 -2.174746 -0.921990
 -1.118528 -1.682463 -2.234530 -0.966843
 -0.583585 -1.958622 -2.905215 -1.401141
 -0.583148 -2.102970 -2.374902 -1.483933
 -0.847300 -1.945907 -2.431410 -1.076873
 -0.995260 -1.903827 -2.117401 -1.018790
 -0.594235 -1.901540 -3.437770 -1.322229
 -0.686634 -1.894942 -2.257846 -1.419520
 -0.760590 -1.631416 -3.135473 -1.225952
 -1.121231 -1.541510 -2.280465 -1.027705
 -0.778392 -1.787876 -2.776485 -1.167050
 -0.940650 -1.359908 -2.666154 -1.260817
 -0.800122 -2.442336 -2.847793 -0.901904
 -1.259092 -1.510406 -2.580845 -0.868553
 -0.882002 -1.759720 -2.629796 -1.073353
 -1.304056 -1.415282 -2.014901 -1.043043
 -1.245938 -1.725508 -2.904145 -0.735114
 -1.319086 -1.542229 -2.260693 -0.880831
 -0.812336 -1.923686 -2.783885 -1.054649
 -1.150389 -1.513294 -2.293450 -1.015048
 -1.069626 -2.060020 -2.227072 -0.863774
 -1.599752 -1.661884 -2.234402 -0.690718
 -0.755949 -2.179981 -2.288195 -1.152197
 -0.870248 -1.668754 -2.544219 -1.157929
 -1.068760 -1.761905 -2.110209 -1.011602
 -1.422334 -1.591893 -1.908989 -0.898747
 -0.700970 -2.315655 -2.775186 -1.070442
 -1.171885 -1.604017 -2.506881 -0.897448
 -0.748940 -2.220751 -2.662580 -1.053151
 -1.659514 -1.520928 -2.202378 -0.732471
 -0.620159 -1.922683 -3.057659 -1.313306
 -1.000173 -1.445483 -2.856462 -1.081518
 -0.773192 -1.419817 -3.412218 -1.332806
 -1.224687 -1.653682 -2.234350 -0.897114
 -0.490623 -2.655055 -3.604131 -1.237015
 -0.577009 -2.094328 -3.010613 -1.324222
 -0.693150 -2.410789 -2.159478 -1.221215
 -1.146307 -2.028695 -2.955454 -0.695891
 -0.223608 -2.146580 -2.483052 -15.500057
 -0.392044 -1.665007 -2.001477 -13.919874
 -0.733973 -1.514127 -1.203974 -13.122372
 -0.822627 -1.130111 -1.436636 -15.168766
 -15.761421 -0.000001 -15.761421 -15.761421
 -14.603970 -0.000001 -14.603970 -14.603970
 -14.328337 -0.000002 -14.328337 -14.328337
 -1.386294 -1.386294 -1.386294 -1.386294
 -1.386294 -1.386294 -1.386294 -1.386294
 -16.201517 -16.201517 -16.201517 -0.000000
 -1.386294 -1.386294 -1.386294 -1.386294
 -1.386294 -1.386294 -1.386294 -1.386294
 -1.386294 -1.386294 -1.386294 -1.386294
 -1.386294 -1.386294 -1.386294 -1.386294
 -1.386294 -1.386294 -1.386294 -1.386294
 -16.201517 -16.201517 -16.201517 -0.000000
 -1.386294 -1.386294 -1.386294 -1.386294
 -1.386294 -1.386294 -1.386294 -1.386294
 -1.386294 -1.386294 -1.386294 -1.386294
 -1.523117 -0.604298 -1.446000 -16.201517
 -14.678402 -0.000001 -14.678402 -14.678402
 -15.597220 -0.000001 -15.597220 -15.597220
 -14.755519 -0.000001 -14.755519 -14.755519
 -1.386294 -1.386294 -1.386294 -1.386294
 -1.386294 -1.386294 -1.386294 -1.386294
 -0.000000 -16.201517 -16.201517 -16.201517
 -1.386294 -1.386294 -1.386294 -1.386294
 -1.386294 -1.386294 -1.386294 -1.386294
 -16.201517 -16.201517 -0.000000 -16.201517
 -1.386294 -1.386294 -1.386294 -1.386294
 -1.386294 -1.386294 -1.386294 -1.386294
 -1.386294 -1.386294 -1.386294 -1.386294
 -1.386294 -1.386294 -1.386294 -1.386294
 -1.386294 -1.386294 -1.386294 -1.386294
 -0.756766 -2.229002 -1.168131 -2.187155
 -1.386294 -1.386294 -1.386294 -1.386294
 -1.190986 -1.701811 -1.877701 -1.019475
 -1.098613 -1.429969 -2.816253 -1.000975
 -1.258698 -1.505558 -2.185458 -0.963234
 -1.338285 -1.625966 -1.759497 -0.997360
 -0.987060 -1.297215 -2.136964 -1.443818
 -0.939281 -1.564986 -1.959639 -1.350576
 -1.119666 -1.098613 -2.197221 -1.473305
 -1.599512 -1.231788 -1.528053 -1.240371
 -1.189101 0.000100 0.000100 0.000100
 -1.653407 0.000100 0.000100 0.000100
 -1.705232 0.000100 0.000100 0.000100
 -1.132031 0.000100 0.000100 0.000100
 -0.969256 -1.709521 -1.593689 -1.441774
 -1.137227 -1.492778 -1.690954 -1.308585
 -1.085402 -1.625524 -1.486938 -1.429779
 -1.690605 -1.396845 -1.498844 -1.064711
 -0.972209 -1.879952 -1.722766 -1.235861
 -1.164056 -1.537433 -1.787244 -1.186035
 -1.025490 -1.480226 -1.731540 -1.440617
 -1.802230 -1.552086 -1.576984 -0.875469
 -0.915487 -1.911151 -1.760111 -1.273885
 -1.032551 -1.659448 -1.921812 -1.179875
 -1.064974 -1.596365 -1.765783 -1.267342
 -1.787203 -1.328629 -1.833723 -0.896697
 -1.048027 -1.659408 -1.643014 -1.325300
 -1.122652 -1.510033 -1.599981 -1.379194
 -1.195110 -1.425634 -1.812749 -1.224963
 -1.841883 -1.294357 -1.355657 -1.172379
 -1.045563 -1.709151 -1.748760 -1.225887
 -1.313974 -1.377995 -1.578666 -1.298589
 -1.096327 -1.435542 -1.736127 -1.379453
 -1.773067 -1.377755 -1.631989 -0.961016
 -0.893044 -1.661281 -1.945910 -1.355417
 -0.911042 -1.697406 -1.900634 -1.327033
 -1.080778 -1.594131 -1.569130 -1.388868
 -1.737775 -1.391060 -1.542031 -1.017960
 -1.158677 -1.796254 -1.449538 -1.253511
 -1.119666 -1.504077 -1.614078 -1.377078
 -0.947952 -1.634130 -1.706104 -1.444888
 -1.873473 -1.371381 -1.358309 -1.091957
 -0.979692 -1.758199 -1.942502 -1.174823
 -1.103264 -1.635291 -1.696660 -1.237794
 -1.184058 -1.586007 -1.369200 -1.448537
 -1.751754 -1.501530 -1.685379 -0.871396
 -1.047237 -1.735700 -1.672330 -1.255237
 -1.098613 -1.741927 -1.844205 -1.098613
 -0.836248 -1.648658 -1.977162 -1.444358
 -1.820925 -1.731580 -1.456801 -0.848307
 -1.136046 -1.526695 -1.556548 -1.383105
 -1.112181 -1.726547 -1.639536 -1.206672
 -1.204835 -1.481088 -1.724318 -1.222226
 -1.750295 -1.545812 -1.298310 -1.078381
 -0.921682 -1.719188 -2.020293 -1.236763
 -1.332710 -1.386294 -1.695615 -1.194841
 -1.256029 -1.496497 -1.546259 -1.279196
 -1.806501 -1.431190 -1.685423 -0.888233
 -0.923346 -1.769169 -1.689920 -1.395121
 -0.981556 -1.722331 -2.001915 -1.166206
 -1.019832 -1.495914 -1.791759 -1.391774
 -1.796214 -1.252023 -1.504077 -1.121085
 -1.141578 -1.559313 -1.559313 -1.346595
 -1.055502 -1.543386 -1.711378 -1.355923
 -1.207507 -1.402295 -1.468986 -1.492243
 -1.652363 -1.371282 -1.446919 -1.141537
 -1.057113 -1.745393 -1.467468 -1.396516
 -1.161472 -1.345136 -1.665608 -1.438030
 -1.026921 -1.521113 -1.510857 -1.596015
 -1.895332 -1.384507 -1.538658 -0.955512
 -0.878489 -1.961100 -1.629743 -1.394705
 -0.851618 -1.796079 -2.079441 -1.264687
 -0.954161 -1.451434 -1.921437 -1.451434
 -1.662225 -1.506740 -1.522870 -0.992720
 -0.990080 -1.534935 -1.580845 -1.574156
 -1.024505 -1.477510 -1.675687 -1.488810
 -0.883768 -1.463586 -1.905418 -1.576914
 -1.563225 -1.434747 -1.308333 -1.265513
 -0.826052 -1.714310 -1.882104 -1.470249
 -1.011069 -1.348712 -1.758283 -1.588384
 -1.128883 -1.658801 -1.257361 -1.600305
 -1.641186 -1.510347 -1.428854 -1.061799
 -0.590632 -1.803188 -1.268511 -15.767119
 -0.547592 -1.742311 -1.400216 -15.283386
 -0.683758 -1.527945 -1.279049 -15.260075
 -1.041125 -1.308530 -0.976238 -15.438852
 -16.151531 -0.000000 -16.151531 -16.151531
 -15.252975 -0.000001 -15.252975 -15.252975
 -15.630336 -0.000001 -15.630336 -15.630336
 -1.386294 -1.386294 -1.386294 -1.386294
 -1.386294 -1.386294 -1.386294 -1.386294
 -16.845161 -16.845161 -16.845161 -0.000000
 -1.386294 -1.386294 -1.386294 -1.386294
 -1.386294 -1.386294 -1.386294 -1.386294
 -1.386294 -1.386294 -1.386294 -1.386294
 -1.386294 -1.386294 -1.386294 -1.386294
 -1.386294 -1.386294 -1.386294 -1.386294
 -16.845161 -16.845161 -16.845161 -0.000000
 -1.386294 -1.386294 -1.386294 -1.386294
 -1.386294 -1.386294 -1.386294 -1.386294
 -1.386294 -1.386294 -1.386294 -1.386294
 -1.557178 -0.626316 -1.367620 -16.845161
 -15.287984 -0.000001 -15.287984 -15.287984
 -16.218845 -0.000000 -16.218845 -16.218845
 -15.477542 -0.000001 -15.477542 -15.477542
 -1.386294 -1.386294 -1.386294 -1.386294
 -1.386294 -1.386294 -1.386294 -1.386294
 0.000000 -16.845161 -16.845161 -16.845161
 -1.386294 -1.386294 -1.386294 -1.386294
 -1.386294 -1.386294 -1.386294 -1.386294
 -16.845161 -16.845161 -0.000000 -16.845161
 -1.386294 -1.386294 -1.386294 -1.386294
 -1.386294 -1.386294 -1.386294 -1.386294
 -1.386294 -1.386294 -1.386294 -1.386294
 -1.386294 -1.386294 -1.386294 -1.386294
 -1.386294 -1.386294 -1.386294 -1.386294
 -1.068148 -1.623554 -1.754288 -1.251314
 -1.386294 -1.386294 -1.386294 -1.386294
 -0.817280 -1.893843 -1.875324 -1.368175
 -1.199083 -1.748587 -1.950823 -0.961412
 -0.786783 -1.837481 -2.702476 -1.144335
 -1.399900 -1.563225 -1.778336 -0.980829
 -1.001598 -1.702070 -1.527129 -1.455670
 -0.978048 -1.894338 -1.417414 -1.464482
 -1.028933 -1.530188 -1.761300 -1.369258
 -1.507799 -1.628943 -1.275303 -1.193625
