 -1.002688 0.000100 0.000100 0.000100
 -1.794466 0.000100 0.000100 0.000100
 -2.237202 0.000100 0.000100 0.000100
 -1.021276 0.000100 0.000100 0.000100
 -0.717380 -2.138225 -2.633546 -1.132324
 -0.900162 -1.613511 -3.107429 -1.050985
 -0.935462 -1.730389 -2.066860 -1.191394
 -1.578041 -1.693554 -2.030025 -0.737258
 -0.725317 -2.081305 -2.315705 -1.229752
 -0.901753 -1.584643 -2.340967 -1.227969
 -0.814509 -2.108426 -2.376688 -1.070442
 -1.437214 -1.681094 -1.916213 -0.846117
 -0.716936 -2.254914 -2.403334 -1.150572
 -0.983635 -1.783390 -2.381225 -1.006363
 -0.704844 -1.969439 -2.439440 -1.276294
 -1.365241 -1.715443 -2.296798 -0.767404
 -0.765121 -1.867471 -2.505959 -1.208613
 -0.848850 -1.400346 -2.426196 -1.438812
 -0.945491 -1.715597 -2.536572 -1.042655
 -1.347074 -1.637089 -2.249474 -0.820981
 -0.670076 -1.978759 -2.430744 -1.338959
 -0.921781 -1.806465 -2.211929 -1.113319
 -1.034075 -2.266213 -2.340321 -0.810932
 -1.344383 -1.720434 -2.083339 -0.830577
 -0.639080 -2.038619 -2.571916 -1.325670
 -0.918487 -1.765783 -2.596128 -1.034897
 -0.875470 -1.717651 -2.159481 -1.243194
 -1.172425 -1.732040 -2.142954 -0.925953
 -0.650588 -2.241675 -2.602688 -1.210975
 -0.801362 -1.928959 -2.364276 -1.164862
 -0.722136 -2.169050 -2.233588 -1.228071
 -1.186937 -1.893689 -2.446478 -0.781472
 -0.572097 -2.178790 -2.972740 -1.304464
 -0.799097 -1.945909 -2.469154 -1.130874
 -0.685181 -1.737270 -3.036541 -1.301953
 -1.174346 -1.965290 -2.449086 -0.766813
 -0.590167 -2.468693 -2.848182 -1.193625
 -0.688033 -2.094944 -2.788087 -1.162126
 -0.713352 -2.207270 -3.506528 -0.994254
 -1.045368 -1.831605 -2.409682 -0.920205
 -0.713350 -2.051270 -2.813409 -1.134980
 -0.563937 -1.757857 -2.856462 -1.603707
 -0.733971 -1.560647 -2.813398 -1.386294
 -0.948422 -1.844509 -2.275292 -1.044753
 -0.614676 -2.200144 -2.793206 -1.247674
 -0.725335 -1.901654 -2.453720 -1.271029
 -0.768656 -1.867265 -2.621030 -1.174121
 -1.181900 -1.963339 -2.500139 -0.753232
 -0.762566 -2.152060 -2.483416 -1.097123
 -1.047581 -1.423632 -2.307831 -1.174736
 -0.866168 -1.728388 -3.286513 -1.009268
 -1.287610 -1.817528 -2.193317 -0.798291
 -0.740172 -2.133901 -2.701006 -1.086321
 -0.977884 -1.613872 -2.285038 -1.130076
 -0.852213 -2.022280 -2.347701 -1.062508
 -1.364788 -1.982814 -2.343255 -0.671641
 -0.752645 -2.040498 -2.532974 -1.141015
 -0.971168 -1.772527 -2.108998 -1.108369
 -0.952368 -2.279233 -2.541595 -0.836855
 -1.589404 -1.525382 -2.307656 -0.736220
 -0.727117 -2.471246 -3.096950 -0.949245
 -0.942742 -1.906534 -2.472927 -0.974159
 -0.938271 -1.882729 -2.981332 -0.901903
 -1.565880 -1.816024 -2.498698 -0.604710
 -0.687384 -2.380702 -2.817914 -1.064518
 -1.346289 -1.386294 -2.880212 -0.835464
 -1.161133 -2.197219 -2.803348 -0.663296
 -1.689105 -1.665007 -2.475937 -0.612412
 -15.354527 -1.549066 -2.359995 -0.366534
 -14.665663 -0.977985 -1.485029 -0.922722
 -13.854735 -1.648657 -1.553348 -0.517259
 -15.726534 -1.238078 -1.695911 -0.641263
 -1.386294 -1.386294 -1.386294 -1.386294
 -0.000001 -15.209278 -15.209278 -15.209278
 -0.000001 -14.703403 -14.703403 -14.703403
 -0.000000 -15.936574 -15.936574 -15.936574
 -0.000000 -16.510138 -16.510138 -16.510138
 -1.386294 -1.386294 -1.386294 -1.386294
 -1.386294 -1.386294 -1.386294 -1.386294
 -1.386294 -1.386294 -1.386294 -1.386294
 -16.510138 -16.510138 -16.510138 -0.000000
 -1.386294 -1.386294 -1.386294 -1.386294
 -1.386294 -1.386294 -1.386294 -1.386294
 -1.386294 -1.386294 -1.386294 -1.386294
 -1.386294 -1.386294 -1.386294 -1.386294
 -1.386294 -1.386294 -1.386294 -1.386294
 -1.386294 -1.386294 -1.386294 -1.386294
 -16.510138 -16.510138 -16.510138 -0.000000
 -1.386294 -1.386294 -1.386294 -1.386294
 -1.386294 -1.386294 -1.386294 -1.386294
 -1.386294 -1.386294 -1.386294 -1.386294
 -1.188330 -0.699927 -1.616218 -16.510138
 -15.321809 -0.000001 -15.321809 -15.321809
 -15.810211 -0.000000 -15.810211 -15.810211
 -14.893922 -0.000001 -14.893922 -14.893922
 -1.386294 -1.386294 -1.386294 -1.386294
 -1.386294 -1.386294 -1.386294 -1.386294
 -0.000000 -16.510138 -16.510138 -16.510138
 -1.386294 -1.386294 -1.386294 -1.386294
 -1.386294 -1.386294 -1.386294 -1.386294
 -16.510138 -16.510138 -0.000000 -16.510138
 -1.386294 -1.386294 -1.386294 -1.386294
 -1.386294 -1.386294 -1.386294 -1.386294
 -1.386294 -1.386294 -1.386294 -1.386294
 -1.386294 -1.386294 -1.386294 -1.386294
 -1.386294 -1.386294 -1.386294 -1.386294
 -0.819753 -2.031939 -1.203973 -2.052773
 -1.386294 -1.386294 -1.386294 -1.386294
 -1.007774 -1.884924 -2.098017 -1.020459
 -1.093471 -1.741497 -2.559803 -0.885832
 -1.220627 -1.451434 -2.035381 -1.078545
 -1.355204 -1.750516 -1.315199 -1.203973
 -0.992631 -1.564896 -1.960508 -1.274742
 -1.044546 -1.814232 -1.628130 -1.241713
 -1.055441 -1.654558 -2.099242 -1.084014
 -1.577450 -1.289768 -1.384384 -1.317939
 -1.143733 0.000100 0.000100 0.000100
 -1.720808 0.000100 0.000100 0.000100
 -1.782003 0.000100 0.000100 0.000100
 -1.096164 0.000100 0.000100 0.000100
 -0.897243 -1.977162 -1.732040 -1.284016
 -1.045267 -1.805552 -1.477049 -1.363720
 -1.079381 -1.590206 -1.477728 -1.477728
 -1.709650 -1.459838 -1.439004 -1.050871
 -0.890316 -1.663505 -2.008345 -1.325051
 -0.881656 -1.841430 -1.787363 -1.347413
 -1.061295 -1.601862 -1.743512 -1.281695
 -1.742162 -1.565232 -1.565232 -0.899484
 -0.981657 -1.938493 -1.840053 -1.131402
 -0.916291 -1.746013 -1.848667 -1.316451
 -0.864998 -1.758814 -2.164278 -1.231461
 -1.871801 -1.669565 -1.588440 -0.790582
 -0.958073 -1.764014 -1.664642 -1.363537
 -1.108369 -1.744356 -1.566676 -1.250339
 -1.247825 -1.265217 -1.437067 -1.644705
 -1.621272 -1.761629 -1.446919 -0.928126
 -0.973449 -1.775230 -1.860752 -1.213275
 -1.069012 -1.689838 -2.083741 -1.056590
 -1.102393 -1.536678 -1.795539 -1.248997
 -1.483793 -1.825095 -1.585145 -0.898687
 -0.988612 -1.831290 -1.724318 -1.239926
 -1.011601 -1.756041 -1.609437 -1.333185
 -0.987387 -1.446919 -2.060022 -1.329136
 -1.641421 -1.501659 -1.569100 -0.980023
 -1.020191 -1.813036 -1.570723 -1.315198
 -1.026292 -1.767066 -1.455287 -1.437588
 -1.046653 -1.654900 -1.427116 -1.524280
 -1.843191 -1.530817 -1.312563 -1.032262
 -0.993805 -1.921351 -1.780770 -1.155446
 -1.166666 -1.579198 -1.459054 -1.386294
 -1.291297 -1.630272 -1.355835 -1.303876
 -1.663343 -1.520242 -1.633037 -0.925076
 -0.867501 -2.051270 -1.730798 -1.293585
 -1.064711 -1.575536 -1.596589 -1.403686
 -0.826679 -1.556193 -1.881615 -1.613351
 -1.693157 -1.423238 -1.781450 -0.899592
 -0.904170 -1.990805 -1.550249 -1.401037
 -1.203973 -1.529395 -1.609437 -1.261131
 -1.127186 -1.864783 -1.372308 -1.318241
 -1.640382 -1.545072 -1.400242 -1.060565
 -0.802347 -1.854707 -2.040424 -1.327075
 -1.002469 -1.577832 -1.720933 -1.395511
 -1.063273 -1.393515 -1.964058 -1.323556
 -1.766441 -1.556721 -1.656093 -0.850151
 -0.954031 -1.876752 -1.926349 -1.151857
 -1.009579 -1.680746 -1.771718 -1.275282
 -0.885832 -1.656940 -1.900561 -1.396657
 -1.791759 -1.381017 -1.891842 -0.841145
 -1.021937 -1.974594 -1.486242 -1.290751
 -1.123930 -1.869720 -1.568616 -1.163151
 -1.136765 -1.647589 -1.797120 -1.136765
 -1.680534 -1.500408 -1.533930 -0.980830
 -0.978948 -1.512588 -2.180416 -1.234568
 -1.053762 -1.513294 -1.577832 -1.492675
 -1.192368 -1.118260 -1.835503 -1.560092
 -1.774193 -1.363765 -1.868011 -0.866898
 -0.899484 -1.826245 -1.861963 -1.284329
 -0.994861 -1.868591 -2.156272 -1.021294
 -0.968429 -1.765372 -1.863811 -1.223776
 -2.027073 -1.549446 -1.601406 -0.788996
 -0.907099 -1.747881 -1.606803 -1.506719
 -0.909371 -2.156400 -1.314836 -1.546637
 -0.968935 -1.662081 -1.341174 -1.776491
 -1.666325 -1.782585 -1.160390 -1.110200
 -15.191755 -0.957534 -1.262915 -1.098613
 -14.513647 -0.698136 -1.260254 -1.519115
 -14.981783 -0.822682 -0.851461 -2.010240
 -14.933927 -0.739979 -1.446919 -1.246248
 -1.386294 -1.386294 -1.386294 -1.386294
 -0.000001 -15.500057 -15.500057 -15.500057
 -0.000001 -15.145236 -15.145236 -15.145236
 -0.000001 -14.937189 -14.937189 -14.937189
 -0.000000 -16.320221 -16.320221 -16.320221
 -1.386294 -1.386294 -1.386294 -1.386294
 -1.386294 -1.386294 -1.386294 -1.386294
 -1.386294 -1.386294 -1.386294 -1.386294
 -16.320221 -16.320221 -16.320221 -0.000000
 -1.386294 -1.386294 -1.386294 -1.386294
 -1.386294 -1.386294 -1.386294 -1.386294
 -1.386294 -1.386294 -1.386294 -1.386294
 -1.386294 -1.386294 -1.386294 -1.386294
 -1.386294 -1.386294 -1.386294 -1.386294
 -1.386294 -1.386294 -1.386294 -1.386294
 -16.320221 -16.320221 -16.320221 -0.000000
 -1.386294 -1.386294 -1.386294 -1.386294
 -1.386294 -1.386294 -1.386294 -1.386294
 -1.386294 -1.386294 -1.386294 -1.386294
 -1.416147 -0.757250 -1.243412 -16.320221
 -14.904074 -0.000001 -14.904074 -14.904074
 -15.562971 -0.000001 -15.562971 -15.562971
 -15.076810 -0.000001 -15.076810 -15.076810
 -1.386294 -1.386294 -1.386294 -1.386294
 -1.386294 -1.386294 -1.386294 -1.386294
 -0.000000 -16.320221 -16.320221 -16.320221
 -1.386294 -1.386294 -1.386294 -1.386294
 -1.386294 -1.386294 -1.386294 -1.386294
 -16.320221 -16.320221 -0.000000 -16.320221
 -1.386294 -1.386294 -1.386294 -1.386294
 -1.386294 -1.386294 -1.386294 -1.386294
 -1.386294 -1.386294 -1.386294 -1.386294
 -1.386294 -1.386294 -1.386294 -1.386294
 -1.386294 -1.386294 -1.386294 -1.386294
 -1.161844 -1.588418 -1.916922 -1.091286
 -1.386294 -1.386294 -1.386294 -1.386294
 -0.766252 -2.076833 -1.713928 -1.470698
 -0.906341 -1.760260 -2.189255 -1.164752
 -0.823510 -1.974079 -2.302582 -1.132514
 -1.214572 -1.975541 -1.755913 -0.937189
 -0.900787 -1.754945 -1.619909 -1.500957
 -0.822559 -1.934414 -1.656783 -1.489730
 -1.006240 -1.760010 -1.441557 -1.488077
 -1.622510 -1.662784 -1.328271 -1.055404
