 -1.134980 0.000100 0.000100 0.000100
 -1.775565 0.000100 0.000100 0.000100
 -2.051270 0.000100 0.000100 0.000100
 -0.965974 0.000100 0.000100 0.000100
 -0.782760 -1.968382 -2.286835 -1.198696
 -0.937601 -1.678000 -1.933932 -1.283347
 -0.810932 -1.891841 -2.639049 -1.098613
 -1.455670 -2.050376 -1.827233 -0.739795
 -0.632523 -2.150058 -2.429642 -1.331032
 -0.948495 -1.623622 -2.122611 -1.218158
 -0.767872 -1.832580 -2.748863 -1.164753
 -1.314167 -1.845826 -2.082214 -0.801282
 -0.665817 -2.071912 -2.373017 -1.320497
 -0.923165 -1.582409 -2.211015 -1.245937
 -0.786481 -2.312529 -2.669200 -0.977536
 -1.306252 -1.756668 -2.103538 -0.833505
 -0.752520 -2.138813 -2.433611 -1.129149
 -1.045969 -1.500704 -2.599311 -1.045969
 -0.901550 -1.907068 -2.217220 -1.088761
 -1.350788 -1.630747 -1.954986 -0.907296
 -0.701356 -2.034160 -2.647263 -1.195832
 -1.086190 -1.548813 -2.367119 -1.032123
 -1.210404 -1.386294 -3.034937 -0.906723
 -1.333283 -1.696188 -2.117401 -0.837793
 -0.701539 -1.951496 -2.449333 -1.288203
 -1.276294 -1.235472 -2.508432 -1.053151
 -0.893820 -1.644122 -2.685565 -1.110042
 -1.303911 -1.778004 -2.225315 -0.795128
 -0.721319 -2.124903 -2.667225 -1.123930
 -0.805360 -1.473814 -3.107934 -1.275363
 -0.888893 -2.302578 -2.420360 -0.916292
 -1.265666 -1.701903 -1.989584 -0.919144
 -0.602732 -1.908264 -2.877661 -1.393996
 -0.779581 -1.724040 -2.753653 -1.206099
 -0.704449 -2.291405 -2.696865 -1.087440
 -1.128201 -1.812378 -2.226811 -0.903257
 -0.638007 -2.045993 -2.451457 -1.361657
 -0.673476 -1.881784 -2.532367 -1.353718
 -0.603919 -2.120258 -2.525717 -1.373049
 -1.036673 -1.703151 -2.135284 -1.064072
 -0.654926 -1.976681 -3.000067 -1.230290
 -0.679543 -1.517870 -2.585705 -1.616310
 -0.640781 -2.047689 -2.335368 -1.397105
 -1.176865 -1.488077 -2.373113 -0.986821
 -0.638963 -2.175196 -2.673033 -1.239489
 -0.747216 -1.586315 -2.944430 -1.313022
 -0.866813 -1.931517 -2.847793 -0.976012
 -1.230672 -1.703031 -2.239334 -0.869303
 -0.707134 -1.957551 -2.667226 -1.216395
 -0.893073 -1.745849 -1.825891 -1.366360
 -0.950194 -1.678429 -2.525717 -1.059393
 -1.226867 -1.868720 -2.169824 -0.824917
 -0.793496 -1.926008 -2.728353 -1.088612
 -0.858398 -1.490919 -2.937828 -1.210618
 -0.861141 -1.866658 -3.476069 -0.937126
 -1.562646 -1.652258 -2.073470 -0.748547
 -0.822262 -2.183237 -2.438128 -1.020088
 -0.998530 -1.707675 -2.576709 -0.982781
 -0.872942 -2.172217 -13.579793 -0.758532
 -1.292197 -2.098284 -2.035105 -0.750777
 -0.937644 -2.406380 -2.576278 -0.815872
 -0.865991 -1.700786 -2.756831 -1.098613
 -1.066865 -1.967647 -2.740828 -0.794932
 -1.401183 -1.895479 -2.451003 -0.659246
 -0.743791 -2.143156 -2.785007 -1.062245
 -1.009666 -1.640936 -2.461911 -1.031172
 -1.558144 -1.558144 -2.251285 -0.747217
 -1.496347 -1.680650 -2.614958 -0.660429
 -1.025853 -2.328062 -2.817608 -0.725099
 -1.430188 -1.797912 -2.608838 -0.651100
 -1.057792 -1.878767 -2.330747 -0.909372
 -1.996340 -1.882396 -2.343210 -0.484631
 -14.674174 -0.227391 -1.592631 -14.674174
 -14.108183 -0.491122 -0.946597 -14.108183
 -13.579793 -0.344099 -1.233954 -13.579793
 -15.485103 -0.554451 -0.854227 -15.485103
 -1.386294 -1.386294 -1.386294 -1.386294
 -0.000001 -15.657647 -15.657647 -15.657647
 -0.000001 -15.065413 -15.065413 -15.065413
 -1.386294 -1.386294 -1.386294 -1.386294
 -16.097893 -16.097893 -16.097893 -0.000000
 -1.386294 -1.386294 -1.386294 -1.386294
 -1.386294 -1.386294 -1.386294 -1.386294
 -1.386294 -1.386294 -1.386294 -1.386294
 -1.386294 -1.386294 -1.386294 -1.386294
 -1.386294 -1.386294 -1.386294 -1.386294
 -1.386294 -1.386294 -1.386294 -1.386294
 -16.097893 -16.097893 -16.097893 -0.000000
 -1.386294 -1.386294 -1.386294 -1.386294
 -1.386294 -1.386294 -1.386294 -1.386294
 -1.386294 -1.386294 -1.386294 -1.386294
 -1.180442 -0.828430 -1.362100 -16.097893
 -14.917452 -0.000001 -14.917452 -14.917452
 -15.269464 -0.000001 -15.269464 -15.269464
 -14.735795 -0.000001 -14.735795 -14.735795
 -1.386294 -1.386294 -1.386294 -1.386294
 -1.386294 -1.386294 -1.386294 -1.386294
 -0.000000 -16.097893 -16.097893 -16.097893
 -1.386294 -1.386294 -1.386294 -1.386294
 -1.386294 -1.386294 -1.386294 -1.386294
 -16.097893 -16.097893 -0.000000 -16.097893
 -1.386294 -1.386294 -1.386294 -1.386294
 -1.386294 -1.386294 -1.386294 -1.386294
 -1.386294 -1.386294 -1.386294 -1.386294
 -1.386294 -1.386294 -1.386294 -1.386294
 -1.386294 -1.386294 -1.386294 -1.386294
 -0.793983 -2.224113 -1.134980 -2.133962
 -1.386294 -1.386294 -1.386294 -1.386294
 -1.166316 -1.686850 -2.104585 -0.963671
 -1.166932 -1.890848 -2.098486 -0.879251
 -1.079744 -1.504077 -2.286835 -1.089134
 -1.421386 -1.980999 -1.090029 -1.257083
 -0.895272 -1.475090 -1.772341 -1.646047
 -1.056053 -1.749199 -1.501363 -1.364788
 -1.166054 -1.289668 -2.036879 -1.263692
 -1.386294 -1.494183 -1.409284 -1.268511
 -1.276887 0.000100 0.000100 0.000100
 -1.710243 0.000100 0.000100 0.000100
 -1.660010 0.000100 0.000100 0.000100
 -1.049431 0.000100 0.000100 0.000100
 -1.050665 -1.813607 -1.637328 -1.228502
 -0.970779 -1.756041 -1.688218 -1.333185
 -0.966523 -1.806273 -1.518591 -1.442605
 -2.090456 -1.429466 -1.476298 -0.895384
 -0.974365 -1.657256 -1.951763 -1.238277
 -0.867501 -1.699050 -1.850599 -1.427116
 -1.085608 -1.445611 -1.682740 -1.423632
 -1.895394 -1.208011 -1.756132 -0.972231
 -0.897615 -1.856657 -1.747854 -1.338959
 -1.054877 -1.682641 -1.633248 -1.307157
 -1.115476 -1.788420 -1.510789 -1.257792
 -1.724238 -1.745072 -1.478667 -0.869604
 -0.933991 -1.951187 -1.592046 -1.341690
 -0.895606 -2.102206 -1.628919 -1.297142
 -1.069316 -1.665007 -1.569697 -1.349155
 -1.643099 -1.477432 -1.462280 -1.059325
 -1.075121 -1.714987 -1.436784 -1.422599
 -1.040933 -1.437588 -1.984130 -1.302413
 -1.083228 -1.492516 -1.627691 -1.425825
 -1.655868 -1.655868 -1.466967 -0.947979
 -1.034761 -1.985130 -1.506828 -1.252763
 -1.126011 -1.582769 -1.853059 -1.159913
 -0.961814 -1.696925 -1.740727 -1.350301
 -1.836383 -1.399666 -1.311374 -1.125537
 -0.942363 -1.929501 -1.616818 -1.322216
 -0.912027 -1.656093 -1.671131 -1.516981
 -0.950370 -1.670545 -1.417710 -1.698325
 -1.690096 -1.368012 -1.507774 -1.080330
 -0.908856 -1.701437 -1.848040 -1.358492
 -1.204907 -1.547002 -1.750601 -1.159237
 -1.101193 -1.591557 -1.712510 -1.260525
 -1.667707 -1.440129 -1.624221 -0.974560
 -1.035613 -1.680441 -1.573196 -1.381036
 -1.037055 -1.874450 -1.504077 -1.309921
 -0.967421 -1.987250 -1.414732 -1.427636
 -1.903724 -1.470535 -1.359721 -1.009359
 -0.941561 -1.793609 -1.497629 -1.514296
 -1.063521 -1.627456 -1.583004 -1.374460
 -1.235188 -1.581464 -1.570035 -1.219059
 -1.678430 -1.388201 -1.484275 -1.087249
 -0.926378 -1.671546 -1.806465 -1.379022
 -1.095942 -1.505415 -1.797121 -1.279865
 -0.979990 -1.666448 -1.506599 -1.541285
 -1.726727 -1.683242 -1.508038 -0.879429
 -1.041741 -1.673403 -1.646252 -1.321326
 -1.266948 -1.652610 -1.864784 -0.989316
 -1.059610 -1.689244 -1.600951 -1.320336
 -1.820089 -1.282052 -1.632038 -1.007884
 -1.071739 -1.787876 -1.627102 -1.224944
 -1.093511 -1.794320 -1.794320 -1.101173
 -1.084141 -1.663343 -1.481022 -1.406914
 -1.703882 -1.381109 -1.388029 -1.148356
 -1.139198 -1.736496 -1.605657 -1.193923
 -1.060565 -1.506851 -1.976854 -1.225439
 -1.012246 -1.604296 -1.670545 -1.396657
 -1.721308 -1.552685 -1.343431 -1.054002
 -1.113736 -1.789885 -1.578041 -1.209617
 -1.053332 -1.561556 -1.628695 -1.405552
 -1.209364 -1.808019 -1.344183 -1.284165
 -1.815548 -1.479076 -1.503173 -0.949382
 -1.029620 -1.791759 -1.607455 -1.288102
 -1.030187 -1.562403 -1.632361 -1.435651
 -0.992506 -1.719785 -1.463852 -1.519115
 -1.542803 -1.576420 -1.534573 -1.010718
 -0.883837 -1.781396 -1.791759 -1.379374
 -1.224352 -1.295448 -1.917498 -1.254205
 -1.085709 -1.442384 -1.778855 -1.358123
 -1.805391 -1.452252 -1.350203 -1.071893
 -15.529309 -0.656008 -0.731720 -15.529309
 -15.211757 -0.836629 -0.567693 -15.211757
 -15.056780 -0.835804 -0.568325 -15.056780
 -15.464170 -0.633428 -0.756661 -15.464170
 -1.386294 -1.386294 -1.386294 -1.386294
 -0.000000 -16.000439 -16.000439 -16.000439
 -0.000000 -16.051956 -16.051956 -16.051956
 -1.386294 -1.386294 -1.386294 -1.386294
 -16.719675 -16.719675 -16.719675 -0.000000
 -1.386294 -1.386294 -1.386294 -1.386294
 -1.386294 -1.386294 -1.386294 -1.386294
 -1.386294 -1.386294 -1.386294 -1.386294
 -1.386294 -1.386294 -1.386294 -1.386294
 -1.386294 -1.386294 -1.386294 -1.386294
 -1.386294 -1.386294 -1.386294 -1.386294
 -16.719675 -16.719675 -16.719675 -0.000000
 -1.386294 -1.386294 -1.386294 -1.386294
 -1.386294 -1.386294 -1.386294 -1.386294
 -1.386294 -1.386294 -1.386294 -1.386294
 -1.429402 -0.701400 -1.329319 -16.719675
 -15.290275 -0.000001 -15.290275 -15.290275
 -16.018276 -0.000000 -16.018276 -16.018276
 -15.390358 -0.000001 -15.390358 -15.390358
 -1.386294 -1.386294 -1.386294 -1.386294
 -1.386294 -1.386294 -1.386294 -1.386294
 -0.000000 -16.719675 -16.719675 -16.719675
 -1.386294 -1.386294 -1.386294 -1.386294
 -1.386294 -1.386294 -1.386294 -1.386294
 -16.719675 -16.719675 -0.000000 -16.719675
 -1.386294 -1.386294 -1.386294 -1.386294
 -1.386294 -1.386294 -1.386294 -1.386294
 -1.386294 -1.386294 -1.386294 -1.386294
 -1.386294 -1.386294 -1.386294 -1.386294
 -1.386294 -1.386294 -1.386294 -1.386294
 -1.167214 -1.569164 -1.842909 -1.132608
 -1.386294 -1.386294 -1.386294 -1.386294
 -0.725351 -2.183237 -1.757154 -1.466924
 -1.027517 -1.521330 -1.845826 -1.325051
 -1.041454 -1.882236 -1.754403 -1.133827
 -1.427967 -1.713288 -1.540445 -1.006089
 -1.075936 -1.800976 -1.459227 -1.341444
 -1.011601 -1.887069 -1.431052 -1.403273
 -1.023650 -1.768089 -1.534475 -1.368490
 -1.447382 -1.666596 -1.401220 -1.109786
