 -1.101940 0.000100 0.000100 0.000100
 -1.842878 0.000100 0.000100 0.000100
 -2.241374 0.000100 0.000100 0.000100
 -0.908569 0.000100 0.000100 0.000100
 -0.653927 -2.371576 -2.708046 -1.139434
 -0.851972 -1.871800 -2.190253 -1.178656
 -1.037989 -1.791757 -1.999395 -1.067842
 -1.527706 -2.090490 -2.068511 -0.629296
 -0.829280 -1.640209 -2.503253 -1.245216
 -0.777706 -1.819157 -2.512298 -1.213023
 -0.769689 -1.988924 -2.474427 -1.152680
 -1.535914 -1.548653 -2.378999 -0.734878
 -0.662186 -2.178531 -2.503952 -1.240263
 -0.835804 -1.752093 -2.850699 -1.092849
 -0.922724 -1.871799 -2.277260 -1.060873
 -1.380324 -1.803807 -2.097568 -0.774189
 -0.739399 -2.040654 -2.611198 -1.141909
 -0.812813 -1.671472 -2.587757 -1.226788
 -0.753774 -2.140061 -2.363202 -1.146815
 -1.302309 -1.813134 -2.191199 -0.791484
 -0.644092 -2.216970 -2.548326 -1.245804
 -0.810932 -1.814231 -2.507373 -1.167606
 -0.868091 -1.909539 -2.315000 -1.098614
 -1.242181 -1.807073 -2.132495 -0.847298
 -0.739289 -2.103603 -2.564947 -1.128224
 -0.836855 -1.953813 -2.541595 -1.059998
 -0.899001 -2.151757 -2.374898 -0.957841
 -1.171492 -2.057323 -2.162683 -0.804561
 -0.627248 -2.267774 -2.573155 -1.251402
 -0.907558 -1.740465 -2.433607 -1.098613
 -1.017645 -1.779781 -2.221610 -1.017645
 -1.072410 -1.954798 -2.360262 -0.863156
 -0.672739 -2.089803 -3.070629 -1.140724
 -0.762142 -2.079438 -2.841571 -1.049823
 -0.843089 -1.804496 -2.759995 -1.073612
 -1.140622 -1.994541 -2.259233 -0.821269
 -0.743224 -1.974594 -2.744700 -1.135266
 -0.867102 -1.945908 -2.381222 -1.065552
 -0.885041 -1.745237 -2.756822 -1.052094
 -1.294276 -2.020944 -2.278773 -0.711385
 -15.073973 -1.494183 -1.992429 -0.447531
 -14.046625 -1.370546 -1.435084 -0.677400
 -13.514411 -1.470851 -2.001475 -0.453921
 -15.071128 -1.466337 -1.733651 -0.523249
 -1.386294 -1.386294 -1.386294 -1.386294
 -0.641855 -2.397892 -2.509117 -1.199200
 -0.679903 -2.708043 -2.525723 -1.059392
 -1.067841 -2.328656 -2.050453 -0.843628
 -0.623262 -2.208005 -2.743521 -1.239447
 -0.494699 -3.020405 -2.209488 -1.462280
 -0.931560 -2.110209 -3.208804 -0.810932
 -1.259952 -2.271551 -2.358562 -0.656576
 -0.751520 -2.029179 -2.665166 -1.116818
 -0.661401 -1.699385 -2.586679 -1.488077
 -0.751990 -2.051265 -2.862181 -1.070443
 -1.374995 -2.056967 -2.252712 -0.665135
 -0.742505 -2.152894 -2.608369 -1.095784
 -0.891999 -2.095968 -2.406120 -0.975381
 -0.820983 -2.371569 -2.371569 -0.985285
 -1.484441 -1.995266 -2.177587 -0.646113
 -0.726945 -2.275756 -2.583240 -1.083620
 -0.925342 -1.876315 -4.016336 -0.838331
 -0.996831 -2.351367 -2.351367 -0.819901
 -1.575536 -1.961952 -2.243364 -0.604370
 -0.640258 -2.378905 -2.855827 -1.131083
 -0.868353 -2.153545 -3.109045 -0.868353
 -0.950194 -2.014898 -2.525717 -0.916293
 -1.681448 -2.028644 -2.388017 -0.526666
 -0.614079 -2.664696 -2.760006 -1.121013
 -0.825321 -1.945907 -2.456728 -1.098613
 -1.011603 -1.791756 -2.580203 -0.931560
 -1.415565 -1.740225 -2.504323 -0.693148
 -0.582538 -2.839075 -3.195747 -1.072637
 -0.989129 -1.800057 -2.493199 -0.967150
 -0.530632 -2.273589 -3.120868 -1.329136
 -1.375599 -1.824549 -1.948601 -0.812949
 -0.556917 -3.080285 -3.716268 -1.030701
 -0.741005 -2.187917 -2.881056 -1.035244
 -0.693150 -2.772574 -2.590255 -1.014732
 -1.324650 -1.876146 -2.108768 -0.777535
 -0.000001 -15.189227 -15.189227 -15.189227
 -0.000003 -13.676253 -13.676253 -13.676253
 -0.000005 -13.353481 -13.353481 -13.353481
 -0.000001 -15.090875 -15.090875 -15.090875
 -16.016064 -16.016064 -16.016064 -0.000000
 -1.386294 -1.386294 -1.386294 -1.386294
 -1.386294 -1.386294 -1.386294 -1.386294
 -1.386294 -1.386294 -1.386294 -1.386294
 -1.386294 -1.386294 -1.386294 -1.386294
 -1.386294 -1.386294 -1.386294 -1.386294
 -1.386294 -1.386294 -1.386294 -1.386294
 -16.016064 -16.016064 -16.016064 -0.000000
 -1.386294 -1.386294 -1.386294 -1.386294
 -1.386294 -1.386294 -1.386294 -1.386294
 -1.386294 -1.386294 -1.386294 -1.386294
 -16.016064 -0.000000 -16.016064 -16.016064
 -1.386294 -1.386294 -1.386294 -1.386294
 -0.000000 -16.016064 -16.016064 -16.016064
 -1.386294 -1.386294 -1.386294 -1.386294
 -1.386294 -1.386294 -1.386294 -1.386294
 -16.016064 -16.016064 -0.000000 -16.016064
 -1.386294 -1.386294 -1.386294 -1.386294
 -1.386294 -1.386294 -1.386294 -1.386294
 -1.386294 -1.386294 -1.386294 -1.386294
 -1.386294 -1.386294 -1.386294 -1.386294
 -1.386294 -1.386294 -1.386294 -1.386294
 -0.000000 -16.016064 -16.016064 -16.016064
 -1.386294 -1.386294 -1.386294 -1.386294
 -1.072381 -1.969440 -2.078334 -0.933605
 -1.386294 -1.386294 -1.386294 -1.386294
 -1.386294 -1.386294 -1.386294 -1.386294
 -1.386294 -1.386294 -1.386294 -1.386294
 -1.023811 -1.655803 -2.019768 -1.148374
 -1.122711 -1.578185 -1.578185 -1.339774
 -0.877242 -1.837014 -2.019335 -1.230881
 -1.623622 -1.581658 -1.490091 -0.989316
 -1.157318 0.000100 0.000100 0.000100
 -1.748580 0.000100 0.000100 0.000100
 -1.740070 0.000100 0.000100 0.000100
 -1.090219 0.000100 0.000100 0.000100
 -0.950791 -1.846878 -1.698458 -1.298757
 -1.056765 -1.556721 -1.641278 -1.394878
 -1.098613 -1.649789 -1.710413 -1.224906
 -1.865187 -1.613872 -1.521935 -0.849267
 -0.968477 -1.716683 -1.670592 -1.376176
 -1.080215 -1.906893 -1.698138 -1.111964
 -0.875469 -1.974080 -1.481604 -1.527067
 -1.607910 -1.631077 -1.534347 -0.945773
 -0.894161 -1.930595 -1.899179 -1.216395
 -0.880700 -1.951723 -1.873252 -1.238374
 -1.048780 -1.859710 -1.529957 -1.282395
 -1.754925 -1.664775 -1.614344 -0.823654
 -0.955816 -1.924856 -1.519392 -1.383259
 -0.990161 -1.788668 -1.826408 -1.202942
 -1.029066 -1.640382 -1.761743 -1.283708
 -1.639515 -1.686399 -1.452118 -0.950192
 -0.819259 -2.043751 -1.740940 -1.369066
 -0.999358 -1.669157 -1.732670 -1.321756
 -0.974440 -1.825992 -1.673976 -1.294487
 -1.514565 -1.521892 -1.598264 -1.022901
 -0.864105 -1.966112 -1.814882 -1.288390
 -0.909174 -1.609438 -1.832581 -1.439092
 -0.959776 -1.547562 -1.852051 -1.396990
 -1.545534 -1.577795 -1.727855 -0.909546
 -0.998934 -1.905654 -1.582881 -1.281501
 -1.000848 -1.943210 -1.609438 -1.240674
 -0.913302 -1.982499 -1.899117 -1.166750
 -1.726397 -1.745089 -1.518180 -0.847847
 -0.841567 -1.893990 -1.813947 -1.364588
 -1.282225 -1.693521 -1.729239 -1.018074
 -0.890507 -1.869317 -1.553801 -1.496642
 -1.682508 -1.658603 -1.597515 -0.864436
 -1.043251 -1.851999 -1.902261 -1.074295
 -0.998529 -1.984662 -1.845826 -1.089879
 -1.192604 -1.732843 -1.518695 -1.201338
 -1.610987 -2.039982 -1.700115 -0.718227
 -15.605602 -1.364824 -1.230476 -0.793143
 -14.914124 -1.544899 -0.958851 -0.907992
 -15.073973 -1.209671 -1.248511 -0.880025
 -15.851523 -1.706708 -1.265904 -0.622589
 -1.386294 -1.386294 -1.386294 -1.386294
 -1.039648 -1.802664 -1.667490 -1.228123
 -1.061421 -1.654938 -1.690030 -1.278630
 -1.737415 -1.557091 -1.629662 -0.873995
 -0.862224 -1.825661 -2.001109 -1.267689
 -0.915016 -1.796874 -2.079440 -1.175471
 -0.853377 -1.649178 -2.082041 -1.358123
 -1.631099 -1.763588 -1.533800 -0.874327
 -1.054414 -1.686690 -1.640528 -1.299769
 -0.862833 -1.934415 -1.502633 -1.555979
 -1.044054 -1.693903 -1.508761 -1.414732
 -1.719158 -1.646252 -1.571028 -0.867071
 -0.991147 -1.780478 -1.733521 -1.260083
 -0.906722 -1.620487 -1.692461 -1.540445
 -0.913907 -1.733805 -1.694065 -1.432701
 -1.637377 -1.483227 -1.490395 -1.040374
 -0.929938 -1.873309 -1.736108 -1.288796
 -1.017387 -1.717651 -1.675687 -1.302708
 -0.902358 -1.766569 -1.667196 -1.449473
 -1.543368 -1.628890 -1.665258 -0.913667
 -0.784955 -2.145931 -1.607977 -1.484533
 -1.024505 -1.717651 -1.584120 -1.360977
 -0.843720 -2.068745 -1.575088 -1.441557
 -1.617668 -1.569272 -1.450614 -1.024387
 -0.887502 -1.982741 -1.643387 -1.357506
 -0.782169 -1.908753 -1.751568 -1.510406
 -0.874071 -1.784790 -1.584120 -1.561647
 -1.595049 -1.568616 -1.659587 -0.919921
 -0.698627 -2.063180 -1.735968 -1.612174
 -0.932946 -1.649259 -1.800809 -1.389302
 -0.793639 -1.738917 -1.815289 -1.563975
 -1.416845 -1.618327 -1.416845 -1.149440
 -0.740081 -2.215986 -1.758850 -1.420324
 -1.092695 -1.645695 -1.342746 -1.557403
 -0.920205 -1.702147 -1.531802 -1.593933
 -1.607395 -1.510231 -1.649068 -0.950616
 -0.000000 -15.829080 -15.829080 -15.829080
 -0.000001 -15.012460 -15.012460 -15.012460
 -0.000001 -15.211756 -15.211756 -15.211756
 -0.000001 -15.488863 -15.488863 -15.488863
 -16.819708 -16.819708 -16.819708 -0.000000
 -1.386294 -1.386294 -1.386294 -1.386294
 -1.386294 -1.386294 -1.386294 -1.386294
 -1.386294 -1.386294 -1.386294 -1.386294
 -1.386294 -1.386294 -1.386294 -1.386294
 -1.386294 -1.386294 -1.386294 -1.386294
 -1.386294 -1.386294 -1.386294 -1.386294
 -16.819708 -16.819708 -16.819708 -0.000000
 -1.386294 -1.386294 -1.386294 -1.386294
 -1.386294 -1.386294 -1.386294 -1.386294
 -1.386294 -1.386294 -1.386294 -1.386294
 -16.819708 -0.000000 -16.819708 -16.819708
 -1.386294 -1.386294 -1.386294 -1.386294
 -0.000000 -16.819708 -16.819708 -16.819708
 -1.386294 -1.386294 -1.386294 -1.386294
 -1.386294 -1.386294 -1.386294 -1.386294
 -16.819708 -16.819708 -0.000000 -16.819708
 -1.386294 -1.386294 -1.386294 -1.386294
 -1.386294 -1.386294 -1.386294 -1.386294
 -1.386294 -1.386294 -1.386294 -1.386294
 -1.386294 -1.386294 -1.386294 -1.386294
 -1.386294 -1.386294 -1.386294 -1.386294
 -0.000000 -16.819708 -16.819708 -16.819708
 -1.386294 -1.386294 -1.386294 -1.386294
 -0.721814 -2.206689 -1.946406 -1.342166
 -1.386294 -1.386294 -1.386294 -1.386294
 -1.386294 -1.386294 -1.386294 -1.386294
 -1.386294 -1.386294 -1.386294 -1.386294
 -0.760684 -2.160164 -1.678066 -1.467018
 -0.971861 -2.224621 -1.432385 -1.291804
 -0.935573 -1.925290 -1.731134 -1.256241
 -1.734601 -1.923395 -1.167334 -1.004511
