 -1.030025 0.000100 0.000100 0.000100
 -1.775662 0.000100 0.000100 0.000100
 -2.211524 0.000100 0.000100 0.000100
 -1.010334 0.000100 0.000100 0.000100
 -0.769881 -1.951607 -2.605532 -1.136243
 -0.928340 -1.380324 -2.478932 -1.311332
 -0.944463 -1.737691 -2.117178 -1.155771
 -1.361534 -1.822879 -2.099132 -0.777377
 -0.679468 -2.133201 -2.849877 -1.149471
 -1.052362 -1.834061 -1.951843 -1.052362
 -0.963794 -1.530188 -2.272120 -1.207416
 -1.471016 -1.718852 -2.164162 -0.741938
 -0.726859 -2.130443 -2.524346 -1.146712
 -1.000375 -1.517064 -2.478471 -1.111600
 -1.268512 -1.731133 -1.856295 -0.953432
 -1.527129 -1.552130 -2.455841 -0.723082
 -0.753772 -1.858653 -2.496739 -1.233826
 -1.183000 -1.261472 -2.320075 -1.164308
 -1.156433 -1.716046 -2.291405 -0.905119
 -1.462006 -1.716536 -2.166452 -0.746636
 -0.657430 -1.867266 -2.503253 -1.404643
 -0.849083 -1.863811 -2.186584 -1.188058
 -0.847300 -2.100057 -1.876915 -1.217672
 -1.321082 -1.625742 -2.278614 -0.834798
 -0.667957 -2.000969 -2.505524 -1.307823
 -0.829280 -1.522426 -2.708044 -1.277304
 -0.808460 -1.570597 -2.312529 -1.396245
 -1.177893 -1.698669 -2.237664 -0.910212
 -0.617336 -2.030537 -3.093428 -1.258747
 -0.753773 -1.580450 -2.938565 -1.307157
 -1.110042 -1.912384 -2.531417 -0.813777
 -1.200742 -1.590206 -2.475242 -0.889155
 -0.595292 -2.187921 -3.114680 -1.230810
 -0.768183 -1.744691 -2.809395 -1.199965
 -0.676890 -1.808285 -2.501422 -1.402823
 -1.014627 -1.553623 -2.368129 -1.101638
 -0.567731 -2.029010 -3.004387 -1.377711
 -0.674220 -1.760408 -2.491291 -1.445328
 -0.677883 -2.094939 -3.075748 -1.129866
 -0.933098 -1.853634 -2.207273 -1.078810
 -0.665202 -1.898470 -3.206799 -1.218929
 -0.788459 -1.630639 -2.883393 -1.225175
 -0.639083 -1.711715 -2.890352 -1.443452
 -1.080723 -1.817354 -2.256720 -0.932670
 -0.618406 -2.000593 -3.066941 -1.275185
 -0.900787 -1.707877 -2.436112 -1.123931
 -0.815040 -1.913645 -2.319104 -1.166436
 -1.174682 -1.817567 -2.417186 -0.822140
 -0.679354 -2.007982 -2.701127 -1.232144
 -1.003303 -1.484275 -2.120261 -1.249436
 -0.650591 -2.847793 -3.135467 -0.976012
 -1.444683 -1.639743 -2.076460 -0.810185
 -0.569952 -2.300016 -2.919053 -1.272231
 -1.130161 -1.417843 -2.683502 -1.003868
 -1.120592 -1.813736 -2.219198 -0.910872
 -1.386294 -1.729767 -2.344132 -0.740776
 -0.756999 -2.176814 -2.965269 -1.005179
 -0.959416 -1.602965 -2.264360 -1.165752
 -0.950194 -2.120258 -2.525717 -0.883503
 -1.356920 -1.648116 -2.173126 -0.829393
 -0.652874 -2.115706 -3.127303 -1.154965
 -0.982983 -1.214784 -3.097503 -1.259236
 -1.134981 -1.722765 -2.484897 -0.875471
 -1.330300 -1.614687 -2.419058 -0.803758
 -0.666899 -2.145398 -3.096371 -1.125568
 -0.978990 -1.247254 -2.800595 -1.286474
 -1.163152 -1.673974 -2.772570 -0.826681
 -1.389038 -1.856845 -2.604058 -0.652874
 -0.825144 -2.335373 -3.028517 -0.875469
 -0.857451 -1.970449 -2.215571 -1.116962
 -1.081807 -1.512587 -1.998090 -1.187167
 -1.391436 -1.940794 -2.532157 -0.638271
 -15.068274 -15.068274 -15.068274 -0.000001
 -14.062374 -14.062374 -14.062374 -0.000002
 -13.527834 -13.527834 -13.527834 -0.000004
 -15.281079 -15.281079 -15.281079 -0.000001
 -1.386294 -1.386294 -1.386294 -1.386294
 -1.386294 -1.386294 -1.386294 -1.386294
 -1.386294 -1.386294 -1.386294 -1.386294
 -0.000000 -16.103998 -16.103998 -16.103998
 -16.103996 -16.103996 -16.103996 -0.000000
 -1.386294 -1.386294 -1.386294 -1.386294
 -1.386294 -1.386294 -1.386294 -1.386294
 -1.386294 -1.386294 -1.386294 -1.386294
 -1.386294 -1.386294 -1.386294 -1.386294
 -1.386294 -1.386294 -1.386294 -1.386294
 -1.386294 -1.386294 -1.386294 -1.386294
 -16.103996 -16.103996 -16.103996 -0.000000
 -1.386294 -1.386294 -1.386294 -1.386294
 -1.386294 -1.386294 -1.386294 -1.386294
 -1.386294 -1.386294 -1.386294 -1.386294
 -16.103998 -0.000000 -16.103998 -16.103998
 -1.386294 -1.386294 -1.386294 -1.386294
 -16.103998 -0.000000 -16.103998 -16.103998
 -1.386294 -1.386294 -1.386294 -1.386294
 -1.386294 -1.386294 -1.386294 -1.386294
 -1.386294 -1.386294 -1.386294 -1.386294
 -0.000000 -16.103998 -16.103998 -16.103998
 -1.386294 -1.386294 -1.386294 -1.386294
 -1.386294 -1.386294 -1.386294 -1.386294
 -16.103996 -16.103996 -0.000000 -16.103996
 -1.386294 -1.386294 -1.386294 -1.386294
 -1.386294 -1.386294 -1.386294 -1.386294
 -1.386294 -1.386294 -1.386294 -1.386294
 -1.386294 -1.386294 -1.386294 -1.386294
 -1.386294 -1.386294 -1.386294 -1.386294
 -0.768973 -1.876376 -1.193213 -2.524208
 -1.386294 -1.386294 -1.386294 -1.386294
 -1.055779 -1.793950 -2.030338 -1.037087
 -1.046989 -1.520772 -2.378218 -1.085455
 -1.125733 -1.606099 -2.011563 -1.075471
 -1.661396 -1.971549 -1.536234 -0.785931
 -0.890395 -1.576051 -1.848917 -1.490284
 -1.261132 -1.825660 -1.342809 -1.222665
 -0.983378 -1.409461 -2.102605 -1.348837
 -1.626679 -1.429969 -1.360977 -1.178655
 -1.200577 0.000100 0.000100 0.000100
 -1.888090 0.000100 0.000100 0.000100
 -1.713288 0.000100 0.000100 0.000100
 -1.001449 0.000100 0.000100 0.000100
 -0.832345 -1.918052 -1.957272 -1.284330
 -0.877720 -1.716046 -1.923684 -1.353142
 -0.974561 -1.773066 -1.527944 -1.444563
 -1.637608 -1.483458 -1.504077 -1.031474
 -0.756327 -2.020016 -2.187070 -1.252763
 -1.164988 -1.395511 -1.695614 -1.359143
 -1.107830 -1.746907 -1.746907 -1.136001
 -1.632694 -1.575536 -1.397855 -1.048182
 -0.974050 -1.781606 -2.020016 -1.134980
 -0.897943 -2.117178 -1.848916 -1.155771
 -1.033474 -1.466337 -1.699950 -1.466337
 -1.897119 -1.860751 -1.504077 -0.750307
 -0.955512 -1.707498 -1.707498 -1.375365
 -0.974051 -1.876915 -1.493925 -1.406914
 -1.329136 -1.533930 -1.257677 -1.446919
 -1.614304 -1.543686 -1.302525 -1.153489
 -1.070442 -1.832580 -1.832580 -1.087249
 -1.180851 -1.740465 -1.902983 -0.998530
 -1.113002 -1.415282 -1.897118 -1.278081
 -1.667706 -1.603168 -1.667706 -0.864213
 -1.064127 -1.645155 -2.006167 -1.116312
 -0.952010 -1.517322 -2.433607 -1.180851
 -0.926764 -1.519825 -1.925288 -1.428854
 -1.669157 -1.420696 -1.721800 -0.938270
 -0.944462 -1.897119 -1.431757 -1.504077
 -0.927988 -1.601715 -1.492516 -1.724317
 -1.098614 -1.722765 -1.386294 -1.435084
 -1.488810 -1.717651 -1.381179 -1.068308
 -1.043183 -1.625103 -1.966852 -1.168346
 -1.200742 -1.801514 -1.638996 -1.079382
 -1.266948 -1.292266 -1.623622 -1.400479
 -1.791758 -1.678430 -1.919591 -0.693148
 -0.972733 -1.841769 -2.155425 -1.056816
 -0.891999 -1.859580 -1.759497 -1.338285
 -0.937126 -1.530188 -1.866658 -1.439216
 -1.955713 -1.561810 -1.516347 -0.845674
 -0.982694 -1.786187 -1.855180 -1.198402
 -1.257361 -1.800974 -1.513294 -1.107830
 -1.139435 -1.660730 -1.514127 -1.309334
 -1.634755 -1.609437 -1.366492 -1.049823
 -0.853234 -2.038854 -1.762602 -1.301257
 -0.983951 -1.537334 -2.033768 -1.271632
 -1.067114 -1.883873 -1.609437 -1.190728
 -1.517536 -1.469908 -1.935270 -0.900376
 -0.823768 -2.059237 -1.694595 -1.386294
 -0.822683 -1.628305 -2.187917 -1.376992
 -0.942961 -1.509354 -2.155977 -1.295781
 -1.663504 -1.636106 -1.781287 -0.804374
 -0.806088 -2.069778 -1.801515 -1.338892
 -1.243194 -1.754017 -1.508896 -1.147884
 -0.955513 -2.025949 -1.620487 -1.252764
 -1.469908 -1.424446 -1.517536 -1.170666
 -0.843971 -2.162821 -2.079440 -1.108663
 -1.031603 -1.479626 -1.781905 -1.396245
 -0.821766 -1.534714 -2.114529 -1.495493
 -1.313022 -1.530745 -1.478102 -1.249844
 -0.911736 -1.604882 -2.130973 -1.278198
 -1.071214 -1.791758 -1.463255 -1.349927
 -0.816209 -1.914817 -1.845824 -1.375823
 -1.646251 -1.646251 -1.615480 -0.877882
 -0.936597 -1.737956 -1.555635 -1.509115
 -1.071214 -1.791758 -1.386294 -1.424035
 -0.833921 -1.956059 -1.761905 -1.376244
 -1.566420 -1.738270 -1.419817 -0.984500
 -0.859275 -1.751753 -1.876916 -1.386294
 -1.011602 -1.550597 -2.110209 -1.193923
 -0.756662 -1.776491 -2.159481 -1.401798
 -1.538402 -2.098015 -1.567389 -0.789686
 -14.580980 -14.580980 -14.580980 -0.000001
 -13.785055 -13.785055 -13.785055 -0.000003
 -13.721204 -13.721204 -13.721204 -0.000003
 -14.430698 -14.430698 -14.430698 -0.000002
 -1.386294 -1.386294 -1.386294 -1.386294
 -1.386294 -1.386294 -1.386294 -1.386294
 -1.386294 -1.386294 -1.386294 -1.386294
 -0.000001 -15.587069 -15.587069 -15.587069
 -15.587068 -15.587068 -15.587068 -0.000001
 -1.386294 -1.386294 -1.386294 -1.386294
 -1.386294 -1.386294 -1.386294 -1.386294
 -1.386294 -1.386294 -1.386294 -1.386294
 -1.386294 -1.386294 -1.386294 -1.386294
 -1.386294 -1.386294 -1.386294 -1.386294
 -1.386294 -1.386294 -1.386294 -1.386294
 -15.587068 -15.587068 -15.587068 -0.000001
 -1.386294 -1.386294 -1.386294 -1.386294
 -1.386294 -1.386294 -1.386294 -1.386294
 -1.386294 -1.386294 -1.386294 -1.386294
 -15.587069 -0.000001 -15.587069 -15.587069
 -1.386294 -1.386294 -1.386294 -1.386294
 -15.587069 -0.000001 -15.587069 -15.587069
 -1.386294 -1.386294 -1.386294 -1.386294
 -1.386294 -1.386294 -1.386294 -1.386294
 -1.386294 -1.386294 -1.386294 -1.386294
 -0.000001 -15.587069 -15.587069 -15.587069
 -1.386294 -1.386294 -1.386294 -1.386294
 -1.386294 -1.386294 -1.386294 -1.386294
 -15.587068 -15.587068 -0.000001 -15.587068
 -1.386294 -1.386294 -1.386294 -1.386294
 -1.386294 -1.386294 -1.386294 -1.386294
 -1.386294 -1.386294 -1.386294 -1.386294
 -1.386294 -1.386294 -1.386294 -1.386294
 -1.386294 -1.386294 -1.386294 -1.386294
 -1.034393 -1.564542 -1.945910 -1.229233
 -1.386294 -1.386294 -1.386294 -1.386294
 -0.788458 -2.206838 -1.845826 -1.281891
 -1.027996 -1.516347 -2.247231 -1.148623
 -0.793233 -1.791757 -2.484897 -1.211942
 -1.592146 -1.928617 -1.851656 -0.704844
 -0.867951 -1.830225 -1.506438 -1.618916
 -0.962277 -1.923684 -1.492904 -1.397594
 -1.203974 -1.548812 -1.163152 -1.742967
 -1.548529 -1.777370 -1.128027 -1.221845
