 -1.043276 0.000100 0.000100 0.000100
 -1.989370 0.000100 0.000100 0.000100
 -2.148434 0.000100 0.000100 0.000100
 -0.930763 0.000100 0.000100 0.000100
 -0.745042 -1.941028 -2.547163 -1.192618
 -0.983635 -1.834684 -2.071072 -1.077822
 -0.791418 -1.912007 -2.674144 -1.108514
 -1.371822 -1.977000 -2.100060 -0.722735
 -0.734227 -2.051958 -2.445446 -1.187596
 -0.852625 -1.861890 -2.692235 -1.048117
 -0.727834 -1.838278 -2.462429 -1.299283
 -1.390802 -1.784291 -2.240109 -0.740739
 -0.675343 -2.361152 -2.443844 -1.171569
 -0.867865 -1.718196 -2.201047 -1.237611
 -0.849398 -1.850027 -2.296312 -1.156882
 -1.467874 -1.815070 -2.121800 -0.719608
 -0.739097 -1.919320 -2.409942 -1.252015
 -1.030450 -1.723596 -2.393752 -0.984988
 -0.978990 -1.940399 -2.153972 -1.008843
 -1.466337 -1.933677 -2.034321 -0.705532
 -0.764666 -2.186050 -2.307411 -1.131242
 -0.969401 -1.575536 -2.163321 -1.207812
 -1.142098 -2.058386 -1.802454 -0.945983
 -1.480408 -1.869559 -1.950411 -0.742237
 -0.792793 -2.135914 -2.569952 -1.042009
 -0.992854 -1.887866 -2.193246 -1.003665
 -0.830619 -1.695615 -2.611902 -1.179803
 -1.377379 -1.736593 -2.332890 -0.745227
 -0.666479 -2.269743 -2.455146 -1.213023
 -0.905118 -1.873676 -2.219951 -1.098613
 -0.932552 -1.998901 -2.153050 -1.036093
 -1.293494 -1.675429 -2.153214 -0.861918
 -0.500115 -2.154114 -3.191355 -1.442158
 -0.693148 -2.018816 -2.367121 -1.296682
 -0.623787 -2.063001 -2.308122 -1.437297
 -0.973355 -1.679350 -1.944303 -1.228933
 -0.000000 -15.982277 -15.982277 -15.982277
 -0.000001 -14.739771 -14.739771 -14.739771
 -0.000002 -14.279247 -14.279247 -14.279247
 -0.000001 -15.332834 -15.332834 -15.332834
 -0.606232 -2.246704 -2.734252 -1.259105
 -1.386294 -1.386294 -1.386294 -1.386294
 -1.386294 -1.386294 -1.386294 -1.386294
 -1.386294 -1.386294 -1.386294 -1.386294
 -0.722011 -2.093234 -2.923582 -1.087088
 -0.952257 -1.847639 -2.270494 -1.040549
 -0.966189 -1.636344 -3.341072 -0.943199
 -1.178655 -1.954040 -2.464864 -0.764457
 -0.762927 -2.035049 -2.804735 -1.071474
 -0.961412 -1.861352 -2.071072 -1.090244
 -1.064712 -1.757856 -2.556358 -0.903444
 -1.520910 -2.121275 -1.990913 -0.644285
 -0.817876 -2.309120 -2.682323 -0.939356
 -0.899124 -2.110211 -2.223540 -1.011601
 -1.164308 -2.157557 -2.445237 -0.722476
 -1.506851 -2.007314 -1.899894 -0.704290
 -0.744532 -2.372317 -2.623631 -1.023765
 -0.933428 -1.926677 -2.332141 -1.010389
 -0.970359 -2.251289 -2.682069 -0.804374
 -1.430390 -1.827691 -1.886285 -0.802146
 -0.835367 -2.033070 -2.608433 -1.016934
 -1.006110 -1.787363 -2.289453 -1.006110
 -0.895565 -2.687319 -2.361898 -0.845555
 -1.430874 -1.779180 -2.100764 -0.755532
 -0.810511 -1.868452 -2.806720 -1.077035
 -1.025644 -1.696811 -2.347397 -1.014594
 -0.933785 -1.895194 -2.514229 -0.978905
 -1.241713 -1.719439 -2.184801 -0.868824
 -0.784346 -2.016489 -2.686104 -1.072028
 -0.669538 -1.991292 -2.153811 -1.446066
 -0.780746 -2.153050 -2.404363 -1.092182
 -1.123116 -2.124305 -1.878633 -0.910258
 -0.761746 -2.473916 -2.652964 -0.971663
 -0.602373 -2.453720 -2.179285 -1.372811
 -0.780159 -2.692540 -2.121999 -1.037988
 -0.942332 -3.143817 -2.007468 -0.837397
 -15.872195 -15.872195 -15.872195 -0.000000
 -13.989468 -13.989468 -13.989468 -0.000003
 -14.403299 -14.403299 -14.403299 -0.000002
 -15.701064 -15.701064 -15.701064 -0.000000
 -1.386294 -1.386294 -1.386294 -1.386294
 -1.386294 -1.386294 -1.386294 -1.386294
 -1.386294 -1.386294 -1.386294 -1.386294
 -16.671982 -16.671982 -16.671982 -0.000000
 -1.386294 -1.386294 -1.386294 -1.386294
 -1.386294 -1.386294 -1.386294 -1.386294
 -1.386294 -1.386294 -1.386294 -1.386294
 -16.671982 -16.671982 -16.671982 -0.000000
 -1.386294 -1.386294 -1.386294 -1.386294
 -1.386294 -1.386294 -1.386294 -1.386294
 -1.386294 -1.386294 -1.386294 -1.386294
 -16.671982 -16.671982 -16.671982 -0.000000
 -1.386294 -1.386294 -1.386294 -1.386294
 -1.386294 -1.386294 -1.386294 -1.386294
 -1.386294 -1.386294 -1.386294 -1.386294
 -16.671982 -16.671982 -16.671982 -0.000000
 -1.386294 -1.386294 -1.386294 -1.386294
 -1.386294 -1.386294 -1.386294 -1.386294
 -1.386294 -1.386294 -1.386294 -1.386294
 -0.000000 -16.671982 -16.671982 -16.671982
 -16.671982 -16.671982 -0.000000 -16.671982
 -1.386294 -1.386294 -1.386294 -1.386294
 -1.386294 -1.386294 -1.386294 -1.386294
 -1.386294 -1.386294 -1.386294 -1.386294
 -1.386294 -1.386294 -1.386294 -1.386294
 -1.386294 -1.386294 -1.386294 -1.386294
 -0.845575 -1.952252 -1.170071 -2.133764
 -1.386294 -1.386294 -1.386294 -1.386294
 -1.090612 -1.764035 -2.150156 -0.977711
 -1.114940 -1.871801 -1.954039 -0.976789
 -1.093072 -1.748274 -2.043073 -1.018570
 -1.590206 -1.566676 -1.267433 -1.184742
 -0.907322 -1.674577 -2.042301 -1.275543
 -1.108563 -1.636195 -1.781906 -1.181134
 -0.877071 -1.629640 -2.263362 -1.258781
 -1.628608 -1.399033 -1.444943 -1.135684
 -1.035106 0.000100 0.000100 0.000100
 -2.141718 0.000100 0.000100 0.000100
 -2.024382 0.000100 0.000100 0.000100
 -0.928153 0.000100 0.000100 0.000100
 -0.595787 -2.529720 -2.229615 -1.340862
 -1.063106 -2.083464 -1.457010 -1.213388
 -0.934310 -2.051269 -1.897119 -1.113001
 -1.707137 -2.156307 -1.943526 -0.580416
 -0.753936 -2.171349 -2.280548 -1.160795
 -1.067841 -1.915137 -1.774059 -1.080913
 -0.936426 -2.180748 -1.681758 -1.174511
 -1.919811 -1.740226 -2.108711 -0.586106
 -0.747872 -2.564948 -1.862232 -1.222888
 -0.985284 -1.853634 -1.811962 -1.181994
 -1.252763 -1.871801 -1.677646 -0.984499
 -1.582256 -1.886840 -1.917611 -0.701217
 -0.828131 -1.940121 -1.960530 -1.277746
 -1.132135 -1.602138 -1.848271 -1.143564
 -1.029019 -1.837850 -1.633755 -1.243794
 -1.579585 -1.724951 -1.810108 -0.793805
 -1.089802 -1.884418 -1.563320 -1.196137
 -1.065276 -1.843945 -1.664604 -1.177949
 -1.351609 -1.340309 -1.552279 -1.318086
 -1.863812 -1.548499 -1.620191 -0.833578
 -0.919002 -1.935138 -1.692192 -1.299885
 -1.172531 -1.732147 -1.746133 -1.081560
 -1.057511 -1.518162 -1.595549 -1.466337
 -1.789023 -1.789023 -1.517871 -0.806147
 -0.699641 -1.949151 -1.763049 -1.664314
 -1.010243 -1.564277 -1.703390 -1.408273
 -0.904457 -1.749795 -1.597603 -1.518466
 -1.540445 -1.800198 -1.366876 -1.006363
 -0.487965 -2.063856 -2.043447 -2.043447
 -0.831506 -1.700543 -1.764056 -1.557442
 -0.693148 -1.882082 -1.692325 -1.810108
 -1.297499 -1.574346 -1.379177 -1.317302
 -0.000000 -16.115091 -16.115091 -16.115091
 -0.000001 -15.053885 -15.053885 -15.053885
 -0.000001 -15.155762 -15.155762 -15.155762
 -0.000001 -15.191755 -15.191755 -15.191755
 -0.621266 -2.401676 -2.087017 -1.393870
 -1.386294 -1.386294 -1.386294 -1.386294
 -1.386294 -1.386294 -1.386294 -1.386294
 -1.386294 -1.386294 -1.386294 -1.386294
 -0.587436 -2.505306 -2.560568 -1.254081
 -0.994816 -2.261760 -2.079439 -0.913691
 -1.094818 -2.239948 -1.765491 -0.947182
 -1.520369 -2.295008 -2.239949 -0.554875
 -0.703120 -2.310332 -2.492653 -1.129970
 -1.093471 -1.900561 -1.972020 -0.977399
 -1.283755 -1.697730 -2.029086 -0.895385
 -1.871802 -2.009952 -2.000736 -0.550047
 -0.993826 -2.127944 -2.092438 -0.948364
 -1.152680 -1.754854 -1.894616 -1.019149
 -1.365590 -1.787583 -1.715263 -0.922587
 -1.680534 -1.866370 -1.939395 -0.663102
 -0.932095 -1.933788 -2.048564 -1.100356
 -1.218005 -1.662255 -1.732459 -1.085833
 -1.363305 -1.755866 -1.629573 -0.979723
 -1.640979 -1.680421 -1.758072 -0.803995
 -0.867170 -1.878770 -2.166452 -1.163151
 -1.025281 -1.631416 -1.673976 -1.354206
 -1.280361 -1.903827 -1.635564 -0.972270
 -1.593841 -1.611859 -1.486696 -0.990957
 -0.906945 -1.844784 -1.854734 -1.266948
 -0.983486 -1.773362 -1.550218 -1.410457
 -0.982540 -1.635413 -1.703466 -1.391436
 -1.383497 -1.501979 -1.540445 -1.163711
 -0.844999 -2.030914 -1.628964 -1.414307
 -0.787458 -1.897119 -1.525556 -1.728784
 -0.920011 -1.874280 -1.858279 -1.230730
 -1.196121 -2.014058 -1.710678 -0.958557
 -0.816951 -2.699681 -1.849836 -1.097413
 -0.653408 -2.917766 -1.720067 -1.399900
 -0.779476 -2.300080 -1.726281 -1.335001
 -1.100303 -2.599315 -2.026797 -0.774035
 -16.014956 -16.014956 -16.014956 -0.000000
 -14.260199 -14.260199 -14.260199 -0.000002
 -15.018484 -15.018484 -15.018484 -0.000001
 -15.802014 -15.802014 -15.802014 -0.000000
 -1.386294 -1.386294 -1.386294 -1.386294
 -1.386294 -1.386294 -1.386294 -1.386294
 -1.386294 -1.386294 -1.386294 -1.386294
 -16.869513 -16.869513 -16.869513 -0.000000
 -1.386294 -1.386294 -1.386294 -1.386294
 -1.386294 -1.386294 -1.386294 -1.386294
 -1.386294 -1.386294 -1.386294 -1.386294
 -16.869513 -16.869513 -16.869513 -0.000000
 -1.386294 -1.386294 -1.386294 -1.386294
 -1.386294 -1.386294 -1.386294 -1.386294
 -1.386294 -1.386294 -1.386294 -1.386294
 -16.869513 -16.869513 -16.869513 -0.000000
 -1.386294 -1.386294 -1.386294 -1.386294
 -1.386294 -1.386294 -1.386294 -1.386294
 -1.386294 -1.386294 -1.386294 -1.386294
 -16.869513 -16.869513 -16.869513 -0.000000
 -1.386294 -1.386294 -1.386294 -1.386294
 -1.386294 -1.386294 -1.386294 -1.386294
 -1.386294 -1.386294 -1.386294 -1.386294
 0.000000 -16.869513 -16.869513 -16.869513
 -16.869513 -16.869513 -0.000000 -16.869513
 -1.386294 -1.386294 -1.386294 -1.386294
 -1.386294 -1.386294 -1.386294 -1.386294
 -1.386294 -1.386294 -1.386294 -1.386294
 -1.386294 -1.386294 -1.386294 -1.386294
 -1.386294 -1.386294 -1.386294 -1.386294
 -1.035106 -1.586127 -1.900270 -1.235924
 -1.386294 -1.386294 -1.386294 -1.386294
 -0.726912 -1.914535 -2.102276 -1.398319
 -1.277254 -1.654204 -1.995506 -0.931381
 -1.304555 -1.184191 -1.867081 -1.316251
 -1.602965 -1.858898 -1.635755 -0.802846
 -0.691710 -2.281231 -1.958944 -1.362128
 -0.934545 -1.551705 -1.864079 -1.425825
 -1.023389 -1.609438 -1.897119 -1.235722
 -1.579257 -1.814295 -1.724439 -0.792645
