 -0.980456 0.000100 0.000100 0.000100
 -2.015463 0.000100 0.000100 0.000100
 -2.179466 0.000100 0.000100 0.000100
 -0.971541 0.000100 0.000100 0.000100
 -0.666637 -2.100557 -2.412931 -1.292342
 -1.090245 -1.560247 -1.888750 -1.195605
 -0.926243 -1.524078 -2.535670 -1.181134
 -1.380395 -1.618353 -2.085375 -0.853233
 -0.702090 -1.969934 -2.418883 -1.287483
 -0.838734 -1.609437 -2.645523 -1.214784
 -0.974051 -1.945907 -1.751752 -1.183771
 -1.181134 -1.976062 -2.279744 -0.793752
 -0.797288 -1.965327 -2.495954 -1.118031
 -0.946597 -1.853316 -2.412928 -1.006020
 -0.962277 -1.780584 -2.409187 -1.022902
 -1.246248 -1.962384 -2.060022 -0.810931
 -0.641263 -2.038855 -2.932670 -1.238078
 -0.955513 -1.689480 -2.094943 -1.178656
 -0.905119 -1.849576 -2.186046 -1.121342
 -1.252763 -1.739573 -2.290749 -0.826679
 -0.721319 -2.275184 -2.484904 -1.115420
 -0.941428 -1.729883 -2.058385 -1.187560
 -1.178656 -1.791757 -2.564938 -0.801363
 -1.515286 -1.817567 -2.111805 -0.699538
 -0.653689 -2.114089 -2.376453 -1.323305
 -1.252763 -1.791758 -2.639049 -0.741939
 -0.938271 -2.442339 -2.324557 -0.858229
 -1.238659 -1.912387 -1.893339 -0.886898
 -0.670025 -2.279461 -2.790285 -1.125281
 -0.895673 -1.791758 -2.841571 -1.003303
 -0.853922 -1.570597 -2.417889 -1.282916
 -1.455287 -1.791759 -2.397893 -0.675129
 -0.664492 -2.079440 -2.844905 -1.196251
 -0.886214 -1.507901 -2.929276 -1.161626
 -0.837399 -2.258774 -3.511501 -0.837399
 -1.338998 -1.948762 -2.395048 -0.684637
 -0.497656 -2.280111 -3.155575 -1.397723
 -0.685427 -2.374901 -2.374901 -1.170934
 -0.852780 -1.545923 -3.012235 -1.166436
 -0.773190 -1.968965 -2.305436 -1.206826
 -0.000001 -15.356670 -15.356670 -15.356670
 -0.000003 -13.910825 -13.910825 -13.910825
 -0.000005 -13.384734 -13.384734 -13.384734
 -0.000001 -14.735795 -14.735795 -14.735795
 -0.635491 -2.131147 -2.769233 -1.241627
 -1.386294 -1.386294 -1.386294 -1.386294
 -1.386294 -1.386294 -1.386294 -1.386294
 -1.386294 -1.386294 -1.386294 -1.386294
 -0.742995 -1.924988 -2.791797 -1.148460
 -0.834799 -1.890848 -2.871667 -1.025854
 -1.134982 -1.540444 -2.926713 -0.889860
 -1.158511 -2.374903 -2.151760 -0.740776
 -0.704017 -2.329982 -2.694624 -1.077221
 -0.844548 -2.087737 -2.716340 -0.967150
 -1.084015 -2.140059 -2.022278 -0.887305
 -1.311331 -1.919320 -2.073470 -0.780704
 -0.808778 -2.163321 -3.018984 -0.939548
 -0.831985 -2.284230 -1.974078 -1.126784
 -1.295323 -2.351367 -2.128227 -0.669619
 -1.484441 -2.082277 -2.177587 -0.624722
 -0.689874 -2.675786 -2.675786 -1.019832
 -0.997144 -1.543686 -2.437497 -1.108369
 -0.880361 -3.020405 -2.209488 -0.851373
 -1.488077 -1.888062 -2.170294 -0.675927
 -0.686839 -2.092179 -3.116679 -1.111352
 -0.810932 -1.909540 -2.284230 -1.185624
 -0.704984 -1.957741 -2.363202 -1.307157
 -1.296682 -1.856297 -2.313055 -0.752146
 -0.687514 -2.040654 -3.096703 -1.133099
 -0.836855 -1.899746 -2.541595 -1.082988
 -0.679164 -2.316761 -4.262586 -0.966845
 -1.437433 -1.919859 -2.003240 -0.732017
 -0.515599 -2.599834 -2.967557 -1.283222
 -0.693149 -1.759497 -2.858100 -1.307514
 -0.679544 -2.498689 -2.681007 -1.071585
 -1.064711 -1.981001 -1.881910 -1.008016
 -0.551453 -2.655584 -4.110860 -1.086971
 -0.663879 -2.535670 -3.228805 -1.004204
 -0.634654 -2.221610 -3.032526 -1.160745
 -1.026787 -2.383808 -2.463850 -0.766710
 -0.000001 -15.303911 -15.303911 -15.303911
 -0.000004 -13.500805 -13.500805 -13.500805
 -0.000008 -12.873912 -12.873912 -12.873912
 -0.000001 -15.033387 -15.033387 -15.033387
 -16.004927 -16.004927 -16.004927 -0.000000
 -1.386294 -1.386294 -1.386294 -1.386294
 -1.386294 -1.386294 -1.386294 -1.386294
 -1.386294 -1.386294 -1.386294 -1.386294
 -1.386294 -1.386294 -1.386294 -1.386294
 -1.386294 -1.386294 -1.386294 -1.386294
 -1.386294 -1.386294 -1.386294 -1.386294
 -16.004927 -16.004927 -16.004927 -0.000000
 -1.386294 -1.386294 -1.386294 -1.386294
 -1.386294 -1.386294 -1.386294 -1.386294
 -1.386294 -1.386294 -1.386294 -1.386294
 -16.004927 -0.000000 -16.004927 -16.004927
 -1.386294 -1.386294 -1.386294 -1.386294
 -0.000000 -16.004927 -16.004927 -16.004927
 -1.386294 -1.386294 -1.386294 -1.386294
 -1.386294 -1.386294 -1.386294 -1.386294
 -16.004927 -16.004927 -0.000000 -16.004927
 -1.386294 -1.386294 -1.386294 -1.386294
 -1.386294 -1.386294 -1.386294 -1.386294
 -1.386294 -1.386294 -1.386294 -1.386294
 -1.386294 -1.386294 -1.386294 -1.386294
 -1.386294 -1.386294 -1.386294 -1.386294
 -0.000000 -16.004927 -16.004927 -16.004927
 -1.386294 -1.386294 -1.386294 -1.386294
 -1.145612 -1.664688 -2.040996 -1.013843
 -1.386294 -1.386294 -1.386294 -1.386294
 -1.386294 -1.386294 -1.386294 -1.386294
 -1.386294 -1.386294 -1.386294 -1.386294
 -0.930476 -1.554629 -2.214985 -1.254525
 -0.971016 -1.574550 -1.911021 -1.323236
 -1.090029 -1.319603 -2.556358 -1.142673
 -1.848917 -1.361903 -1.546637 -0.984953
 -1.093518 0.000100 0.000100 0.000100
 -1.849579 0.000100 0.000100 0.000100
 -1.798935 0.000100 0.000100 0.000100
 -1.072401 0.000100 0.000100 0.000100
 -0.830169 -2.008823 -1.841769 -1.304377
 -1.029620 -1.481604 -1.901457 -1.323381
 -0.913210 -1.591088 -1.755391 -1.504077
 -1.771079 -1.624475 -1.719785 -0.790251
 -0.870482 -2.079440 -1.817077 -1.225026
 -0.837979 -1.923685 -1.780585 -1.375121
 -1.068399 -1.835652 -1.628014 -1.201930
 -1.719000 -1.719000 -1.572396 -0.834798
 -0.936557 -2.315006 -1.720300 -1.107915
 -0.960896 -2.170730 -2.008212 -0.996614
 -0.958851 -1.758969 -1.555370 -1.455287
 -1.417449 -1.597242 -2.049227 -0.852424
 -0.877882 -2.221614 -1.893111 -1.123004
 -1.013316 -1.848111 -2.275553 -0.976274
 -0.968251 -1.479076 -2.172220 -1.278406
 -1.561064 -1.493925 -1.678847 -0.970196
 -0.872378 -2.039981 -1.717209 -1.300315
 -1.053151 -1.681758 -1.681758 -1.276294
 -1.020141 -1.854937 -1.658227 -1.229233
 -1.600575 -1.401242 -1.849790 -0.929734
 -0.959952 -1.766758 -1.823916 -1.255933
 -1.049823 -1.758969 -1.758969 -1.185624
 -0.851205 -1.963608 -1.558144 -1.504077
 -1.599868 -1.851182 -1.584120 -0.830349
 -0.833848 -1.836495 -2.007120 -1.302413
 -0.919461 -1.536234 -1.730389 -1.566087
 -0.847299 -1.707498 -1.515127 -1.770018
 -1.622056 -1.638056 -1.461126 -0.977700
 -0.606622 -2.148849 -1.830397 -1.726856
 -0.916292 -1.727220 -1.666596 -1.455287
 -0.916292 -1.636836 -1.436166 -1.786368
 -1.613134 -1.474984 -1.427732 -1.102309
 -0.573930 -2.087223 -1.988132 -1.738917
 -0.976916 -1.670062 -1.552279 -1.498212
 -0.766479 -1.704747 -1.459625 -2.110211
 -1.404313 -1.386294 -1.540445 -1.237259
 -0.000001 -15.271798 -15.271798 -15.271798
 -0.000002 -14.357838 -14.357838 -14.357838
 -0.000002 -14.419828 -14.419828 -14.419828
 -0.000002 -14.483342 -14.483342 -14.483342
 -0.900080 -2.042344 -1.836675 -1.189438
 -1.386294 -1.386294 -1.386294 -1.386294
 -1.386294 -1.386294 -1.386294 -1.386294
 -1.386294 -1.386294 -1.386294 -1.386294
 -0.815968 -2.074428 -2.035207 -1.198960
 -0.994040 -1.708692 -1.848453 -1.233270
 -0.845164 -1.830979 -2.105414 -1.243194
 -1.379605 -1.726801 -1.689760 -0.952162
 -0.889262 -2.008076 -1.651402 -1.335549
 -1.009947 -1.839224 -1.839224 -1.146079
 -1.071584 -1.517870 -1.805551 -1.294727
 -1.867081 -1.569247 -1.376875 -0.954881
 -0.888714 -1.785201 -2.283039 -1.142317
 -1.116312 -1.452784 -1.809458 -1.291516
 -1.054161 -2.110211 -1.920970 -0.957534
 -1.716251 -1.629240 -1.366876 -0.996198
 -1.019832 -2.164962 -1.731327 -1.056873
 -1.021652 -1.609437 -1.832580 -1.272966
 -1.051546 -1.744691 -1.744691 -1.199965
 -1.837850 -1.413693 -1.603450 -0.925341
 -0.836791 -1.960094 -1.777773 -1.358515
 -1.003303 -2.248515 -1.696448 -1.065823
 -1.007397 -1.655422 -1.570865 -1.444114
 -1.463374 -1.812749 -1.476277 -0.975896
 -0.687142 -1.816150 -2.020944 -1.600442
 -1.008229 -2.289158 -1.386294 -1.259543
 -0.719124 -2.014901 -1.535330 -1.807263
 -1.558144 -1.412963 -1.527373 -1.111858
 -0.593064 -2.178970 -1.862633 -1.720663
 -0.786094 -1.834061 -2.038854 -1.368699
 -0.698453 -1.776010 -1.807759 -1.776010
 -1.441746 -1.656155 -1.592976 -0.996161
 -0.560758 -2.444631 -2.093234 -1.517871
 -0.870079 -1.819157 -1.441864 -1.701374
 -0.750672 -2.085670 -1.343735 -1.945908
 -1.257083 -2.079440 -1.534714 -0.980830
 -0.000001 -15.328439 -15.328439 -15.328439
 -0.000003 -13.919874 -13.919874 -13.919874
 -0.000002 -14.408840 -14.408840 -14.408840
 -0.000001 -14.661381 -14.661381 -14.661381
 -16.096872 -16.096872 -16.096872 -0.000000
 -1.386294 -1.386294 -1.386294 -1.386294
 -1.386294 -1.386294 -1.386294 -1.386294
 -1.386294 -1.386294 -1.386294 -1.386294
 -1.386294 -1.386294 -1.386294 -1.386294
 -1.386294 -1.386294 -1.386294 -1.386294
 -1.386294 -1.386294 -1.386294 -1.386294
 -16.096872 -16.096872 -16.096872 -0.000000
 -1.386294 -1.386294 -1.386294 -1.386294
 -1.386294 -1.386294 -1.386294 -1.386294
 -1.386294 -1.386294 -1.386294 -1.386294
 -16.096872 -0.000000 -16.096872 -16.096872
 -1.386294 -1.386294 -1.386294 -1.386294
 -0.000000 -16.096872 -16.096872 -16.096872
 -1.386294 -1.386294 -1.386294 -1.386294
 -1.386294 -1.386294 -1.386294 -1.386294
 -16.096872 -16.096872 -0.000000 -16.096872
 -1.386294 -1.386294 -1.386294 -1.386294
 -1.386294 -1.386294 -1.386294 -1.386294
 -1.386294 -1.386294 -1.386294 -1.386294
 -1.386294 -1.386294 -1.386294 -1.386294
 -1.386294 -1.386294 -1.386294 -1.386294
 -0.000000 -16.096872 -16.096872 -16.096872
 -1.386294 -1.386294 -1.386294 -1.386294
 -0.740203 -2.271410 -1.744868 -1.405893
 -1.386294 -1.386294 -1.386294 -1.386294
 -1.386294 -1.386294 -1.386294 -1.386294
 -1.386294 -1.386294 -1.386294 -1.386294
 -0.748167 -2.254508 -1.842264 -1.334145
 -0.977536 -2.050167 -1.524078 -1.282916
 -0.810931 -1.963608 -2.050619 -1.249844
 -1.651997 -2.302583 -1.290984 -0.836249
