 -1.045614 0.000100 0.000100 0.000100
 -1.944988 0.000100 0.000100 0.000100
 -2.209289 0.000100 0.000100 0.000100
 -0.926956 0.000100 0.000100 0.000100
 -0.711691 -2.181598 -2.305212 -1.215412
 -1.073134 -1.676128 -2.210208 -1.018074
 -1.090245 -1.834683 -2.071070 -0.972462
 -1.446336 -1.983919 -2.110212 -0.681560
 -0.727864 -2.416437 -2.541600 -1.052451
 -0.776530 -2.120261 -2.371573 -1.118816
 -0.953875 -1.712977 -2.406120 -1.066352
 -1.383977 -1.762043 -2.304907 -0.738232
 -0.668933 -2.204603 -2.484905 -1.223776
 -0.854079 -2.224620 -2.358150 -0.989880
 -1.088461 -1.876915 -2.187067 -0.921407
 -1.276294 -2.056451 -2.350212 -0.697810
 -0.681452 -2.120262 -2.388526 -1.264597
 -0.943373 -1.879463 -2.390285 -1.003997
 -0.967585 -2.207270 -2.407938 -0.867502
 -1.331735 -1.884735 -2.107878 -0.770857
 -0.818151 -2.025752 -2.295415 -1.120432
 -0.879560 -1.994698 -2.217840 -1.078410
 -1.054938 -1.945907 -1.945907 -1.004928
 -1.406097 -1.900393 -1.852383 -0.801781
 -0.687953 -2.189441 -2.100494 -1.335522
 -0.980830 -1.805003 -2.028146 -1.111858
 -0.919922 -1.836210 -2.529352 -1.015232
 -1.125808 -1.955713 -2.187515 -0.862866
 -0.572831 -2.056866 -3.191843 -1.320045
 -0.902869 -2.289158 -3.051291 -0.807559
 -0.928462 -1.875841 -2.623049 -0.970135
 -1.004275 -1.813381 -2.340735 -0.982614
 -0.628356 -2.089634 -2.674146 -1.295234
 -0.551373 -2.244688 -2.937828 -1.328400
 -0.990401 -2.169047 -2.169047 -0.916293
 -0.993522 -2.106839 -2.329982 -0.889623
 -0.706887 -2.269983 -3.295832 -1.003834
 -0.824484 -1.923093 -2.094943 -1.229949
 -0.988613 -1.815287 -2.374898 -0.988613
 -1.208679 -2.183237 -2.234530 -0.730455
 -15.315134 -1.489673 -2.097459 -0.428040
 -14.046625 -1.402295 -1.700786 -0.559618
 -13.604795 -1.504077 -2.091859 -0.424160
 -15.271798 -1.692009 -1.717651 -0.451986
 -1.386294 -1.386294 -1.386294 -1.386294
 -0.597441 -2.214844 -3.487799 -1.171042
 -0.711497 -2.621033 -2.272729 -1.098613
 -1.027303 -2.362303 -2.331998 -0.796899
 -0.612766 -2.507177 -2.750799 -1.162270
 -0.961412 -1.734599 -2.060020 -1.159238
 -0.847300 -2.112959 -2.431410 -1.014353
 -1.397802 -2.295742 -2.019489 -0.654984
 -0.770109 -2.218277 -2.810326 -0.999522
 -0.962812 -1.992427 -1.992427 -1.062895
 -0.897943 -2.043070 -3.583489 -0.831985
 -1.285553 -1.914161 -2.244402 -0.754925
 -0.858859 -2.292780 -2.828296 -0.876455
 -0.952659 -2.051268 -1.997201 -1.049823
 -0.916292 -2.101910 -3.806617 -0.786240
 -1.616157 -2.079441 -2.115808 -0.587341
 -0.810931 -2.076595 -2.865050 -0.985589
 -0.965082 -1.745238 -3.737639 -0.865991
 -1.193923 -1.761905 -2.803348 -0.766480
 -1.476891 -1.886675 -2.279237 -0.658328
 -0.814508 -2.120262 -2.722436 -0.990399
 -0.997637 -1.817076 -2.241957 -1.014732
 -0.680880 -2.197218 -2.602678 -1.175574
 -1.421386 -1.711872 -2.329307 -0.732449
 -0.812268 -2.235375 -3.151662 -0.900376
 -0.755280 -1.976492 -2.914754 -1.086637
 -0.672096 -1.978342 -2.597374 -1.285199
 -1.321756 -1.832581 -2.048804 -0.810931
 -0.587302 -2.089197 -3.718429 -1.217002
 -0.554563 -2.163996 -2.917761 -1.359626
 -0.715622 -2.101910 -2.553890 -1.167606
 -0.880088 -2.244402 -2.201842 -0.997871
 -0.000001 -15.498199 -15.498199 -15.498199
 -0.000002 -14.038657 -14.038657 -14.038657
 -0.000004 -13.500805 -13.500805 -13.500805
 -0.000001 -15.062544 -15.062544 -15.062544
 -16.198753 -16.198753 -16.198753 -0.000000
 -1.386294 -1.386294 -1.386294 -1.386294
 -1.386294 -1.386294 -1.386294 -1.386294
 -1.386294 -1.386294 -1.386294 -1.386294
 -1.386294 -1.386294 -1.386294 -1.386294
 -1.386294 -1.386294 -1.386294 -1.386294
 -1.386294 -1.386294 -1.386294 -1.386294
 -16.198753 -16.198753 -16.198753 -0.000000
 -1.386294 -1.386294 -1.386294 -1.386294
 -1.386294 -1.386294 -1.386294 -1.386294
 -1.386294 -1.386294 -1.386294 -1.386294
 -16.198753 -16.198753 -16.198753 -0.000000
 -1.386294 -1.386294 -1.386294 -1.386294
 -1.386294 -1.386294 -1.386294 -1.386294
 -1.386294 -1.386294 -1.386294 -1.386294
 -16.198753 -16.198753 -16.198753 -0.000000
 -1.386294 -1.386294 -1.386294 -1.386294
 -1.386294 -1.386294 -1.386294 -1.386294
 -1.386294 -1.386294 -1.386294 -1.386294
 -0.000000 -16.198753 -16.198753 -16.198753
 -16.198753 -16.198753 -0.000000 -16.198753
 -1.386294 -1.386294 -1.386294 -1.386294
 -1.386294 -1.386294 -1.386294 -1.386294
 -1.386294 -1.386294 -1.386294 -1.386294
 -1.386294 -1.386294 -1.386294 -1.386294
 -1.386294 -1.386294 -1.386294 -1.386294
 -0.926956 -2.160099 -1.069519 -1.925818
 -1.386294 -1.386294 -1.386294 -1.386294
 -1.091644 -1.730723 -2.149433 -0.992553
 -1.090645 -1.532476 -2.631081 -0.978167
 -0.935288 -1.791759 -1.841356 -1.264934
 -1.628607 -2.018070 -1.233954 -0.968251
 -1.074122 -1.524955 -1.905418 -1.230964
 -1.114873 -1.929908 -1.464546 -1.218414
 -1.168041 -1.732570 -1.804028 -1.056816
 -1.509483 -1.461855 -1.461855 -1.154028
 -1.118782 0.000100 0.000100 0.000100
 -1.990834 0.000100 0.000100 0.000100
 -1.841708 0.000100 0.000100 0.000100
 -0.972346 0.000100 0.000100 0.000100
 -0.753619 -2.072133 -1.997332 -1.317791
 -1.143463 -1.984662 -1.346174 -1.260100
 -1.042294 -2.013644 -1.577217 -1.179915
 -1.530289 -1.955459 -1.747353 -0.759730
 -0.799966 -2.050079 -2.210422 -1.163866
 -1.016062 -1.645695 -1.676948 -1.354175
 -1.160916 -1.975423 -1.745849 -0.984565
 -1.731201 -1.757177 -1.846583 -0.708013
 -0.913151 -2.033951 -1.882551 -1.152889
 -1.053150 -1.627691 -1.933072 -1.170933
 -1.028545 -1.929909 -1.744506 -1.131402
 -1.641526 -1.781288 -1.604188 -0.828184
 -0.888787 -2.003297 -1.772491 -1.258617
 -0.939399 -1.969017 -1.713671 -1.240152
 -1.172898 -1.688711 -1.753249 -1.100925
 -1.476321 -1.818606 -1.772087 -0.822587
 -0.777922 -1.999020 -1.794225 -1.431642
 -1.050563 -1.625104 -1.573810 -1.401960
 -1.075676 -1.522813 -1.684081 -1.365628
 -1.620932 -1.777011 -1.756944 -0.775288
 -0.835691 -1.931521 -1.784539 -1.371906
 -1.061911 -1.900239 -1.474156 -1.288439
 -1.044073 -1.782830 -1.743610 -1.187664
 -1.483102 -1.643683 -1.637252 -0.953767
 -0.848875 -2.013131 -1.865322 -1.259881
 -0.944462 -1.749199 -1.595049 -1.451155
 -0.978709 -1.580147 -1.864398 -1.334576
 -1.468495 -1.798249 -1.659846 -0.881958
 -0.945764 -1.925616 -1.910112 -1.146435
 -1.220367 -1.698669 -1.451809 -1.245473
 -1.263162 -1.490378 -1.870653 -1.084914
 -1.649940 -2.117280 -1.670142 -0.694429
 -1.020141 -2.230422 -1.927041 -0.950896
 -1.044412 -1.702219 -1.835750 -1.183095
 -1.181500 -2.174751 -1.943639 -0.829280
 -1.739610 -2.166647 -1.926821 -0.572276
 -15.765697 -1.425458 -1.367971 -0.683239
 -14.940441 -1.412612 -1.323381 -0.712821
 -15.121139 -1.580063 -1.378197 -0.612480
 -16.234989 -1.613003 -1.721344 -0.474999
 -1.386294 -1.386294 -1.386294 -1.386294
 -1.105993 -2.079441 -1.536775 -1.111564
 -1.005762 -1.888151 -1.713798 -1.195004
 -1.581366 -2.185197 -2.000768 -0.604003
 -0.893487 -2.032921 -1.935547 -1.153672
 -1.018074 -1.676129 -2.022999 -1.141453
 -1.103539 -1.718353 -1.665007 -1.204792
 -1.886711 -1.904622 -1.892645 -0.599878
 -0.875180 -2.083792 -1.734118 -1.265140
 -1.149222 -1.534403 -1.635755 -1.299283
 -1.096005 -1.553586 -1.671368 -1.323062
 -1.810108 -1.736836 -1.736836 -0.725236
 -1.018678 -1.872507 -1.776363 -1.152210
 -0.973178 -1.691018 -2.084059 -1.160390
 -1.271705 -1.697051 -1.500772 -1.160065
 -1.488234 -1.742340 -1.848400 -0.817283
 -0.808606 -2.203895 -1.755202 -1.304616
 -1.016252 -1.762043 -1.735374 -1.237794
 -1.122827 -1.592830 -1.678772 -1.256358
 -1.517455 -1.755866 -1.658228 -0.873478
 -0.904243 -1.724951 -1.802728 -1.377845
 -1.023608 -1.752345 -1.908914 -1.142265
 -0.969202 -1.589893 -1.728043 -1.431145
 -1.463110 -1.731777 -1.585485 -0.950192
 -0.659246 -2.061762 -2.061762 -1.477096
 -0.972803 -1.857617 -2.042759 -1.089860
 -0.916291 -1.908419 -1.835394 -1.230540
 -1.338941 -1.593833 -1.660524 -1.065104
 -0.712625 -1.842785 -2.009839 -1.526666
 -0.790465 -2.097140 -1.424613 -1.698502
 -0.758035 -2.095272 -1.902369 -1.350301
 -1.082483 -1.721142 -1.721142 -1.192298
 -0.000000 -16.207022 -16.207022 -16.207022
 -0.000001 -15.160984 -15.160984 -15.160984
 -0.000001 -15.243427 -15.243427 -15.243427
 -0.000001 -15.623800 -15.623800 -15.623800
 -17.035986 -17.035986 -17.035986 -0.000000
 -1.386294 -1.386294 -1.386294 -1.386294
 -1.386294 -1.386294 -1.386294 -1.386294
 -1.386294 -1.386294 -1.386294 -1.386294
 -1.386294 -1.386294 -1.386294 -1.386294
 -1.386294 -1.386294 -1.386294 -1.386294
 -1.386294 -1.386294 -1.386294 -1.386294
 -17.035986 -17.035986 -17.035986 -0.000000
 -1.386294 -1.386294 -1.386294 -1.386294
 -1.386294 -1.386294 -1.386294 -1.386294
 -1.386294 -1.386294 -1.386294 -1.386294
 -17.035986 -17.035986 -17.035986 -0.000000
 -1.386294 -1.386294 -1.386294 -1.386294
 -1.386294 -1.386294 -1.386294 -1.386294
 -1.386294 -1.386294 -1.386294 -1.386294
 -17.035986 -17.035986 -17.035986 -0.000000
 -1.386294 -1.386294 -1.386294 -1.386294
 -1.386294 -1.386294 -1.386294 -1.386294
 -1.386294 -1.386294 -1.386294 -1.386294
 0.000000 -17.035986 -17.035986 -17.035986
 -17.035986 -17.035986 -0.000000 -17.035986
 -1.386294 -1.386294 -1.386294 -1.386294
 -1.386294 -1.386294 -1.386294 -1.386294
 -1.386294 -1.386294 -1.386294 -1.386294
 -1.386294 -1.386294 -1.386294 -1.386294
 -1.386294 -1.386294 -1.386294 -1.386294
 -1.003447 -1.771205 -1.844231 -1.187077
 -1.386294 -1.386294 -1.386294 -1.386294
 -0.813384 -2.077265 -1.640414 -1.437702
 -1.149165 -1.911304 -1.611788 -1.091595
 -1.153101 -1.386294 -1.920970 -1.245216
 -1.375878 -2.184220 -1.473782 -0.901996
 -0.835354 -2.112541 -1.881735 -1.227503
 -1.140813 -1.475562 -1.751268 -1.279282
 -1.064913 -1.631865 -1.695716 -1.286595
 -1.716924 -1.929485 -1.547690 -0.771281
