 -1.072725 0.000100 0.000100 0.000100
 -1.772560 0.000100 0.000100 0.000100
 -2.132116 0.000100 0.000100 0.000100
 -0.995764 0.000100 0.000100 0.000100
 -0.875469 -1.875140 -2.148433 -1.160488
 -0.978595 -1.671741 -2.231354 -1.112127
 -1.060873 -1.508896 -1.699950 -1.386294
 -1.476678 -1.848917 -2.379544 -0.650845
 -0.636371 -2.176814 -2.728880 -1.230672
 -0.954162 -1.629916 -2.358150 -1.126012
 -1.049823 -1.660730 -2.407938 -0.994254
 -1.453598 -1.797694 -1.994403 -0.766801
 -0.800219 -2.070252 -2.228475 -1.149096
 -0.792848 -2.147389 -2.974059 -0.968738
 -1.011602 -1.769284 -2.397887 -0.980831
 -1.407933 -1.585267 -2.076387 -0.855487
 -0.764375 -1.817077 -2.510222 -1.235722
 -1.042655 -1.500486 -2.449562 -1.084327
 -0.847300 -1.945907 -2.564939 -1.045125
 -1.395511 -1.646825 -2.052289 -0.841201
 -0.842071 -2.151132 -2.928833 -0.917865
 -0.941771 -1.701607 -2.296312 -1.117661
 -1.031922 -1.980998 -2.068008 -0.969402
 -1.339484 -1.587320 -2.312214 -0.833549
 -0.613105 -2.159483 -2.524125 -1.336284
 -0.966844 -1.659989 -2.247773 -1.127186
 -0.679905 -2.525717 -2.931174 -1.021653
 -1.397855 -1.662547 -2.325840 -0.764607
 -0.713527 -2.042661 -2.758279 -1.148845
 -1.034075 -1.573070 -2.132683 -1.144075
 -1.024506 -2.410789 -2.054119 -0.860203
 -1.376875 -1.554209 -2.121314 -0.876100
 -0.435040 -2.203377 -3.589663 -1.538402
 -0.672946 -1.945908 -2.910981 -1.229233
 -0.562530 -1.969437 -3.355706 -1.363305
 -0.949867 -1.634917 -2.360852 -1.127323
 -0.000001 -15.337211 -15.337211 -15.337211
 -0.000002 -14.085541 -14.085541 -14.085541
 -0.000006 -13.122372 -13.122372 -13.122372
 -0.000001 -14.682612 -14.682612 -14.682612
 -0.643109 -2.066976 -3.192986 -1.181796
 -1.386294 -1.386294 -1.386294 -1.386294
 -1.386294 -1.386294 -1.386294 -1.386294
 -1.386294 -1.386294 -1.386294 -1.386294
 -0.699676 -2.072954 -3.042352 -1.109518
 -0.777706 -1.765090 -2.630080 -1.213023
 -1.018573 -2.197211 -12.793870 -0.639086
 -1.238003 -1.723510 -2.227414 -0.858514
 -0.847298 -1.927217 -2.482213 -1.072015
 -0.799371 -1.640936 -2.557220 -1.276294
 -1.438480 -1.512587 -2.978899 -0.710245
 -1.296143 -1.791759 -2.265542 -0.785318
 -0.886855 -1.850028 -2.766315 -0.999878
 -0.969401 -1.932209 -2.337672 -0.969401
 -1.510591 -1.778854 -2.734353 -0.606139
 -1.320273 -1.777031 -2.323574 -0.763838
 -0.682961 -2.461294 -2.972117 -1.026213
 -0.959777 -1.652922 -2.004318 -1.235188
 -0.810933 -1.974077 -2.667214 -1.057792
 -1.372907 -1.838664 -2.178531 -0.745719
 -0.940984 -2.327276 -2.534914 -0.837187
 -0.989129 -1.800057 -2.230837 -1.034591
 -0.633252 -2.315000 -2.784996 -1.175574
 -1.531837 -1.917498 -1.917498 -0.713527
 -0.753343 -2.117974 -2.454445 -1.130029
 -0.666481 -2.224619 -2.311629 -1.275543
 -1.186582 -2.068966 -2.607957 -0.703731
 -1.239691 -1.988927 -2.356651 -0.736165
 -0.777705 -2.281780 -2.630086 -1.004122
 -1.071945 -1.342234 -2.406939 -1.183170
 -0.872942 -1.479076 -2.983134 -1.191395
 -1.414950 -1.899004 -2.180416 -0.704512
 -0.648977 -2.558516 -3.251659 -1.018074
 -0.946597 -2.189786 -2.818389 -0.820304
 -1.137834 -2.159478 -2.970395 -0.667832
 -1.361258 -2.345756 -2.614018 -0.553998
 -0.628609 -2.803357 -2.215572 -1.214125
 -0.972734 -2.460800 -2.209488 -0.851373
 -1.203974 -2.120255 -1.609436 -0.967587
 -1.562370 -2.267077 -2.136457 -0.564447
 -14.943683 -0.000001 -14.943683 -14.943683
 -13.541079 -0.000004 -13.541079 -13.541079
 -13.854735 -0.000003 -13.854735 -13.854735
 -15.171347 -0.000001 -15.171347 -15.171347
 -1.386294 -1.386294 -1.386294 -1.386294
 -15.986848 -15.986848 -15.986848 -0.000000
 -1.386294 -1.386294 -1.386294 -1.386294
 -1.386294 -1.386294 -1.386294 -1.386294
 -1.386294 -1.386294 -1.386294 -1.386294
 -1.386294 -1.386294 -1.386294 -1.386294
 -1.386294 -1.386294 -1.386294 -1.386294
 -15.986848 -15.986848 -15.986848 -0.000000
 -1.386294 -1.386294 -1.386294 -1.386294
 -1.386294 -1.386294 -1.386294 -1.386294
 -1.386294 -1.386294 -1.386294 -1.386294
 -15.986848 -0.000000 -15.986848 -15.986848
 -1.386294 -1.386294 -1.386294 -1.386294
 -0.000000 -15.986848 -15.986848 -15.986848
 -1.386294 -1.386294 -1.386294 -1.386294
 -1.386294 -1.386294 -1.386294 -1.386294
 -15.986848 -15.986848 -0.000000 -15.986848
 -1.386294 -1.386294 -1.386294 -1.386294
 -1.386294 -1.386294 -1.386294 -1.386294
 -1.386294 -1.386294 -1.386294 -1.386294
 -1.386294 -1.386294 -1.386294 -1.386294
 -1.386294 -1.386294 -1.386294 -1.386294
 -0.792571 -2.066976 -1.145295 -2.276697
 -1.386294 -1.386294 -1.386294 -1.386294
 -1.035177 -1.693476 -1.906398 -1.163655
 -1.413693 -1.451433 -2.001477 -0.948331
 -1.287406 -1.605860 -1.893541 -0.986821
 -1.727219 -2.197219 -1.321756 -0.810932
 -0.979553 -1.539168 -2.038158 -1.274061
 -0.901254 -1.738649 -1.640209 -1.495027
 -1.330725 -1.278081 -1.850598 -1.203973
 -1.612658 -1.477113 -1.409060 -1.114820
 -1.126974 0.000100 0.000100 0.000100
 -1.643444 0.000100 0.000100 0.000100
 -1.774284 0.000100 0.000100 0.000100
 -1.161329 0.000100 0.000100 0.000100
 -1.021026 -1.653548 -1.596390 -1.403324
 -0.933738 -1.701608 -1.870230 -1.307704
 -1.016092 -1.642227 -1.520338 -1.488077
 -1.825326 -1.465043 -1.516779 -0.945850
 -1.034823 -1.673311 -1.631638 -1.341409
 -1.098613 -1.531476 -1.837850 -1.233432
 -1.167390 -1.539438 -1.568012 -1.324782
 -1.843052 -1.437588 -1.673976 -0.875469
 -0.961083 -1.885788 -1.766441 -1.221215
 -1.169439 -1.612291 -1.853452 -1.098613
 -0.831298 -1.676129 -1.929909 -1.459906
 -1.681758 -1.483933 -1.650987 -0.927987
 -1.110240 -1.774567 -1.666936 -1.164308
 -1.101782 -1.612607 -2.042169 -1.082914
 -1.087917 -1.605860 -1.504077 -1.426519
 -1.880312 -1.601933 -1.340288 -0.956642
 -1.121035 -1.578868 -1.668816 -1.275185
 -1.195516 -1.622258 -1.515286 -1.272056
 -1.119416 -1.329136 -1.670062 -1.511457
 -1.727221 -1.386294 -1.529395 -1.034074
 -0.849528 -2.046579 -1.776289 -1.294839
 -0.963438 -1.765783 -1.879727 -1.221672
 -0.993849 -1.483397 -1.624475 -1.580024
 -1.871802 -1.355586 -1.475387 -1.022576
 -0.906989 -1.804929 -1.438080 -1.637876
 -0.998529 -1.650518 -1.603265 -1.433847
 -1.073134 -1.729239 -1.367124 -1.488077
 -1.736699 -1.396832 -1.284715 -1.204672
 -0.714323 -1.668278 -1.786061 -1.868949
 -0.981862 -1.182533 -1.788668 -1.885831
 -1.015330 -1.629488 -1.139124 -2.107115
 -1.727855 -1.116539 -1.331960 -1.465491
 -0.000001 -15.597220 -15.597220 -15.597220
 -0.000001 -15.216695 -15.216695 -15.216695
 -0.000001 -15.137267 -15.137267 -15.137267
 -0.000001 -14.808764 -14.808764 -14.808764
 -1.021989 -1.880043 -1.662493 -1.211090
 -1.386294 -1.386294 -1.386294 -1.386294
 -1.386294 -1.386294 -1.386294 -1.386294
 -1.386294 -1.386294 -1.386294 -1.386294
 -0.866054 -1.758533 -1.872647 -1.372871
 -1.118734 -1.633632 -1.811880 -1.156005
 -1.098613 -1.265666 -1.871801 -1.466337
 -1.837696 -1.406914 -1.619694 -0.921406
 -1.128288 -1.548928 -1.785928 -1.216395
 -1.000521 -2.012120 -1.708935 -1.147124
 -1.306530 -1.347351 -1.817354 -1.181367
 -1.787735 -1.452986 -1.849867 -0.817505
 -1.028743 -1.765784 -1.715773 -1.232144
 -1.098613 -1.486835 -1.931521 -1.218572
 -1.007958 -1.642836 -1.642836 -1.393620
 -2.068969 -1.574952 -1.315199 -0.920687
 -1.125641 -1.524280 -1.598388 -1.364315
 -1.268172 -1.371120 -1.513294 -1.407933
 -1.207926 -1.345709 -1.416327 -1.618353
 -1.795540 -1.102393 -1.740277 -1.119586
 -0.926886 -1.929649 -1.766324 -1.244600
 -1.067637 -1.703625 -1.741365 -1.207725
 -0.860202 -1.695911 -2.109473 -1.301257
 -1.744612 -1.421386 -1.644529 -0.939548
 -0.886248 -1.962685 -1.514296 -1.481235
 -0.884543 -2.073009 -1.305755 -1.659034
 -1.131765 -2.009482 -1.289668 -1.316336
 -1.706680 -1.586536 -1.213023 -1.150109
 -0.997192 -1.501272 -1.726519 -1.468211
 -0.899000 -1.582667 -2.026598 -1.363305
 -0.855802 -1.559878 -1.794071 -1.616390
 -1.791759 -1.286665 -1.609438 -1.029620
 -0.811380 -2.177633 -1.746057 -1.316822
 -0.907099 -2.066334 -2.066334 -1.070002
 -0.784955 -1.682197 -2.155980 -1.418383
 -1.682641 -1.498212 -1.586181 -0.952223
 -0.982473 -2.368766 -1.374866 -1.276020
 -0.893390 -2.465783 -1.945909 -1.013534
 -1.197703 -1.708528 -1.536678 -1.197703
 -1.760987 -2.004217 -1.476151 -0.766054
 -15.428941 -0.000001 -15.428941 -15.428941
 -14.488457 -0.000002 -14.488457 -14.488457
 -15.110239 -0.000001 -15.110239 -15.110239
 -15.576812 -0.000001 -15.576812 -15.576812
 -1.386294 -1.386294 -1.386294 -1.386294
 -16.615837 -16.615837 -16.615837 -0.000000
 -1.386294 -1.386294 -1.386294 -1.386294
 -1.386294 -1.386294 -1.386294 -1.386294
 -1.386294 -1.386294 -1.386294 -1.386294
 -1.386294 -1.386294 -1.386294 -1.386294
 -1.386294 -1.386294 -1.386294 -1.386294
 -16.615837 -16.615837 -16.615837 -0.000000
 -1.386294 -1.386294 -1.386294 -1.386294
 -1.386294 -1.386294 -1.386294 -1.386294
 -1.386294 -1.386294 -1.386294 -1.386294
 -16.615837 -0.000000 -16.615837 -16.615837
 -1.386294 -1.386294 -1.386294 -1.386294
 -0.000000 -16.615837 -16.615837 -16.615837
 -1.386294 -1.386294 -1.386294 -1.386294
 -1.386294 -1.386294 -1.386294 -1.386294
 -16.615837 -16.615837 -0.000000 -16.615837
 -1.386294 -1.386294 -1.386294 -1.386294
 -1.386294 -1.386294 -1.386294 -1.386294
 -1.386294 -1.386294 -1.386294 -1.386294
 -1.386294 -1.386294 -1.386294 -1.386294
 -1.386294 -1.386294 -1.386294 -1.386294
 -1.075775 -1.533378 -1.777874 -1.294028
 -1.386294 -1.386294 -1.386294 -1.386294
 -0.731299 -2.067040 -1.923001 -1.402467
 -1.153619 -1.728983 -2.065454 -0.966843
 -0.848498 -1.735800 -2.536576 -1.150285
 -1.680650 -1.680650 -1.780734 -0.778749
 -1.029278 -1.928960 -1.504077 -1.290208
 -1.012538 -1.873676 -1.476375 -1.367741
 -0.927465 -1.631910 -1.832580 -1.390749
 -1.407647 -1.641641 -1.400479 -1.154736
