 -1.136221 0.000100 0.000100 0.000100
 -1.895690 0.000100 0.000100 0.000100
 -1.824034 0.000100 0.000100 0.000100
 -1.001353 0.000100 0.000100 0.000100
 -0.759470 -1.916922 -2.397893 -1.223776
 -0.945279 -1.797489 -2.120261 -1.121735
 -0.879734 -1.978344 -1.940603 -1.193391
 -1.464003 -1.869468 -2.033771 -0.726405
 -0.798508 -2.089010 -2.513892 -1.063521
 -0.716138 -1.803187 -2.772582 -1.258461
 -0.976011 -1.791758 -2.288192 -1.035434
 -1.460938 -1.922973 -2.077123 -0.700133
 -0.778670 -2.250120 -2.319113 -1.086971
 -0.898487 -2.122259 -2.345401 -0.974860
 -0.920727 -1.731654 -2.019335 -1.230881
 -1.347746 -1.967985 -1.999734 -0.765577
 -0.760806 -2.230480 -2.421535 -1.089310
 -0.784440 -1.868450 -2.231354 -1.266277
 -1.055128 -1.727220 -1.909541 -1.121086
 -1.500772 -1.583292 -1.972757 -0.837778
 -0.688351 -2.269484 -2.341804 -1.210404
 -0.806907 -2.006869 -2.517692 -1.082613
 -0.657303 -2.280919 -2.974059 -1.113319
 -1.164090 -1.834931 -2.162618 -0.883956
 -0.794930 -2.063440 -2.356427 -1.118980
 -0.883502 -1.752538 -2.708043 -1.059392
 -0.817711 -1.876315 -3.610888 -0.971862
 -1.357307 -1.821612 -2.079441 -0.785521
 -0.702280 -1.927891 -2.503254 -1.282754
 -0.884816 -1.713506 -2.257119 -1.196251
 -0.971862 -2.144577 -2.311629 -0.902869
 -1.060872 -1.842814 -2.241161 -0.943816
 -0.693148 -2.174751 -2.420883 -1.212272
 -0.799758 -2.137259 -2.409191 -1.070910
 -0.957300 -2.010446 -2.926726 -0.847299
 -1.034234 -1.943355 -2.255134 -0.925283
 -0.685242 -2.017883 -2.667226 -1.225364
 -0.659701 -2.282378 -2.351371 -1.252763
 -0.856778 -2.265538 -2.360848 -0.974561
 -0.948672 -1.836879 -2.297693 -1.041454
 -0.608641 -2.044414 -2.877321 -1.308708
 -0.772137 -2.018070 -2.423533 -1.150573
 -0.693149 -2.525720 -3.218855 -0.967585
 -1.004275 -1.916922 -2.032434 -1.033907
 -0.730189 -1.903198 -2.875929 -1.162424
 -0.686634 -2.140063 -2.545526 -1.201797
 -0.724565 -2.009758 -2.628791 -1.173514
 -1.087713 -2.049749 -2.028695 -0.909465
 -0.712872 -2.033631 -2.871026 -1.132379
 -0.885520 -1.897118 -2.302581 -1.086190
 -0.800780 -2.100057 -2.793195 -1.001450
 -1.344157 -1.835750 -1.971552 -0.819831
 -0.836580 -2.248063 -2.311242 -1.015921
 -0.863494 -1.976492 -2.278771 -1.086637
 -1.166932 -1.890848 -2.265538 -0.834799
 -1.417066 -2.169636 -2.036104 -0.667830
 -0.887304 -1.985915 -2.577278 -0.980830
 -0.968738 -1.701104 -2.211927 -1.113319
 -1.083346 -2.094943 -2.469633 -0.789998
 -1.512274 -1.903945 -1.775564 -0.773871
 -0.682452 -2.112230 -2.660794 -1.191506
 -1.058262 -2.044754 -2.044754 -0.931107
 -1.180443 -2.302581 -2.744410 -0.637579
 -1.497885 -1.714108 -2.209724 -0.720432
 -0.644118 -2.322889 -2.690612 -1.174268
 -0.919272 -1.865866 -2.233589 -1.080913
 -0.871840 -1.810107 -2.302580 -1.145133
 -1.464975 -1.761545 -1.958255 -0.785191
 -0.659246 -2.437758 -3.184970 -1.038394
 -0.723546 -2.122259 -2.720092 -1.110661
 -0.877071 -1.609437 -2.430413 -1.217396
 -1.337287 -2.039167 -1.939083 -0.769013
 -0.747450 -2.352432 -3.023598 -0.960599
 -0.881201 -2.302581 -2.302581 -0.952659
 -0.742911 -2.555279 -2.688808 -0.971169
 -1.379635 -2.235821 -2.256874 -0.622226
 -15.306166 -0.464613 -0.989879 -15.306166
 -13.955276 -1.189585 -0.362908 -13.955276
 -13.721204 -0.847300 -0.559618 -13.721204
 -15.454508 -1.090876 -0.409357 -15.454508
 -1.386294 -1.386294 -1.386294 -1.386294
 -15.475642 -15.475642 -15.475642 -0.000001
 -15.670245 -15.670245 -15.670245 -0.000000
 -1.386294 -1.386294 -1.386294 -1.386294
 -1.386294 -1.386294 -1.386294 -1.386294
 -1.386294 -1.386294 -1.386294 -1.386294
 -1.386294 -1.386294 -1.386294 -1.386294
 -16.270817 -16.270817 -16.270817 -0.000000
 -1.386294 -1.386294 -1.386294 -1.386294
 -1.386294 -1.386294 -1.386294 -1.386294
 -1.386294 -1.386294 -1.386294 -1.386294
 -16.270817 -16.270817 -16.270817 -0.000000
 -1.386294 -1.386294 -1.386294 -1.386294
 -1.386294 -1.386294 -1.386294 -1.386294
 -1.386294 -1.386294 -1.386294 -1.386294
 -16.270817 -16.270817 -16.270817 -0.000000
 -1.386294 -1.386294 -1.386294 -1.386294
 -1.386294 -1.386294 -1.386294 -1.386294
 -1.386294 -1.386294 -1.386294 -1.386294
 -0.000000 -16.270817 -16.270817 -16.270817
 -16.270817 -16.270817 -0.000000 -16.270817
 -1.386294 -1.386294 -1.386294 -1.386294
 -1.386294 -1.386294 -1.386294 -1.386294
 -1.386294 -1.386294 -1.386294 -1.386294
 -1.386294 -1.386294 -1.386294 -1.386294
 -1.386294 -1.386294 -1.386294 -1.386294
 -0.905618 -2.049841 -1.064024 -2.104649
 -1.386294 -1.386294 -1.386294 -1.386294
 -1.220384 -1.677521 -2.060513 -0.939923
 -1.098613 -1.678430 -1.919591 -1.098613
 -1.098613 -1.719785 -2.026159 -1.033608
 -1.623622 -1.697729 -1.004584 -1.372308
 -0.926313 -1.584120 -2.010638 -1.328187
 -0.983950 -1.782456 -1.728389 -1.271632
 -1.026417 -1.493439 -2.140064 -1.205757
 -1.408327 -1.679642 -1.448737 -1.096194
 -1.107648 0.000100 0.000100 0.000100
 -1.822628 0.000100 0.000100 0.000100
 -1.805501 0.000100 0.000100 0.000100
 -1.068066 0.000100 0.000100 0.000100
 -0.879420 -2.103195 -1.834931 -1.193078
 -1.068364 -1.601789 -1.630777 -1.350475
 -1.102393 -1.628486 -1.618916 -1.296143
 -1.677593 -1.727108 -1.795376 -0.756483
 -0.841010 -1.984493 -2.036550 -1.201320
 -1.042387 -1.740839 -1.877414 -1.142471
 -1.051606 -1.887069 -1.685330 -1.159237
 -1.735492 -1.710553 -1.858973 -0.719310
 -0.922214 -2.018353 -1.861033 -1.158438
 -0.980829 -1.742969 -1.897119 -1.203973
 -1.033693 -1.655184 -1.949983 -1.168041
 -1.635699 -1.720762 -1.725446 -0.802604
 -0.961488 -1.884293 -1.732947 -1.241408
 -1.138732 -1.675225 -1.737101 -1.150497
 -1.010157 -1.646733 -1.752094 -1.310261
 -1.639083 -1.712510 -1.617200 -0.851028
 -0.938155 -1.965671 -1.736663 -1.229352
 -1.034962 -1.605892 -1.902462 -1.221292
 -1.086877 -1.573010 -1.770074 -1.255296
 -1.593163 -1.737644 -1.737644 -0.810019
 -0.942043 -2.005476 -1.695815 -1.230578
 -1.095079 -1.618327 -1.815037 -1.189331
 -1.071657 -1.775499 -1.537414 -1.297463
 -1.403607 -1.731294 -1.657551 -0.950286
 -0.873932 -2.064174 -1.754019 -1.263396
 -1.130843 -1.649405 -1.699166 -1.196538
 -1.168787 -1.686729 -1.553198 -1.229079
 -1.588564 -1.692361 -1.486025 -0.953404
 -0.980829 -1.959896 -1.663450 -1.221991
 -0.996411 -1.801079 -1.789905 -1.208311
 -1.084691 -1.728390 -1.644307 -1.233480
 -1.491118 -1.783101 -1.732670 -0.844083
 -0.942933 -1.865493 -1.747011 -1.267971
 -0.933784 -1.961444 -1.797556 -1.202048
 -1.178230 -1.722766 -1.781607 -1.063521
 -1.500872 -1.670923 -1.784447 -0.864883
 -0.830577 -2.060173 -1.823382 -1.289924
 -1.064158 -1.964532 -1.660537 -1.124782
 -1.078702 -2.000383 -1.689328 -1.078702
 -1.615781 -1.903463 -1.571330 -0.810930
 -0.907682 -1.971203 -1.943990 -1.157977
 -1.158677 -1.809859 -1.895626 -0.988331
 -1.139434 -1.801809 -1.781809 -1.059392
 -1.620048 -1.848763 -2.018868 -0.669678
 -0.903073 -2.139554 -1.821891 -1.154387
 -1.150330 -1.642227 -1.862770 -1.094588
 -1.164862 -1.573757 -1.804662 -1.151256
 -1.659788 -1.754279 -1.684686 -0.795654
 -0.974136 -1.851854 -1.725102 -1.246948
 -1.096727 -1.698166 -1.842060 -1.125383
 -1.253673 -1.855570 -1.404644 -1.162424
 -1.802643 -1.748575 -1.777704 -0.709094
 -0.960026 -1.778336 -1.826127 -1.247708
 -1.065823 -1.676448 -1.696449 -1.254617
 -0.986495 -1.643924 -1.626532 -1.438480
 -1.652647 -1.656985 -1.710569 -0.827864
 -0.970984 -2.001684 -1.702703 -1.190755
 -1.004067 -1.877701 -1.513364 -1.345136
 -1.244120 -1.731135 -1.338828 -1.299862
 -1.662886 -1.723510 -1.483837 -0.903364
 -0.870887 -1.997313 -1.688698 -1.343387
 -1.033107 -1.694166 -1.782134 -1.230763
 -1.294088 -1.893339 -1.786093 -0.897296
 -1.581134 -1.544600 -1.623896 -0.957811
 -0.862860 -1.890095 -1.966256 -1.248242
 -0.946527 -1.663204 -1.862817 -1.319952
 -0.996830 -1.676246 -1.994700 -1.178230
 -1.337023 -1.694698 -1.483627 -1.118084
 -0.761387 -2.240358 -1.747881 -1.376666
 -0.760877 -1.967377 -1.894174 -1.416845
 -0.756720 -2.050867 -1.688575 -1.526056
 -1.121554 -2.312947 -1.656940 -0.955718
 -16.432907 -0.984241 -0.467962 -16.432907
 -15.115704 -0.881482 -0.534724 -15.115704
 -15.555978 -0.736165 -0.651905 -15.555978
 -16.031448 -0.960321 -0.482514 -16.031448
 -1.386294 -1.386294 -1.386294 -1.386294
 -16.371187 -16.371187 -16.371187 -0.000000
 -16.778719 -16.778719 -16.778719 -0.000000
 -1.386294 -1.386294 -1.386294 -1.386294
 -1.386294 -1.386294 -1.386294 -1.386294
 -1.386294 -1.386294 -1.386294 -1.386294
 -1.386294 -1.386294 -1.386294 -1.386294
 -17.288719 -17.288719 -17.288719 -0.000000
 -1.386294 -1.386294 -1.386294 -1.386294
 -1.386294 -1.386294 -1.386294 -1.386294
 -1.386294 -1.386294 -1.386294 -1.386294
 -17.288719 -17.288719 -17.288719 -0.000000
 -1.386294 -1.386294 -1.386294 -1.386294
 -1.386294 -1.386294 -1.386294 -1.386294
 -1.386294 -1.386294 -1.386294 -1.386294
 -17.288719 -17.288719 -17.288719 -0.000000
 -1.386294 -1.386294 -1.386294 -1.386294
 -1.386294 -1.386294 -1.386294 -1.386294
 -1.386294 -1.386294 -1.386294 -1.386294
 0.000000 -17.288719 -17.288719 -17.288719
 -17.288719 -17.288719 -0.000000 -17.288719
 -1.386294 -1.386294 -1.386294 -1.386294
 -1.386294 -1.386294 -1.386294 -1.386294
 -1.386294 -1.386294 -1.386294 -1.386294
 -1.386294 -1.386294 -1.386294 -1.386294
 -1.386294 -1.386294 -1.386294 -1.386294
 -1.000037 -1.724008 -1.801735 -1.242119
 -1.386294 -1.386294 -1.386294 -1.386294
 -0.803580 -1.890956 -1.820846 -1.429367
 -1.021651 -1.609438 -2.050304 -1.166984
 -1.140845 -1.386294 -2.042536 -1.201470
 -1.513249 -1.976447 -1.578764 -0.832372
 -0.907792 -2.024381 -1.691804 -1.271811
 -1.042654 -1.666808 -1.951320 -1.150284
 -1.079815 -1.723905 -1.692489 -1.210955
 -1.458907 -1.891945 -1.632065 -0.864633
