 -1.032440 0.000100 0.000100 0.000100
 -1.771838 0.000100 0.000100 0.000100
 -2.238297 0.000100 0.000100 0.000100
 -1.001840 0.000100 0.000100 0.000100
 -0.832345 -1.937470 -2.501999 -1.081805
 -0.925207 -1.603538 -2.827306 -1.069456
 -1.025854 -1.405342 -2.466207 -1.166932
 -1.378109 -1.805552 -2.115706 -0.769999
 -0.742793 -2.099585 -2.564947 -1.124588
 -0.922157 -1.615302 -2.308447 -1.190420
 -0.966442 -2.036878 -1.813736 -1.120592
 -1.325051 -1.583462 -2.251290 -0.858767
 -0.745719 -2.087559 -2.252639 -1.215722
 -0.943607 -1.716795 -2.073469 -1.186169
 -1.098613 -1.761905 -2.110209 -0.984203
 -1.483286 -1.573671 -2.322386 -0.759743
 -0.609428 -2.134447 -2.576278 -1.339518
 -1.092643 -1.429114 -2.478932 -1.074943
 -0.844189 -1.782455 -2.593379 -1.117482
 -1.227069 -2.028695 -2.373535 -0.729414
 -0.549715 -2.189788 -2.700613 -1.411484
 -0.792521 -1.861716 -2.289158 -1.236013
 -1.240787 -1.474401 -2.339391 -0.953106
 -1.152680 -1.761743 -2.362516 -0.871599
 -0.611874 -2.128688 -2.861054 -1.267749
 -0.909603 -2.008212 -2.231354 -1.033655
 -0.934311 -1.791757 -2.032917 -1.172721
 -1.303407 -2.143156 -2.067170 -0.724498
 -0.614947 -2.346600 -2.569743 -1.247990
 -0.869039 -1.642227 -2.623049 -1.156721
 -0.640781 -2.134699 -2.923146 -1.200396
 -1.079302 -1.971298 -2.516024 -0.820728
 -0.736385 -1.932635 -2.888144 -1.137210
 -0.978167 -1.496109 -2.525722 -1.139435
 -0.791130 -1.832578 -3.624296 -1.021653
 -1.474096 -1.749199 -2.511338 -0.661762
 -15.137267 -1.352215 -2.400564 -0.429758
 -14.316288 -1.368276 -1.738649 -0.562652
 -13.384734 -1.609436 -1.977158 -0.413191
 -15.173921 -1.254049 -1.993287 -0.547480
 -1.386294 -1.386294 -1.386294 -1.386294
 -0.759970 -1.810953 -2.527628 -1.241421
 -0.896489 -1.937940 -2.343402 -1.044125
 -1.017808 -1.853003 -2.399546 -0.938820
 -0.636272 -1.966476 -2.310246 -1.462950
 -0.860202 -1.682559 -2.341802 -1.221215
 -0.813777 -2.397887 -2.867883 -0.893820
 -1.204907 -1.783391 -2.164162 -0.873790
 -0.772397 -2.211612 -2.904757 -0.984009
 -0.929537 -1.527373 -2.538968 -1.173733
 -0.891600 -2.302579 -2.120259 -0.994254
 -1.111113 -1.555044 -2.442345 -0.987060
 -0.801005 -2.023669 -2.902915 -1.010355
 -1.048913 -1.760408 -2.571333 -0.913112
 -1.181995 -1.752536 -2.525717 -0.820983
 -1.324530 -2.038729 -2.127677 -0.724093
 -0.838859 -1.957273 -2.824771 -1.001763
 -0.847299 -1.850598 -2.302581 -1.157453
 -1.051546 -2.116250 -2.472921 -0.807925
 -1.602269 -1.828393 -2.295415 -0.621441
 -0.789686 -2.098017 -2.695852 -1.033307
 -1.052703 -2.008212 -2.364884 -0.860813
 -0.965083 -2.351367 -2.639045 -0.793233
 -1.609438 -1.997808 -2.014902 -0.632929
 -0.859917 -2.154272 -2.546313 -0.961170
 -1.106518 -1.799663 -2.136133 -0.952368
 -1.021652 -1.966110 -2.995716 -0.798509
 -1.422662 -2.097459 -2.254644 -0.632523
 -0.822682 -2.057868 -3.063385 -0.951160
 -0.892945 -1.511982 -2.279233 -1.317827
 -0.832911 -2.123888 -2.324557 -1.056054
 -1.522977 -2.075045 -2.206073 -0.604669
 -0.669337 -2.278773 -3.502541 -1.034451
 -0.685876 -2.211927 -2.840530 -1.113319
 -0.828324 -2.674137 -3.079593 -0.802348
 -1.517871 -1.971344 -2.555856 -0.572831
 -0.701223 -2.743521 -2.520379 -1.023739
 -0.924950 -2.114529 -2.674139 -0.882391
 -1.252764 -1.945905 -2.233583 -0.767258
 -1.596163 -2.418142 -1.963887 -0.565760
 -15.033387 -0.000001 -15.033387 -15.033387
 -13.664692 -0.000003 -13.664692 -13.664692
 -13.883173 -0.000003 -13.883173 -13.883173
 -15.348068 -0.000001 -15.348068 -15.348068
 -1.386294 -1.386294 -1.386294 -1.386294
 -16.112078 -16.112078 -16.112078 -0.000000
 -1.386294 -1.386294 -1.386294 -1.386294
 -1.386294 -1.386294 -1.386294 -1.386294
 -1.386294 -1.386294 -1.386294 -1.386294
 -1.386294 -1.386294 -1.386294 -1.386294
 -1.386294 -1.386294 -1.386294 -1.386294
 -16.112078 -16.112078 -16.112078 -0.000000
 -1.386294 -1.386294 -1.386294 -1.386294
 -1.386294 -1.386294 -1.386294 -1.386294
 -1.386294 -1.386294 -1.386294 -1.386294
 -16.112078 -0.000000 -16.112078 -16.112078
 -1.386294 -1.386294 -1.386294 -1.386294
 -0.000000 -16.112078 -16.112078 -16.112078
 -1.386294 -1.386294 -1.386294 -1.386294
 -1.386294 -1.386294 -1.386294 -1.386294
 -16.112078 -16.112078 -0.000000 -16.112078
 -1.386294 -1.386294 -1.386294 -1.386294
 -1.386294 -1.386294 -1.386294 -1.386294
 -1.386294 -1.386294 -1.386294 -1.386294
 -1.386294 -1.386294 -1.386294 -1.386294
 -1.386294 -1.386294 -1.386294 -1.386294
 -0.801418 -2.174349 -1.064007 -2.379948
 -1.386294 -1.386294 -1.386294 -1.386294
 -1.123585 -1.973184 -2.039875 -0.901822
 -1.230881 -1.954796 -2.019335 -0.835569
 -1.155599 -1.710596 -2.100060 -0.962534
 -1.813736 -2.036878 -1.189585 -0.910872
 -1.091990 -1.458615 -1.878468 -1.276294
 -1.053589 -1.468532 -2.315826 -1.132061
 -0.835711 -1.704747 -2.564943 -1.178656
 -1.520544 -1.304321 -1.709785 -1.111255
 -1.295198 0.000100 0.000100 0.000100
 -1.581838 0.000100 0.000100 0.000100
 -1.650831 0.000100 0.000100 0.000100
 -1.112703 0.000100 0.000100 0.000100
 -1.002260 -1.759945 -1.747897 -1.249120
 -1.115420 -1.758969 -1.758969 -1.115420
 -1.009000 -1.673976 -1.604983 -1.398270
 -1.623436 -1.511052 -1.518957 -1.012905
 -1.173011 -1.647904 -1.576952 -1.232683
 -1.012723 -1.645972 -1.607944 -1.412034
 -1.063826 -1.563320 -1.636345 -1.383349
 -1.762068 -1.411261 -1.457246 -1.045266
 -0.998097 -1.648457 -1.813134 -1.287603
 -0.898922 -1.749537 -1.838664 -1.346659
 -0.971861 -1.770368 -1.544055 -1.436166
 -1.834531 -1.271437 -1.656282 -0.996861
 -1.002648 -1.837766 -1.624844 -1.283816
 -1.147471 -1.542263 -1.614902 -1.310242
 -0.967252 -1.715850 -1.615767 -1.421611
 -1.848112 -1.531354 -1.453053 -0.935555
 -0.988851 -1.641589 -1.612318 -1.448598
 -1.059047 -1.600509 -1.726660 -1.296298
 -1.104107 -1.543188 -1.524140 -1.439753
 -1.756538 -1.296143 -1.652818 -1.015382
 -1.038269 -1.769988 -1.715330 -1.218431
 -1.079636 -1.632695 -1.803320 -1.203547
 -0.997907 -1.558507 -1.747749 -1.399443
 -1.716492 -1.335814 -1.589337 -1.040439
 -0.956449 -1.860618 -1.639887 -1.323632
 -1.090482 -1.679889 -1.582591 -1.301553
 -1.015921 -1.696164 -1.638057 -1.346351
 -1.826245 -1.534187 -1.574282 -0.876599
 -1.181255 -1.622746 -1.702390 -1.159945
 -1.137895 -1.774952 -1.721842 -1.104795
 -1.164862 -1.412270 -1.717651 -1.328187
 -1.920592 -1.482337 -1.672756 -0.824066
 -16.025980 -1.310308 -1.335001 -0.761201
 -15.814284 -1.280934 -1.362197 -0.763302
 -15.671809 -1.054297 -1.367718 -0.924134
 -16.310368 -1.230730 -1.501605 -0.723300
 -1.386294 -1.386294 -1.386294 -1.386294
 -1.097640 -1.787876 -1.747985 -1.124230
 -1.052145 -1.741975 -1.748620 -1.198574
 -1.888063 -1.565148 -1.504698 -0.873486
 -1.095240 -1.601586 -1.720067 -1.255582
 -1.103168 -1.601891 -1.640209 -1.299283
 -1.129657 -1.535122 -1.535122 -1.402436
 -1.846090 -1.272289 -1.689086 -0.974797
 -1.035608 -1.774846 -1.684695 -1.237948
 -1.082787 -1.705976 -1.692553 -1.218391
 -1.025145 -1.549957 -1.760852 -1.358290
 -1.848918 -1.483458 -1.559766 -0.902498
 -1.112447 -1.750427 -1.506042 -1.288222
 -1.135300 -1.674937 -1.600829 -1.239167
 -1.089644 -1.665007 -1.438695 -1.438695
 -1.720454 -1.378312 -1.585680 -1.010044
 -1.088491 -1.633114 -1.538751 -1.373156
 -1.175518 -1.639206 -1.646426 -1.189185
 -1.076316 -1.362702 -1.676632 -1.531642
 -1.819794 -1.177940 -1.657275 -1.080662
 -1.017235 -1.780586 -1.699146 -1.248177
 -0.918655 -1.814447 -1.685455 -1.375725
 -1.039523 -1.553085 -1.676879 -1.395028
 -1.717507 -1.417193 -1.473121 -1.053015
 -0.944077 -1.927218 -1.612137 -1.324455
 -0.917018 -1.681758 -1.705475 -1.458615
 -1.004750 -1.662942 -1.501187 -1.507702
 -1.649847 -1.660210 -1.400253 -0.990780
 -1.065404 -1.460869 -1.758551 -1.381975
 -1.105159 -1.401085 -1.664775 -1.455520
 -0.971099 -1.472579 -1.807889 -1.478410
 -1.598321 -1.342550 -1.603359 -1.092533
 -0.929290 -1.991201 -1.858514 -1.162413
 -0.962137 -1.906598 -1.845041 -1.166932
 -1.008461 -1.451252 -1.890850 -1.386294
 -1.640979 -1.629990 -1.482890 -0.958944
 -1.071515 -2.056530 -1.397516 -1.264419
 -1.175771 -2.381527 -1.697350 -0.877451
 -1.391216 -1.780368 -1.365241 -1.116780
 -1.862028 -2.101103 -1.320640 -0.786673
 -16.025980 -0.000000 -16.025980 -16.025980
 -15.308415 -0.000001 -15.308415 -15.308415
 -15.960272 -0.000000 -15.960272 -15.960272
 -16.373512 -0.000000 -16.373512 -16.373512
 -1.386294 -1.386294 -1.386294 -1.386294
 -17.371429 -17.371429 -17.371429 -0.000000
 -1.386294 -1.386294 -1.386294 -1.386294
 -1.386294 -1.386294 -1.386294 -1.386294
 -1.386294 -1.386294 -1.386294 -1.386294
 -1.386294 -1.386294 -1.386294 -1.386294
 -1.386294 -1.386294 -1.386294 -1.386294
 -17.371429 -17.371429 -17.371429 -0.000000
 -1.386294 -1.386294 -1.386294 -1.386294
 -1.386294 -1.386294 -1.386294 -1.386294
 -1.386294 -1.386294 -1.386294 -1.386294
 -17.371429 0.000000 -17.371429 -17.371429
 -1.386294 -1.386294 -1.386294 -1.386294
 0.000000 -17.371429 -17.371429 -17.371429
 -1.386294 -1.386294 -1.386294 -1.386294
 -1.386294 -1.386294 -1.386294 -1.386294
 -17.371429 -17.371429 -0.000000 -17.371429
 -1.386294 -1.386294 -1.386294 -1.386294
 -1.386294 -1.386294 -1.386294 -1.386294
 -1.386294 -1.386294 -1.386294 -1.386294
 -1.386294 -1.386294 -1.386294 -1.386294
 -1.386294 -1.386294 -1.386294 -1.386294
 -1.050393 -1.573539 -1.829588 -1.264395
 -1.386294 -1.386294 -1.386294 -1.386294
 -0.768575 -2.161936 -1.721624 -1.416964
 -1.175904 -1.660296 -2.044255 -0.989128
 -0.924330 -1.649370 -2.172618 -1.213508
 -1.628836 -1.644421 -1.554360 -0.917809
 -1.006239 -1.745691 -1.556285 -1.390439
 -1.007716 -1.734601 -1.623375 -1.342294
 -1.030986 -1.545006 -1.537038 -1.537038
 -1.531919 -1.870032 -1.515659 -0.891361
