 -0.994040 0.000100 0.000100 0.000100
 -2.028778 0.000100 0.000100 0.000100
 -2.176959 0.000100 0.000100 0.000100
 -0.954410 0.000100 0.000100 0.000100
 -0.786757 -1.904237 -2.515145 -1.155521
 -0.959112 -2.122259 -2.122259 -0.974860
 -0.909371 -1.925289 -2.079439 -1.119666
 -1.456164 -1.901903 -2.081488 -0.707566
 -0.766914 -2.158003 -2.325057 -1.132514
 -1.025282 -1.847639 -2.270494 -0.966441
 -1.007959 -1.701104 -2.280919 -1.048781
 -1.299951 -1.723969 -2.428415 -0.774527
 -0.735236 -2.108045 -2.304755 -1.206144
 -0.996334 -1.717651 -2.137503 -1.098613
 -0.924591 -1.499953 -2.397889 -1.240443
 -1.490979 -1.869775 -2.057374 -0.707448
 -0.800477 -2.143389 -2.450119 -1.057437
 -0.911150 -1.900561 -2.223333 -1.078204
 -1.071025 -2.018403 -2.397890 -0.835711
 -1.388376 -1.687231 -1.971174 -0.852858
 -0.757390 -1.904554 -2.525727 -1.196593
 -0.942960 -1.636106 -2.251289 -1.169487
 -0.952659 -1.645805 -2.302581 -1.134981
 -1.259932 -1.751754 -2.169053 -0.847298
 -0.680673 -1.906930 -2.558691 -1.317580
 -0.875469 -1.568616 -2.736216 -1.170586
 -0.944463 -1.891841 -2.533690 -0.965082
 -1.072295 -1.982112 -2.238045 -0.883501
 -0.629778 -2.204728 -2.671347 -1.245314
 -0.939399 -1.950998 -2.238679 -1.020525
 -0.862708 -1.858132 -2.388757 -1.107830
 -1.325258 -1.630640 -2.300256 -0.825015
 -0.615761 -2.214615 -2.702317 -1.260455
 -0.805626 -1.904236 -2.671487 -1.093308
 -0.739240 -2.512298 -2.070469 -1.154183
 -1.089743 -2.118038 -2.081670 -0.870581
 -0.555677 -2.268098 -3.013429 -1.295780
 -0.519877 -2.106838 -2.799979 -1.500704
 -0.596299 -2.285773 -2.468093 -1.336698
 -1.029620 -1.978699 -2.161020 -0.943146
 -0.639495 -2.109819 -2.842705 -1.227878
 -0.549601 -1.959422 -2.606045 -1.569959
 -0.768050 -1.802120 -2.782939 -1.173514
 -0.993766 -1.836444 -2.467070 -0.952944
 -0.743578 -1.828491 -2.979469 -1.161186
 -0.788458 -1.838278 -2.685571 -1.145133
 -0.939549 -2.068008 -2.674137 -0.882391
 -1.274406 -1.825053 -2.177273 -0.807787
 -0.882875 -1.744357 -2.778429 -1.051210
 -1.144422 -1.614425 -2.007466 -1.054810
 -1.109309 -2.240704 -2.933841 -0.672096
 -1.386294 -1.926533 -2.199400 -0.706277
 -0.899878 -2.135348 -2.383809 -0.959776
 -0.976011 -1.526056 -2.499501 -1.128027
 -1.081371 -1.911716 -2.347031 -0.873733
 -1.451214 -1.699050 -2.089010 -0.778602
 -0.822527 -2.307450 -2.494661 -0.971168
 -0.955512 -1.576338 -1.970241 -1.312186
 -0.950977 -1.992428 -2.174748 -1.011602
 -1.382441 -1.605584 -1.987295 -0.888683
 -0.798005 -1.964175 -3.000264 -1.022406
 -0.933428 -1.716957 -1.995670 -1.233532
 -1.052703 -2.059505 -2.364884 -0.845064
 -1.182362 -1.728278 -2.031960 -0.955089
 -0.920493 -2.040381 -2.671007 -0.910021
 -0.842360 -2.089390 -2.263742 -1.074162
 -0.775840 -2.533690 -2.890361 -0.904457
 -1.073133 -2.098985 -2.380836 -0.814162
 -1.004039 -2.676173 -2.801336 -0.685083
 -0.760288 -1.992428 -2.552040 -1.145133
 -1.147884 -2.698470 -2.852618 -0.583950
 -1.226095 -2.694625 -2.318148 -0.615186
 -15.292561 -15.292561 -15.292561 -0.000001
 -13.785055 -13.785055 -13.785055 -0.000003
 -13.805464 -13.805464 -13.805464 -0.000003
 -15.665540 -15.665540 -15.665540 -0.000000
 -1.386294 -1.386294 -1.386294 -1.386294
 -1.386294 -1.386294 -1.386294 -1.386294
 -1.386294 -1.386294 -1.386294 -1.386294
 -16.357113 -16.357113 -16.357113 -0.000000
 -1.386294 -1.386294 -1.386294 -1.386294
 -1.386294 -1.386294 -1.386294 -1.386294
 -1.386294 -1.386294 -1.386294 -1.386294
 -16.357113 -16.357113 -16.357113 -0.000000
 -1.386294 -1.386294 -1.386294 -1.386294
 -1.386294 -1.386294 -1.386294 -1.386294
 -1.386294 -1.386294 -1.386294 -1.386294
 -16.357113 -16.357113 -16.357113 -0.000000
 -1.386294 -1.386294 -1.386294 -1.386294
 -1.386294 -1.386294 -1.386294 -1.386294
 -1.386294 -1.386294 -1.386294 -1.386294
 -1.128179 -0.898729 -1.311962 -16.357113
 -15.228934 -15.228934 -15.228934 -0.000001
 -15.458385 -15.458385 -15.458385 -0.000001
 -15.045153 -15.045153 -15.045153 -0.000001
 -1.386294 -1.386294 -1.386294 -1.386294
 -1.386294 -1.386294 -1.386294 -1.386294
 -1.386294 -1.386294 -1.386294 -1.386294
 -1.386294 -1.386294 -1.386294 -1.386294
 -0.000000 -16.357113 -16.357113 -16.357113
 -16.357113 -16.357113 -0.000000 -16.357113
 -1.386294 -1.386294 -1.386294 -1.386294
 -1.386294 -1.386294 -1.386294 -1.386294
 -1.386294 -1.386294 -1.386294 -1.386294
 -1.386294 -1.386294 -1.386294 -1.386294
 -1.386294 -1.386294 -1.386294 -1.386294
 -0.792402 -2.234117 -1.055462 -2.384598
 -1.386294 -1.386294 -1.386294 -1.386294
 -1.144884 -1.997661 -1.854560 -0.942724
 -1.174986 -1.580450 -1.968214 -1.062508
 -1.128465 -1.828629 -2.159483 -0.915160
 -2.123113 -1.626679 -1.543298 -0.754842
 -0.746924 -1.725912 -2.256540 -1.412821
 -1.035638 -1.609437 -1.864329 -1.237875
 -0.813637 -1.693995 -2.387139 -1.269112
 -1.566630 -1.424800 -1.441467 -1.157995
 -1.195825 0.000100 0.000100 0.000100
 -1.861431 0.000100 0.000100 0.000100
 -1.719236 0.000100 0.000100 0.000100
 -1.013648 0.000100 0.000100 0.000100
 -0.774937 -1.968859 -1.914134 -1.377606
 -1.147318 -2.034620 -1.374480 -1.207942
 -1.237417 -1.578979 -1.564794 -1.222304
 -1.810108 -1.779472 -1.783791 -0.693875
 -0.839705 -1.900350 -2.025513 -1.249251
 -0.914650 -2.042370 -1.711338 -1.241334
 -1.053343 -1.923019 -1.603666 -1.191032
 -1.556851 -1.553348 -1.824845 -0.876061
 -0.844395 -2.142448 -1.787802 -1.253556
 -0.987139 -1.684514 -1.966562 -1.197703
 -0.907416 -1.994052 -1.679937 -1.294970
 -1.541230 -1.601625 -1.637273 -0.942112
 -0.780648 -1.903030 -1.867584 -1.434316
 -1.161505 -1.793408 -2.051819 -0.936258
 -1.076240 -1.862046 -1.717651 -1.126137
 -1.563702 -1.645380 -1.628502 -0.912603
 -0.701867 -2.038461 -1.881717 -1.506053
 -1.137265 -1.705538 -1.696880 -1.157166
 -1.173566 -1.711837 -1.486956 -1.258273
 -1.623109 -1.508480 -1.809487 -0.872916
 -0.725833 -2.146755 -1.991646 -1.336571
 -1.158400 -1.658228 -1.945910 -1.042198
 -1.004408 -1.788724 -1.668923 -1.279719
 -1.604383 -1.788387 -1.669482 -0.813256
 -0.671202 -2.248236 -1.939048 -1.429287
 -1.083345 -1.989585 -1.609438 -1.124588
 -1.096993 -1.819698 -1.604587 -1.193761
 -1.567367 -1.984131 -1.793323 -0.718465
 -0.908109 -2.143432 -1.942183 -1.090431
 -1.055041 -1.691676 -1.925869 -1.133631
 -1.103296 -1.810628 -1.719656 -1.122254
 -1.773659 -1.725510 -1.982334 -0.664638
 -0.743158 -2.300844 -1.952026 -1.265033
 -1.193241 -1.842425 -1.956184 -0.923987
 -1.215949 -1.693208 -1.774060 -1.049822
 -1.803881 -2.026008 -1.875490 -0.597472
 -0.808732 -2.093626 -1.929323 -1.251444
 -1.142885 -1.687186 -1.811640 -1.100583
 -1.037369 -1.834776 -1.618248 -1.245770
 -1.767299 -1.358124 -2.048804 -0.813792
 -0.859962 -2.209592 -2.014025 -1.097735
 -1.582409 -0.902685 -2.344548 -1.227069
 -1.253650 -1.467520 -1.781177 -1.153271
 -1.735831 -1.610176 -1.918989 -0.739948
 -0.877797 -1.948821 -2.012000 -1.177203
 -1.413423 -0.903598 -2.077011 -1.485994
 -1.196251 -1.621134 -1.839387 -1.075623
 -1.530860 -1.594747 -1.841607 -0.862446
 -0.960285 -1.920592 -1.991820 -1.095869
 -1.460225 -1.644529 -1.031921 -1.521469
 -1.231102 -1.711155 -1.642836 -1.096789
 -1.548032 -1.783196 -1.574104 -0.886633
 -0.935001 -1.743513 -1.877044 -1.274869
 -1.035243 -1.604776 -1.755058 -1.305533
 -1.490317 -0.913283 -2.178130 -1.346147
 -1.476401 -1.593751 -1.559331 -1.026935
 -0.915843 -1.819905 -1.750543 -1.331427
 -0.661537 -2.096192 -1.922920 -1.537864
 -1.101782 -1.703957 -1.669766 -1.212448
 -1.412131 -1.837651 -1.593731 -0.931355
 -1.013746 -2.302585 -2.018481 -0.905634
 -0.767255 -2.187071 -1.781607 -1.366092
 -0.792608 -1.911022 -1.911022 -1.380395
 -1.232525 -2.008258 -1.688000 -0.943319
 -1.112847 -2.161134 -1.852207 -0.918059
 -0.909748 -2.387012 -1.876188 -1.043279
 -1.148753 -2.151087 -1.810483 -0.908731
 -1.620068 -2.624064 -2.107008 -0.497571
 -16.212496 -16.212496 -16.212496 -0.000000
 -15.123844 -15.123844 -15.123844 -0.000001
 -15.520260 -15.520260 -15.520260 -0.000001
 -16.689075 -16.689075 -16.689075 -0.000000
 -1.386294 -1.386294 -1.386294 -1.386294
 -1.386294 -1.386294 -1.386294 -1.386294
 -1.386294 -1.386294 -1.386294 -1.386294
 -17.450197 -17.450197 -17.450197 -0.000000
 -1.386294 -1.386294 -1.386294 -1.386294
 -1.386294 -1.386294 -1.386294 -1.386294
 -1.386294 -1.386294 -1.386294 -1.386294
 -17.450197 -17.450197 -17.450197 -0.000000
 -1.386294 -1.386294 -1.386294 -1.386294
 -1.386294 -1.386294 -1.386294 -1.386294
 -1.386294 -1.386294 -1.386294 -1.386294
 -17.450197 -17.450197 -17.450197 -0.000000
 -1.386294 -1.386294 -1.386294 -1.386294
 -1.386294 -1.386294 -1.386294 -1.386294
 -1.386294 -1.386294 -1.386294 -1.386294
 -1.400381 -0.987804 -0.964685 -17.450197
 -16.049818 -16.049818 -16.049818 -0.000000
 -16.462395 -16.462395 -16.462395 -0.000000
 -16.485514 -16.485514 -16.485514 -0.000000
 -1.386294 -1.386294 -1.386294 -1.386294
 -1.386294 -1.386294 -1.386294 -1.386294
 -1.386294 -1.386294 -1.386294 -1.386294
 -1.386294 -1.386294 -1.386294 -1.386294
 0.000000 -17.450197 -17.450197 -17.450197
 -17.450197 -17.450197 -0.000000 -17.450197
 -1.386294 -1.386294 -1.386294 -1.386294
 -1.386294 -1.386294 -1.386294 -1.386294
 -1.386294 -1.386294 -1.386294 -1.386294
 -1.386294 -1.386294 -1.386294 -1.386294
 -1.386294 -1.386294 -1.386294 -1.386294
 -0.877847 -1.961336 -1.970761 -1.189735
 -1.386294 -1.386294 -1.386294 -1.386294
 -0.886578 -2.413250 -2.286836 -0.924259
 -1.091136 -1.896494 -2.044414 -0.955512
 -1.356441 -1.193923 -2.034989 -1.175346
 -1.679484 -2.026242 -2.039487 -0.594924
 -0.748063 -2.167147 -2.081989 -1.246422
 -1.274575 -1.261242 -1.896494 -1.248084
 -1.004927 -1.722766 -1.828127 -1.221991
 -1.797300 -1.277624 -2.029745 -0.857582
