 -1.058607 0.000100 0.000100 0.000100
 -1.805821 0.000100 0.000100 0.000100
 -2.292964 0.000100 0.000100 0.000100
 -0.947381 0.000100 0.000100 0.000100
 -0.787220 -1.845826 -2.558774 -1.172482
 -0.903305 -1.772340 -2.257846 -1.138618
 -0.879735 -2.058384 -2.058384 -1.109309
 -1.494429 -1.669370 -1.845826 -0.845453
 -0.684071 -2.463851 -2.618001 -1.086528
 -0.913112 -2.111804 -1.798148 -1.164426
 -0.986910 -1.609437 -1.927889 -1.266494
 -1.432104 -1.736593 -1.985488 -0.803496
 -0.676150 -2.220345 -2.639054 -1.166585
 -0.863047 -2.079438 -2.287076 -1.045369
 -0.748209 -2.079438 -2.320598 -1.192139
 -1.177922 -1.960681 -2.276533 -0.801445
 -0.698289 -2.328559 -2.328559 -1.178655
 -0.841569 -1.618095 -2.807669 -1.170072
 -0.741940 -2.128227 -2.484897 -1.134981
 -1.488077 -1.754344 -2.118309 -0.732017
 -0.610764 -2.277958 -2.844352 -1.216049
 -0.789998 -1.923093 -2.564942 -1.129866
 -0.869040 -1.760009 -2.453150 -1.131403
 -1.349515 -1.754980 -2.383587 -0.743380
 -0.714201 -2.018816 -2.618435 -1.188469
 -0.893819 -2.174748 -2.685569 -0.893819
 -0.861485 -1.697728 -2.470909 -1.171638
 -1.196251 -1.870349 -2.406652 -0.790786
 -0.736633 -2.017565 -2.562291 -1.167415
 -0.771929 -1.992428 -2.936881 -1.054161
 -0.807560 -1.596014 -2.224616 -1.413693
 -1.101482 -1.727937 -2.244153 -0.957233
 -0.719123 -1.823011 -3.075770 -1.187023
 -0.742629 -2.578832 -2.268680 -1.064711
 -0.730890 -2.602678 -1.996550 -1.175574
 -1.127600 -2.014902 -2.063692 -0.877376
 -0.639607 -1.948412 -2.900419 -1.290984
 -0.743580 -1.759497 -2.406120 -1.338285
 -0.538999 -2.484897 -2.821364 -1.295323
 -0.996334 -1.871801 -2.146238 -1.021652
 -0.652874 -2.004681 -2.991173 -1.222407
 -0.642596 -1.769779 -1.909541 -1.860751
 -0.747217 -1.845824 -3.637541 -1.072638
 -1.088031 -1.652923 -2.115545 -1.046788
 -0.711927 -2.235142 -2.885728 -1.059839
 -0.693148 -2.106838 -2.432258 -1.236013
 -0.955513 -1.466337 -2.277260 -1.265667
 -1.062895 -1.927891 -1.927891 -1.011601
 -0.748299 -1.921812 -2.971631 -1.110883
 -0.778671 -1.970805 -2.501429 -1.140460
 -0.704984 -2.833198 -2.833198 -0.946145
 -1.318576 -1.638519 -2.223031 -0.844119
 -0.764804 -2.240708 -2.710710 -1.016935
 -0.788459 -1.827349 -1.967110 -1.407496
 -0.916293 -1.945906 -2.456725 -0.990401
 -1.200082 -1.774367 -2.006168 -0.929536
 -0.841029 -2.305282 -2.450464 -0.960375
 -0.963175 -1.739702 -2.041981 -1.161626
 -0.768050 -2.377479 -2.377479 -1.048352
 -1.220168 -1.998471 -1.853891 -0.885155
 -0.766602 -2.465268 -2.821942 -0.939215
 -0.844380 -1.791758 -2.251287 -1.209839
 -0.788459 -2.061419 -2.908708 -1.011602
 -1.244324 -1.826245 -2.342935 -0.787893
 -0.658151 -2.721840 -3.009521 -1.002058
 -0.855667 -2.014900 -2.708041 -0.980830
 -0.735114 -2.498689 -2.681007 -0.994624
 -1.378284 -2.092936 -2.395216 -0.628274
 -0.746011 -2.384434 -2.732740 -0.998142
 -0.737601 -2.575868 -2.442339 -1.025282
 -1.129866 -2.382617 -3.075748 -0.619042
 -1.515251 -2.033594 -2.290313 -0.601210
 -15.006399 -15.006399 -15.006399 -0.000001
 -13.815515 -13.815515 -13.815515 -0.000003
 -13.541079 -13.541079 -13.541079 -0.000004
 -15.264781 -15.264781 -15.264781 -0.000001
 -1.386294 -1.386294 -1.386294 -1.386294
 -1.386294 -1.386294 -1.386294 -1.386294
 -1.386294 -1.386294 -1.386294 -1.386294
 -0.000000 -16.046600 -16.046600 -16.046600
 -16.046600 -16.046600 -16.046600 -0.000000
 -1.386294 -1.386294 -1.386294 -1.386294
 -1.386294 -1.386294 -1.386294 -1.386294
 -1.386294 -1.386294 -1.386294 -1.386294
 -1.386294 -1.386294 -1.386294 -1.386294
 -1.386294 -1.386294 -1.386294 -1.386294
 -1.386294 -1.386294 -1.386294 -1.386294
 -16.046600 -16.046600 -16.046600 -0.000000
 -1.386294 -1.386294 -1.386294 -1.386294
 -1.386294 -1.386294 -1.386294 -1.386294
 -1.386294 -1.386294 -1.386294 -1.386294
 -0.531811 -16.046600 -0.885617 -16.046600
 -15.514791 -0.000001 -15.514791 -15.514791
 -1.386294 -1.386294 -1.386294 -1.386294
 -15.160984 -0.000001 -15.160984 -15.160984
 -1.386294 -1.386294 -1.386294 -1.386294
 -1.386294 -1.386294 -1.386294 -1.386294
 -0.000000 -16.046600 -16.046600 -16.046600
 -1.386294 -1.386294 -1.386294 -1.386294
 -1.386294 -1.386294 -1.386294 -1.386294
 -16.046600 -16.046600 -0.000000 -16.046600
 -1.386294 -1.386294 -1.386294 -1.386294
 -1.386294 -1.386294 -1.386294 -1.386294
 -1.386294 -1.386294 -1.386294 -1.386294
 -1.386294 -1.386294 -1.386294 -1.386294
 -1.386294 -1.386294 -1.386294 -1.386294
 -0.844795 -2.032238 -1.190812 -1.999977
 -1.386294 -1.386294 -1.386294 -1.386294
 -1.007858 -1.897119 -1.848329 -1.116267
 -1.220503 -1.668526 -2.406120 -0.852779
 -1.081099 -1.486564 -1.931874 -1.238728
 -1.309922 -1.617405 -1.504077 -1.172721
 -0.922722 -1.914361 -1.665465 -1.324163
 -1.177203 -1.563975 -1.713506 -1.196251
 -1.031020 -1.528857 -1.827349 -1.325259
 -1.622683 -1.527373 -1.335001 -1.132061
 -1.223499 0.000100 0.000100 0.000100
 -1.740604 0.000100 0.000100 0.000100
 -1.780770 0.000100 0.000100 0.000100
 -1.016447 0.000100 0.000100 0.000100
 -0.776326 -1.750373 -2.270247 -1.335941
 -1.260669 -1.288839 -1.848453 -1.260669
 -1.042822 -2.031429 -1.625966 -1.140460
 -1.697143 -1.739702 -1.425210 -0.914385
 -1.139435 -1.950363 -1.654900 -1.059392
 -1.006020 -1.953399 -1.806796 -1.113651
 -1.304465 -1.333452 -1.640936 -1.304465
 -1.852913 -1.635190 -1.532006 -0.838860
 -0.986025 -1.796953 -1.707341 -1.273706
 -1.046557 -2.102605 -1.542992 -1.161626
 -1.211091 -1.652922 -1.337842 -1.393412
 -1.531476 -1.728186 -1.413693 -1.013534
 -0.944462 -1.711716 -1.819929 -1.314836
 -0.945644 -1.751267 -1.800057 -1.299283
 -1.222550 -1.538402 -1.628014 -1.222550
 -1.650445 -1.627456 -1.479820 -0.957299
 -1.045969 -1.819157 -1.906169 -1.085190
 -1.323556 -1.468738 -1.500486 -1.270913
 -1.056054 -1.343735 -1.931519 -1.400893
 -1.484275 -1.805182 -1.778513 -0.820981
 -0.888640 -2.070137 -1.810627 -1.207093
 -0.905710 -1.813264 -1.953025 -1.235188
 -1.115142 -1.712977 -1.508184 -1.307514
 -1.748188 -1.617568 -1.597365 -0.855429
 -1.098613 -1.765783 -1.579198 -1.239691
 -1.011602 -1.905417 -1.537694 -1.299283
 -1.076140 -1.791758 -1.417066 -1.386294
 -1.581038 -1.779489 -1.581038 -0.868089
 -0.939822 -2.038432 -1.874129 -1.122143
 -1.003303 -2.079438 -1.455287 -1.290985
 -1.111600 -1.642227 -1.711220 -1.214784
 -1.791759 -1.543298 -1.766441 -0.801362
 -1.002469 -1.858133 -1.670922 -1.241361
 -1.174599 -1.554087 -1.378197 -1.479980
 -1.122144 -1.681758 -1.915371 -1.075624
 -1.687186 -1.687186 -1.799664 -0.766650
 -1.001986 -2.113841 -1.504077 -1.238374
 -1.264280 -1.784153 -1.739702 -0.983378
 -0.829907 -2.117757 -1.754854 -1.306830
 -1.772189 -1.749199 -1.359002 -0.918270
 -0.911629 -2.033770 -1.998679 -1.103297
 -0.888641 -1.581786 -1.964776 -1.414732
 -1.206099 -1.798148 -1.445328 -1.206099
 -1.894413 -1.554088 -1.593308 -0.832503
 -1.009268 -1.559313 -1.998679 -1.238842
 -1.001884 -1.961656 -1.807506 -1.114361
 -1.003997 -1.542992 -1.739702 -1.409461
 -1.741263 -1.764252 -1.382318 -0.910333
 -0.937247 -1.824548 -1.488077 -1.508696
 -0.908857 -1.953399 -1.602002 -1.371479
 -0.961412 -1.821611 -1.416147 -1.545359
 -1.073611 -2.034071 -1.639418 -1.098613
 -1.031092 -1.916922 -1.693779 -1.163151
 -0.983951 -1.782455 -1.839613 -1.207094
 -0.869039 -1.747587 -1.747587 -1.459906
 -1.355204 -1.720663 -1.845825 -0.903219
 -0.971577 -1.787783 -1.696811 -1.305945
 -0.753773 -1.888750 -1.834683 -1.521026
 -1.013620 -2.112228 -1.929907 -0.991641
 -1.676879 -1.911718 -1.467787 -0.832910
 -0.841735 -2.042475 -1.787583 -1.302076
 -0.684017 -2.206437 -1.983295 -1.395511
 -1.105993 -1.868131 -1.777159 -1.062508
 -0.969780 -2.222540 -2.113341 -0.937345
 -1.010751 -1.899389 -1.640528 -1.229233
 -1.098613 -2.197219 -1.860750 -0.916292
 -0.911630 -1.782455 -1.964776 -1.238842
 -1.425687 -1.954530 -1.867518 -0.768908
 -14.674174 -14.674174 -14.674174 -0.000001
 -13.864305 -13.864305 -13.864305 -0.000003
 -14.014364 -14.014364 -14.014364 -0.000002
 -14.774862 -14.774862 -14.774862 -0.000001
 -1.386294 -1.386294 -1.386294 -1.386294
 -1.386294 -1.386294 -1.386294 -1.386294
 -1.386294 -1.386294 -1.386294 -1.386294
 -0.000001 -15.795133 -15.795133 -15.795133
 -15.795133 -15.795133 -15.795133 -0.000000
 -1.386294 -1.386294 -1.386294 -1.386294
 -1.386294 -1.386294 -1.386294 -1.386294
 -1.386294 -1.386294 -1.386294 -1.386294
 -1.386294 -1.386294 -1.386294 -1.386294
 -1.386294 -1.386294 -1.386294 -1.386294
 -1.386294 -1.386294 -1.386294 -1.386294
 -15.795133 -15.795133 -15.795133 -0.000000
 -1.386294 -1.386294 -1.386294 -1.386294
 -1.386294 -1.386294 -1.386294 -1.386294
 -1.386294 -1.386294 -1.386294 -1.386294
 -0.693147 -15.795133 -0.693147 -15.795133
 -15.101986 -0.000001 -15.101986 -15.101986
 -1.386294 -1.386294 -1.386294 -1.386294
 -15.101986 -0.000001 -15.101986 -15.101986
 -1.386294 -1.386294 -1.386294 -1.386294
 -1.386294 -1.386294 -1.386294 -1.386294
 -0.000001 -15.795133 -15.795133 -15.795133
 -1.386294 -1.386294 -1.386294 -1.386294
 -1.386294 -1.386294 -1.386294 -1.386294
 -15.795133 -15.795133 -0.000000 -15.795133
 -1.386294 -1.386294 -1.386294 -1.386294
 -1.386294 -1.386294 -1.386294 -1.386294
 -1.386294 -1.386294 -1.386294 -1.386294
 -1.386294 -1.386294 -1.386294 -1.386294
 -1.386294 -1.386294 -1.386294 -1.386294
 -1.191164 -1.717257 -1.772607 -1.059339
 -1.386294 -1.386294 -1.386294 -1.386294
 -0.808661 -1.992429 -1.782709 -1.386294
 -1.229949 -1.341174 -2.228473 -1.083346
 -1.098613 -1.921810 -1.767660 -1.050985
 -1.262773 -1.811880 -1.887866 -0.910333
 -0.751256 -2.079440 -1.987067 -1.323774
 -0.940984 -2.173123 -1.676689 -1.174599
 -0.939282 -1.756040 -1.655957 -1.404643
 -1.162328 -1.882142 -1.467710 -1.188997
