 -1.010623 0.000100 0.000100 0.000100
 -1.939084 0.000100 0.000100 0.000100
 -2.117332 0.000100 0.000100 0.000100
 -0.989346 0.000100 0.000100 0.000100
 -0.783096 -1.987067 -2.363544 -1.165304
 -0.879560 -1.623136 -2.687840 -1.140286
 -0.804853 -1.593308 -2.732733 -1.256837
 -1.462834 -1.951186 -2.226598 -0.656968
 -0.759470 -2.140065 -2.427746 -1.120235
 -1.043553 -1.701607 -2.178530 -1.043553
 -0.959777 -1.770704 -3.156980 -0.905710
 -1.457097 -1.989901 -2.150243 -0.665680
 -0.662967 -2.356960 -2.299802 -1.238932
 -0.937494 -1.630639 -2.660252 -1.071025
 -1.004204 -1.907068 -2.312529 -0.951560
 -1.403142 -1.761204 -2.012518 -0.801429
 -0.639495 -2.305212 -2.646960 -1.197867
 -0.943504 -2.008212 -2.231354 -0.996614
 -0.748209 -2.153545 -2.639048 -1.080914
 -1.267343 -1.622683 -2.226598 -0.883926
 -0.856088 -2.048886 -2.541361 -1.000919
 -0.840473 -1.725509 -3.191833 -1.051782
 -0.858229 -2.036878 -2.730017 -0.966442
 -1.294727 -1.695204 -2.162226 -0.850042
 -0.656968 -2.090023 -2.474433 -1.295780
 -1.197704 -1.890849 -1.850027 -0.941771
 -0.802348 -1.826848 -3.079593 -1.064712
 -1.386294 -1.887069 -2.397893 -0.678110
 -0.738549 -2.016208 -2.729156 -1.127754
 -0.916292 -2.032292 -2.578832 -0.933683
 -0.837043 -1.866658 -2.628791 -1.078205
 -1.196445 -1.856801 -2.270363 -0.824881
 -0.587291 -2.107115 -2.780058 -1.344976
 -0.983100 -2.425478 -2.045991 -0.896089
 -0.741940 -2.233586 -2.484897 -1.098614
 -1.132692 -1.850131 -2.223334 -0.885832
 -0.578372 -2.289161 -3.151381 -1.220627
 -0.663296 -2.243741 -2.685569 -1.169230
 -0.581358 -2.453150 -2.586679 -1.274503
 -0.896655 -2.082277 -2.228880 -1.022281
 -0.526543 -2.289031 -3.195749 -1.320295
 -0.582398 -1.819157 -3.100076 -1.451433
 -0.626901 -2.093229 -3.597268 -1.154966
 -0.908628 -1.955183 -2.487986 -0.988035
 -0.643912 -2.411064 -2.698746 -1.146468
 -0.685181 -1.692818 -3.218859 -1.301953
 -1.234746 -2.397882 -1.927886 -0.749240
 -1.121678 -2.013275 -2.359550 -0.806867
 -0.742155 -2.070783 -2.799019 -1.087802
 -1.178656 -2.197220 -2.564942 -0.684638
 -1.137834 -2.747256 -2.410789 -0.643139
 -1.280389 -2.013541 -2.471373 -0.685007
 -0.941475 -2.184219 -2.767364 -0.833433
 -0.957114 -1.832580 -2.525722 -0.978167
 -0.916293 -2.371569 -3.218848 -0.762142
 -1.333185 -1.824094 -2.009237 -0.818917
 -0.794306 -2.174167 -2.436531 -1.058607
 -0.941428 -1.581463 -2.550858 -1.120119
 -1.098613 -2.618428 -3.178033 -0.594059
 -1.602673 -1.828629 -2.030866 -0.679664
 -0.733215 -2.017928 -2.666621 -1.148158
 -1.051782 -1.582409 -2.093232 -1.133460
 -0.921158 -1.690289 -2.332138 -1.138222
 -1.390830 -1.886617 -2.083976 -0.744203
 -0.647132 -2.199997 -2.944435 -1.161490
 -0.964301 -1.464256 -2.677272 -1.143349
 -0.693149 -2.178528 -2.717518 -1.137079
 -1.324925 -1.759378 -2.008593 -0.848988
 -0.769521 -2.204603 -3.066824 -0.967842
 -0.661798 -2.011721 -2.571333 -1.295046
 -0.607992 -2.553890 -2.890356 -1.132515
 -1.053332 -2.241799 -2.076719 -0.868410
 -0.279513 -1.991684 -2.231356 -15.312900
 -0.455821 -2.010446 -1.460402 -13.928843
 -0.363671 -1.841767 -1.921809 -13.617064
 -0.478968 -1.953815 -1.431940 -15.153141
 -15.764275 -15.764275 -15.764275 -0.000000
 -14.173188 -14.173188 -14.173188 -0.000002
 -14.386493 -14.386493 -14.386493 -0.000002
 -1.386294 -1.386294 -1.386294 -1.386294
 -1.386294 -1.386294 -1.386294 -1.386294
 -1.386294 -1.386294 -1.386294 -1.386294
 -1.386294 -1.386294 -1.386294 -1.386294
 -16.139858 -16.139858 -16.139858 -0.000000
 -1.386294 -1.386294 -1.386294 -1.386294
 -1.386294 -1.386294 -1.386294 -1.386294
 -1.386294 -1.386294 -1.386294 -1.386294
 -16.139858 -16.139858 -16.139858 -0.000000
 -1.386294 -1.386294 -1.386294 -1.386294
 -1.386294 -1.386294 -1.386294 -1.386294
 -1.386294 -1.386294 -1.386294 -1.386294
 -1.060220 -0.882145 -1.428259 -16.139858
 -15.079638 -15.079638 -15.079638 -0.000001
 -15.257713 -15.257713 -15.257713 -0.000001
 -14.711600 -14.711600 -14.711600 -0.000001
 -1.386294 -1.386294 -1.386294 -1.386294
 -1.386294 -1.386294 -1.386294 -1.386294
 -1.386294 -1.386294 -1.386294 -1.386294
 -1.386294 -1.386294 -1.386294 -1.386294
 -0.000000 -16.139858 -16.139858 -16.139858
 -16.139858 -16.139858 -0.000000 -16.139858
 -1.386294 -1.386294 -1.386294 -1.386294
 -1.386294 -1.386294 -1.386294 -1.386294
 -1.386294 -1.386294 -1.386294 -1.386294
 -1.386294 -1.386294 -1.386294 -1.386294
 -1.386294 -1.386294 -1.386294 -1.386294
 -0.863409 -2.158832 -0.978874 -2.440880
 -1.386294 -1.386294 -1.386294 -1.386294
 -1.175759 -1.938973 -2.023056 -0.878723
 -1.215337 -1.438480 -1.998093 -1.107124
 -1.154852 -1.791759 -2.287079 -0.875469
 -1.598264 -1.544197 -1.849576 -0.851052
 -0.947725 -1.450181 -1.756555 -1.583713
 -1.075755 -1.626930 -1.687555 -1.282091
 -1.122711 -1.700786 -2.003066 -1.029620
 -1.754019 -1.339337 -1.588034 -1.020050
 -1.219138 0.000100 0.000100 0.000100
 -1.997460 0.000100 0.000100 0.000100
 -1.625727 0.000100 0.000100 0.000100
 -0.988681 0.000100 0.000100 0.000100
 -0.791458 -2.055023 -1.835394 -1.350248
 -0.929427 -1.964017 -1.736233 -1.242215
 -1.063250 -1.672103 -1.553655 -1.365147
 -1.677751 -1.828722 -1.500218 -0.845119
 -0.903095 -2.082170 -1.664035 -1.270633
 -1.139795 -1.763348 -1.907743 -1.021011
 -1.333419 -1.648659 -1.767177 -0.985365
 -1.684905 -1.645403 -1.670360 -0.836039
 -0.872299 -1.961910 -1.884352 -1.239622
 -1.122710 -1.760507 -1.883109 -1.048312
 -1.236213 -1.626895 -1.412595 -1.311304
 -1.280443 -1.768714 -1.618683 -1.040228
 -0.943214 -2.021312 -1.505423 -1.361717
 -1.139268 -1.787783 -1.836573 -1.040569
 -1.152680 -1.786986 -1.335001 -1.372042
 -1.527583 -1.764398 -1.483826 -0.954818
 -0.935807 -1.984587 -1.689123 -1.253121
 -1.114227 -1.682463 -1.769474 -1.153619
 -1.238324 -1.515679 -1.914318 -1.069940
 -1.577424 -1.655756 -1.670681 -0.880858
 -1.012152 -1.769972 -1.731912 -1.240359
 -1.080330 -1.570832 -1.737886 -1.284631
 -0.977468 -1.663926 -1.814749 -1.303923
 -1.680228 -1.770706 -1.575214 -0.828984
 -0.898410 -1.977326 -1.664692 -1.327664
 -1.177735 -1.820386 -1.419984 -1.243603
 -1.032501 -1.626367 -1.938741 -1.192844
 -1.539783 -1.803074 -1.700126 -0.825261
 -0.850109 -2.052441 -1.905341 -1.219294
 -0.998724 -1.599933 -1.887615 -1.279026
 -0.931106 -1.885424 -1.901049 -1.188408
 -1.493865 -1.939967 -1.395609 -0.956837
 -0.840666 -2.122197 -1.614603 -1.386939
 -1.041208 -1.817191 -1.863711 -1.110500
 -1.161211 -1.910149 -1.918380 -0.936518
 -1.647021 -1.846510 -1.664910 -0.775698
 -0.777339 -1.990362 -2.021133 -1.304819
 -0.994794 -1.607898 -1.942833 -1.249686
 -1.170071 -1.702288 -1.786845 -1.079100
 -1.335374 -1.993675 -1.829787 -0.820302
 -0.926463 -2.134704 -1.606911 -1.254346
 -1.118962 -1.676377 -2.066574 -1.022451
 -1.113449 -1.758447 -1.784422 -1.104521
 -1.752243 -1.911945 -1.741234 -0.686134
 -0.957592 -1.877759 -1.872916 -1.172549
 -1.147929 -1.772399 -1.865058 -1.027516
 -1.455467 -1.855541 -2.021863 -0.738287
 -1.755642 -1.671450 -1.862505 -0.725781
 -0.919605 -1.944257 -1.764830 -1.248224
 -1.197458 -1.677031 -1.844085 -1.041454
 -1.107462 -1.841431 -1.736070 -1.094217
 -1.946447 -1.812916 -1.736930 -0.657815
 -0.917537 -2.012000 -1.862296 -1.166479
 -1.052967 -1.648659 -1.871802 -1.187624
 -1.140724 -1.786618 -1.741497 -1.085808
 -1.770982 -1.887954 -1.932737 -0.627918
 -0.976964 -1.830453 -1.542771 -1.388621
 -0.997516 -1.737916 -1.588384 -1.382048
 -1.025325 -1.892825 -1.750995 -1.148623
 -1.606702 -1.964158 -0.925926 -1.335549
 -0.867571 -1.964436 -1.752878 -1.322307
 -0.852611 -1.975237 -1.821087 -1.297839
 -1.253159 -2.236761 -2.259234 -0.686838
 -1.363229 -1.791759 -1.506580 -1.033293
 -0.764003 -2.073595 -1.745299 -1.452963
 -0.794586 -1.955603 -1.662255 -1.527665
 -0.965752 -1.861135 -1.694744 -1.272391
 -0.706236 -2.188593 -1.857661 -1.433847
 -0.875950 -1.918368 -0.828537 -16.849020
 -0.451491 -1.882237 -1.555553 -15.569915
 -0.704828 -1.808676 -1.073133 -15.863204
 -0.751821 -1.571561 -1.137025 -16.202436
 -16.873749 -16.873749 -16.873749 -0.000000
 -15.825067 -15.825067 -15.825067 -0.000000
 -16.614620 -16.614620 -16.614620 -0.000000
 -1.386294 -1.386294 -1.386294 -1.386294
 -1.386294 -1.386294 -1.386294 -1.386294
 -1.386294 -1.386294 -1.386294 -1.386294
 -1.386294 -1.386294 -1.386294 -1.386294
 -17.626165 -17.626165 -17.626165 -0.000000
 -1.386294 -1.386294 -1.386294 -1.386294
 -1.386294 -1.386294 -1.386294 -1.386294
 -1.386294 -1.386294 -1.386294 -1.386294
 -17.626165 -17.626165 -17.626165 -0.000000
 -1.386294 -1.386294 -1.386294 -1.386294
 -1.386294 -1.386294 -1.386294 -1.386294
 -1.386294 -1.386294 -1.386294 -1.386294
 -1.372665 -0.980387 -0.990467 -17.626165
 -16.253500 -16.253500 -16.253500 -0.000000
 -16.645779 -16.645779 -16.645779 -0.000000
 -16.635698 -16.635698 -16.635698 -0.000000
 -1.386294 -1.386294 -1.386294 -1.386294
 -1.386294 -1.386294 -1.386294 -1.386294
 -1.386294 -1.386294 -1.386294 -1.386294
 -1.386294 -1.386294 -1.386294 -1.386294
 0.000000 -17.626165 -17.626165 -17.626165
 -17.626165 -17.626165 0.000000 -17.626165
 -1.386294 -1.386294 -1.386294 -1.386294
 -1.386294 -1.386294 -1.386294 -1.386294
 -1.386294 -1.386294 -1.386294 -1.386294
 -1.386294 -1.386294 -1.386294 -1.386294
 -1.386294 -1.386294 -1.386294 -1.386294
 -1.189616 -1.856209 -1.867606 -0.954759
 -1.386294 -1.386294 -1.386294 -1.386294
 -0.763180 -2.151035 -1.948094 -1.291315
 -1.070678 -1.684418 -2.037826 -1.074818
 -1.355262 -0.917008 -2.559234 -1.327863
 -1.815619 -1.515645 -1.968004 -0.738436
 -0.819698 -2.028743 -1.862558 -1.299531
 -1.361397 -1.386294 -2.122366 -0.983634
 -1.140503 -1.756491 -1.727221 -1.108922
 -1.819668 -1.906337 -1.866008 -0.626318
