 -1.030157 0.000100 0.000100 0.000100
 -2.040582 0.000100 0.000100 0.000100
 -2.082805 0.000100 0.000100 0.000100
 -0.945422 0.000100 0.000100 0.000100
 -0.820382 -2.056195 -2.078501 -1.181953
 -1.038444 -1.627691 -2.347505 -1.038444
 -0.872777 -2.066053 -2.202629 -1.064172
 -1.333274 -1.959835 -2.010160 -0.773190
 -0.720755 -2.252231 -2.345757 -1.162588
 -0.921042 -2.113178 -2.216363 -0.988760
 -0.968160 -2.031431 -2.213753 -0.968160
 -1.438290 -1.995100 -1.982113 -0.715620
 -0.726670 -2.191745 -2.286236 -1.193648
 -0.860202 -1.802809 -2.495954 -1.109662
 -0.954929 -1.812378 -2.579631 -0.977918
 -1.323029 -2.022566 -2.068475 -0.744485
 -0.759105 -2.130361 -2.517341 -1.101276
 -0.920105 -2.044524 -2.169687 -1.027591
 -0.895930 -2.144823 -2.066861 -1.055262
 -1.403994 -1.807675 -2.062049 -0.769687
 -0.685861 -2.130061 -2.382475 -1.254593
 -0.843232 -1.953271 -2.458365 -1.072073
 -0.774229 -2.245079 -2.305703 -1.098613
 -1.295247 -1.742722 -2.033709 -0.866841
 -0.792833 -2.019953 -2.507837 -1.098612
 -0.751417 -1.972195 -2.648534 -1.144459
 -0.969401 -1.873370 -2.268682 -1.011601
 -1.397855 -1.857064 -1.974081 -0.781204
 -0.668411 -2.265706 -2.637269 -1.164225
 -0.874071 -1.856764 -2.535094 -1.057511
 -0.757468 -1.959110 -2.388105 -1.209452
 -1.224309 -1.890628 -2.344295 -0.778384
 -0.653174 -2.074559 -2.937124 -1.200716
 -0.833920 -1.903876 -2.803357 -1.032655
 -0.830114 -1.714798 -2.343405 -1.244795
 -1.050081 -2.018072 -2.317157 -0.870778
 -0.640936 -2.087128 -2.743907 -1.255831
 -0.715620 -1.996553 -2.785008 -1.159700
 -0.807558 -2.070471 -2.458235 -1.071944
 -1.046410 -1.895526 -2.269640 -0.928325
 -0.601340 -2.253513 -2.946659 -1.222888
 -0.621174 -2.470090 -2.385532 -1.251520
 -0.611802 -2.691238 -2.419306 -1.201152
 -0.864998 -2.035870 -2.290512 -1.057952
 -0.614387 -2.201899 -2.944438 -1.218062
 -0.606656 -1.987250 -2.826998 -1.352600
 -0.715224 -2.137883 -2.661129 -1.129657
 -0.940310 -2.104565 -2.366045 -0.932056
 -0.725846 -2.237020 -2.712165 -1.070270
 -0.642998 -2.194370 -2.525726 -1.262813
 -0.921279 -2.258780 -2.595250 -0.860654
 -1.136592 -2.219203 -2.191032 -0.779594
 -0.804511 -2.013733 -2.811590 -1.024170
 -1.044054 -1.710998 -2.160522 -1.044054
 -0.831298 -2.146131 -2.568986 -0.991641
 -1.354878 -2.065356 -2.145399 -0.696700
 -0.780745 -2.335374 -2.607308 -0.990399
 -0.963524 -1.968609 -2.232760 -0.990015
 -0.984610 -2.083221 -2.444233 -0.879250
 -1.484706 -2.128721 -2.024731 -0.649298
 -0.796670 -2.401797 -2.700290 -0.937945
 -0.953749 -1.957744 -2.245425 -1.000632
 -0.901787 -2.174750 -2.511221 -0.917916
 -1.495671 -1.909734 -2.078674 -0.687789
 -0.706089 -2.209164 -3.047493 -1.052227
 -0.835623 -2.247233 -2.866271 -0.906851
 -0.867989 -2.384333 -2.907579 -0.835986
 -1.405637 -1.964472 -2.170012 -0.692381
 -0.633270 -2.259949 -2.845998 -1.181836
 -0.792354 -1.860752 -2.667225 -1.132514
 -0.801362 -2.159482 -2.459586 -1.048602
 -1.348034 -1.794884 -2.119224 -0.789706
 -0.601369 -2.589705 -3.228192 -1.086877
 -0.792847 -1.993241 -2.584604 -1.091340
 -0.768134 -2.681778 -2.864099 -0.890023
 -1.238553 -2.274364 -2.106642 -0.722187
 -0.690032 -2.158964 -3.078638 -1.087751
 -0.767809 -1.990034 -2.919566 -1.063273
 -0.808750 -2.137883 -3.131129 -0.933913
 -1.220082 -1.968880 -2.125041 -0.807991
 -0.389271 -1.681350 -1.992702 -16.321037
 -0.599999 -1.877092 -1.210148 -15.147878
 -0.633044 -1.488709 -1.413202 -14.630877
 -0.708951 -1.643099 -1.156899 -16.256117
 -16.662163 -16.662163 -16.662163 -0.000000
 -15.536490 -15.536490 -15.536490 -0.000001
 -15.755691 -15.755691 -15.755691 -0.000000
 -1.386294 -1.386294 -1.386294 -1.386294
 -1.386294 -1.386294 -1.386294 -1.386294
 -1.386294 -1.386294 -1.386294 -1.386294
 -1.386294 -1.386294 -1.386294 -1.386294
 -17.209347 -17.209347 -17.209347 -0.000000
 -1.386294 -1.386294 -1.386294 -1.386294
 -1.386294 -1.386294 -1.386294 -1.386294
 -1.386294 -1.386294 -1.386294 -1.386294
 -2.027745 -17.209347 -4.028714 -0.161848
 -0.000001 -15.181603 -15.181603 -15.181603
 -1.386294 -1.386294 -1.386294 -1.386294
 -0.000006 -13.180640 -13.180640 -13.180640
 0.000000 -17.047501 -17.047501 -17.047501
 -17.209347 -17.209347 -0.000000 -17.209347
 -1.386294 -1.386294 -1.386294 -1.386294
 -1.386294 -1.386294 -1.386294 -1.386294
 -1.386294 -1.386294 -1.386294 -1.386294
 -1.386294 -1.386294 -1.386294 -1.386294
 -1.386294 -1.386294 -1.386294 -1.386294
 -0.896508 -2.301913 -0.889128 -2.514210
 -1.386294 -1.386294 -1.386294 -1.386294
 -1.154464 -1.882143 -2.298478 -0.839101
 -1.340385 -1.689760 -2.141744 -0.829560
 -1.167080 -1.739241 -2.242345 -0.899279
 -1.634649 -1.901277 -1.325914 -0.941503
 -0.935025 -1.684152 -1.884822 -1.309458
 -1.146588 -1.392423 -1.852638 -1.283789
 -1.151256 -1.543298 -2.364277 -0.977985
 -1.677457 -1.522694 -1.623164 -0.921920
 -1.120763 0.000100 0.000100 0.000100
 -1.775621 0.000100 0.000100 0.000100
 -1.753983 0.000100 0.000100 0.000100
 -1.104104 0.000100 0.000100 0.000100
 -0.959323 -1.932090 -1.688575 -1.247507
 -1.066789 -1.674769 -1.790334 -1.198546
 -1.067460 -1.739629 -1.661491 -1.235540
 -1.638025 -1.743849 -1.611708 -0.841081
 -0.910495 -1.904225 -1.739069 -1.298089
 -1.020101 -1.807936 -1.638251 -1.268939
 -1.091906 -1.672212 -1.533644 -1.343830
 -1.649549 -1.633962 -1.455514 -0.969090
 -0.853950 -1.900541 -1.874950 -1.304088
 -1.045104 -1.708914 -1.801507 -1.196559
 -0.973334 -1.700192 -1.660972 -1.387992
 -1.568877 -1.657183 -1.631465 -0.902874
 -0.940474 -1.863645 -1.723502 -1.287315
 -1.084709 -1.754019 -1.789301 -1.133682
 -1.038508 -1.673875 -1.727354 -1.270310
 -1.668966 -1.624100 -1.653189 -0.860310
 -0.928124 -1.918371 -1.638200 -1.333589
 -0.998724 -1.742514 -1.627332 -1.346619
 -1.049822 -1.732817 -1.533525 -1.356967
 -1.514474 -1.682804 -1.506026 -0.987694
 -0.847519 -1.922268 -1.814025 -1.338451
 -1.004565 -1.760385 -1.719931 -1.263231
 -0.963950 -1.730215 -1.668690 -1.374854
 -1.569680 -1.719869 -1.583636 -0.897540
 -0.915390 -1.880740 -1.696706 -1.332277
 -1.008508 -1.776273 -1.727120 -1.244192
 -1.046756 -1.699498 -1.612220 -1.321610
 -1.576586 -1.691202 -1.537186 -0.931309
 -0.906984 -1.867815 -1.699367 -1.350928
 -1.040091 -1.735913 -1.605512 -1.310996
 -1.079393 -1.634664 -1.561867 -1.364782
 -1.593719 -1.751662 -1.438101 -0.952001
 -0.861937 -1.932610 -1.839404 -1.294719
 -1.000114 -1.742858 -1.766325 -1.251125
 -0.974566 -1.723645 -1.706428 -1.336681
 -1.588751 -1.769843 -1.594921 -0.861483
 -0.899140 -1.975383 -1.825327 -1.226875
 -1.095194 -1.747733 -1.786879 -1.127398
 -0.956803 -1.823169 -1.797480 -1.242533
 -1.642636 -1.728656 -1.649638 -0.828078
 -0.887291 -1.971077 -1.764295 -1.281516
 -0.985957 -1.817436 -1.655688 -1.296396
 -1.030769 -1.754416 -1.601549 -1.314252
 -1.578775 -1.741562 -1.554416 -0.898418
 -0.869285 -1.934429 -1.847037 -1.278199
 -1.015397 -1.738885 -1.772623 -1.230527
 -0.985978 -1.697901 -1.750033 -1.308999
 -1.542882 -1.709543 -1.723086 -0.851503
 -0.978244 -1.894429 -1.614091 -1.292608
 -1.077818 -1.680685 -1.692723 -1.239951
 -1.082423 -1.753368 -1.625571 -1.233616
 -1.665842 -1.702161 -1.573264 -0.864381
 -0.985334 -1.870162 -1.615400 -1.295446
 -1.034506 -1.753652 -1.545332 -1.353956
 -1.131551 -1.584373 -1.452571 -1.433708
 -1.642747 -1.683357 -1.417404 -0.971644
 -0.879237 -1.949482 -1.806757 -1.278815
 -1.106036 -1.687909 -1.674933 -1.214341
 -1.011330 -1.618405 -1.687051 -1.374422
 -1.600481 -1.716649 -1.572348 -0.889220
 -0.863955 -2.068516 -1.660005 -1.339422
 -1.021359 -1.830572 -1.707227 -1.209974
 -1.021106 -1.699921 -1.685013 -1.303190
 -1.557634 -1.733836 -1.538434 -0.921194
 -0.835938 -1.997118 -1.719739 -1.379543
 -0.938458 -1.656579 -1.723546 -1.429008
 -1.014627 -1.767074 -1.572634 -1.350417
 -1.440485 -1.690611 -1.532614 -1.013876
 -0.734090 -1.989404 -1.886000 -1.462727
 -0.993590 -1.628805 -1.798552 -1.316571
 -0.877223 -1.792033 -1.726058 -1.429378
 -1.394684 -1.677204 -1.637810 -0.992126
 -0.737975 -2.102214 -1.833511 -1.427607
 -0.902310 -1.843095 -1.832984 -1.286970
 -0.924629 -1.846663 -1.613048 -1.401289
 -1.503020 -1.721632 -1.580794 -0.934056
 -0.555727 -1.781866 -1.354713 -18.769999
 -0.617227 -1.742382 -1.253658 -17.839254
 -0.796780 -1.303080 -1.281832 -18.017813
 -0.876730 -1.450191 -1.051730 -18.496901
 -19.044210 -19.044210 -19.044210 0.000000
 -18.161003 -18.161003 -18.161003 -0.000000
 -18.505022 -18.505022 -18.505022 0.000000
 -1.386294 -1.386294 -1.386294 -1.386294
 -1.386294 -1.386294 -1.386294 -1.386294
 -1.386294 -1.386294 -1.386294 -1.386294
 -1.386294 -1.386294 -1.386294 -1.386294
 -19.735693 -19.735693 -19.735693 0.000000
 -1.386294 -1.386294 -1.386294 -1.386294
 -1.386294 -1.386294 -1.386294 -1.386294
 -1.386294 -1.386294 -1.386294 -1.386294
 -1.460039 -19.735693 -0.893347 -1.025857
 0.000000 -18.275656 -18.275656 -18.275656
 -1.386294 -1.386294 -1.386294 -1.386294
 0.000000 -18.842348 -18.842348 -18.842348
 0.000000 -18.709837 -18.709837 -18.709837
 -19.735693 -19.735693 0.000000 -19.735693
 -1.386294 -1.386294 -1.386294 -1.386294
 -1.386294 -1.386294 -1.386294 -1.386294
 -1.386294 -1.386294 -1.386294 -1.386294
 -1.386294 -1.386294 -1.386294 -1.386294
 -1.386294 -1.386294 -1.386294 -1.386294
 -0.991337 -1.557977 -1.769774 -1.394381
 -1.386294 -1.386294 -1.386294 -1.386294
 -0.698224 -2.111046 -1.858935 -1.489070
 -0.999057 -1.651493 -2.122561 -1.138542
 -1.006689 -1.583155 -1.992850 -1.227786
 -1.454962 -1.960084 -1.609654 -0.853815
 -0.909223 -1.936683 -1.640030 -1.350900
 -1.059106 -1.815562 -1.730057 -1.160870
 -1.033105 -1.648969 -1.700451 -1.312112
 -1.532539 -1.820896 -1.642549 -0.847123
