 -1.083422 0.000100 0.000100 0.000100
 -1.986401 0.000100 0.000100 0.000100
 -2.032921 0.000100 0.000100 0.000100
 -0.932867 0.000100 0.000100 0.000100
 -0.782446 -2.101457 -2.421624 -1.103650
 -0.945644 -1.727737 -2.493202 -1.046287
 -0.942609 -1.945909 -1.945909 -1.124930
 -1.311363 -1.978123 -1.967760 -0.793079
 -0.822252 -1.924403 -2.555674 -1.087802
 -0.896089 -1.917738 -2.365761 -1.046911
 -0.956498 -1.945909 -2.135150 -1.036540
 -1.410392 -1.756668 -2.192770 -0.751357
 -0.740658 -2.068303 -2.326877 -1.206643
 -0.907241 -1.788129 -2.358672 -1.094983
 -1.004360 -2.102970 -2.508432 -0.843430
 -1.409687 -1.752094 -1.954618 -0.819274
 -0.742718 -2.068580 -2.385491 -1.184915
 -0.847299 -1.999976 -2.182297 -1.129149
 -0.949500 -2.157808 -2.157808 -0.962572
 -1.324419 -2.058388 -1.924856 -0.775472
 -0.781922 -2.077952 -2.501435 -1.092669
 -0.968995 -1.748084 -2.578429 -0.992806
 -0.906722 -2.005332 -2.393096 -0.993733
 -1.363855 -1.775255 -2.137044 -0.783327
 -0.710349 -2.151762 -2.662586 -1.131712
 -0.937426 -1.961235 -2.527628 -0.947182
 -0.910392 -1.728700 -3.050447 -0.986765
 -1.209324 -1.907361 -2.150307 -0.828552
 -0.738912 -2.052393 -2.877466 -1.085709
 -0.796689 -2.361671 -2.278290 -1.042821
 -0.832261 -1.992428 -2.957501 -0.976510
 -1.238746 -1.947397 -2.468693 -0.727920
 -0.783916 -2.185908 -2.794155 -0.994675
 -0.848755 -2.437987 -2.389197 -0.933913
 -1.170934 -1.815288 -2.026596 -0.927988
 -1.492762 -2.211551 -2.148637 -0.599520
 -15.635210 -1.483227 -1.925059 -0.466445
 -14.493546 -1.569631 -1.950998 -0.431175
 -14.304093 -1.309561 -1.726453 -0.593942
 -15.878569 -1.580632 -1.726586 -0.484080
 -1.386294 -1.386294 -1.386294 -1.386294
 -0.635415 -2.174234 -2.432062 -1.314034
 -0.642203 -1.970602 -2.715039 -1.315677
 -1.012519 -1.996720 -2.249000 -0.927825
 -0.606579 -2.191919 -2.710712 -1.285198
 -0.642717 -1.950229 -2.961824 -1.272350
 -0.729516 -2.415910 -3.044512 -0.965082
 -1.055440 -2.010012 -2.391379 -0.852212
 -0.732659 -2.194806 -2.727609 -1.071148
 -0.844188 -2.321451 -1.998679 -1.089310
 -0.725410 -2.533690 -2.438381 -1.052093
 -1.246096 -1.986871 -2.282716 -0.748144
 -0.798200 -2.127677 -2.630780 -1.025197
 -0.857103 -1.889022 -2.758055 -1.018945
 -0.884543 -1.952381 -2.335371 -1.054442
 -1.304674 -1.950318 -2.276534 -0.725937
 -0.844780 -2.289060 -2.622551 -0.925410
 -0.975196 -1.657169 -2.519389 -1.044992
 -0.933099 -1.966111 -2.302581 -1.003303
 -1.487479 -2.010727 -2.064216 -0.666993
 -0.948800 -2.017431 -2.649208 -0.893818
 -1.185227 -2.101516 -2.298225 -0.751592
 -1.145959 -1.934414 -2.262917 -0.835804
 -1.407348 -1.815476 -2.237070 -0.722212
 -0.894432 -1.953303 -2.929811 -0.926472
 -0.953957 -1.787875 -2.553340 -0.995200
 -0.995072 -2.014901 -2.397891 -0.901254
 -1.360351 -1.659480 -2.129483 -0.834036
 -0.886087 -2.098358 -2.848662 -0.898562
 -0.778306 -2.128230 -2.128230 -1.194944
 -0.725100 -2.178530 -2.503950 -1.137079
 -1.173145 -2.350684 -2.052191 -0.761746
 -0.832172 -2.360263 -2.607123 -0.924436
 -0.713982 -2.434641 -2.223333 -1.156985
 -0.902107 -2.862193 -2.029290 -0.902107
 -1.002922 -2.813874 -2.021199 -0.819334
 -15.795133 -15.795133 -15.795133 -0.000000
 -14.108183 -14.108183 -14.108183 -0.000002
 -14.452089 -14.452089 -14.452089 -0.000002
 -15.785417 -15.785417 -15.785417 -0.000000
 -1.386294 -1.386294 -1.386294 -1.386294
 -1.386294 -1.386294 -1.386294 -1.386294
 -1.386294 -1.386294 -1.386294 -1.386294
 -16.685680 -16.685680 -16.685680 -0.000000
 -1.386294 -1.386294 -1.386294 -1.386294
 -1.386294 -1.386294 -1.386294 -1.386294
 -1.386294 -1.386294 -1.386294 -1.386294
 -16.685680 -16.685680 -16.685680 -0.000000
 -1.386294 -1.386294 -1.386294 -1.386294
 -1.386294 -1.386294 -1.386294 -1.386294
 -1.386294 -1.386294 -1.386294 -1.386294
 -16.685680 -16.685680 -16.685680 -0.000000
 -1.386294 -1.386294 -1.386294 -1.386294
 -1.386294 -1.386294 -1.386294 -1.386294
 -1.386294 -1.386294 -1.386294 -1.386294
 -16.685680 -16.685680 -16.685680 -0.000000
 -1.386294 -1.386294 -1.386294 -1.386294
 -1.386294 -1.386294 -1.386294 -1.386294
 -1.386294 -1.386294 -1.386294 -1.386294
 -0.000000 -16.685680 -16.685680 -16.685680
 -16.685680 -16.685680 -0.000000 -16.685680
 -1.386294 -1.386294 -1.386294 -1.386294
 -1.386294 -1.386294 -1.386294 -1.386294
 -1.386294 -1.386294 -1.386294 -1.386294
 -1.386294 -1.386294 -1.386294 -1.386294
 -1.386294 -1.386294 -1.386294 -1.386294
 -0.851274 -1.994700 -1.159981 -2.090844
 -1.386294 -1.386294 -1.386294 -1.386294
 -1.098612 -1.820044 -2.146728 -0.947312
 -1.369765 -1.673976 -1.925290 -0.885520
 -0.997238 -1.633227 -2.095850 -1.162067
 -1.577832 -1.829146 -1.377162 -0.965655
 -0.959083 -1.714600 -1.797121 -1.305840
 -1.092182 -2.022999 -1.593437 -1.111600
 -0.972733 -1.573506 -1.894413 -1.330944
 -1.495613 -1.530704 -1.422490 -1.144470
 -1.134802 0.000100 0.000100 0.000100
 -1.967794 0.000100 0.000100 0.000100
 -1.921100 0.000100 0.000100 0.000100
 -0.935719 0.000100 0.000100 0.000100
 -0.693979 -2.321889 -2.081938 -1.281433
 -0.981467 -1.737792 -1.705704 -1.317939
 -1.028161 -1.887434 -1.741927 -1.152984
 -1.875556 -1.790398 -1.866706 -0.643968
 -0.793231 -2.042370 -2.048719 -1.241334
 -1.025169 -1.810521 -1.821950 -1.152060
 -1.095098 -1.697730 -1.788244 -1.154736
 -1.715739 -1.840902 -1.788942 -0.704495
 -0.894659 -1.981001 -1.839121 -1.222935
 -1.134014 -1.790021 -1.749200 -1.086512
 -1.103834 -1.812812 -1.646577 -1.163151
 -1.700477 -1.732226 -1.786069 -0.748880
 -0.845511 -1.895332 -1.860241 -1.328937
 -1.067539 -1.805137 -1.588073 -1.246966
 -1.201352 -1.674501 -1.540970 -1.211878
 -1.582409 -1.766838 -1.647650 -0.841308
 -0.856223 -1.893972 -1.876974 -1.303016
 -0.949750 -1.991895 -1.590359 -1.298748
 -1.130545 -1.653240 -1.602320 -1.257776
 -1.500898 -1.774395 -1.715152 -0.849689
 -0.931310 -1.936287 -1.767086 -1.234795
 -1.151034 -1.525727 -1.663596 -1.284565
 -1.050673 -1.714468 -1.666071 -1.268511
 -1.623447 -1.701072 -1.746952 -0.807458
 -0.960016 -1.871802 -1.906091 -1.156432
 -1.091008 -1.775105 -1.594286 -1.232362
 -1.214523 -1.775402 -1.706999 -1.043205
 -1.539126 -1.959461 -1.779953 -0.742650
 -1.115539 -2.048134 -1.827734 -0.961004
 -1.263162 -1.830428 -1.680897 -0.992390
 -1.156600 -1.874937 -1.672413 -1.066277
 -1.696515 -1.959663 -2.101979 -0.591388
 -16.109055 -1.605410 -1.311466 -0.635316
 -15.488862 -1.373247 -1.274575 -0.761069
 -15.573369 -1.653498 -1.326076 -0.610456
 -16.611572 -1.832887 -1.655028 -0.432381
 -1.386294 -1.386294 -1.386294 -1.386294
 -1.114293 -1.851500 -1.663191 -1.122952
 -0.939781 -1.841683 -1.856071 -1.222644
 -1.799222 -2.105808 -1.915251 -0.570009
 -0.849444 -1.925750 -1.794980 -1.345344
 -1.110377 -1.655308 -1.740466 -1.190420
 -1.055416 -1.677945 -1.734035 -1.242628
 -1.881811 -2.062595 -1.991454 -0.537742
 -0.783244 -2.080410 -1.956616 -1.284231
 -1.114785 -1.638373 -1.875373 -1.125714
 -1.124724 -1.604296 -1.833871 -1.156984
 -1.757858 -1.757858 -1.818946 -0.707295
 -0.861752 -1.986171 -1.960364 -1.205469
 -1.076460 -1.764922 -1.701553 -1.185478
 -1.267552 -1.716911 -1.616370 -1.078099
 -1.540211 -1.835572 -1.771585 -0.785090
 -0.896522 -1.807508 -1.834319 -1.315914
 -1.088511 -1.545534 -1.817467 -1.246018
 -1.190267 -1.655048 -1.529885 -1.244043
 -1.581389 -1.726127 -1.636047 -0.863722
 -0.885678 -1.898873 -1.825601 -1.284794
 -1.061036 -1.537014 -1.977326 -1.202501
 -1.208375 -1.643693 -1.674464 -1.137423
 -1.595799 -1.657421 -1.874228 -0.791532
 -0.910708 -1.903745 -1.836681 -1.239926
 -0.927300 -1.693137 -1.775828 -1.381924
 -1.067231 -1.689760 -1.671741 -1.260342
 -1.323681 -1.813533 -1.693656 -0.949529
 -0.888745 -1.833746 -1.935875 -1.256260
 -0.832909 -1.877454 -1.587144 -1.571519
 -0.927085 -1.684254 -1.915696 -1.303895
 -1.298718 -1.836828 -1.826245 -0.899484
 -0.921740 -2.232626 -1.906829 -1.060228
 -0.706349 -2.353015 -2.136792 -1.226073
 -0.914623 -2.252126 -1.676762 -1.180326
 -1.241980 -2.386683 -1.938135 -0.743847
 -16.470863 -16.470863 -16.470863 -0.000000
 -15.137267 -15.137267 -15.137267 -0.000001
 -15.529309 -15.529309 -15.529309 -0.000001
 -16.446680 -16.446680 -16.446680 -0.000000
 -1.386294 -1.386294 -1.386294 -1.386294
 -1.386294 -1.386294 -1.386294 -1.386294
 -1.386294 -1.386294 -1.386294 -1.386294
 -17.437716 -17.437716 -17.437716 -0.000000
 -1.386294 -1.386294 -1.386294 -1.386294
 -1.386294 -1.386294 -1.386294 -1.386294
 -1.386294 -1.386294 -1.386294 -1.386294
 -17.437716 -17.437716 -17.437716 -0.000000
 -1.386294 -1.386294 -1.386294 -1.386294
 -1.386294 -1.386294 -1.386294 -1.386294
 -1.386294 -1.386294 -1.386294 -1.386294
 -17.437716 -17.437716 -17.437716 -0.000000
 -1.386294 -1.386294 -1.386294 -1.386294
 -1.386294 -1.386294 -1.386294 -1.386294
 -1.386294 -1.386294 -1.386294 -1.386294
 -17.437716 -17.437716 -17.437716 -0.000000
 -1.386294 -1.386294 -1.386294 -1.386294
 -1.386294 -1.386294 -1.386294 -1.386294
 -1.386294 -1.386294 -1.386294 -1.386294
 0.000000 -17.437716 -17.437716 -17.437716
 -17.437716 -17.437716 -0.000000 -17.437716
 -1.386294 -1.386294 -1.386294 -1.386294
 -1.386294 -1.386294 -1.386294 -1.386294
 -1.386294 -1.386294 -1.386294 -1.386294
 -1.386294 -1.386294 -1.386294 -1.386294
 -1.386294 -1.386294 -1.386294 -1.386294
 -1.007733 -1.780070 -1.878236 -1.160056
 -1.386294 -1.386294 -1.386294 -1.386294
 -0.745752 -2.010156 -1.844364 -1.454451
 -1.189811 -1.737775 -1.693715 -1.090720
 -1.207476 -1.255389 -1.734018 -1.429158
 -1.529986 -1.985915 -1.715462 -0.762871
 -0.832909 -2.030839 -2.030839 -1.194793
 -1.060513 -1.647365 -1.841521 -1.195380
 -1.003867 -1.882731 -1.592501 -1.280313
 -1.727221 -1.904002 -1.681964 -0.718993
