 -1.034897 0.000100 0.000100 0.000100
 -1.791759 0.000100 0.000100 0.000100
 -2.177680 0.000100 0.000100 0.000100
 -1.008499 0.000100 0.000100 0.000100
 -0.774563 -1.937713 -2.357566 -1.202602
 -0.875469 -1.622683 -2.484903 -1.195239
 -0.916292 -1.998901 -1.907929 -1.151605
 -1.337409 -1.712796 -2.069471 -0.841968
 -0.697061 -2.111189 -2.346503 -1.254718
 -0.845825 -1.809616 -2.201657 -1.215843
 -0.858398 -1.759182 -2.714687 -1.085455
 -1.435502 -1.802252 -1.952192 -0.787206
 -0.696928 -2.038770 -2.871677 -1.154883
 -1.041454 -1.629240 -2.099242 -1.113428
 -0.896747 -1.656584 -2.384819 -1.173733
 -1.390452 -1.873878 -1.943837 -0.788873
 -0.736547 -2.060320 -2.378773 -1.200119
 -0.925770 -1.595386 -2.791631 -1.079921
 -1.120592 -1.982812 -1.931519 -0.938271
 -1.487220 -1.650260 -2.009915 -0.802962
 -0.701344 -2.224112 -2.433204 -1.177126
 -0.945739 -1.673976 -2.415910 -1.094158
 -0.792521 -2.163996 -2.512300 -1.045969
 -1.422516 -1.807696 -2.201184 -0.725279
 -0.722475 -1.961444 -2.640984 -1.195658
 -1.098613 -1.321756 -2.328557 -1.195462
 -0.764325 -2.390285 -2.310243 -1.068536
 -1.203336 -1.759771 -2.409432 -0.825860
 -0.669139 -2.123383 -2.544595 -1.238842
 -0.881656 -1.959213 -2.380424 -1.042924
 -0.821766 -1.757856 -2.556358 -1.170072
 -1.119232 -1.683546 -2.505524 -0.901101
 -0.698342 -1.872666 -2.672421 -1.273706
 -0.727550 -1.806357 -2.693656 -1.255182
 -0.868353 -1.460402 -2.521267 -1.317302
 -0.993678 -1.758283 -2.302584 -1.028769
 -0.588773 -2.284683 -2.800898 -1.264324
 -0.774641 -1.800492 -2.730024 -1.175400
 -0.675130 -2.215569 -2.397889 -1.234745
 -1.007433 -1.926996 -1.977427 -1.047439
 -0.787845 -1.927700 -2.474243 -1.153701
 -0.620693 -1.687555 -2.445237 -1.656783
 -0.613106 -2.389591 -2.484900 -1.261132
 -1.103363 -1.688296 -2.113178 -1.014568
 -0.779090 -1.922653 -2.650890 -1.125871
 -0.780159 -1.848917 -2.430836 -1.216396
 -0.832147 -2.390285 -2.572605 -0.923955
 -1.218158 -1.880051 -2.103195 -0.844954
 -0.876551 -2.224622 -2.512304 -0.929897
 -0.857451 -1.887068 -2.580212 -1.054161
 -0.841894 -2.173123 -2.509593 -0.983544
 -1.293204 -1.949983 -2.024091 -0.795802
 -0.756759 -2.328768 -2.459388 -1.055804
 -1.048182 -1.267235 -2.268680 -1.330414
 -1.121086 -2.602683 -2.708042 -0.628610
 -1.408113 -2.003279 -1.901927 -0.752424
 -0.720779 -2.478635 -2.556597 -1.043553
 -0.827460 -1.712978 -2.213751 -1.297463
 -0.871556 -2.140063 -2.085996 -1.079195
 -1.655529 -1.744257 -1.988234 -0.698568
 -0.714113 -2.416743 -2.514381 -1.078078
 -0.793792 -1.652922 -2.240707 -1.386294
 -0.946344 -2.384819 -2.384819 -0.849494
 -1.474305 -1.802809 -2.452470 -0.653645
 -0.671599 -2.097423 -2.823359 -1.181133
 -1.098613 -1.220502 -2.906893 -1.149044
 -1.098613 -1.696448 -2.708041 -0.875470
 -1.591738 -1.897119 -2.284884 -0.607625
 -0.760933 -2.267274 -2.900996 -0.982946
 -1.139998 -1.665007 -1.968689 -1.045969
 -1.127601 -2.089007 -2.456728 -0.762142
 -1.736951 -2.065454 -2.079441 -0.558297
 -1.037160 -2.528077 -3.164063 -0.647268
 -1.386294 -1.912386 -2.772582 -0.616608
 -1.182312 -2.840530 -2.617389 -0.576177
 -2.140065 -2.195635 -2.780568 -0.343813
 -14.950134 -14.950134 -0.000001 -14.950134
 -14.137597 -14.137597 -0.000002 -14.137597
 -13.567055 -13.567055 -0.000004 -13.567055
 -15.944933 -15.944933 -0.000000 -15.944933
 -1.386294 -1.386294 -1.386294 -1.386294
 -1.386294 -1.386294 -1.386294 -1.386294
 -16.431446 -16.431446 -16.431446 -0.000000
 -1.386294 -1.386294 -1.386294 -1.386294
 -1.386294 -1.386294 -1.386294 -1.386294
 -1.386294 -1.386294 -1.386294 -1.386294
 -1.386294 -1.386294 -1.386294 -1.386294
 -16.431446 -16.431446 -16.431446 -0.000000
 -1.386294 -1.386294 -1.386294 -1.386294
 -1.386294 -1.386294 -1.386294 -1.386294
 -1.386294 -1.386294 -1.386294 -1.386294
 -1.123031 -0.923996 -1.280934 -16.431446
 -15.308415 -0.000001 -15.308415 -15.308415
 -15.507451 -0.000001 -15.507451 -15.507451
 -15.150513 -0.000001 -15.150513 -15.150513
 -1.386294 -1.386294 -1.386294 -1.386294
 -1.386294 -1.386294 -1.386294 -1.386294
 -0.000000 -16.431446 -16.431446 -16.431446
 -1.386294 -1.386294 -1.386294 -1.386294
 -1.386294 -1.386294 -1.386294 -1.386294
 -16.431446 -16.431446 -0.000000 -16.431446
 -1.386294 -1.386294 -1.386294 -1.386294
 -1.386294 -1.386294 -1.386294 -1.386294
 -1.386294 -1.386294 -1.386294 -1.386294
 -1.386294 -1.386294 -1.386294 -1.386294
 -1.386294 -1.386294 -1.386294 -1.386294
 -0.784955 -2.171249 -1.171372 -2.121238
 -1.386294 -1.386294 -1.386294 -1.386294
 -1.074858 -1.958813 -2.132085 -0.918698
 -1.042524 -1.958812 -2.054121 -0.972319
 -1.115260 -1.815626 -2.098489 -0.949867
 -1.436305 -1.964370 -1.634130 -0.851372
 -0.958656 -1.611682 -1.910663 -1.312827
 -1.265217 -1.670681 -1.501605 -1.181134
 -0.992130 -1.655422 -1.716047 -1.353142
 -1.443236 -1.499475 -1.451079 -1.183278
 -1.158820 0.000100 0.000100 0.000100
 -1.663459 0.000100 0.000100 0.000100
 -1.834392 0.000100 0.000100 0.000100
 -1.087819 0.000100 0.000100 0.000100
 -1.009608 -1.934451 -1.426083 -1.382755
 -1.195686 -1.589088 -1.381899 -1.417617
 -1.126883 -1.670498 -1.328749 -1.500599
 -1.733226 -1.482431 -1.346629 -1.090389
 -0.963607 -1.782949 -1.881187 -1.210880
 -1.044622 -1.454245 -1.709137 -1.454245
 -1.108563 -1.602859 -1.670681 -1.271082
 -1.675673 -1.487932 -1.648862 -0.929604
 -0.932596 -1.896820 -1.810807 -1.227917
 -0.995428 -1.681249 -1.966501 -1.189584
 -0.991844 -1.600092 -1.805944 -1.335940
 -1.799019 -1.436351 -1.491052 -0.989912
 -0.980240 -1.876681 -1.480897 -1.409572
 -1.116004 -1.589522 -1.508397 -1.397855
 -1.026183 -1.759424 -1.422952 -1.476298
 -1.756088 -1.507627 -1.257646 -1.134685
 -0.974653 -1.657996 -1.793620 -1.325014
 -1.130218 -1.267689 -1.879983 -1.414846
 -1.137743 -1.449179 -1.577231 -1.434859
 -1.699017 -1.497827 -1.687654 -0.895096
 -1.011139 -1.800104 -1.659614 -1.270463
 -1.085238 -1.681758 -1.861452 -1.137295
 -0.869877 -1.755058 -1.869468 -1.370838
 -1.765491 -1.481985 -1.665143 -0.885404
 -1.023739 -1.778444 -1.432942 -1.455670
 -1.042924 -1.589088 -1.610907 -1.411574
 -1.129186 -1.498546 -1.484461 -1.484461
 -1.827649 -1.328658 -1.259665 -1.235712
 -0.992188 -1.709114 -1.865048 -1.226490
 -1.142012 -1.513777 -1.631560 -1.327564
 -1.085007 -1.447490 -1.639567 -1.457246
 -1.612747 -1.507939 -1.675446 -0.936314
 -0.989289 -1.773870 -1.612149 -1.350830
 -0.942783 -1.712622 -1.819594 -1.316866
 -0.892796 -1.991408 -1.816605 -1.233021
 -1.924623 -1.506419 -1.469147 -0.910694
 -1.087204 -1.862140 -1.437913 -1.309039
 -1.132937 -1.517200 -1.476098 -1.469409
 -1.190199 -1.626804 -1.416887 -1.359400
 -1.746057 -1.580193 -1.150284 -1.193833
 -0.960333 -1.707256 -1.805887 -1.303635
 -1.108884 -1.417431 -1.914298 -1.271924
 -1.033675 -1.592542 -1.629880 -1.406736
 -1.731861 -1.499458 -1.621860 -0.910648
 -1.115815 -1.784604 -1.490259 -1.275920
 -1.077642 -1.766905 -1.806436 -1.125460
 -0.994969 -1.535776 -1.838056 -1.363163
 -1.944988 -1.401165 -1.590250 -0.899368
 -1.027255 -1.846484 -1.453598 -1.384324
 -1.146917 -1.675364 -1.563359 -1.252763
 -1.067580 -1.760727 -1.311777 -1.537584
 -1.853030 -1.433020 -1.279385 -1.119501
 -0.963234 -1.728701 -1.768366 -1.308530
 -1.105864 -1.522306 -1.672051 -1.335579
 -1.107551 -1.458949 -1.597276 -1.449425
 -1.731908 -1.530718 -1.503067 -0.956523
 -0.852212 -1.755654 -1.827310 -1.427576
 -0.987038 -1.821371 -1.821371 -1.191670
 -0.854416 -1.595353 -1.770706 -1.602371
 -1.711937 -1.432223 -1.670480 -0.935091
 -0.942149 -1.804810 -1.420923 -1.588587
 -1.066419 -1.635376 -1.287499 -1.687822
 -1.003895 -1.855646 -1.507340 -1.363749
 -1.612318 -1.460919 -1.279976 -1.236124
 -0.878935 -1.715183 -1.837785 -1.403747
 -1.186429 -1.407159 -1.674960 -1.337364
 -1.005086 -1.518892 -1.580450 -1.564702
 -1.666876 -1.365142 -1.692355 -0.989577
 -0.817296 -2.330031 -2.147709 -1.066150
 -0.843087 -1.999204 -1.989901 -1.212448
 -0.839189 -2.115187 -2.153901 -1.104738
 -1.675701 -1.946944 -1.489703 -0.810413
 -16.400263 -16.400263 -0.000000 -16.400263
 -15.294841 -15.294841 -0.000001 -15.294841
 -15.501910 -15.501910 -0.000001 -15.501910
 -16.371964 -16.371964 -0.000000 -16.371964
 -1.386294 -1.386294 -1.386294 -1.386294
 -1.386294 -1.386294 -1.386294 -1.386294
 -17.397362 -17.397362 -17.397362 -0.000000
 -1.386294 -1.386294 -1.386294 -1.386294
 -1.386294 -1.386294 -1.386294 -1.386294
 -1.386294 -1.386294 -1.386294 -1.386294
 -1.386294 -1.386294 -1.386294 -1.386294
 -17.397362 -17.397362 -17.397362 -0.000000
 -1.386294 -1.386294 -1.386294 -1.386294
 -1.386294 -1.386294 -1.386294 -1.386294
 -1.386294 -1.386294 -1.386294 -1.386294
 -1.389081 -0.761067 -1.260444 -17.397362
 -16.008282 -0.000000 -16.008282 -16.008282
 -16.636293 -0.000000 -16.636293 -16.636293
 -16.136917 -0.000000 -16.136917 -16.136917
 -1.386294 -1.386294 -1.386294 -1.386294
 -1.386294 -1.386294 -1.386294 -1.386294
 0.000000 -17.397362 -17.397362 -17.397362
 -1.386294 -1.386294 -1.386294 -1.386294
 -1.386294 -1.386294 -1.386294 -1.386294
 -17.397362 -17.397362 -0.000000 -17.397362
 -1.386294 -1.386294 -1.386294 -1.386294
 -1.386294 -1.386294 -1.386294 -1.386294
 -1.386294 -1.386294 -1.386294 -1.386294
 -1.386294 -1.386294 -1.386294 -1.386294
 -1.386294 -1.386294 -1.386294 -1.386294
 -1.159707 -1.598095 -1.880746 -1.103633
 -1.386294 -1.386294 -1.386294 -1.386294
 -0.735746 -2.030102 -1.769819 -1.517926
 -1.039851 -1.691087 -2.014215 -1.112463
 -1.012971 -1.784486 -2.015815 -1.091340
 -1.257388 -1.831114 -1.569959 -1.057522
 -1.020819 -1.691355 -1.456894 -1.502954
 -0.929654 -1.837016 -1.446477 -1.557702
 -1.042821 -1.740630 -1.416247 -1.471817
 -1.503616 -1.789916 -1.083051 -1.301438
