 -0.956097 0.000100 0.000100 0.000100
 -2.112166 0.000100 0.000100 0.000100
 -2.337327 0.000100 0.000100 0.000100
 -0.921181 0.000100 0.000100 0.000100
 -0.551401 -2.262777 -2.479841 -1.443751
 -1.106710 -1.354546 -2.335370 -1.156721
 -0.906242 -1.956059 -1.956059 -1.161133
 -1.489478 -1.933729 -2.161119 -0.664160
 -0.678259 -2.230263 -2.277891 -1.264077
 -0.923165 -1.457246 -2.418652 -1.270035
 -1.262242 -1.667706 -1.890848 -0.974561
 -1.539552 -1.617513 -2.338058 -0.712093
 -0.734419 -2.004178 -2.583995 -1.171270
 -1.081221 -1.209838 -2.369071 -1.313022
 -0.751418 -1.667706 -2.178528 -1.485385
 -1.489594 -1.805110 -2.061043 -0.728239
 -0.905567 -1.805328 -2.389840 -1.079920
 -1.050604 -1.277661 -2.376269 -1.277661
 -1.210404 -1.386294 -2.698470 -0.955513
 -1.685854 -1.535914 -2.191788 -0.717977
 -0.878669 -1.917561 -2.249694 -1.101812
 -1.302360 -1.190243 -2.814942 -1.010450
 -1.039773 -1.262916 -2.397888 -1.299283
 -1.650681 -1.704748 -2.011122 -0.708415
 -0.776529 -1.897119 -2.484904 -1.181994
 -1.025854 -1.405343 -2.360851 -1.197703
 -0.968560 -1.386294 -2.197220 -1.349927
 -1.340448 -1.585046 -1.996553 -0.922483
 -0.450799 -2.104687 -2.669999 -1.761743
 -0.669281 -1.965421 -2.336983 -1.381475
 -0.484394 -2.415907 -2.079438 -1.774058
 -1.189584 -1.609438 -1.931521 -1.047754
 -0.000001 -15.444752 -15.444752 -15.444752
 -0.000002 -14.234223 -14.234223 -14.234223
 -0.000003 -13.901692 -13.901692 -13.901692
 -0.000001 -14.747676 -14.747676 -14.747676
 -0.000000 -16.142788 -16.142788 -16.142788
 -1.386294 -1.386294 -1.386294 -1.386294
 -1.386294 -1.386294 -1.386294 -1.386294
 -1.386294 -1.386294 -1.386294 -1.386294
 -0.000000 -16.142788 -16.142788 -16.142788
 -1.386294 -1.386294 -1.386294 -1.386294
 -1.386294 -1.386294 -1.386294 -1.386294
 -1.386294 -1.386294 -1.386294 -1.386294
 -0.703937 -2.153324 -3.268884 -1.046344
 -1.386294 -1.386294 -1.386294 -1.386294
 -1.386294 -1.386294 -1.386294 -1.386294
 -1.386294 -1.386294 -1.386294 -1.386294
 -0.900635 -2.009002 -2.702148 -0.935206
 -1.223776 -1.483286 -2.214170 -0.994935
 -2.054114 -2.054114 -3.663472 -0.331364
 -1.542298 -1.758969 -2.148433 -0.698719
 -0.843179 -2.194132 -2.599596 -0.957371
 -1.044546 -1.686398 -2.254380 -1.027154
 -1.666595 -1.555370 -4.499714 -0.529520
 -1.524280 -1.643339 -2.083895 -0.766914
 -0.783966 -2.372495 -2.744057 -0.952302
 -1.087052 -1.509908 -2.011998 -1.177203
 -0.921407 -2.100057 -2.793195 -0.871397
 -1.470852 -1.377326 -1.968689 -0.971861
 -0.987696 -1.940061 -2.430683 -0.926608
 -1.209223 -0.895565 -2.074218 -1.786536
 -0.817711 -1.413693 -2.630080 -1.413693
 -1.563394 -1.077886 -2.207750 -1.077886
 -0.728924 -1.917561 -3.181247 -1.111475
 -0.543029 -1.757153 -1.887773 -2.353135
 -0.693149 -1.936338 -2.564941 -1.277095
 -1.080263 -1.909542 -1.888922 -1.018570
 -0.000001 -15.379951 -15.379951 -15.379951
 -0.000002 -14.272938 -14.272938 -14.272938
 -0.000003 -13.937732 -13.937732 -13.937732
 -0.000001 -14.830743 -14.830743 -14.830743
 -16.142788 -2.269008 -2.537998 -0.201430
 -1.386294 -1.386294 -1.386294 -1.386294
 -1.386294 -1.386294 -1.386294 -1.386294
 -1.386294 -1.386294 -1.386294 -1.386294
 -1.386294 -1.386294 -1.386294 -1.386294
 -13.873783 -13.873783 -13.873783 -0.000003
 -13.604795 -13.604795 -13.604795 -0.000004
 -15.941359 -15.941359 -15.941359 -0.000000
 -1.386294 -1.386294 -1.386294 -1.386294
 -1.386294 -1.386294 -1.386294 -1.386294
 -1.386294 -1.386294 -1.386294 -1.386294
 -16.142788 -16.142788 -16.142788 -0.000000
 -1.386294 -1.386294 -1.386294 -1.386294
 -1.386294 -1.386294 -1.386294 -1.386294
 -1.386294 -1.386294 -1.386294 -1.386294
 -16.142788 -16.142788 -16.142788 -0.000000
 -1.386294 -1.386294 -1.386294 -1.386294
 -1.386294 -1.386294 -1.386294 -1.386294
 -1.386294 -1.386294 -1.386294 -1.386294
 -16.142788 -16.142788 -16.142788 -0.000000
 -1.386294 -1.386294 -1.386294 -1.386294
 -1.386294 -1.386294 -1.386294 -1.386294
 -1.386294 -1.386294 -1.386294 -1.386294
 -16.142788 -0.000000 -16.142788 -16.142788
 -1.386294 -1.386294 -1.386294 -1.386294
 -0.000000 -16.142788 -16.142788 -16.142788
 -1.386294 -1.386294 -1.386294 -1.386294
 -1.386294 -1.386294 -1.386294 -1.386294
 -16.142788 -16.142788 -0.000000 -16.142788
 -1.386294 -1.386294 -1.386294 -1.386294
 -1.386294 -1.386294 -1.386294 -1.386294
 -1.386294 -1.386294 -1.386294 -1.386294
 -1.386294 -1.386294 -1.386294 -1.386294
 -1.386294 -1.386294 -1.386294 -1.386294
 -0.940983 -1.690701 -1.304827 -1.869853
 -1.386294 -1.386294 -1.386294 -1.386294
 -1.147278 -1.742969 -1.848329 -1.049822
 -1.391599 -1.290504 -1.840548 -1.147403
 -1.350955 -1.379126 -2.101259 -1.002649
 -1.536234 -1.628607 -1.425009 -1.055263
 -0.943442 -1.400683 -1.997202 -1.475906
 -1.089684 -1.248289 -1.718292 -1.622982
 -0.978812 -1.234745 -1.970449 -1.640209
 -1.560247 -1.272566 -1.483286 -1.262615
 -0.980830 0.000100 0.000100 0.000100
 -2.146131 0.000100 0.000100 0.000100
 -2.568986 0.000100 0.000100 0.000100
 -0.840601 0.000100 0.000100 0.000100
 -0.543618 -2.586679 -2.335368 -1.397105
 -1.287856 -2.674112 -3.367210 -0.476932
 -1.152684 -2.251263 -2.251263 -0.747224
 -1.839613 -2.033768 -2.187917 -0.513948
 -0.453670 -1.803591 -2.245420 -2.363202
 -1.021656 -1.609434 -1.427116 -1.609434
 -0.875475 -1.791751 -2.079425 -1.232146
 -2.028145 -1.645155 -1.963607 -0.625326
 -0.921990 -1.992426 -1.704746 -1.258461
 -1.034076 -1.408767 -2.708026 -1.098614
 -1.041457 -1.916914 -1.916914 -1.041457
 -1.909539 -1.909539 -1.829497 -0.610262
 -0.820983 -1.752536 -2.371569 -1.226446
 -0.916294 -1.609435 -1.491654 -1.742965
 -0.838334 -2.001471 -2.224609 -1.126014
 -1.856295 -1.098613 -2.079437 -0.953432
 -0.980831 -1.290985 -2.772574 -1.246533
 -1.287855 -2.114525 -1.980996 -0.764609
 -1.268513 -0.826684 -2.772551 -1.519824
 -1.717649 -1.412270 -1.466337 -1.060873
 -0.901904 -1.931517 -1.669155 -1.343735
 -1.419084 -1.488076 -1.929905 -0.949083
 -1.193925 -2.803323 -1.193925 -1.098615
 -1.791757 -1.435084 -1.791757 -0.847300
 -0.541134 -2.125244 -2.412922 -1.565634
 -1.343735 -1.526055 -1.343735 -1.343735
 -0.609770 -2.442331 -1.430746 -2.036874
 -1.156433 -1.780584 -0.992130 -1.923684
 -0.000003 -13.854735 -13.854735 -13.854735
 -0.000008 -12.821269 -12.821269 -12.821269
 -0.000005 -13.337481 -13.337481 -13.337481
 -0.000007 -13.017012 -13.017012 -13.017012
 -0.000001 -14.723771 -14.723771 -14.723771
 -1.386294 -1.386294 -1.386294 -1.386294
 -1.386294 -1.386294 -1.386294 -1.386294
 -1.386294 -1.386294 -1.386294 -1.386294
 -0.000001 -14.723771 -14.723771 -14.723771
 -1.386294 -1.386294 -1.386294 -1.386294
 -1.386294 -1.386294 -1.386294 -1.386294
 -1.386294 -1.386294 -1.386294 -1.386294
 -0.543616 -2.680211 -3.028515 -1.195941
 -1.386294 -1.386294 -1.386294 -1.386294
 -1.386294 -1.386294 -1.386294 -1.386294
 -1.386294 -1.386294 -1.386294 -1.386294
 -0.875470 -2.484901 -2.890362 -0.810931
 -0.753783 -1.446918 -2.140040 -1.734591
 -1.791743 -2.484840 -2.484840 -0.405486
 -2.120258 -1.272966 -3.218848 -0.579821
 -1.073612 -2.172217 -2.423528 -0.785931
 -1.072640 -2.028139 -1.691672 -1.072640
 -2.638986 -1.945889 -1.252766 -0.693161
 -1.989582 -1.671130 -1.928958 -0.635041
 -1.047321 -1.845823 -2.097134 -0.998531
 -0.929540 -1.239692 -2.538951 -1.440361
 -1.070444 -1.475905 -2.456714 -1.070444
 -1.998093 -1.592630 -1.679641 -0.745335
 -1.198697 -1.435084 -1.840546 -1.198697
 -1.006807 -1.243194 -1.648656 -1.871797
 -1.358124 -1.475905 -1.763583 -1.070444
 -2.282377 -1.029621 -1.289131 -1.326871
 -1.098614 -1.558143 -1.478101 -1.478101
 -0.652876 -1.987870 -1.400088 -2.344540
 -0.712199 -1.572395 -1.890845 -1.890845
 -1.083346 -1.689478 -1.401798 -1.466336
 -0.000003 -13.864305 -13.864305 -13.864305
 -0.000007 -13.017012 -13.017012 -13.017012
 -0.000005 -13.217681 -13.217681 -13.217681
 -0.000007 -12.971550 -12.971550 -12.971550
 -14.723771 -2.112230 -1.875842 -0.320473
 -1.386294 -1.386294 -1.386294 -1.386294
 -1.386294 -1.386294 -1.386294 -1.386294
 -1.386294 -1.386294 -1.386294 -1.386294
 -1.386294 -1.386294 -1.386294 -1.386294
 -12.611551 -12.611551 -12.611551 -0.000010
 -12.847937 -12.847937 -12.847937 -0.000008
 -14.403299 -14.403299 -14.403299 -0.000002
 -1.386294 -1.386294 -1.386294 -1.386294
 -1.386294 -1.386294 -1.386294 -1.386294
 -1.386294 -1.386294 -1.386294 -1.386294
 -14.723771 -14.723771 -14.723771 -0.000001
 -1.386294 -1.386294 -1.386294 -1.386294
 -1.386294 -1.386294 -1.386294 -1.386294
 -1.386294 -1.386294 -1.386294 -1.386294
 -14.723771 -14.723771 -14.723771 -0.000001
 -1.386294 -1.386294 -1.386294 -1.386294
 -1.386294 -1.386294 -1.386294 -1.386294
 -1.386294 -1.386294 -1.386294 -1.386294
 -14.723771 -14.723771 -14.723771 -0.000001
 -1.386294 -1.386294 -1.386294 -1.386294
 -1.386294 -1.386294 -1.386294 -1.386294
 -1.386294 -1.386294 -1.386294 -1.386294
 -14.723771 -0.000001 -14.723771 -14.723771
 -1.386294 -1.386294 -1.386294 -1.386294
 -0.000001 -14.723771 -14.723771 -14.723771
 -1.386294 -1.386294 -1.386294 -1.386294
 -1.386294 -1.386294 -1.386294 -1.386294
 -14.723771 -14.723771 -0.000001 -14.723771
 -1.386294 -1.386294 -1.386294 -1.386294
 -1.386294 -1.386294 -1.386294 -1.386294
 -1.386294 -1.386294 -1.386294 -1.386294
 -1.386294 -1.386294 -1.386294 -1.386294
 -1.386294 -1.386294 -1.386294 -1.386294
 -1.209364 -1.402555 -2.146131 -1.082612
 -1.386294 -1.386294 -1.386294 -1.386294
 -0.640506 -3.610873 -2.512294 -1.008230
 -1.338285 -1.913645 -1.471816 -1.019833
 -1.064715 -2.268664 -1.575534 -1.064715
 -1.435084 -2.032917 -1.486377 -0.904458
 -0.753774 -2.496732 -2.140061 -1.110448
 -0.820987 -3.218792 -1.427116 -1.272967
 -0.862227 -2.197213 -2.014895 -1.098614
 -1.488077 -1.760009 -1.536867 -0.949082
