 -0.965992 0.000100 0.000100 0.000100
 -1.989445 0.000100 0.000100 0.000100
 -2.293656 0.000100 0.000100 0.000100
 -0.963051 0.000100 0.000100 0.000100
 -0.833646 -2.066273 -2.257940 -1.095671
 -0.943292 -1.759498 -2.164962 -1.127721
 -1.018570 -1.860751 -2.101912 -1.018570
 -1.393664 -1.869602 -2.012702 -0.767820
 -0.709303 -2.054123 -2.586001 -1.189126
 -0.929792 -1.826850 -2.429024 -1.031921
 -0.925770 -1.693024 -2.178530 -1.182199
 -1.408370 -1.761649 -2.188528 -0.751591
 -0.742693 -2.064448 -2.320877 -1.206999
 -0.869038 -1.760010 -2.635476 -1.087917
 -0.824176 -2.145929 -2.308447 -1.064127
 -1.351203 -1.935547 -2.128231 -0.738817
 -0.703480 -2.069214 -2.463118 -1.225245
 -0.922334 -1.828573 -2.426408 -1.040117
 -0.873274 -2.259565 -2.370790 -0.955512
 -1.345472 -1.774060 -2.140810 -0.793231
 -0.688790 -2.214845 -2.389199 -1.214214
 -0.884000 -1.819158 -2.561092 -1.057019
 -1.027350 -1.992428 -2.531422 -0.852997
 -1.389320 -1.741675 -2.088546 -0.794822
 -0.741350 -2.079441 -2.411218 -1.174985
 -0.995200 -1.764886 -2.458031 -0.984728
 -0.883322 -1.929288 -2.191651 -1.109849
 -1.191082 -1.929577 -2.134840 -0.837862
 -0.650947 -2.163322 -2.907761 -1.174712
 -0.802042 -2.095440 -2.533693 -1.052093
 -0.955512 -1.802808 -2.495952 -0.999315
 -1.341444 -1.782627 -2.339972 -0.746535
 -0.683432 -2.021199 -2.746433 -1.209100
 -0.806955 -1.764252 -3.222859 -1.071106
 -0.769521 -1.868131 -2.204601 -1.301737
 -1.008664 -1.906972 -2.461649 -0.912621
 -0.532286 -2.296235 -3.082162 -1.323349
 -0.807092 -1.689480 -2.425185 -1.270222
 -0.870830 -2.087221 -2.461911 -0.988612
 -1.047483 -1.959111 -2.193950 -0.924521
 -0.593008 -2.296685 -3.155815 -1.190261
 -0.521068 -1.999733 -3.236488 -1.463430
 -0.693149 -2.288192 -2.624661 -1.120592
 -0.983163 -1.906487 -2.587937 -0.911060
 -0.640388 -2.309379 -3.049045 -1.120290
 -0.599954 -2.192582 -2.480263 -1.363305
 -0.734822 -2.020015 -3.198652 -1.058608
 -1.000974 -2.067546 -2.228476 -0.920574
 -0.666355 -2.177352 -3.409493 -1.078740
 -0.739429 -1.961099 -2.297570 -1.267953
 -0.783745 -1.953813 -2.646955 -1.106518
 -1.116780 -2.124637 -2.287961 -0.794696
 -0.718856 -2.421002 -2.699205 -1.031144
 -0.765469 -1.969439 -2.537421 -1.151131
 -0.994935 -2.294212 -2.006532 -0.928977
 -1.451840 -1.930917 -2.218599 -0.669266
 -0.796395 -2.321801 -2.399359 -1.021163
 -0.993733 -1.903550 -2.504321 -0.918698
 -1.037244 -2.172220 -2.497640 -0.799916
 -1.452376 -1.747840 -2.205421 -0.730574
 -0.769391 -2.307490 -2.863015 -0.967327
 -1.153363 -1.913648 -2.063179 -0.891999
 -1.282091 -1.975236 -2.668379 -0.664656
 -1.531642 -1.854707 -2.376896 -0.626456
 -0.615798 -2.587937 -2.852629 -1.118031
 -0.749077 -2.218365 -2.532021 -1.082015
 -0.870079 -1.952688 -2.917761 -0.954162
 -1.432180 -1.936260 -2.261035 -0.668011
 -0.593973 -2.206074 -2.940041 -1.255704
 -0.899684 -1.758814 -2.164278 -1.183452
 -0.706942 -2.275553 -2.498694 -1.133460
 -1.458348 -1.697422 -2.128766 -0.765201
 -0.612996 -2.341522 -3.302931 -1.122952
 -0.862624 -1.988634 -2.576418 -1.007806
 -0.592769 -2.596492 -2.683502 -1.189584
 -1.351678 -2.124868 -1.938282 -0.738574
 -0.611469 -2.562292 -3.850142 -1.024315
 -0.768049 -2.223333 -2.628796 -1.033752
 -0.812588 -2.937828 -2.714687 -0.827626
 -1.219128 -1.907361 -2.269654 -0.792542
 -0.000000 -15.854131 -15.854131 -15.854131
 -0.000002 -14.452089 -14.452089 -14.452089
 -0.000003 -13.919874 -13.919874 -13.919874
 -0.000001 -15.784021 -15.784021 -15.784021
 -16.696955 -16.696955 -16.696955 -0.000000
 -1.386294 -1.386294 -1.386294 -1.386294
 -1.386294 -1.386294 -1.386294 -1.386294
 -1.386294 -1.386294 -1.386294 -1.386294
 -1.386294 -1.386294 -1.386294 -1.386294
 -1.386294 -1.386294 -1.386294 -1.386294
 -1.386294 -1.386294 -1.386294 -1.386294
 -16.696955 -16.696955 -16.696955 -0.000000
 -1.386294 -1.386294 -1.386294 -1.386294
 -1.386294 -1.386294 -1.386294 -1.386294
 -1.386294 -1.386294 -1.386294 -1.386294
 -16.696955 -0.000000 -16.696955 -16.696955
 -1.386294 -1.386294 -1.386294 -1.386294
 -0.000000 -16.696955 -16.696955 -16.696955
 -1.386294 -1.386294 -1.386294 -1.386294
 -1.386294 -1.386294 -1.386294 -1.386294
 -16.696955 -16.696955 -0.000000 -16.696955
 -1.386294 -1.386294 -1.386294 -1.386294
 -1.386294 -1.386294 -1.386294 -1.386294
 -1.386294 -1.386294 -1.386294 -1.386294
 -1.386294 -1.386294 -1.386294 -1.386294
 -1.386294 -1.386294 -1.386294 -1.386294
 -16.696955 -1.712062 -0.407429 -1.869842
 -1.386294 -1.386294 -1.386294 -1.386294
 -1.386294 -1.386294 -1.386294 -1.386294
 -1.149579 -2.013350 -2.060978 -0.861897
 -1.077770 -1.722598 -2.116339 -1.020061
 -1.788129 -2.005852 -1.272966 -0.871840
 -0.915386 -1.780948 -1.969742 -1.232144
 -1.176944 -1.616310 -1.533619 -1.282305
 -1.098613 -1.539168 -2.130532 -1.098613
 -1.600640 -1.426871 -1.477196 -1.108975
 -1.161940 0.000100 0.000100 0.000100
 -1.760402 0.000100 0.000100 0.000100
 -1.818898 0.000100 0.000100 0.000100
 -1.041454 0.000100 0.000100 0.000100
 -0.907584 -1.923063 -1.732937 -1.296165
 -1.021020 -1.831162 -1.831162 -1.141567
 -1.027694 -1.724213 -1.678000 -1.283346
 -1.832443 -1.540445 -1.596236 -0.860302
 -0.902825 -1.844107 -1.792405 -1.309883
 -1.026547 -1.631661 -1.738271 -1.308113
 -1.082864 -1.776011 -1.573070 -1.256474
 -1.693429 -1.519075 -1.579533 -0.938724
 -0.929914 -1.849399 -1.954760 -1.182596
 -0.937922 -1.740884 -1.740884 -1.355459
 -0.936662 -1.536660 -1.792794 -1.485127
 -1.689273 -1.656047 -1.565502 -0.878343
 -0.924975 -1.899309 -1.724318 -1.289197
 -0.945689 -1.731387 -1.793908 -1.315872
 -1.021776 -1.553655 -1.746672 -1.369562
 -1.675831 -1.615012 -1.514633 -0.931226
 -1.023336 -1.895102 -1.547744 -1.281662
 -1.091081 -1.737124 -1.671819 -1.203253
 -1.070010 -1.641019 -1.646381 -1.307608
 -1.692764 -1.524915 -1.548515 -0.952470
 -0.931155 -1.931587 -1.784572 -1.227191
 -0.963621 -1.693651 -1.898183 -1.255956
 -0.989149 -1.695233 -1.828764 -1.258997
 -1.631486 -1.563768 -1.566748 -0.951160
 -0.944032 -1.736206 -1.814260 -1.302696
 -0.980107 -1.863700 -1.611609 -1.309092
 -1.040344 -1.684401 -1.649103 -1.313457
 -1.473306 -1.693779 -1.568616 -0.971073
 -0.850270 -1.912068 -1.798309 -1.349588
 -1.072381 -1.755866 -1.705856 -1.192595
 -1.005935 -1.602232 -1.787636 -1.326156
 -1.557024 -1.672909 -1.584761 -0.924977
 -0.855117 -2.051790 -1.741635 -1.305533
 -1.013843 -1.783951 -1.670622 -1.269134
 -1.036780 -1.895320 -1.723848 -1.149621
 -1.689428 -1.682625 -1.633028 -0.834360
 -0.909144 -1.904921 -1.812902 -1.254857
 -1.026639 -1.740839 -1.652647 -1.291437
 -1.080745 -1.581208 -1.767662 -1.258079
 -1.671426 -1.777135 -1.619506 -0.809900
 -0.837354 -2.100269 -1.868995 -1.236346
 -1.010740 -1.688237 -1.582256 -1.403666
 -1.054161 -1.778856 -1.462736 -1.381975
 -1.770488 -1.556258 -1.612930 -0.868636
 -0.832233 -1.968313 -1.832581 -1.327155
 -0.952320 -1.700192 -1.744928 -1.359266
 -1.012873 -1.681123 -1.708825 -1.310879
 -1.642432 -1.611277 -1.664833 -0.873145
 -0.959711 -1.931463 -1.803469 -1.179820
 -1.014115 -1.691995 -1.774060 -1.260606
 -0.961753 -1.966112 -1.592909 -1.293006
 -1.709751 -1.636629 -1.571490 -0.875344
 -0.981448 -1.870875 -1.778856 -1.195966
 -1.060611 -1.653836 -1.736951 -1.250418
 -1.005312 -1.445868 -1.769917 -1.477617
 -1.729507 -1.509691 -1.613571 -0.910122
 -0.960816 -1.882178 -1.755023 -1.230118
 -1.029817 -1.650837 -1.709209 -1.309223
 -1.019487 -1.645846 -1.740033 -1.306168
 -1.661602 -1.608214 -1.636123 -0.879027
 -0.933342 -1.903611 -1.733975 -1.268859
 -0.994108 -1.884719 -1.620191 -1.272202
 -0.906670 -1.805821 -1.700461 -1.389522
 -1.553019 -1.703842 -1.536021 -0.938606
 -0.969133 -1.754804 -1.785894 -1.272966
 -1.091444 -1.756420 -1.602269 -1.237296
 -0.929469 -1.730247 -1.653706 -1.441145
 -1.615747 -1.596938 -1.545489 -0.953124
 -0.740163 -1.960095 -1.822225 -1.512070
 -0.966685 -1.648659 -1.594591 -1.494508
 -0.832807 -1.765627 -1.601324 -1.647844
 -1.591089 -1.610077 -1.306546 -1.121869
 -0.703300 -2.136881 -1.948572 -1.408332
 -0.993252 -1.775064 -1.555902 -1.389667
 -1.007196 -1.905832 -1.463553 -1.367878
 -1.521967 -1.554997 -1.581464 -1.008258
 -0.000000 -16.776134 -16.776134 -16.776134
 -0.000000 -15.896202 -15.896202 -15.896202
 -0.000000 -16.083506 -16.083506 -16.083506
 -0.000000 -16.468048 -16.468048 -16.468048
 -17.750664 -17.750664 -17.750664 -0.000000
 -1.386294 -1.386294 -1.386294 -1.386294
 -1.386294 -1.386294 -1.386294 -1.386294
 -1.386294 -1.386294 -1.386294 -1.386294
 -1.386294 -1.386294 -1.386294 -1.386294
 -1.386294 -1.386294 -1.386294 -1.386294
 -1.386294 -1.386294 -1.386294 -1.386294
 -17.750664 -17.750664 -17.750664 -0.000000
 -1.386294 -1.386294 -1.386294 -1.386294
 -1.386294 -1.386294 -1.386294 -1.386294
 -1.386294 -1.386294 -1.386294 -1.386294
 -17.750664 0.000000 -17.750664 -17.750664
 -1.386294 -1.386294 -1.386294 -1.386294
 0.000000 -17.750664 -17.750664 -17.750664
 -1.386294 -1.386294 -1.386294 -1.386294
 -1.386294 -1.386294 -1.386294 -1.386294
 -17.750664 -17.750664 0.000000 -17.750664
 -1.386294 -1.386294 -1.386294 -1.386294
 -1.386294 -1.386294 -1.386294 -1.386294
 -1.386294 -1.386294 -1.386294 -1.386294
 -1.386294 -1.386294 -1.386294 -1.386294
 -1.386294 -1.386294 -1.386294 -1.386294
 -17.750664 -1.279801 -1.381810 -0.753357
 -1.386294 -1.386294 -1.386294 -1.386294
 -1.386294 -1.386294 -1.386294 -1.386294
 -1.000941 -1.942402 -1.826801 -1.114193
 -1.022949 -1.769442 -2.121561 -1.049266
 -1.540860 -1.978824 -1.519766 -0.846745
 -0.957779 -2.025620 -1.542446 -1.307534
 -0.934309 -2.074164 -1.651307 -1.238970
 -0.981562 -1.836711 -1.571697 -1.353859
 -1.473026 -1.823012 -1.596699 -0.899761
