 -1.024406 0.000100 0.000100 0.000100
 -1.861539 0.000100 0.000100 0.000100
 -2.194477 0.000100 0.000100 0.000100
 -0.983124 0.000100 0.000100 0.000100
 -0.752336 -2.023560 -2.268682 -1.227230
 -1.013816 -1.613872 -2.088329 -1.157856
 -0.976723 -1.755391 -2.315004 -1.044546
 -1.378968 -1.904500 -1.777160 -0.843628
 -0.759970 -2.333474 -2.295008 -1.094817
 -0.964521 -1.769585 -2.768109 -0.952825
 -0.890316 -1.781287 -2.356649 -1.119890
 -1.361365 -1.609438 -2.312340 -0.810445
 -0.784031 -2.002959 -2.486755 -1.122935
 -0.806477 -1.856297 -2.467204 -1.163151
 -0.887304 -2.079439 -2.347701 -1.000633
 -1.455546 -1.945910 -2.081251 -0.694957
 -0.763215 -2.216199 -2.251291 -1.140845
 -0.818311 -1.884132 -2.227075 -1.207246
 -1.051782 -1.892562 -2.275553 -0.923165
 -1.345193 -1.816539 -1.979691 -0.823686
 -0.778471 -2.128975 -2.375834 -1.111709
 -0.840784 -1.821611 -2.610065 -1.098613
 -1.004360 -1.851656 -2.314278 -0.973108
 -1.280934 -2.001109 -2.086876 -0.770109
 -0.741755 -2.147391 -2.414454 -1.147220
 -0.876485 -1.950998 -2.287468 -1.078512
 -0.799255 -2.059505 -2.701354 -1.033655
 -1.278081 -1.839300 -2.079441 -0.826679
 -0.651619 -2.075913 -2.625020 -1.269690
 -0.903869 -2.040219 -2.465100 -0.967585
 -1.091924 -2.231354 -1.959422 -0.876813
 -1.183770 -1.735838 -2.319422 -0.869181
 -0.579698 -2.469792 -2.885306 -1.205666
 -0.646191 -2.293013 -2.772583 -1.163151
 -0.893819 -1.624705 -2.397890 -1.193923
 -1.012558 -1.942093 -2.409432 -0.907724
 -0.641854 -2.133508 -3.062219 -1.176100
 -0.704844 -2.102970 -2.950261 -1.104444
 -0.593519 -2.256060 -2.574510 -1.321756
 -1.035723 -1.843800 -2.157457 -0.991023
 -0.633044 -2.112427 -2.647945 -1.282705
 -0.617546 -2.033396 -2.544219 -1.381072
 -0.771621 -2.098486 -2.717518 -1.052522
 -0.984315 -1.881241 -2.259676 -0.995551
 -0.754315 -2.156112 -2.709497 -1.057501
 -0.719396 -1.895393 -2.554635 -1.255357
 -0.855667 -2.148431 -2.995719 -0.895673
 -1.313457 -1.998373 -2.048804 -0.762141
 -0.935079 -1.893179 -2.744228 -0.935079
 -1.104062 -1.847639 -2.036880 -0.966441
 -0.896489 -2.263360 -2.525722 -0.896489
 -1.361338 -1.839827 -2.158281 -0.756483
 -0.774563 -2.143156 -2.602688 -1.056310
 -0.970232 -2.093233 -2.056865 -0.994623
 -0.961412 -1.968214 -2.347701 -0.961412
 -1.387927 -1.896576 -2.011645 -0.762373
 -0.808979 -2.177881 -2.627405 -0.996578
 -1.038894 -2.054122 -2.137503 -0.916291
 -1.043553 -2.296312 -2.296312 -0.806225
 -1.435084 -1.865867 -1.970007 -0.759956
 -0.766788 -2.122971 -2.703999 -1.053015
 -1.027517 -1.691675 -2.607962 -0.956565
 -0.951722 -2.423533 -2.423533 -0.828490
 -1.381412 -1.833397 -2.275229 -0.721272
 -0.647338 -2.326300 -2.711962 -1.163151
 -0.873530 -1.690289 -3.248424 -1.023812
 -0.794931 -2.255328 -2.623049 -0.991641
 -1.446919 -1.782003 -2.085998 -0.750306
 -0.718743 -2.425343 -3.139107 -0.965307
 -0.829484 -2.427745 -2.140064 -1.027661
 -0.733315 -2.279233 -2.359275 -1.130616
 -1.306928 -1.866543 -2.283436 -0.749169
 -0.578078 -2.663748 -3.713566 -1.064363
 -0.889858 -2.128229 -2.415910 -0.965082
 -1.033016 -3.672042 -2.978912 -0.565994
 -1.199494 -2.495058 -2.379545 -0.647087
 -0.287683 -1.852384 -2.373680 -15.627073
 -0.498993 -1.460402 -1.828125 -13.928843
 -0.388939 -1.791757 -1.860750 -13.710155
 -0.629586 -1.471035 -1.437588 -15.671809
 -16.044449 -16.044449 -16.044449 -0.000000
 -14.859316 -14.859316 -14.859316 -0.000001
 -14.695139 -14.695139 -14.695139 -0.000001
 -1.386294 -1.386294 -1.386294 -1.386294
 -1.386294 -1.386294 -1.386294 -1.386294
 -1.386294 -1.386294 -1.386294 -1.386294
 -1.386294 -1.386294 -1.386294 -1.386294
 -16.492414 -16.492414 -16.492414 -0.000000
 -1.386294 -1.386294 -1.386294 -1.386294
 -1.386294 -1.386294 -1.386294 -1.386294
 -1.386294 -1.386294 -1.386294 -1.386294
 -0.986808 -0.924232 -1.467943 -16.492414
 -15.505608 -15.505608 -15.505608 -0.000001
 -15.568183 -15.568183 -15.568183 -0.000001
 -15.024472 -15.024472 -15.024472 -0.000001
 -1.386294 -1.386294 -1.386294 -1.386294
 -1.386294 -1.386294 -1.386294 -1.386294
 -1.386294 -1.386294 -1.386294 -1.386294
 -1.386294 -1.386294 -1.386294 -1.386294
 -0.000000 -16.492414 -16.492414 -16.492414
 -16.492414 -16.492414 -0.000000 -16.492414
 -1.386294 -1.386294 -1.386294 -1.386294
 -1.386294 -1.386294 -1.386294 -1.386294
 -1.386294 -1.386294 -1.386294 -1.386294
 -1.386294 -1.386294 -1.386294 -1.386294
 -1.386294 -1.386294 -1.386294 -1.386294
 -0.857205 -2.406876 -0.934685 -2.376799
 -1.386294 -1.386294 -1.386294 -1.386294
 -1.131564 -2.018149 -2.176373 -0.841373
 -1.068536 -1.697142 -2.572605 -0.923955
 -1.165606 -1.858752 -2.304337 -0.838001
 -1.408767 -2.072058 -1.378914 -0.973450
 -0.826993 -1.776492 -2.094945 -1.308113
 -1.166932 -1.549923 -1.745668 -1.197703
 -0.824176 -1.504077 -2.576709 -1.335001
 -1.563434 -1.563434 -1.548050 -0.998297
 -1.169010 0.000100 0.000100 0.000100
 -1.825839 0.000100 0.000100 0.000100
 -1.716088 0.000100 0.000100 0.000100
 -1.054188 0.000100 0.000100 0.000100
 -0.907858 -1.981088 -1.689653 -1.294226
 -0.988862 -1.807889 -1.629641 -1.316768
 -1.080850 -1.692871 -1.617836 -1.278786
 -1.601763 -1.733985 -1.559841 -0.887435
 -0.865676 -1.953061 -1.890469 -1.250391
 -1.029619 -1.695616 -1.950508 -1.148320
 -1.101875 -1.750286 -1.722549 -1.153857
 -1.547029 -1.647525 -1.767042 -0.858595
 -0.954919 -1.897669 -1.762217 -1.225622
 -1.003017 -1.715147 -1.849176 -1.217650
 -1.094628 -1.805830 -1.669771 -1.162486
 -1.564535 -1.650863 -1.626570 -0.910488
 -0.938270 -1.861584 -1.701160 -1.306383
 -1.085565 -1.812613 -1.717651 -1.140764
 -1.100400 -1.877473 -1.452739 -1.271691
 -1.656142 -1.641104 -1.466551 -0.955447
 -0.914881 -1.874804 -1.793171 -1.274327
 -1.018130 -1.641699 -1.852622 -1.243913
 -1.081158 -1.633548 -1.685260 -1.272374
 -1.533288 -1.654196 -1.686399 -0.897116
 -0.966165 -1.922201 -1.689536 -1.242816
 -1.003032 -1.816393 -1.732427 -1.224963
 -1.017766 -1.814763 -1.717739 -1.216549
 -1.612443 -1.658645 -1.532143 -0.931071
 -0.885704 -1.936114 -1.728622 -1.325071
 -1.155049 -1.699918 -1.644921 -1.173664
 -1.074355 -1.716536 -1.537844 -1.331992
 -1.551637 -1.738023 -1.525461 -0.929602
 -0.945816 -1.898022 -1.884569 -1.171576
 -1.029364 -1.744251 -1.832261 -1.177855
 -1.099685 -1.633862 -1.762695 -1.203080
 -1.508526 -1.788011 -1.705773 -0.844343
 -0.929827 -1.882107 -1.763589 -1.266981
 -1.018472 -1.805871 -1.749359 -1.201852
 -1.140079 -1.642873 -1.697681 -1.191797
 -1.627004 -1.782474 -1.542105 -0.864337
 -0.915072 -2.005881 -1.777570 -1.217660
 -1.154937 -1.667127 -1.726899 -1.144764
 -1.149456 -1.686399 -1.650141 -1.184226
 -1.564543 -1.760988 -1.601814 -0.873685
 -0.925987 -1.859250 -1.976188 -1.172882
 -1.138948 -1.682002 -1.961586 -1.040698
 -1.138712 -1.621066 -1.681325 -1.217552
 -1.573709 -1.823296 -1.777747 -0.771728
 -1.006768 -1.756449 -1.894071 -1.166398
 -1.151631 -1.659804 -1.868972 -1.080515
 -1.222012 -1.578029 -1.789725 -1.102694
 -1.688041 -1.567269 -1.680148 -0.867124
 -0.945120 -1.838938 -1.652198 -1.344183
 -1.114782 -1.766635 -1.659335 -1.168475
 -1.077599 -1.768858 -1.502149 -1.322722
 -1.525220 -1.672981 -1.517012 -0.979834
 -0.983862 -1.861202 -1.748676 -1.215217
 -1.005893 -1.707537 -1.749355 -1.276242
 -1.090842 -1.592934 -1.661744 -1.305892
 -1.476465 -1.712854 -1.540102 -0.975918
 -0.925417 -2.003029 -1.613484 -1.311129
 -0.960482 -1.869688 -1.671159 -1.290655
 -1.031885 -1.924645 -1.466337 -1.320625
 -1.507854 -1.796569 -1.393862 -1.008863
 -0.824875 -1.955022 -1.651448 -1.476757
 -0.947532 -1.817848 -1.579837 -1.410915
 -0.923689 -1.822193 -1.649544 -1.389740
 -1.449878 -1.637404 -1.471484 -1.074899
 -0.735111 -2.014307 -1.908501 -1.431992
 -0.977363 -1.709316 -1.843875 -1.257004
 -0.972496 -1.626316 -1.706580 -1.411720
 -1.377554 -1.825028 -1.646426 -0.931773
 -0.780082 -2.193843 -1.837675 -1.305796
 -0.852624 -2.004006 -1.901112 -1.239570
 -1.027966 -1.874671 -1.717561 -1.173259
 -1.373010 -1.968450 -1.591764 -0.907783
 -0.617982 -1.555371 -1.386864 -17.373713
 -0.697271 -1.312539 -1.457053 -16.312840
 -0.820083 -1.178964 -1.378297 -16.599905
 -0.903902 -1.276631 -1.151894 -17.205984
 -17.602425 -17.602425 -17.602425 -0.000000
 -16.991062 -16.991062 -16.991062 -0.000000
 -17.036783 -17.036783 -17.036783 -0.000000
 -1.386294 -1.386294 -1.386294 -1.386294
 -1.386294 -1.386294 -1.386294 -1.386294
 -1.386294 -1.386294 -1.386294 -1.386294
 -1.386294 -1.386294 -1.386294 -1.386294
 -18.349400 -18.349400 -18.349400 0.000000
 -1.386294 -1.386294 -1.386294 -1.386294
 -1.386294 -1.386294 -1.386294 -1.386294
 -1.386294 -1.386294 -1.386294 -1.386294
 -1.217886 -0.984846 -1.106699 -18.349400
 -17.131514 -17.131514 -17.131514 -0.000000
 -17.364553 -17.364553 -17.364553 -0.000000
 -17.242701 -17.242701 -17.242701 -0.000000
 -1.386294 -1.386294 -1.386294 -1.386294
 -1.386294 -1.386294 -1.386294 -1.386294
 -1.386294 -1.386294 -1.386294 -1.386294
 -1.386294 -1.386294 -1.386294 -1.386294
 0.000000 -18.349400 -18.349400 -18.349400
 -18.349400 -18.349400 0.000000 -18.349400
 -1.386294 -1.386294 -1.386294 -1.386294
 -1.386294 -1.386294 -1.386294 -1.386294
 -1.386294 -1.386294 -1.386294 -1.386294
 -1.386294 -1.386294 -1.386294 -1.386294
 -1.386294 -1.386294 -1.386294 -1.386294
 -1.003126 -1.795633 -1.928241 -1.133692
 -1.386294 -1.386294 -1.386294 -1.386294
 -0.768856 -2.105247 -1.866836 -1.346961
 -1.103150 -1.726655 -1.972788 -1.046317
 -1.077420 -1.497086 -1.849526 -1.278573
 -1.569217 -1.867640 -1.717508 -0.781342
 -0.881839 -1.920765 -1.649854 -1.396723
 -0.977860 -1.795197 -1.778803 -1.241502
 -1.074802 -1.756253 -1.498071 -1.337951
 -1.596938 -1.776778 -1.586127 -0.859001
