 -1.013669 0.000100 0.000100 0.000100
 -1.783216 0.000100 0.000100 0.000100
 -2.116669 0.000100 0.000100 0.000100
 -1.053870 0.000100 0.000100 0.000100
 -0.743427 -1.997111 -2.476188 -1.188334
 -1.066982 -1.665818 -2.160114 -1.045242
 -0.837670 -1.859998 -2.354016 -1.150045
 -1.405623 -1.748061 -2.204544 -0.754228
 -0.742715 -2.119976 -2.439329 -1.149088
 -1.082895 -1.619388 -2.312534 -1.009623
 -0.987219 -1.899245 -2.138474 -1.022006
 -1.331418 -1.689481 -1.958813 -0.890973
 -0.741328 -2.118523 -2.391816 -1.165244
 -0.876266 -1.836573 -2.158156 -1.175175
 -1.006656 -1.806024 -2.128797 -1.046187
 -1.407497 -1.805844 -2.045074 -0.773190
 -0.697448 -2.010620 -2.496128 -1.252334
 -0.941388 -1.721044 -2.502297 -1.052288
 -0.910641 -1.954444 -2.037826 -1.121536
 -1.301575 -1.884326 -2.155201 -0.776342
 -0.662475 -2.193951 -2.462215 -1.245820
 -0.907744 -1.853726 -2.533266 -1.020222
 -0.932292 -1.763588 -2.286835 -1.098613
 -1.310692 -1.750728 -2.207751 -0.805708
 -0.696352 -2.225624 -2.736449 -1.112306
 -1.023577 -1.613776 -2.092513 -1.145132
 -1.046484 -1.730151 -2.266454 -0.999964
 -1.279526 -1.722062 -2.299070 -0.814679
 -0.622943 -2.163902 -2.741666 -1.257734
 -0.857007 -1.960508 -2.267992 -1.104843
 -0.817134 -1.838784 -2.554401 -1.134588
 -1.086728 -1.747493 -2.261592 -0.956366
 -0.613441 -2.221535 -2.976985 -1.206888
 -0.737998 -1.902984 -2.458930 -1.247296
 -0.730605 -2.079440 -2.833209 -1.094943
 -1.057369 -1.876598 -2.356652 -0.904400
 -0.577809 -2.130157 -3.332203 -1.257582
 -0.671486 -1.975541 -2.760494 -1.247909
 -0.776918 -1.915137 -2.320601 -1.221992
 -0.941220 -1.944963 -2.243744 -1.019444
 -0.652481 -2.205037 -3.010101 -1.140326
 -0.712660 -1.898731 -2.442345 -1.298478
 -0.834799 -1.643014 -2.648531 -1.197703
 -0.992129 -1.869252 -2.386721 -0.959606
 -0.737226 -2.071940 -2.969387 -1.066286
 -0.919835 -1.773067 -2.648534 -1.019296
 -0.902561 -2.047691 -2.546680 -0.949081
 -1.278449 -1.827808 -2.164280 -0.807587
 -0.796994 -2.104615 -2.894388 -0.988612
 -1.109736 -1.659335 -2.242480 -0.983784
 -1.184873 -1.933589 -2.353441 -0.788458
 -1.336163 -1.902107 -2.197224 -0.740694
 -0.869317 -2.225758 -2.700816 -0.902324
 -0.945408 -1.988757 -2.203868 -1.009947
 -1.091340 -1.975541 -2.522083 -0.809108
 -1.317403 -1.895604 -2.221026 -0.747720
 -0.799226 -2.097141 -2.767982 -1.008605
 -0.845701 -1.770406 -2.506724 -1.142737
 -0.921495 -2.002864 -2.447548 -0.965947
 -1.448577 -1.881049 -2.089804 -0.715486
 -0.823049 -2.105225 -2.828677 -0.967584
 -1.091968 -1.609438 -2.553898 -0.950193
 -1.014147 -1.949305 -2.285776 -0.933386
 -1.498334 -1.848647 -2.400972 -0.637868
 -0.771738 -2.194321 -2.950269 -0.983417
 -0.950852 -1.736017 -2.543938 -1.024960
 -1.059082 -1.875842 -2.874366 -0.812949
 -1.445309 -1.923246 -2.250933 -0.667686
 -0.788830 -2.297014 -3.290264 -0.896927
 -0.866419 -2.009236 -2.685575 -0.974787
 -0.856601 -2.128230 -2.533693 -0.975553
 -1.650833 -1.912443 -2.586172 -0.536001
 -0.844749 -2.288332 -3.167581 -0.851453
 -1.017228 -2.042717 -2.858464 -0.795465
 -1.033752 -2.089802 -2.702903 -0.790522
 -1.591028 -2.164584 -2.581677 -0.501141
 -1.127903 -2.185948 -3.380786 -0.635073
 -1.350329 -2.261198 -2.653239 -0.568814
 -1.554286 -1.833870 -2.223333 -0.652739
 -2.132417 -1.979007 -2.760378 -0.385699
 -1.343474 -2.611319 -3.628250 -0.447753
 -1.553801 -1.971100 -2.860955 -0.524182
 -1.707498 -2.370790 -2.495952 -0.441834
 -2.686444 -2.437677 -2.976673 -0.231237
 -0.596964 -0.912692 -3.034949 -15.241027
 -0.909371 -0.757686 -2.052041 -14.873302
 -1.023106 -0.587788 -2.465484 -14.240781
 -1.497982 -0.508645 -1.742346 -16.946648
 -0.995557 -2.180910 -3.077968 -0.751855
 -1.459182 -1.910819 -2.704654 -0.592902
 -1.350837 -1.712206 -2.326215 -0.770363
 -1.386294 -1.386294 -1.386294 -1.386294
 -2.324691 -0.270569 -5.381024 -2.005169
 -3.162580 -0.344972 -3.804429 -1.482050
 -2.332141 -0.265282 -3.718420 -2.192379
 -3.678457 -0.267554 -4.300985 -1.629980
 -0.000002 -14.316288 -14.316288 -14.316288
 0.000000 -16.985617 -16.985617 -16.985617
 -0.000007 -12.923923 -12.923923 -12.923923
 -0.000001 -15.538278 -15.538278 -15.538278
 -17.264545 -17.264545 -0.000000 -17.264545
 -1.386294 -1.386294 -1.386294 -1.386294
 -1.386294 -1.386294 -1.386294 -1.386294
 -1.386294 -1.386294 -1.386294 -1.386294
 -1.386294 -1.386294 -1.386294 -1.386294
 -1.386294 -1.386294 -1.386294 -1.386294
 -0.801443 -2.347095 -1.014545 -2.374032
 -1.386294 -1.386294 -1.386294 -1.386294
 -1.191306 -1.910428 -2.347487 -0.792858
 -1.122143 -1.922920 -2.411271 -0.824309
 -1.222549 -1.857877 -2.243869 -0.813124
 -2.096652 -1.966599 -1.873509 -0.538510
 -0.882389 -1.659619 -2.073895 -1.308222
 -1.159767 -1.657169 -1.726162 -1.146344
 -0.940984 -1.544518 -2.129451 -1.282154
 -1.604615 -1.509618 -1.554353 -1.003177
 -1.105365 0.000100 0.000100 0.000100
 -1.697316 0.000100 0.000100 0.000100
 -1.686509 0.000100 0.000100 0.000100
 -1.202072 0.000100 0.000100 0.000100
 -0.963994 -1.847844 -1.587854 -1.359874
 -1.031378 -1.673105 -1.622861 -1.352906
 -1.014095 -1.648968 -1.608276 -1.407359
 -1.689082 -1.528242 -1.476166 -0.994571
 -0.935823 -1.831846 -1.704554 -1.325139
 -1.031364 -1.659415 -1.646811 -1.344899
 -1.005600 -1.633925 -1.560849 -1.473792
 -1.654420 -1.555030 -1.512765 -0.974678
 -0.910379 -1.855864 -1.731362 -1.330794
 -0.992445 -1.665048 -1.733251 -1.333929
 -0.977641 -1.635070 -1.682109 -1.415177
 -1.647810 -1.555018 -1.524073 -0.971485
 -0.969277 -1.837585 -1.605146 -1.344840
 -1.051591 -1.697896 -1.622377 -1.308884
 -1.010636 -1.660668 -1.610936 -1.401205
 -1.674391 -1.539744 -1.460224 -1.005238
 -0.954051 -1.823460 -1.690794 -1.313106
 -1.046199 -1.666405 -1.631206 -1.331385
 -1.019215 -1.634096 -1.582862 -1.432938
 -1.642658 -1.573697 -1.505150 -0.974785
 -0.930364 -1.843872 -1.731686 -1.307851
 -1.002952 -1.695988 -1.716628 -1.308903
 -0.971884 -1.664681 -1.678175 -1.403787
 -1.629877 -1.567642 -1.539548 -0.964872
 -0.977798 -1.872962 -1.557129 -1.349178
 -1.043096 -1.712096 -1.603351 -1.324524
 -1.021357 -1.668101 -1.605208 -1.384531
 -1.671748 -1.572631 -1.435807 -1.003320
 -0.937884 -1.860630 -1.705616 -1.304495
 -1.033626 -1.672264 -1.640245 -1.337385
 -1.017719 -1.642267 -1.556138 -1.452043
 -1.648176 -1.587351 -1.492570 -0.971965
 -0.922004 -1.864617 -1.716250 -1.318319
 -1.008618 -1.668055 -1.712017 -1.323649
 -0.968246 -1.645623 -1.690612 -1.414889
 -1.661851 -1.580437 -1.518842 -0.953571
 -0.971497 -1.850784 -1.588426 -1.346601
 -1.059158 -1.714785 -1.627430 -1.284402
 -1.009233 -1.680318 -1.589859 -1.405548
 -1.696798 -1.556260 -1.452984 -0.989034
 -0.941286 -1.855080 -1.684959 -1.316836
 -1.040720 -1.668390 -1.640643 -1.330316
 -1.007684 -1.674438 -1.561488 -1.436749
 -1.652835 -1.585217 -1.489695 -0.972467
 -0.905799 -1.869261 -1.716978 -1.339657
 -0.979203 -1.700747 -1.725472 -1.332740
 -0.950680 -1.698820 -1.683402 -1.406980
 -1.613681 -1.565061 -1.523804 -0.983794
 -0.990929 -1.849629 -1.505024 -1.388454
 -1.028704 -1.669204 -1.596337 -1.380329
 -0.996089 -1.677139 -1.593597 -1.424713
 -1.661018 -1.540776 -1.412274 -1.043412
 -0.945141 -1.829246 -1.648854 -1.352587
 -0.997910 -1.658761 -1.635558 -1.401884
 -1.021910 -1.614575 -1.524992 -1.498365
 -1.627410 -1.563529 -1.443210 -1.027228
 -0.922077 -1.840339 -1.711651 -1.335690
 -0.992755 -1.643912 -1.792050 -1.310798
 -0.959694 -1.649862 -1.710878 -1.409741
 -1.636073 -1.553138 -1.533415 -0.973189
 -0.956376 -1.891505 -1.558294 -1.368936
 -1.050047 -1.741890 -1.619768 -1.283936
 -0.989243 -1.691646 -1.629709 -1.394571
 -1.671115 -1.587296 -1.435851 -0.995409
 -0.957347 -1.830752 -1.669509 -1.318794
 -1.027586 -1.696645 -1.639427 -1.329001
 -1.039739 -1.622016 -1.552755 -1.438477
 -1.648667 -1.590441 -1.515585 -0.956647
 -0.943000 -1.850287 -1.726328 -1.289482
 -1.062798 -1.687360 -1.731947 -1.229066
 -0.968742 -1.659665 -1.718695 -1.382552
 -1.676203 -1.586599 -1.522931 -0.941033
 -1.009928 -1.762743 -1.539232 -1.387753
 -1.112851 -1.575564 -1.660084 -1.293294
 -1.041017 -1.571273 -1.626724 -1.416541
 -1.773714 -1.424932 -1.460000 -1.028515
 -0.885902 -1.844932 -1.634789 -1.449752
 -1.043019 -1.643836 -1.554465 -1.414401
 -0.980459 -1.706782 -1.418538 -1.602736
 -1.723415 -1.514297 -1.359357 -1.064919
 -0.584621 -1.643474 -1.388796 -21.660872
 -0.678046 -1.430619 -1.373451 -21.112682
 -0.694619 -1.413437 -1.357009 -21.297049
 -1.200858 -1.114623 -0.991486 -21.440184
 -1.011385 -1.744102 -1.424559 -1.510188
 -1.036841 -1.517103 -1.454387 -1.647467
 -1.130009 -1.688340 -1.483542 -1.326853
 -1.386294 -1.386294 -1.386294 -1.386294
 -0.757554 -1.748220 -1.537187 -1.951084
 -0.937200 -1.441804 -1.494257 -1.914871
 -0.817416 -1.667553 -1.465246 -1.975447
 -1.441549 -1.278250 -1.252302 -1.614105
 0.000000 -21.855993 -21.855993 -21.855993
 0.000000 -21.237459 -21.237459 -21.237459
 0.000000 -21.342691 -21.342691 -21.342691
 0.000000 -20.921133 -20.921133 -20.921133
 -22.784168 -22.784168 0.000000 -22.784168
 -1.386294 -1.386294 -1.386294 -1.386294
 -1.386294 -1.386294 -1.386294 -1.386294
 -1.386294 -1.386294 -1.386294 -1.386294
 -1.386294 -1.386294 -1.386294 -1.386294
 -1.386294 -1.386294 -1.386294 -1.386294
 -1.072887 -1.605379 -1.785494 -1.239763
 -1.386294 -1.386294 -1.386294 -1.386294
 -0.832252 -1.935978 -1.718242 -1.421850
 -1.117502 -1.588138 -1.967019 -1.112532
 -0.882618 -1.624562 -2.032304 -1.353749
 -1.574377 -1.864100 -1.561693 -0.848522
 -0.971152 -1.861405 -1.497797 -1.417673
 -1.075500 -1.808816 -1.511482 -1.293015
 -1.025546 -1.650250 -1.585652 -1.408200
 -1.676107 -1.603355 -1.446042 -0.977692
