 -1.005134 0.000100 0.000100 0.000100
 -1.732132 0.000100 0.000100 0.000100
 -2.037942 0.000100 0.000100 0.000100
 -1.118404 0.000100 0.000100 0.000100
 -0.804799 -1.903410 -2.348484 -1.176848
 -0.869499 -1.716796 -2.200222 -1.236430
 -0.930621 -1.698668 -2.173125 -1.174598
 -1.462024 -1.671279 -1.881574 -0.848920
 -0.751416 -1.900512 -2.408106 -1.241937
 -0.882904 -1.810451 -2.169824 -1.175573
 -1.153421 -1.727220 -1.982112 -0.997260
 -1.466337 -1.609438 -2.082523 -0.810546
 -0.716958 -1.968215 -2.590266 -1.213825
 -0.958584 -1.874874 -2.231548 -1.033308
 -0.969832 -1.886121 -2.461483 -0.957410
 -1.321383 -1.680455 -2.204703 -0.828597
 -0.695945 -1.929289 -2.446545 -1.310990
 -0.922936 -1.721442 -2.452328 -1.085455
 -0.992130 -1.716047 -2.137259 -1.104247
 -1.236281 -1.954618 -2.017797 -0.832476
 -0.774311 -1.808020 -2.700016 -1.178319
 -1.018570 -1.750937 -2.404861 -0.980830
 -0.825969 -1.936008 -2.045207 -1.242862
 -1.360671 -1.859662 -2.194175 -0.741632
 -0.697424 -2.055547 -2.917769 -1.139257
 -0.951559 -1.636195 -2.669207 -1.050294
 -0.916292 -1.906688 -2.169051 -1.087249
 -1.282916 -1.781907 -2.256965 -0.798980
 -0.656975 -2.097335 -2.645900 -1.245288
 -0.956192 -1.732335 -2.351373 -1.068460
 -0.903305 -1.894942 -2.833205 -0.952901
 -1.220110 -1.766653 -2.192996 -0.862001
 -0.600697 -2.138757 -2.726543 -1.315558
 -0.728739 -1.805843 -2.660256 -1.261543
 -0.875470 -2.233589 -2.559009 -0.919272
 -1.091177 -1.834448 -2.429739 -0.876066
 -0.603401 -2.047106 -2.940922 -1.305169
 -0.772555 -1.656321 -2.677969 -1.277885
 -0.766174 -2.247773 -2.470915 -1.064008
 -0.997851 -1.757541 -2.423537 -0.993568
 -0.608773 -2.086236 -2.797731 -1.306078
 -0.651763 -1.798826 -2.430096 -1.490091
 -0.700812 -2.236136 -2.477296 -1.161626
 -1.165539 -1.886388 -1.920677 -0.941303
 -0.746962 -1.998523 -2.752294 -1.118164
 -0.860202 -1.799481 -2.228475 -1.191234
 -0.801037 -1.838278 -2.280109 -1.238659
 -1.309204 -1.798752 -2.178241 -0.795802
 -0.819188 -1.837528 -2.590266 -1.123930
 -0.784955 -1.914819 -2.218500 -1.245770
 -1.007121 -1.750697 -2.478932 -0.974860
 -1.472768 -1.610918 -2.253512 -0.763621
 -0.846809 -2.129112 -2.498209 -0.994133
 -0.994170 -2.101079 -2.388761 -0.877306
 -0.963638 -1.975236 -2.445237 -0.933785
 -1.431132 -1.986319 -1.936057 -0.735031
 -0.766781 -2.269197 -2.836303 -0.984953
 -0.825499 -1.905418 -2.655720 -1.070098
 -0.995718 -1.757857 -2.748251 -0.931180
 -1.350466 -1.858060 -2.283892 -0.727700
 -0.746892 -2.164340 -2.978438 -1.020360
 -0.904906 -1.957425 -2.349466 -1.025050
 -0.926410 -2.924495 -2.364884 -0.784440
 -1.418493 -1.750785 -2.239949 -0.738521
 -0.778827 -2.220964 -2.633208 -1.019698
 -0.979553 -1.953601 -2.130532 -1.010644
 -0.857903 -2.290003 -2.497640 -0.935462
 -1.345218 -2.063057 -2.237411 -0.681776
 -0.748843 -2.157046 -3.000132 -1.017107
 -1.018231 -1.869601 -2.092744 -1.018231
 -1.001763 -1.998094 -2.131625 -0.971458
 -1.498475 -2.013032 -2.437365 -0.587787
 -0.707112 -2.332297 -3.074233 -1.011601
 -1.046911 -1.763588 -2.728665 -0.886138
 -1.005087 -2.465483 -2.545526 -0.753773
 -1.710711 -1.938801 -2.640246 -0.504110
 -0.760513 -2.342456 -2.809075 -0.977577
 -1.256956 -1.950102 -2.340967 -0.740266
 -1.369487 -2.205731 -2.468093 -0.596299
 -1.969077 -1.810472 -2.451659 -0.493171
 -0.687317 -0.855781 -2.629356 -15.450617
 -0.980830 -0.774494 -1.807507 -14.755520
 -1.219757 -0.526611 -2.170730 -14.214290
 -1.249675 -0.561938 -1.942822 -16.087637
 -15.726534 -15.726534 -15.726534 -0.000000
 -16.094828 -16.094828 -16.094828 -0.000000
 -14.669928 -14.669928 -14.669928 -0.000001
 -1.386294 -1.386294 -1.386294 -1.386294
 -1.386294 -1.386294 -1.386294 -1.386294
 -1.386294 -1.386294 -1.386294 -1.386294
 -1.386294 -1.386294 -1.386294 -1.386294
 -1.041984 -0.979418 -1.302997 -16.753614
 -2.945939 -0.278714 -5.114971 -1.689105
 -2.556521 -0.311952 -3.998899 -1.759834
 -2.743766 -0.308031 -3.532220 -1.762939
 -1.386294 -1.386294 -1.386294 -1.386294
 -0.000002 -14.022528 -14.022528 -14.022528
 -0.000000 -16.454569 -16.454569 -16.454569
 -0.000009 -12.676088 -12.676088 -12.676088
 -0.000001 -15.018484 -15.018484 -15.018484
 -16.753614 -16.753614 -0.000000 -16.753614
 -1.386294 -1.386294 -1.386294 -1.386294
 -1.386294 -1.386294 -1.386294 -1.386294
 -1.386294 -1.386294 -1.386294 -1.386294
 -1.386294 -1.386294 -1.386294 -1.386294
 -1.386294 -1.386294 -1.386294 -1.386294
 -0.819441 -2.172635 -1.094384 -2.200939
 -1.386294 -1.386294 -1.386294 -1.386294
 -1.036857 -2.138864 -2.159484 -0.886102
 -1.053150 -2.038432 -2.598045 -0.806291
 -1.175890 -1.874178 -2.158429 -0.861641
 -1.471133 -1.704747 -2.084236 -0.767624
 -0.984643 -1.543167 -1.673433 -1.491111
 -1.220715 -1.405637 -1.826850 -1.207812
 -0.945140 -1.381566 -2.307333 -1.344525
 -1.651402 -1.341247 -1.570361 -1.082553
 -1.139309 0.000100 0.000100 0.000100
 -1.714076 0.000100 0.000100 0.000100
 -1.714439 0.000100 0.000100 0.000100
 -1.140168 0.000100 0.000100 0.000100
 -1.022485 -1.771141 -1.544494 -1.359685
 -1.032792 -1.693910 -1.576918 -1.372084
 -1.069427 -1.665486 -1.570769 -1.347801
 -1.691404 -1.518660 -1.362256 -1.076894
 -0.941360 -1.778735 -1.743951 -1.323420
 -1.034541 -1.573359 -1.692110 -1.373842
 -1.018478 -1.631297 -1.562344 -1.454419
 -1.603617 -1.522675 -1.547090 -1.000112
 -0.941411 -1.867240 -1.715561 -1.289130
 -0.971151 -1.741337 -1.785477 -1.278875
 -0.968737 -1.667640 -1.746898 -1.357000
 -1.645648 -1.554966 -1.570623 -0.946749
 -1.014111 -1.824986 -1.509403 -1.366440
 -1.037890 -1.688384 -1.578022 -1.368070
 -1.052126 -1.713963 -1.527285 -1.372271
 -1.658319 -1.545700 -1.366810 -1.074525
 -0.963690 -1.777355 -1.732260 -1.299938
 -1.066561 -1.591230 -1.661055 -1.338661
 -1.045490 -1.626604 -1.522704 -1.453448
 -1.591233 -1.564164 -1.553319 -0.979449
 -0.947767 -1.832993 -1.754298 -1.274997
 -0.994537 -1.737758 -1.750557 -1.271132
 -0.953167 -1.727340 -1.750610 -1.335384
 -1.678932 -1.554231 -1.564613 -0.934184
 -0.997779 -1.849487 -1.533384 -1.354096
 -1.040901 -1.720462 -1.569337 -1.348239
 -1.083771 -1.670505 -1.554343 -1.338639
 -1.697111 -1.531923 -1.357362 -1.069064
 -0.948370 -1.801746 -1.767137 -1.284474
 -1.051222 -1.601727 -1.702771 -1.321394
 -1.043088 -1.626015 -1.540339 -1.441322
 -1.583874 -1.552974 -1.578750 -0.975588
 -0.984525 -1.776761 -1.787806 -1.238318
 -1.014796 -1.716524 -1.803949 -1.226945
 -0.969999 -1.724118 -1.779454 -1.295153
 -1.713710 -1.586286 -1.580333 -0.893519
 -1.026742 -1.782658 -1.549505 -1.342146
 -1.109516 -1.719554 -1.568823 -1.262855
 -1.068027 -1.681337 -1.533114 -1.369135
 -1.720068 -1.526052 -1.382044 -1.042736
 -0.957445 -1.786540 -1.745355 -1.294605
 -1.053330 -1.605023 -1.661665 -1.345084
 -1.010808 -1.640787 -1.571444 -1.450288
 -1.588671 -1.542156 -1.516836 -1.014789
 -0.981191 -1.761414 -1.772422 -1.260851
 -0.971969 -1.769573 -1.783369 -1.261651
 -0.997081 -1.666779 -1.846411 -1.257415
 -1.625508 -1.584755 -1.552322 -0.950792
 -1.059851 -1.798385 -1.454356 -1.368943
 -1.025952 -1.710332 -1.565076 -1.379649
 -1.069152 -1.670320 -1.483483 -1.420192
 -1.661434 -1.529802 -1.303616 -1.133183
 -0.988333 -1.791213 -1.578249 -1.367632
 -1.054955 -1.588000 -1.615743 -1.391447
 -1.043681 -1.640201 -1.462369 -1.504105
 -1.621406 -1.523440 -1.475316 -1.033633
 -0.937444 -1.885585 -1.687903 -1.302963
 -0.964807 -1.792939 -1.751146 -1.276908
 -0.942028 -1.834369 -1.704808 -1.314376
 -1.670281 -1.613419 -1.502200 -0.941709
 -0.949941 -1.943187 -1.473509 -1.423501
 -0.971036 -1.773987 -1.568956 -1.413084
 -0.963017 -1.893170 -1.468096 -1.438417
 -1.515532 -1.642149 -1.314861 -1.144970
 -0.949745 -1.755730 -1.705788 -1.351893
 -1.049777 -1.504933 -1.732746 -1.381690
 -1.043878 -1.655289 -1.525798 -1.429499
 -1.607755 -1.476018 -1.505155 -1.052298
 -0.884967 -1.852318 -1.845375 -1.300363
 -1.053194 -1.763752 -1.788101 -1.163151
 -0.995449 -1.699186 -1.808950 -1.259541
 -1.675696 -1.558221 -1.553516 -0.939536
 -0.907822 -1.996424 -1.529831 -1.409744
 -1.059611 -1.762146 -1.556018 -1.306526
 -1.091049 -1.766950 -1.488843 -1.318078
 -1.552715 -1.657575 -1.338745 -1.091977
 -0.690316 -1.242426 -1.561127 -20.010590
 -0.852285 -1.279230 -1.219732 -19.349928
 -0.815327 -1.082383 -1.519971 -19.684469
 -1.065760 -1.085974 -1.145826 -19.881317
 -20.306036 -20.306036 -20.306036 0.000000
 -19.983782 -19.983782 -19.983782 0.000000
 -19.787052 -19.787052 -19.787052 0.000000
 -1.386294 -1.386294 -1.386294 -1.386294
 -1.386294 -1.386294 -1.386294 -1.386294
 -1.386294 -1.386294 -1.386294 -1.386294
 -1.386294 -1.386294 -1.386294 -1.386294
 -1.339598 -1.114354 -0.891789 -21.147448
 -1.088102 -1.248886 -1.679529 -1.661474
 -0.957436 -1.404749 -1.476223 -1.950547
 -1.029753 -1.759871 -1.176578 -1.817040
 -1.386294 -1.386294 -1.386294 -1.386294
 0.000000 -20.127409 -20.127409 -20.127409
 0.000000 -19.661110 -19.661110 -19.661110
 0.000000 -19.762005 -19.762005 -19.762005
 0.000000 -19.333485 -19.333485 -19.333485
 -21.147448 -21.147448 0.000000 -21.147448
 -1.386294 -1.386294 -1.386294 -1.386294
 -1.386294 -1.386294 -1.386294 -1.386294
 -1.386294 -1.386294 -1.386294 -1.386294
 -1.386294 -1.386294 -1.386294 -1.386294
 -1.386294 -1.386294 -1.386294 -1.386294
 -1.060023 -1.602812 -1.766230 -1.268524
 -1.386294 -1.386294 -1.386294 -1.386294
 -0.831750 -1.976535 -1.797422 -1.345386
 -1.076499 -1.703238 -2.046012 -1.055923
 -0.801911 -1.802416 -2.113817 -1.324812
 -1.372249 -1.885187 -1.703504 -0.885231
 -1.028868 -1.799752 -1.460406 -1.406061
 -1.076810 -1.774536 -1.453132 -1.362888
 -1.054353 -1.619091 -1.567277 -1.406942
 -1.672967 -1.621137 -1.338121 -1.043275
