 -1.036687 0.000100 0.000100 0.000100
 -1.938150 0.000100 0.000100 0.000100
 -2.019275 0.000100 0.000100 0.000100
 -0.997906 0.000100 0.000100 0.000100
 -0.775536 -2.117046 -2.274853 -1.150924
 -0.857451 -1.728845 -2.351374 -1.193923
 -1.017487 -1.834931 -2.103194 -1.030559
 -1.412848 -1.823535 -2.134166 -0.740755
 -0.703528 -2.116255 -2.615246 -1.166254
 -0.917338 -1.935504 -2.408409 -1.004825
 -0.976119 -1.934641 -2.282947 -0.976119
 -1.338131 -1.893836 -2.106109 -0.764728
 -0.728239 -2.011215 -2.368767 -1.238497
 -0.934515 -1.776081 -2.332368 -1.076290
 -0.852655 -1.914361 -2.341804 -1.108274
 -1.284825 -1.966344 -2.076210 -0.781042
 -0.750544 -2.222604 -2.384245 -1.116557
 -0.954200 -1.636047 -2.569333 -1.068438
 -0.959614 -2.145930 -2.028147 -0.998529
 -1.363537 -1.784116 -2.036882 -0.807738
 -0.724707 -2.148074 -2.346350 -1.193671
 -0.916291 -1.882731 -2.370025 -1.037477
 -0.951485 -1.788881 -2.238405 -1.078640
 -1.312304 -1.805897 -2.115595 -0.807633
 -0.772371 -1.995438 -2.532714 -1.131075
 -0.835918 -1.881505 -2.315543 -1.153753
 -0.908965 -1.821612 -2.363208 -1.075356
 -1.297311 -1.833216 -2.230776 -0.777854
 -0.693147 -2.299327 -2.821052 -1.078426
 -0.819281 -1.941760 -2.325718 -1.145429
 -0.699792 -2.244689 -2.820051 -1.085454
 -1.240752 -1.832581 -2.302585 -0.796658
 -0.569498 -2.210167 -2.869412 -1.317604
 -0.727381 -2.023351 -2.475335 -1.202372
 -0.724647 -2.118971 -2.780366 -1.098613
 -1.009542 -2.103639 -2.272538 -0.890252
 -0.542773 -2.333398 -2.835193 -1.334869
 -0.599999 -2.354016 -2.718657 -1.237056
 -0.612799 -1.999091 -3.328219 -1.248787
 -0.964963 -1.985243 -2.383882 -0.942985
 -0.581793 -2.231549 -3.191642 -1.228819
 -0.626545 -2.002582 -2.368040 -1.440055
 -0.716032 -2.179285 -2.625570 -1.121497
 -0.918807 -2.042930 -2.338394 -0.981164
 -0.689428 -2.224934 -2.840694 -1.103594
 -0.646628 -1.927560 -2.676795 -1.339774
 -0.861483 -2.103194 -2.416850 -1.004584
 -1.153672 -1.981249 -2.179524 -0.835790
 -0.740948 -2.136184 -2.799830 -1.065914
 -0.876485 -1.756843 -2.421001 -1.132164
 -0.938270 -2.007028 -2.442344 -0.948423
 -1.325465 -1.976872 -2.155427 -0.734042
 -0.814560 -2.100598 -2.861797 -0.973876
 -1.055177 -1.782457 -2.321452 -0.953178
 -1.077106 -2.094039 -2.529355 -0.784120
 -1.437463 -1.937238 -2.084999 -0.705095
 -0.808417 -2.084026 -2.692615 -1.015267
 -1.036919 -1.882082 -2.397894 -0.910625
 -0.976274 -2.150392 -2.093234 -0.958255
 -1.349411 -2.023247 -1.924465 -0.771265
 -0.823600 -2.226423 -2.737248 -0.945490
 -0.819899 -2.169053 -2.513892 -1.009817
 -0.914872 -2.308281 -2.685574 -0.839751
 -1.387049 -1.996211 -1.947420 -0.751416
 -0.718801 -2.160358 -3.017807 -1.054199
 -0.771886 -2.016208 -2.284472 -1.194445
 -0.767979 -1.915043 -2.507092 -1.180224
 -1.266067 -1.969685 -2.192829 -0.761511
 -0.737527 -2.174594 -3.137073 -1.008842
 -0.693148 -2.108428 -2.256064 -1.295323
 -0.726671 -2.277265 -2.431415 -1.120836
 -1.197853 -2.402710 -2.167253 -0.706852
 -0.741862 -2.516338 -3.237922 -0.906901
 -0.819899 -2.320602 -2.206192 -1.046427
 -0.821323 -2.639054 -2.405440 -0.920058
 -1.256279 -2.690268 -2.437677 -0.579707
 -1.057442 -2.708843 -3.150675 -0.610242
 -0.860941 -2.940376 -2.672114 -0.786833
 -1.544899 -2.851145 -2.851145 -0.398822
 -1.744809 -2.797958 -2.820431 -0.349831
 -15.953221 -15.953221 -15.953221 -0.000000
 -14.508659 -14.508659 -14.508659 -0.000002
 -14.357837 -14.357837 -14.357837 -0.000002
 -16.805727 -16.805727 -16.805727 -0.000000
 -1.386294 -1.386294 -1.386294 -1.386294
 -1.386294 -1.386294 -1.386294 -1.386294
 -1.386294 -1.386294 -1.386294 -1.386294
 -17.284056 -17.284056 -17.284056 -0.000000
 -1.386294 -1.386294 -1.386294 -1.386294
 -1.386294 -1.386294 -1.386294 -1.386294
 -1.386294 -1.386294 -1.386294 -1.386294
 -1.849156 -1.989215 -1.897847 -0.587101
 -0.026080 -15.434899 -3.659602 -15.434899
 -0.098048 -15.294841 -2.370926 -15.294841
 -0.093649 -15.386209 -2.414666 -15.386209
 -0.141249 -16.696955 -2.027028 -16.696955
 0.000000 -17.174843 -17.174843 -17.174843
 -1.386294 -1.386294 -1.386294 -1.386294
 -0.000001 -15.015476 -15.015476 -15.015476
 -1.386294 -1.386294 -1.386294 -1.386294
 -17.284056 -17.284056 -0.000000 -17.284056
 -1.386294 -1.386294 -1.386294 -1.386294
 -1.386294 -1.386294 -1.386294 -1.386294
 -1.386294 -1.386294 -1.386294 -1.386294
 -1.386294 -1.386294 -1.386294 -1.386294
 -1.386294 -1.386294 -1.386294 -1.386294
 -0.905905 -2.198784 -0.973688 -2.233073
 -1.386294 -1.386294 -1.386294 -1.386294
 -1.356668 -2.014517 -2.111563 -0.717339
 -1.230540 -1.780586 -1.983109 -0.912087
 -1.141603 -1.879671 -2.187372 -0.877451
 -1.928618 -1.713507 -1.523153 -0.784396
 -0.902106 -1.777011 -2.003539 -1.236890
 -0.916291 -1.856297 -1.804338 -1.275946
 -0.879795 -1.626367 -1.828393 -1.479209
 -1.543465 -1.603886 -1.511411 -1.008821
 -1.132513 0.000100 0.000100 0.000100
 -1.798698 0.000100 0.000100 0.000100
 -1.787178 0.000100 0.000100 0.000100
 -1.064700 0.000100 0.000100 0.000100
 -0.919697 -1.928332 -1.725158 -1.280764
 -1.013435 -1.720798 -1.620295 -1.346050
 -1.027782 -1.790825 -1.587779 -1.305640
 -1.699315 -1.636161 -1.522077 -0.905828
 -0.886579 -1.897469 -1.804447 -1.296731
 -1.022209 -1.697965 -1.670105 -1.313350
 -0.974618 -1.722218 -1.613170 -1.407562
 -1.630458 -1.628361 -1.594990 -0.903871
 -0.892460 -1.858076 -1.815091 -1.303581
 -1.001720 -1.707048 -1.789613 -1.257628
 -0.957362 -1.668409 -1.722169 -1.390822
 -1.645410 -1.619035 -1.606737 -0.895420
 -0.962651 -1.856503 -1.602553 -1.345071
 -1.044109 -1.743260 -1.589228 -1.313183
 -1.033699 -1.702444 -1.581853 -1.360706
 -1.701406 -1.592429 -1.408976 -0.994931
 -0.917492 -1.845770 -1.703969 -1.344704
 -1.032598 -1.719215 -1.600077 -1.336241
 -0.993898 -1.663025 -1.593799 -1.439054
 -1.637703 -1.614353 -1.531344 -0.940815
 -0.900274 -1.900258 -1.806732 -1.273603
 -1.027153 -1.670541 -1.709271 -1.298898
 -0.922532 -1.747410 -1.736993 -1.377472
 -1.641652 -1.650389 -1.590553 -0.890253
 -0.902414 -1.929527 -1.635933 -1.368757
 -1.024547 -1.765190 -1.585574 -1.327812
 -1.017430 -1.773643 -1.585191 -1.332356
 -1.648818 -1.693814 -1.460019 -0.937325
 -0.860987 -1.999157 -1.794914 -1.288571
 -1.050641 -1.778270 -1.638428 -1.248025
 -0.972602 -1.730737 -1.661978 -1.366551
 -1.610176 -1.743490 -1.612349 -0.853739
 -0.876008 -1.990208 -1.847754 -1.240291
 -1.005947 -1.777814 -1.789824 -1.209639
 -0.956847 -1.794079 -1.765357 -1.278367
 -1.681380 -1.799493 -1.675891 -0.773579
 -0.900393 -1.966549 -1.735276 -1.282657
 -1.055948 -1.808822 -1.612275 -1.241822
 -1.033287 -1.747009 -1.655486 -1.277006
 -1.679715 -1.698011 -1.552851 -0.870166
 -0.905163 -1.910856 -1.814522 -1.256479
 -1.044992 -1.716484 -1.745160 -1.224204
 -1.037184 -1.707702 -1.610511 -1.329985
 -1.644159 -1.747074 -1.628430 -0.829415
 -0.940574 -1.918769 -1.800862 -1.211829
 -1.038152 -1.787582 -1.745853 -1.190626
 -1.021905 -1.714062 -1.676762 -1.298356
 -1.690604 -1.691457 -1.603913 -0.843428
 -1.019239 -1.887650 -1.572787 -1.272119
 -1.086321 -1.737310 -1.544576 -1.297738
 -1.110467 -1.743041 -1.470058 -1.325405
 -1.712162 -1.590752 -1.417081 -0.985288
 -0.941031 -1.887025 -1.680517 -1.302045
 -1.041087 -1.704307 -1.547967 -1.376935
 -1.028783 -1.676771 -1.563698 -1.401526
 -1.634496 -1.618547 -1.441478 -0.993752
 -0.880266 -1.910523 -1.722503 -1.352063
 -0.955934 -1.720077 -1.743937 -1.340695
 -0.913797 -1.744326 -1.746445 -1.386911
 -1.548119 -1.652898 -1.544983 -0.960915
 -0.904783 -1.851769 -1.608199 -1.434799
 -0.923485 -1.837868 -1.549590 -1.463711
 -0.919781 -1.811465 -1.680923 -1.379212
 -1.473710 -1.663898 -1.454310 -1.055653
 -0.851349 -1.933965 -1.828090 -1.317264
 -0.919050 -1.892190 -1.679191 -1.332427
 -0.937820 -1.692308 -1.698416 -1.421083
 -1.467298 -1.692108 -1.592683 -0.962486
 -0.895958 -2.093877 -1.879976 -1.152072
 -0.921853 -1.936996 -1.883479 -1.184098
 -0.966872 -1.892191 -1.860249 -1.160420
 -1.583825 -1.922995 -1.801660 -0.726460
 -1.145187 -2.002526 -1.770101 -0.976769
 -1.133535 -1.935499 -1.869166 -0.968895
 -1.261753 -1.715252 -1.883695 -0.954779
 -1.767996 -1.992826 -1.926015 -0.602780
 -19.109016 -19.109016 -19.109016 0.000000
 -18.518080 -18.518080 -18.518080 0.000000
 -18.601418 -18.601418 -18.601418 0.000000
 -19.636898 -19.636898 -19.636898 0.000000
 -1.386294 -1.386294 -1.386294 -1.386294
 -1.386294 -1.386294 -1.386294 -1.386294
 -1.386294 -1.386294 -1.386294 -1.386294
 -20.457371 -20.457371 -20.457371 0.000000
 -1.386294 -1.386294 -1.386294 -1.386294
 -1.386294 -1.386294 -1.386294 -1.386294
 -1.386294 -1.386294 -1.386294 -1.386294
 -1.750309 -1.323349 -1.177309 -1.378601
 -0.343904 -18.707062 -1.234421 -18.707062
 -0.415165 -19.134022 -1.079490 -19.134022
 -0.563434 -19.280062 -0.842230 -19.280062
 -0.905654 -19.078770 -0.517980 -19.078770
 0.000000 -19.906052 -19.906052 -19.906052
 -1.386294 -1.386294 -1.386294 -1.386294
 0.000000 -19.598906 -19.598906 -19.598906
 -1.386294 -1.386294 -1.386294 -1.386294
 -20.457371 -20.457371 0.000000 -20.457371
 -1.386294 -1.386294 -1.386294 -1.386294
 -1.386294 -1.386294 -1.386294 -1.386294
 -1.386294 -1.386294 -1.386294 -1.386294
 -1.386294 -1.386294 -1.386294 -1.386294
 -1.386294 -1.386294 -1.386294 -1.386294
 -1.043439 -1.574404 -1.805896 -1.286266
 -1.386294 -1.386294 -1.386294 -1.386294
 -0.789495 -2.020474 -1.874175 -1.347644
 -1.009085 -1.664594 -2.106833 -1.125292
 -0.928351 -1.706138 -2.059010 -1.218581
 -1.521101 -1.971883 -1.703899 -0.775743
 -0.903999 -1.994252 -1.636117 -1.331038
 -1.040918 -1.863839 -1.471001 -1.339036
 -1.012295 -1.734485 -1.665231 -1.305718
 -1.601785 -1.769508 -1.502752 -0.902561
