 -0.987387 0.000100 0.000100 0.000100
 -2.017464 0.000100 0.000100 0.000100
 -2.184518 0.000100 0.000100 0.000100
 -0.962527 0.000100 0.000100 0.000100
 -0.791667 -2.036881 -2.019489 -1.259652
 -0.890974 -2.005331 -2.105414 -1.098613
 -1.032655 -1.791758 -2.317848 -0.970780
 -1.441354 -1.735345 -1.993919 -0.796526
 -0.750164 -2.077034 -2.472929 -1.145477
 -0.830678 -1.721649 -2.479331 -1.198402
 -0.922936 -1.926236 -2.126905 -1.085455
 -1.453953 -1.796443 -1.948249 -0.781009
 -0.665873 -2.359471 -2.244402 -1.252763
 -0.913471 -2.085105 -2.691237 -0.899484
 -0.908570 -1.458615 -2.780361 -1.196251
 -1.436009 -1.927602 -2.138911 -0.695460
 -0.664606 -2.029485 -2.523502 -1.294839
 -0.801362 -1.648658 -2.651954 -1.243194
 -0.830350 -1.766440 -2.682723 -1.124589
 -1.420119 -1.600608 -1.952584 -0.880359
 -0.721752 -2.108045 -2.419824 -1.191756
 -0.954513 -1.966111 -2.590262 -0.916291
 -0.928977 -1.734600 -2.833202 -0.994935
 -1.399099 -1.739703 -2.236139 -0.753454
 -0.794770 -2.384501 -2.313883 -1.029170
 -0.854991 -1.826850 -2.214613 -1.188764
 -0.990400 -1.609437 -2.456728 -1.070442
 -1.336338 -1.844342 -2.194999 -0.759916
 -0.780159 -2.098133 -2.484905 -1.091692
 -0.861898 -1.749199 -2.442342 -1.149579
 -0.852779 -2.095968 -2.858100 -0.932821
 -1.562521 -1.594270 -1.967985 -0.803860
 -0.707746 -1.948328 -2.693659 -1.213682
 -0.775840 -1.807759 -2.843845 -1.147403
 -0.770440 -2.023199 -2.310879 -1.184873
 -1.278709 -1.763217 -1.932635 -0.903017
 -0.558557 -2.149645 -2.630616 -1.429591
 -0.518140 -2.213751 -2.376269 -1.598568
 -0.548900 -2.045537 -3.367274 -1.352393
 -0.896586 -1.678964 -2.125250 -1.251520
 -0.000001 -15.623800 -15.623800 -15.623800
 -0.000002 -14.316288 -14.316288 -14.316288
 -0.000003 -13.845074 -13.845074 -13.845074
 -0.000001 -14.897317 -14.897317 -14.897317
 -0.601175 -2.118560 -2.790653 -1.308418
 -1.386294 -1.386294 -1.386294 -1.386294
 -1.386294 -1.386294 -1.386294 -1.386294
 -1.386294 -1.386294 -1.386294 -1.386294
 -0.772413 -1.966334 -2.659481 -1.114287
 -0.905710 -1.813264 -2.383806 -1.077560
 -0.944464 -2.197217 -2.484895 -0.875471
 -1.237113 -2.045329 -2.070021 -0.789089
 -0.767580 -2.290005 -2.577686 -1.025409
 -0.976723 -1.476678 -2.379542 -1.195776
 -1.210404 -2.564941 -2.341799 -0.637060
 -1.616390 -2.119493 -1.959863 -0.615417
 -0.862488 -2.115250 -2.690612 -0.943027
 -0.951383 -1.885689 -2.143517 -1.064711
 -1.166435 -2.031429 -2.606789 -0.726485
 -1.442990 -1.996374 -1.926416 -0.729224
 -0.882826 -2.161230 -3.172827 -0.845555
 -1.036093 -1.998901 -2.404363 -0.869039
 -1.082988 -2.071595 -2.446286 -0.801137
 -1.396166 -1.969768 -2.154910 -0.699059
 -0.735935 -2.231847 -2.809923 -1.040146
 -0.834227 -1.805003 -2.384819 -1.173733
 -0.798509 -1.832579 -2.813398 -1.108664
 -1.279080 -1.767927 -2.212177 -0.817445
 -0.817710 -2.163998 -2.599315 -0.995958
 -0.789608 -2.023559 -2.856462 -1.031922
 -0.774827 -2.322381 -2.427741 -1.041455
 -1.153048 -1.853212 -2.038354 -0.922936
 -0.699620 -2.153052 -4.062584 -0.994543
 -0.589079 -2.047690 -2.404363 -1.488077
 -0.615188 -2.224619 -2.917758 -1.213023
 -0.915160 -2.179286 -2.262667 -0.961411
 -0.000001 -15.527506 -15.527506 -15.527506
 -0.000002 -14.122998 -14.122998 -14.122998
 -0.000004 -13.514411 -13.514411 -13.514411
 -0.000001 -15.224056 -15.224056 -15.224056
 -16.277660 -16.277660 -16.277660 -0.000000
 -1.386294 -1.386294 -1.386294 -1.386294
 -1.386294 -1.386294 -1.386294 -1.386294
 -1.386294 -1.386294 -1.386294 -1.386294
 -1.386294 -1.386294 -1.386294 -1.386294
 -1.386294 -1.386294 -1.386294 -1.386294
 -1.386294 -1.386294 -1.386294 -1.386294
 -16.277660 -16.277660 -16.277660 -0.000000
 -1.386294 -1.386294 -1.386294 -1.386294
 -1.386294 -1.386294 -1.386294 -1.386294
 -1.386294 -1.386294 -1.386294 -1.386294
 -16.277660 -16.277660 -16.277660 -0.000000
 -1.386294 -1.386294 -1.386294 -1.386294
 -1.386294 -1.386294 -1.386294 -1.386294
 -1.386294 -1.386294 -1.386294 -1.386294
 -16.277660 -16.277660 -16.277660 -0.000000
 -1.386294 -1.386294 -1.386294 -1.386294
 -1.386294 -1.386294 -1.386294 -1.386294
 -1.386294 -1.386294 -1.386294 -1.386294
 -0.000000 -16.277660 -16.277660 -16.277660
 -16.277660 -16.277660 -0.000000 -16.277660
 -1.386294 -1.386294 -1.386294 -1.386294
 -1.386294 -1.386294 -1.386294 -1.386294
 -1.386294 -1.386294 -1.386294 -1.386294
 -1.386294 -1.386294 -1.386294 -1.386294
 -1.386294 -1.386294 -1.386294 -1.386294
 -0.870876 -2.104475 -1.063433 -2.169480
 -1.386294 -1.386294 -1.386294 -1.386294
 -1.060646 -1.865710 -1.947948 -1.031658
 -1.201645 -1.827349 -1.743968 -1.011602
 -1.175573 -1.609438 -1.943443 -1.055128
 -1.602002 -2.064624 -1.208961 -0.985818
 -1.040085 -1.433989 -2.028695 -1.284777
 -0.979139 -1.569631 -1.950998 -1.294220
 -0.945203 -1.434049 -2.127194 -1.370870
 -1.678772 -1.513693 -1.440361 -1.031536
 -0.971204 0.000100 0.000100 0.000100
 -2.100179 0.000100 0.000100 0.000100
 -1.945203 0.000100 0.000100 0.000100
 -1.032880 0.000100 0.000100 0.000100
 -0.640360 -2.498075 -2.239214 -1.258386
 -0.822559 -2.017795 -1.752093 -1.369102
 -0.797409 -2.172771 -2.217223 -1.118613
 -1.645879 -2.046202 -2.015897 -0.607463
 -0.588887 -2.332326 -2.225080 -1.427422
 -0.916292 -1.824548 -2.335371 -1.073134
 -1.110041 -1.912386 -1.874646 -0.996097
 -1.620695 -2.094479 -2.007467 -0.607381
 -0.815668 -2.176643 -1.828337 -1.260353
 -1.184555 -1.701810 -1.609437 -1.165507
 -1.127940 -1.821086 -1.626930 -1.145959
 -1.620590 -1.862602 -1.923971 -0.691301
 -0.823820 -2.155778 -2.012677 -1.165381
 -1.009141 -2.135150 -1.786844 -1.050527
 -1.102932 -1.709067 -2.079440 -1.015921
 -1.696277 -1.665818 -1.840171 -0.757560
 -0.883139 -1.794009 -2.003729 -1.253887
 -1.225612 -1.472472 -1.695615 -1.225612
 -1.255182 -1.526056 -1.482571 -1.307367
 -1.878268 -1.890390 -1.484925 -0.755846
 -0.962201 -1.761454 -1.571697 -1.433547
 -1.194720 -1.593627 -1.633632 -1.207965
 -1.408767 -1.748274 -1.408767 -1.087563
 -1.718790 -1.654252 -1.398319 -0.961105
 -0.849050 -1.831925 -2.030775 -1.269971
 -1.000173 -1.693319 -1.613276 -1.390133
 -1.173201 -1.534214 -1.477861 -1.398873
 -1.536756 -1.657120 -1.589679 -0.940984
 -0.660712 -2.112963 -1.816232 -1.609438
 -1.245216 -1.232144 -1.791759 -1.371256
 -0.868750 -1.412861 -1.849578 -1.716047
 -1.431811 -1.852091 -1.492436 -0.969188
 -0.428588 -2.413249 -2.073743 -2.014902
 -0.585517 -2.020600 -1.586965 -2.243742
 -0.625197 -2.500652 -1.760987 -1.556193
 -1.235254 -1.688575 -1.577349 -1.145909
 -0.000000 -15.807487 -15.807487 -15.807487
 -0.000002 -14.352006 -14.352006 -14.352006
 -0.000001 -14.690981 -14.690981 -14.690981
 -0.000001 -14.805053 -14.805053 -14.805053
 -0.652240 -2.401440 -2.184566 -1.287324
 -1.386294 -1.386294 -1.386294 -1.386294
 -1.386294 -1.386294 -1.386294 -1.386294
 -1.386294 -1.386294 -1.386294 -1.386294
 -0.525884 -2.297164 -2.523691 -1.477266
 -1.138459 -1.673975 -2.143976 -0.980830
 -1.117661 -2.124463 -1.773066 -0.958031
 -1.511799 -1.905703 -2.115998 -0.672842
 -0.851651 -2.261111 -2.245607 -1.012823
 -1.175802 -1.832580 -1.945908 -0.945279
 -1.168571 -1.861716 -1.906168 -0.954162
 -1.530689 -1.991030 -2.054543 -0.656030
 -0.994543 -1.772589 -2.270835 -1.030050
 -1.321756 -1.529395 -1.791758 -1.049823
 -1.464412 -1.415622 -1.626930 -1.110241
 -1.763588 -1.753832 -1.773440 -0.722135
 -0.950002 -1.999823 -1.848592 -1.138054
 -1.106246 -1.511711 -1.908591 -1.202706
 -1.266948 -1.532650 -1.777772 -1.098613
 -1.566878 -1.709979 -1.618171 -0.886310
 -0.788458 -1.760317 -2.224622 -1.326682
 -0.995200 -1.787875 -1.597832 -1.344383
 -1.027995 -1.816451 -1.573506 -1.300639
 -1.595617 -1.826141 -1.278948 -1.027634
 -0.815195 -2.092289 -1.588384 -1.470601
 -0.880611 -1.791759 -1.989584 -1.265667
 -0.769134 -1.708238 -2.021895 -1.500599
 -1.429885 -1.512406 -1.534146 -1.125025
 -0.744538 -1.958982 -1.589235 -1.715004
 -0.676754 -1.878019 -1.727737 -1.825375
 -0.720763 -1.885513 -1.677875 -1.742413
 -1.122905 -1.883874 -1.472579 -1.226446
 -0.000001 -15.649692 -15.649692 -15.649692
 -0.000002 -14.552676 -14.552676 -14.552676
 -0.000001 -14.869823 -14.869823 -14.869823
 -0.000001 -14.883665 -14.883665 -14.883665
 -16.463812 -16.463812 -16.463812 -0.000000
 -1.386294 -1.386294 -1.386294 -1.386294
 -1.386294 -1.386294 -1.386294 -1.386294
 -1.386294 -1.386294 -1.386294 -1.386294
 -1.386294 -1.386294 -1.386294 -1.386294
 -1.386294 -1.386294 -1.386294 -1.386294
 -1.386294 -1.386294 -1.386294 -1.386294
 -16.463812 -16.463812 -16.463812 -0.000000
 -1.386294 -1.386294 -1.386294 -1.386294
 -1.386294 -1.386294 -1.386294 -1.386294
 -1.386294 -1.386294 -1.386294 -1.386294
 -16.463812 -16.463812 -16.463812 -0.000000
 -1.386294 -1.386294 -1.386294 -1.386294
 -1.386294 -1.386294 -1.386294 -1.386294
 -1.386294 -1.386294 -1.386294 -1.386294
 -16.463812 -16.463812 -16.463812 -0.000000
 -1.386294 -1.386294 -1.386294 -1.386294
 -1.386294 -1.386294 -1.386294 -1.386294
 -1.386294 -1.386294 -1.386294 -1.386294
 -0.000000 -16.463812 -16.463812 -16.463812
 -16.463812 -16.463812 -0.000000 -16.463812
 -1.386294 -1.386294 -1.386294 -1.386294
 -1.386294 -1.386294 -1.386294 -1.386294
 -1.386294 -1.386294 -1.386294 -1.386294
 -1.386294 -1.386294 -1.386294 -1.386294
 -1.386294 -1.386294 -1.386294 -1.386294
 -1.105002 -1.539738 -1.811053 -1.234877
 -1.386294 -1.386294 -1.386294 -1.386294
 -0.845164 -1.928960 -1.844403 -1.320155
 -1.357024 -2.187371 -2.417894 -0.613867
 -1.111685 -1.299283 -2.264361 -1.222910
 -1.423473 -2.029608 -1.714528 -0.803658
 -0.795088 -2.040559 -2.057653 -1.235295
 -1.154966 -1.627871 -1.892563 -1.085007
 -1.150171 -1.464663 -1.737956 -1.285972
 -1.366166 -2.016752 -1.522735 -0.932127
