 -1.062937 0.000100 0.000100 0.000100
 -1.992161 0.000100 0.000100 0.000100
 -2.004066 0.000100 0.000100 0.000100
 -0.958745 0.000100 0.000100 0.000100
 -0.796433 -2.016071 -2.274932 -1.161284
 -1.035555 -1.633391 -2.239524 -1.069456
 -0.974860 -1.716795 -2.633081 -0.990860
 -1.435927 -1.886648 -1.781288 -0.816208
 -0.704871 -2.169636 -2.300255 -1.233143
 -0.888048 -2.166451 -2.424278 -0.953431
 -0.862566 -2.328898 -2.397891 -0.942609
 -1.303603 -1.891389 -2.062346 -0.797551
 -0.664516 -2.134892 -2.464370 -1.265289
 -0.759398 -2.484901 -2.651954 -0.972319
 -0.847299 -1.999975 -2.251288 -1.106160
 -1.485029 -1.989585 -2.105416 -0.663672
 -0.709815 -2.023201 -2.468511 -1.233325
 -0.834227 -1.979356 -2.315826 -1.111858
 -0.920365 -1.816450 -2.732733 -0.983544
 -1.411612 -1.856297 -2.113342 -0.735707
 -0.754570 -2.145398 -2.240709 -1.182920
 -1.132514 -2.057461 -1.727220 -0.988265
 -0.660888 -2.406120 -3.417705 -1.019832
 -1.350539 -1.855869 -2.019194 -0.794472
 -0.800189 -1.948072 -2.353536 -1.160993
 -1.098613 -1.868719 -2.197222 -0.913210
 -0.777706 -2.001478 -2.599311 -1.105393
 -1.292155 -1.939492 -2.155200 -0.764289
 -0.688790 -2.235048 -2.571519 -1.157056
 -0.919105 -2.046287 -2.186049 -1.022901
 -0.952368 -1.953813 -2.446286 -0.952368
 -1.282616 -1.746577 -2.501854 -0.762741
 -0.660492 -2.100406 -2.845737 -1.194338
 -0.849227 -1.821086 -2.755389 -1.058948
 -0.892762 -2.014900 -3.044506 -0.892762
 -1.194967 -1.789673 -2.259676 -0.853581
 -0.649121 -2.304543 -2.904162 -1.130424
 -0.603378 -1.902659 -3.406723 -1.306677
 -0.829724 -1.978342 -2.240704 -1.142098
 -1.066036 -1.881785 -2.164647 -0.945408
 -0.677288 -1.926560 -2.806917 -1.251875
 -0.620828 -2.130732 -2.772581 -1.268512
 -0.594059 -2.484898 -2.954894 -1.163152
 -0.910356 -1.835562 -2.351374 -1.070442
 -0.663295 -2.069391 -2.649208 -1.245216
 -0.648697 -2.079439 -2.462429 -1.320337
 -0.851052 -1.923684 -2.542716 -1.054650
 -1.027517 -1.735478 -2.251290 -1.020191
 -0.811805 -2.018405 -2.611468 -1.050822
 -0.769432 -1.880311 -2.537087 -1.187166
 -0.930820 -1.466337 -2.447159 -1.243194
 -1.264490 -1.930485 -2.004593 -0.825939
 -0.770109 -2.472635 -2.752219 -0.944462
 -1.019832 -1.743749 -2.376269 -0.989979
 -0.850152 -2.197220 -2.564942 -0.955513
 -1.379694 -2.038354 -1.957008 -0.740614
 -0.717620 -2.336106 -2.456734 -1.109662
 -0.849600 -1.980999 -2.143517 -1.148093
 -0.752741 -3.004018 -2.397889 -0.945644
 -1.405788 -1.959515 -2.206923 -0.685455
 -0.732368 -2.510880 -2.682730 -0.995177
 -0.919794 -1.743968 -2.397890 -1.091644
 -0.888457 -2.517690 -2.740831 -0.812950
 -1.451892 -1.945910 -2.079441 -0.697124
 -0.566290 -2.645729 -2.975970 -1.169825
 -0.646002 -2.032292 -2.491822 -1.339148
 -0.841569 -2.450999 -3.367274 -0.802348
 -1.438887 -1.801292 -2.206757 -0.718125
 -0.544932 -2.399868 -3.009632 -1.272684
 -0.919676 -1.739115 -2.799979 -1.008229
 -0.861141 -1.802120 -2.628791 -1.078205
 -1.384243 -1.831555 -2.256437 -0.724433
 -0.555748 -2.812117 -2.844907 -1.177203
 -0.984854 -2.116253 -2.167546 -0.937601
 -0.995429 -2.123888 -2.324557 -0.884204
 -1.536867 -1.879357 -2.313395 -0.628609
 -1.221745 -2.104133 -3.425884 -0.596360
 -2.182295 -1.671472 -2.405437 -0.495902
 -1.425515 -2.246490 -2.564941 -0.550048
 -2.768672 -2.060023 -2.623491 -0.304822
 -14.590240 -14.590240 -0.000001 -14.590240
 -14.291747 -14.291747 -0.000002 -14.291747
 -13.500805 -13.500805 -0.000004 -13.500805
 -15.879839 -15.879839 -0.000000 -15.879839
 -1.386294 -1.386294 -1.386294 -1.386294
 -1.386294 -1.386294 -1.386294 -1.386294
 -16.332401 -16.332401 -16.332401 -0.000000
 -1.386294 -1.386294 -1.386294 -1.386294
 -1.386294 -1.386294 -1.386294 -1.386294
 -1.386294 -1.386294 -1.386294 -1.386294
 -1.386294 -1.386294 -1.386294 -1.386294
 -16.332401 -16.332401 -16.332401 -0.000000
 -1.386294 -1.386294 -1.386294 -1.386294
 -1.386294 -1.386294 -1.386294 -1.386294
 -1.386294 -1.386294 -1.386294 -1.386294
 -16.332401 -0.000000 -16.332401 -16.332401
 -1.386294 -1.386294 -1.386294 -1.386294
 -0.000000 -16.332401 -16.332401 -16.332401
 -1.386294 -1.386294 -1.386294 -1.386294
 -1.386294 -1.386294 -1.386294 -1.386294
 -16.332401 -16.332401 -0.000000 -16.332401
 -1.386294 -1.386294 -1.386294 -1.386294
 -1.386294 -1.386294 -1.386294 -1.386294
 -1.386294 -1.386294 -1.386294 -1.386294
 -1.386294 -1.386294 -1.386294 -1.386294
 -1.386294 -1.386294 -1.386294 -1.386294
 -0.767690 -2.285778 -1.074688 -2.377127
 -1.386294 -1.386294 -1.386294 -1.386294
 -0.947199 -2.243495 -2.036881 -0.979092
 -1.007642 -2.003066 -1.891841 -1.052093
 -1.164570 -1.756912 -2.155551 -0.917474
 -1.911716 -2.179979 -1.449095 -0.684491
 -0.935615 -1.717993 -1.704748 -1.400752
 -1.338666 -1.573505 -1.732570 -1.039424
 -1.285651 -1.398129 -2.091274 -1.041455
 -1.534304 -1.469765 -1.644969 -1.017780
 -1.201872 0.000100 0.000100 0.000100
 -1.651635 0.000100 0.000100 0.000100
 -1.640025 0.000100 0.000100 0.000100
 -1.159453 0.000100 0.000100 0.000100
 -1.017372 -1.908696 -1.590658 -1.250396
 -1.085954 -1.655048 -1.671855 -1.260757
 -1.072718 -1.729716 -1.689131 -1.217708
 -1.775666 -1.581285 -1.565635 -0.877157
 -0.983845 -1.799433 -1.647686 -1.315866
 -0.995628 -1.781641 -1.592631 -1.351866
 -1.118272 -1.494391 -1.494391 -1.494391
 -1.662266 -1.553969 -1.488697 -0.985594
 -0.884909 -1.797143 -1.842700 -1.335270
 -1.033216 -1.688513 -1.649292 -1.319910
 -0.985971 -1.643671 -1.643671 -1.425515
 -1.606656 -1.610134 -1.559190 -0.943467
 -1.014985 -1.935522 -1.636206 -1.208899
 -1.106334 -1.626059 -1.789564 -1.185824
 -1.014319 -1.701496 -1.725593 -1.284196
 -1.748684 -1.532681 -1.581630 -0.905347
 -1.003179 -1.830385 -1.618273 -1.292092
 -1.084208 -1.793994 -1.484734 -1.313143
 -1.038240 -1.661183 -1.559218 -1.403611
 -1.691765 -1.573982 -1.410863 -1.008805
 -0.941068 -1.788366 -1.772237 -1.299736
 -1.061368 -1.627456 -1.767502 -1.248864
 -1.056168 -1.545995 -1.646079 -1.401165
 -1.583778 -1.544557 -1.547768 -0.997845
 -0.966203 -1.885022 -1.669502 -1.275440
 -1.031487 -1.635686 -1.736330 -1.299974
 -1.031572 -1.575356 -1.691831 -1.376591
 -1.605348 -1.549135 -1.562080 -0.975380
 -1.041347 -1.792400 -1.610079 -1.270863
 -0.985515 -1.650170 -1.661469 -1.407004
 -1.069291 -1.705279 -1.383111 -1.495085
 -1.685725 -1.595386 -1.359697 -1.035296
 -0.978380 -1.768618 -1.715170 -1.296166
 -0.949814 -1.796165 -1.770019 -1.284016
 -1.026186 -1.587066 -1.689481 -1.376389
 -1.573045 -1.681848 -1.471817 -0.975380
 -0.971504 -1.821556 -1.821556 -1.210867
 -1.013843 -1.706990 -1.804154 -1.233905
 -1.060404 -1.750516 -1.703170 -1.211015
 -1.664716 -1.661125 -1.514685 -0.913911
 -0.955772 -1.971612 -1.585015 -1.304502
 -1.127940 -1.732291 -1.580946 -1.225395
 -1.114255 -1.729441 -1.531615 -1.279162
 -1.784946 -1.475285 -1.401954 -1.028998
 -0.947748 -1.736923 -1.881241 -1.259046
 -1.037922 -1.609438 -1.786188 -1.279371
 -1.080330 -1.470960 -1.741389 -1.364396
 -1.641337 -1.536667 -1.533566 -0.979717
 -1.033544 -1.927158 -1.499519 -1.289324
 -1.024647 -1.712254 -1.685004 -1.290350
 -1.105438 -1.784980 -1.473924 -1.301553
 -1.859512 -1.564347 -1.339288 -0.986191
 -0.959155 -1.831708 -1.595549 -1.371027
 -1.103247 -1.575344 -1.569773 -1.373658
 -1.093279 -1.571830 -1.493439 -1.458348
 -1.665103 -1.383624 -1.570757 -1.043350
 -0.908955 -1.799824 -1.816151 -1.312760
 -0.962623 -1.787830 -1.590910 -1.398176
 -0.902352 -1.662108 -1.617212 -1.578930
 -1.673490 -1.620447 -1.522122 -0.925457
 -0.787498 -1.967142 -1.741427 -1.470146
 -0.884560 -1.728211 -1.794024 -1.413819
 -0.923128 -1.736700 -1.567359 -1.523126
 -1.682291 -1.674686 -1.507632 -0.903246
 -0.931427 -1.815857 -1.553761 -1.461624
 -0.965537 -1.611874 -1.636566 -1.491385
 -1.057369 -1.714798 -1.588604 -1.315198
 -1.686399 -1.561236 -1.389932 -1.033257
 -0.867590 -1.832111 -1.918053 -1.298028
 -1.068340 -1.708597 -1.684644 -1.238594
 -1.027379 -1.652404 -1.677096 -1.333507
 -1.601256 -1.612430 -1.516098 -0.969197
 -0.930148 -2.131540 -1.944077 -1.067896
 -1.025145 -1.809859 -1.941436 -1.096373
 -0.946854 -2.045465 -1.916254 -1.091946
 -1.729911 -1.812799 -1.381604 -0.895685
 -16.573620 -16.573620 -0.000000 -16.573620
 -15.759992 -15.759992 -0.000000 -15.759992
 -15.976533 -15.976533 -0.000000 -15.976533
 -16.688511 -16.688511 -0.000000 -16.688511
 -1.386294 -1.386294 -1.386294 -1.386294
 -1.386294 -1.386294 -1.386294 -1.386294
 -17.709980 -17.709980 -17.709980 -0.000000
 -1.386294 -1.386294 -1.386294 -1.386294
 -1.386294 -1.386294 -1.386294 -1.386294
 -1.386294 -1.386294 -1.386294 -1.386294
 -1.386294 -1.386294 -1.386294 -1.386294
 -17.709980 -17.709980 -17.709980 -0.000000
 -1.386294 -1.386294 -1.386294 -1.386294
 -1.386294 -1.386294 -1.386294 -1.386294
 -1.386294 -1.386294 -1.386294 -1.386294
 -17.709980 0.000000 -17.709980 -17.709980
 -1.386294 -1.386294 -1.386294 -1.386294
 0.000000 -17.709980 -17.709980 -17.709980
 -1.386294 -1.386294 -1.386294 -1.386294
 -1.386294 -1.386294 -1.386294 -1.386294
 -17.709980 -17.709980 0.000000 -17.709980
 -1.386294 -1.386294 -1.386294 -1.386294
 -1.386294 -1.386294 -1.386294 -1.386294
 -1.386294 -1.386294 -1.386294 -1.386294
 -1.386294 -1.386294 -1.386294 -1.386294
 -1.386294 -1.386294 -1.386294 -1.386294
 -1.063612 -1.610049 -1.728851 -1.282197
 -1.386294 -1.386294 -1.386294 -1.386294
 -0.717015 -2.108151 -1.769601 -1.514449
 -1.046047 -1.833345 -1.795841 -1.130690
 -1.002469 -1.629126 -2.259929 -1.100909
 -1.600672 -1.870336 -1.547562 -0.840717
 -0.903924 -1.913084 -1.611136 -1.395385
 -1.036092 -1.816250 -1.760011 -1.169623
 -0.941209 -1.812379 -1.643629 -1.373176
 -1.491088 -1.785402 -1.567596 -0.919805
