 -1.027944 0.000100 0.000100 0.000100
 -2.029826 0.000100 0.000100 0.000100
 -2.147078 0.000100 0.000100 0.000100
 -0.931214 0.000100 0.000100 0.000100
 -0.635468 -2.157402 -2.491175 -1.302413
 -0.815195 -1.848667 -2.686992 -1.102877
 -0.935616 -1.908346 -2.084236 -1.093840
 -1.527760 -1.943077 -2.176170 -0.641996
 -0.687265 -2.064799 -2.408272 -1.272123
 -1.062245 -1.365927 -2.448536 -1.162328
 -0.960094 -2.120261 -1.986730 -1.021652
 -1.465856 -1.796098 -2.146580 -0.720947
 -0.671902 -2.049227 -2.472710 -1.287088
 -1.053855 -1.459319 -2.214985 -1.171638
 -0.887304 -1.797120 -2.186584 -1.170666
 -1.477409 -1.828460 -2.157484 -0.702197
 -0.697696 -2.189688 -2.274245 -1.246730
 -1.067841 -1.711716 -2.079440 -1.047840
 -1.263692 -1.688574 -2.170411 -0.871131
 -1.338666 -1.690370 -2.443108 -0.762576
 -0.866917 -1.926167 -2.231549 -1.118752
 -1.033185 -1.361689 -2.419476 -1.207538
 -1.109663 -1.515127 -2.639052 -0.969901
 -1.661200 -1.812749 -2.024593 -0.663906
 -0.919856 -1.912661 -2.399675 -1.013382
 -1.237113 -1.788609 -2.357702 -0.803075
 -1.093549 -1.412003 -2.392828 -1.108817
 -1.725294 -1.526056 -2.320985 -0.680604
 -1.012092 -1.901714 -2.281203 -0.954334
 -1.251289 -1.651613 -2.424801 -0.835568
 -1.159607 -1.492312 -1.762602 -1.238079
 -1.781450 -1.729003 -2.206333 -0.608730
 -15.352379 -0.468715 -0.982982 -15.352379
 -14.966084 -0.472539 -0.976619 -14.966084
 -14.488457 -0.507431 -0.921407 -14.488457
 -15.909842 -0.478910 -0.966159 -15.909842
 -1.386294 -1.386294 -1.386294 -1.386294
 -0.000000 -16.221556 -16.221556 -16.221556
 -0.000001 -15.732434 -15.732434 -15.732434
 -1.386294 -1.386294 -1.386294 -1.386294
 -0.000000 -16.699753 -16.699753 -16.699753
 -1.386294 -1.386294 -1.386294 -1.386294
 -1.386294 -1.386294 -1.386294 -1.386294
 -1.386294 -1.386294 -1.386294 -1.386294
 -0.654228 -2.118774 -2.779881 -1.210891
 -1.386294 -1.386294 -1.386294 -1.386294
 -1.386294 -1.386294 -1.386294 -1.386294
 -1.386294 -1.386294 -1.386294 -1.386294
 -0.776062 -2.153053 -2.903358 -0.997454
 -0.882002 -2.003341 -2.537421 -0.988612
 -1.020652 -1.876315 -2.630080 -0.880890
 -1.274575 -2.200983 -2.200983 -0.695025
 -0.886292 -2.070978 -2.948695 -0.893189
 -1.070833 -1.834931 -2.183236 -0.954574
 -1.191703 -1.814231 -2.708042 -0.762141
 -1.530966 -1.994700 -2.230422 -0.615934
 -0.896975 -2.309701 -2.443233 -0.901332
 -1.058607 -1.740057 -2.004749 -1.070442
 -1.014963 -2.295892 -2.701354 -0.755452
 -1.454772 -1.759785 -2.200840 -0.726178
 -0.764935 -2.206144 -2.749758 -1.020074
 -1.258617 -1.578784 -2.216870 -0.914348
 -1.171885 -1.956838 -2.036880 -0.871131
 -1.682077 -1.382480 -2.296235 -0.771281
 -0.758430 -1.997398 -2.955651 -1.067503
 -0.846313 -1.574550 -2.109473 -1.416327
 -1.023650 -1.982498 -2.478932 -0.869500
 -1.277188 -1.577773 -2.019605 -0.962237
 -0.688646 -2.093067 -3.132488 -1.106160
 -0.580936 -2.130733 -2.302583 -1.505641
 -0.512660 -2.112962 -2.806104 -1.515127
 -1.105064 -2.063492 -2.243284 -0.830822
 -0.636794 -3.081425 -2.624667 -1.042259
 -0.530629 -2.913249 -2.140064 -1.427871
 -0.664575 -2.624661 -2.529352 -1.098613
 -0.903089 -2.934519 -1.981416 -0.907196
 -15.993666 -15.993666 -15.993666 -0.000000
 -13.732133 -13.732133 -13.732133 -0.000003
 -14.403299 -14.403299 -14.403299 -0.000002
 -15.662390 -15.662390 -15.662390 -0.000000
 -1.386294 -1.386294 -1.386294 -1.386294
 -1.386294 -1.386294 -1.386294 -1.386294
 -1.386294 -1.386294 -1.386294 -1.386294
 -16.699753 -16.699753 -16.699753 -0.000000
 -1.386294 -1.386294 -1.386294 -1.386294
 -1.386294 -1.386294 -1.386294 -1.386294
 -1.386294 -1.386294 -1.386294 -1.386294
 -16.699753 -16.699753 -16.699753 -0.000000
 -1.386294 -1.386294 -1.386294 -1.386294
 -1.386294 -1.386294 -1.386294 -1.386294
 -1.386294 -1.386294 -1.386294 -1.386294
 -16.699753 -16.699753 -16.699753 -0.000000
 -1.386294 -1.386294 -1.386294 -1.386294
 -1.386294 -1.386294 -1.386294 -1.386294
 -1.386294 -1.386294 -1.386294 -1.386294
 -16.699753 -0.000000 -16.699753 -16.699753
 -1.386294 -1.386294 -1.386294 -1.386294
 -0.000000 -16.699753 -16.699753 -16.699753
 -1.386294 -1.386294 -1.386294 -1.386294
 -1.386294 -1.386294 -1.386294 -1.386294
 -16.699753 -16.699753 -0.000000 -16.699753
 -1.386294 -1.386294 -1.386294 -1.386294
 -1.386294 -1.386294 -1.386294 -1.386294
 -1.386294 -1.386294 -1.386294 -1.386294
 -1.386294 -1.386294 -1.386294 -1.386294
 -1.386294 -1.386294 -1.386294 -1.386294
 -0.857410 -1.684277 -1.439679 -1.876284
 -1.386294 -1.386294 -1.386294 -1.386294
 -1.094668 -1.676175 -1.734162 -1.198280
 -1.230424 -1.542455 -1.976493 -1.034451
 -1.221420 -1.405343 -2.360852 -1.006309
 -1.899555 -1.502254 -1.243680 -1.080529
 -1.011601 -1.365241 -2.028534 -1.388230
 -0.965081 -1.700787 -1.807759 -1.300165
 -0.964246 -1.480936 -2.011563 -1.356638
 -1.468580 -1.270568 -1.521027 -1.307157
 -1.183354 0.000100 0.000100 0.000100
 -2.014902 0.000100 0.000100 0.000100
 -1.969093 0.000100 0.000100 0.000100
 -0.865519 0.000100 0.000100 0.000100
 -0.608407 -2.505520 -2.425478 -1.252763
 -0.826681 -1.856294 -2.772570 -1.067842
 -0.803498 -1.806794 -2.007463 -1.371479
 -1.811759 -2.363826 -2.089390 -0.479955
 -0.759638 -2.251289 -2.308447 -1.116312
 -0.860204 -2.341793 -2.159475 -1.006807
 -0.887306 -1.629238 -2.140057 -1.292769
 -1.960579 -1.357584 -2.236831 -0.702904
 -0.804374 -2.028146 -2.315826 -1.132061
 -0.647687 -1.889395 -1.889395 -1.746295
 -1.098614 -1.629238 -2.140057 -1.041456
 -1.696925 -1.755765 -1.818285 -0.730486
 -1.062895 -2.061421 -2.110211 -0.901254
 -0.929538 -1.765782 -1.386294 -1.691674
 -1.466336 -1.776489 -1.466336 -0.996335
 -1.791758 -1.826850 -1.981000 -0.626457
 -1.237612 -1.617100 -1.579360 -1.186318
 -1.199418 -1.245938 -1.987870 -1.294728
 -1.312187 -1.137834 -1.648657 -1.523495
 -2.030169 -1.599387 -1.677348 -0.734391
 -1.305533 -1.537334 -1.839613 -1.035244
 -1.192139 -1.284512 -1.828125 -1.351203
 -1.849576 -0.905119 -2.090736 -1.156433
 -1.297347 -1.509908 -2.011998 -0.988612
 -1.488077 -2.112228 -2.112228 -0.630629
 -1.268512 -2.018814 -1.673975 -0.920206
 -1.143065 -1.526055 -1.749197 -1.238375
 -1.634916 -1.634916 -1.572396 -0.910022
 -13.972518 -0.719124 -0.667831 -13.972518
 -13.567055 -0.667832 -0.719125 -13.567055
 -13.641162 -0.934311 -0.498994 -13.641162
 -14.513647 -0.884465 -0.532622 -14.513647
 -1.386294 -1.386294 -1.386294 -1.386294
 -0.000002 -14.571634 -14.571634 -14.571634
 -0.000001 -14.797590 -14.797590 -14.797590
 -1.386294 -1.386294 -1.386294 -1.386294
 -0.000001 -15.384128 -15.384128 -15.384128
 -1.386294 -1.386294 -1.386294 -1.386294
 -1.386294 -1.386294 -1.386294 -1.386294
 -1.386294 -1.386294 -1.386294 -1.386294
 -0.549769 -2.436115 -2.203493 -1.491655
 -1.386294 -1.386294 -1.386294 -1.386294
 -1.386294 -1.386294 -1.386294 -1.386294
 -1.386294 -1.386294 -1.386294 -1.386294
 -0.718744 -2.256720 -3.226115 -0.999045
 -1.172722 -2.128221 -1.791755 -0.904460
 -0.925772 -1.572395 -2.178523 -1.262243
 -1.686398 -2.197220 -2.736210 -0.448027
 -0.897942 -2.351372 -2.602685 -0.859721
 -1.270463 -1.963604 -2.097134 -0.784958
 -1.488076 -2.335355 -2.047681 -0.600781
 -2.017367 -1.847469 -2.135150 -0.525715
 -1.059998 -2.071595 -2.010971 -0.932165
 -1.019833 -1.712976 -2.164956 -1.066353
 -1.001451 -2.100052 -1.945904 -1.001451
 -1.937712 -1.038715 -2.402016 -0.887892
 -0.950483 -2.140062 -2.071070 -0.994935
 -1.252763 -1.888750 -0.928977 -1.783390
 -0.974562 -1.572395 -2.583980 -1.079922
 -2.106251 -1.457557 -1.604160 -0.810931
 -0.841894 -1.676689 -1.978968 -1.410987
 -0.882391 -1.470176 -1.693318 -1.757856
 -0.980831 -2.564941 -1.033474 -1.648657
 -1.448426 -1.585627 -1.556639 -1.051546
 -0.629359 -2.122259 -1.684006 -1.822156
 -0.831735 -2.363202 -1.351609 -1.552279
 -0.892762 -1.881369 -2.169049 -1.127601
 -1.148623 -2.039593 -2.039593 -0.860942
 -0.783662 -2.629483 -2.293013 -0.993733
 -0.539000 -4.094251 -1.609436 -1.609436
 -0.810932 -2.784996 -1.996550 -1.027155
 -1.378690 -3.083424 -1.186318 -0.923955
 -14.503647 -14.503647 -14.503647 -0.000002
 -12.506192 -12.506192 -12.506192 -0.000011
 -13.641162 -13.641162 -13.641162 -0.000004
 -14.346141 -14.346141 -14.346141 -0.000002
 -1.386294 -1.386294 -1.386294 -1.386294
 -1.386294 -1.386294 -1.386294 -1.386294
 -1.386294 -1.386294 -1.386294 -1.386294
 -15.384128 -15.384128 -15.384128 -0.000001
 -1.386294 -1.386294 -1.386294 -1.386294
 -1.386294 -1.386294 -1.386294 -1.386294
 -1.386294 -1.386294 -1.386294 -1.386294
 -15.384128 -15.384128 -15.384128 -0.000001
 -1.386294 -1.386294 -1.386294 -1.386294
 -1.386294 -1.386294 -1.386294 -1.386294
 -1.386294 -1.386294 -1.386294 -1.386294
 -15.384128 -15.384128 -15.384128 -0.000001
 -1.386294 -1.386294 -1.386294 -1.386294
 -1.386294 -1.386294 -1.386294 -1.386294
 -1.386294 -1.386294 -1.386294 -1.386294
 -15.384128 -0.000001 -15.384128 -15.384128
 -1.386294 -1.386294 -1.386294 -1.386294
 -0.000001 -15.384128 -15.384128 -15.384128
 -1.386294 -1.386294 -1.386294 -1.386294
 -1.386294 -1.386294 -1.386294 -1.386294
 -15.384128 -15.384128 -0.000001 -15.384128
 -1.386294 -1.386294 -1.386294 -1.386294
 -1.386294 -1.386294 -1.386294 -1.386294
 -1.386294 -1.386294 -1.386294 -1.386294
 -1.386294 -1.386294 -1.386294 -1.386294
 -1.386294 -1.386294 -1.386294 -1.386294
 -0.880482 -1.500957 -1.984131 -1.491655
 -1.386294 -1.386294 -1.386294 -1.386294
 -0.898856 -1.443157 -2.348863 -1.342061
 -1.238842 -1.453953 -1.964776 -1.089311
 -1.624704 -1.356442 -1.704746 -1.011603
 -1.637608 -1.791758 -1.280934 -1.018571
 -0.693149 -1.764729 -2.211015 -1.517870
 -0.424336 -2.370237 -2.726908 -1.677095
 -0.719818 -2.133503 -2.133503 -1.286211
 -1.353718 -1.798403 -1.583292 -0.991929
