 -1.170164 0.000100 0.000100 0.000100
 -1.554408 0.000100 0.000100 0.000100
 -2.094530 0.000100 0.000100 0.000100
 -1.034958 0.000100 0.000100 0.000100
 -0.723082 -1.702070 -2.743521 -1.316408
 -1.059998 -1.246875 -2.279235 -1.332642
 -1.359626 -1.500704 -1.906168 -0.989880
 -1.338285 -1.461664 -1.979246 -1.000539
 -0.780376 -1.681162 -2.400283 -1.328341
 -1.004302 -1.305407 -2.836878 -1.190631
 -1.091008 -1.507901 -1.879463 -1.237612
 -1.383659 -1.689041 -2.130872 -0.807638
 -0.628029 -2.005664 -2.930610 -1.278616
 -0.992854 -1.654251 -2.158155 -1.131004
 -0.950483 -1.560247 -1.945908 -1.345136
 -1.440084 -1.676473 -2.209770 -0.762853
 -0.650947 -2.132550 -2.426311 -1.303603
 -0.997143 -1.477728 -2.437501 -1.153489
 -0.856188 -1.636344 -2.647937 -1.172040
 -1.355740 -1.452903 -2.086626 -0.956467
 -0.651819 -2.190914 -2.472326 -1.263368
 -0.971861 -1.432385 -2.512302 -1.197985
 -0.928977 -1.643628 -2.006532 -1.282616
 -1.257944 -1.864079 -2.220754 -0.793639
 -0.603067 -2.000660 -2.789115 -1.362002
 -0.775840 -1.552867 -2.351372 -1.457557
 -0.676054 -2.188637 -2.114529 -1.352393
 -1.193434 -1.970663 -2.252514 -0.793360
 -0.530256 -2.225554 -3.067119 -1.358744
 -1.027350 -1.532897 -2.397891 -1.092947
 -0.722137 -1.881369 -2.351369 -1.321756
 -1.268511 -1.484734 -2.454133 -0.900787
 -0.584076 -2.262506 -2.955651 -1.250906
 -0.678185 -1.604425 -2.654242 -1.509115
 -0.904458 -1.791757 -3.044502 -0.965083
 -1.075265 -1.768412 -2.253918 -0.959193
 -0.734707 -1.762114 -3.446449 -1.149440
 -0.758068 -1.797489 -2.274411 -1.336145
 -0.765470 -1.621133 -2.662576 -1.318853
 -1.150466 -1.755201 -2.346069 -0.879734
 -0.783004 -1.868876 -2.837125 -1.108426
 -1.060872 -1.405712 -2.079440 -1.260001
 -0.955513 -2.159478 -2.277260 -0.922724
 -1.239241 -1.738735 -2.240213 -0.848124
 -0.759306 -1.685075 -2.980394 -1.218053
 -0.977660 -1.304056 -2.456732 -1.321756
 -0.781010 -2.726908 -2.881056 -0.866168
 -1.424035 -1.557566 -2.218277 -0.821402
 -0.772815 -1.891131 -2.837725 -1.112218
 -1.022117 -1.286809 -2.431938 -1.286809
 -0.759107 -2.463845 -2.597374 -0.987948
 -1.436969 -1.775423 -1.817982 -0.842603
 -0.784338 -2.107349 -2.942145 -0.996238
 -0.861483 -1.532650 -2.270247 -1.353959
 -0.804853 -1.867743 -2.247231 -1.228666
 -1.419394 -1.609438 -2.003341 -0.859779
 -0.711166 -2.391220 -2.737495 -1.042198
 -0.764244 -1.734600 -2.227075 -1.386294
 -0.642718 -2.807669 -2.961818 -1.015922
 -1.354546 -1.883389 -2.161021 -0.745169
 -0.824340 -2.756326 -3.357097 -0.769781
 -0.985284 -1.544899 -2.445681 -1.118816
 -0.983951 -2.033768 -2.187917 -0.959258
 -1.489954 -1.935028 -2.435802 -0.611255
 -0.715180 -2.173299 -3.250854 -1.026236
 -0.868501 -1.784789 -3.171071 -0.992554
 -1.315677 -1.841767 -2.460800 -0.717842
 -1.681094 -1.965606 -2.967756 -0.474268
 -1.014820 -2.071758 -3.255523 -0.748644
 -1.201930 -1.726453 -3.014299 -0.749946
 -1.495493 -1.757855 -2.961804 -0.594711
 -2.209118 -2.163998 -3.016208 -0.319722
 -14.801329 -14.801329 -14.801329 -0.000001
 -14.260199 -14.260199 -14.260199 -0.000002
 -13.217681 -13.217681 -13.217681 -0.000005
 -15.793750 -15.793750 -15.793750 -0.000000
 -1.386294 -1.386294 -1.386294 -1.386294
 -1.386294 -1.386294 -1.386294 -1.386294
 -1.386294 -1.386294 -1.386294 -1.386294
 -16.302082 -0.000000 -16.302082 -16.302082
 -1.386294 -1.386294 -1.386294 -1.386294
 -16.302082 -16.302082 -16.302082 -0.000000
 -1.386294 -1.386294 -1.386294 -1.386294
 -1.386294 -1.386294 -1.386294 -1.386294
 -1.386294 -1.386294 -1.386294 -1.386294
 -1.386294 -1.386294 -1.386294 -1.386294
 -1.386294 -1.386294 -1.386294 -1.386294
 -16.302082 -16.302082 -16.302082 -0.000000
 -1.386294 -1.386294 -1.386294 -1.386294
 -1.386294 -1.386294 -1.386294 -1.386294
 -1.386294 -1.386294 -1.386294 -1.386294
 -1.428782 -0.670120 -1.391299 -16.302082
 -14.873302 -0.000001 -14.873302 -14.873302
 -15.631964 -0.000001 -15.631964 -15.631964
 -14.910785 -0.000001 -14.910785 -14.910785
 -1.386294 -1.386294 -1.386294 -1.386294
 -1.386294 -1.386294 -1.386294 -1.386294
 -0.000000 -16.302082 -16.302082 -16.302082
 -1.386294 -1.386294 -1.386294 -1.386294
 -1.386294 -1.386294 -1.386294 -1.386294
 -16.302082 -16.302082 -0.000000 -16.302082
 -1.386294 -1.386294 -1.386294 -1.386294
 -1.386294 -1.386294 -1.386294 -1.386294
 -1.386294 -1.386294 -1.386294 -1.386294
 -1.386294 -1.386294 -1.386294 -1.386294
 -1.386294 -1.386294 -1.386294 -1.386294
 -0.822646 -1.961843 -1.239540 -2.035496
 -1.386294 -1.386294 -1.386294 -1.386294
 -1.059610 -1.736496 -2.064403 -1.048741
 -1.279751 -2.185457 -1.994403 -0.747873
 -1.090029 -1.725068 -2.241283 -0.969401
 -1.367366 -1.529885 -1.590509 -1.124421
 -0.941145 -1.353254 -2.151761 -1.447565
 -1.147884 -1.405712 -1.599868 -1.445718
 -0.894518 -1.572396 -2.124463 -1.331235
 -1.800728 -1.128060 -1.561498 -1.199519
 -1.257083 0.000100 0.000100 0.000100
 -1.554917 0.000100 0.000100 0.000100
 -1.742969 0.000100 0.000100 0.000100
 -1.110755 0.000100 0.000100 0.000100
 -0.893818 -1.579585 -1.791759 -1.522426
 -1.144550 -1.630057 -1.609437 -1.252763
 -0.931180 -1.649644 -1.529016 -1.624326
 -1.802285 -1.340250 -1.445611 -1.085608
 -0.992129 -1.849578 -1.923686 -1.121341
 -1.146815 -1.446919 -1.609437 -1.398129
 -0.887304 -1.540445 -1.758698 -1.601069
 -1.911151 -1.333074 -1.696741 -0.903511
 -0.936094 -1.888751 -1.783391 -1.243007
 -0.974159 -1.688811 -1.803880 -1.297945
 -0.933858 -1.565635 -1.902106 -1.391282
 -1.841116 -1.355609 -1.576008 -0.976119
 -1.174598 -1.662301 -1.580063 -1.219449
 -1.146974 -1.622397 -1.539015 -1.307904
 -1.190986 -1.406097 -1.654558 -1.347828
 -1.774952 -1.606617 -1.358437 -0.986495
 -1.036092 -1.824549 -1.609438 -1.259236
 -1.049220 -1.683870 -1.857141 -1.177601
 -1.214444 -1.282498 -1.653357 -1.450833
 -1.800198 -1.377926 -1.629240 -0.950483
 -1.048082 -1.558907 -1.665879 -1.386294
 -1.063927 -1.780063 -1.803593 -1.134545
 -1.094036 -1.433251 -2.052289 -1.210108
 -1.724439 -1.452505 -1.592863 -0.956069
 -1.016762 -1.670062 -1.624253 -1.374598
 -1.047521 -1.729239 -1.339042 -1.562185
 -1.195876 -1.561810 -1.634130 -1.228666
 -2.013541 -1.486521 -1.416725 -0.921756
 -1.080094 -1.728389 -2.033770 -1.044054
 -1.164862 -1.626679 -1.928959 -1.060872
 -1.121869 -1.672700 -1.421386 -1.405637
 -1.666254 -1.113254 -1.928618 -1.087052
 -1.077747 -1.585627 -1.998471 -1.141696
 -1.091094 -1.502192 -1.729582 -1.331235
 -1.037055 -1.686398 -1.578185 -1.370546
 -1.846718 -1.469908 -1.704748 -0.842852
 -1.271225 -1.618626 -1.530334 -1.187844
 -1.279322 -1.729239 -1.543137 -1.106710
 -1.323013 -1.304321 -1.361479 -1.579732
 -1.810108 -1.191070 -1.622510 -1.093431
 -0.979627 -1.752816 -1.711994 -1.306530
 -1.386294 -1.784641 -1.540445 -1.000061
 -1.234994 -1.500101 -1.536469 -1.305945
 -1.912387 -1.320336 -1.644123 -0.936378
 -1.211807 -1.657392 -1.495751 -1.246096
 -1.238579 -1.609437 -1.974896 -0.990399
 -1.170072 -1.403686 -1.733165 -1.319603
 -1.839768 -1.428854 -1.760987 -0.844698
 -1.136878 -1.585828 -1.602635 -1.298146
 -1.008664 -1.430390 -1.533930 -1.712622
 -0.955512 -1.726619 -1.445718 -1.599868
 -1.670681 -1.386294 -1.357024 -1.189231
 -0.939891 -2.076529 -1.794678 -1.146383
 -0.777705 -1.531476 -1.819158 -1.819158
 -0.933289 -1.616956 -1.655423 -1.526805
 -1.741497 -1.453815 -1.410643 -1.058203
 -0.983278 -1.824060 -1.765219 -1.226223
 -0.950977 -1.564986 -2.026330 -1.299283
 -1.094098 -1.636962 -2.140064 -1.041454
 -1.785328 -1.517064 -1.531879 -0.924388
 -1.322443 -1.836710 -1.215023 -1.282033
 -1.202479 -1.495149 -1.622982 -1.280038
 -1.098613 -1.473306 -1.543923 -1.496295
 -1.536080 -1.708692 -1.388922 -1.037525
 -1.101844 -1.676129 -1.804746 -1.151605
 -1.320625 -1.734600 -1.613973 -1.028715
 -1.220309 -1.185624 -1.711716 -1.519826
 -1.788831 -1.806530 -1.940061 -0.644497
 -14.927369 -14.927369 -14.927369 -0.000001
 -14.695139 -14.695139 -14.695139 -0.000001
 -14.488457 -14.488457 -14.488457 -0.000002
 -15.248212 -15.248212 -15.248212 -0.000001
 -1.386294 -1.386294 -1.386294 -1.386294
 -1.386294 -1.386294 -1.386294 -1.386294
 -1.386294 -1.386294 -1.386294 -1.386294
 -16.266516 -0.000000 -16.266516 -16.266516
 -1.386294 -1.386294 -1.386294 -1.386294
 -16.266516 -16.266516 -16.266516 -0.000000
 -1.386294 -1.386294 -1.386294 -1.386294
 -1.386294 -1.386294 -1.386294 -1.386294
 -1.386294 -1.386294 -1.386294 -1.386294
 -1.386294 -1.386294 -1.386294 -1.386294
 -1.386294 -1.386294 -1.386294 -1.386294
 -16.266516 -16.266516 -16.266516 -0.000000
 -1.386294 -1.386294 -1.386294 -1.386294
 -1.386294 -1.386294 -1.386294 -1.386294
 -1.386294 -1.386294 -1.386294 -1.386294
 -1.662548 -0.588477 -1.365816 -16.266516
 -14.603970 -0.000001 -14.603970 -14.603970
 -15.678040 -0.000001 -15.678040 -15.678040
 -14.900702 -0.000001 -14.900702 -14.900702
 -1.386294 -1.386294 -1.386294 -1.386294
 -1.386294 -1.386294 -1.386294 -1.386294
 -0.000000 -16.266516 -16.266516 -16.266516
 -1.386294 -1.386294 -1.386294 -1.386294
 -1.386294 -1.386294 -1.386294 -1.386294
 -16.266516 -16.266516 -0.000000 -16.266516
 -1.386294 -1.386294 -1.386294 -1.386294
 -1.386294 -1.386294 -1.386294 -1.386294
 -1.386294 -1.386294 -1.386294 -1.386294
 -1.386294 -1.386294 -1.386294 -1.386294
 -1.386294 -1.386294 -1.386294 -1.386294
 -1.181245 -1.622453 -1.685537 -1.170071
 -1.386294 -1.386294 -1.386294 -1.386294
 -0.781181 -1.764056 -1.983109 -1.456090
 -1.129657 -1.562521 -2.101516 -1.064275
 -0.745666 -2.038432 -2.235141 -1.243504
 -1.491655 -1.555370 -2.124903 -0.810931
 -1.084428 -1.645805 -1.518466 -1.386294
 -0.991845 -2.142414 -1.623622 -1.156600
 -1.112698 -1.743968 -1.466337 -1.325259
 -1.745950 -1.568616 -1.306252 -1.060294
