 -1.005522 0.000100 0.000100 0.000100
 -2.004879 0.000100 0.000100 0.000100
 -2.264098 0.000100 0.000100 0.000100
 -0.927488 0.000100 0.000100 0.000100
 -0.768371 -2.129971 -2.377806 -1.125046
 -1.015547 -1.753143 -2.446286 -0.972987
 -0.896090 -1.812377 -2.100057 -1.183771
 -1.590845 -1.687472 -2.395216 -0.653721
 -0.644653 -2.191031 -3.066496 -1.149579
 -0.919676 -1.596014 -2.224620 -1.236013
 -1.156433 -1.849576 -2.090736 -0.905119
 -1.593933 -1.507991 -2.261762 -0.752146
 -0.699154 -2.314631 -2.200222 -1.226174
 -0.736499 -1.609437 -3.026494 -1.299283
 -1.039425 -2.209488 -1.698667 -1.039425
 -1.472803 -1.999823 -2.178071 -0.649898
 -0.753772 -2.164162 -2.188855 -1.195605
 -0.849991 -1.642227 -2.255328 -1.293921
 -1.004204 -1.437066 -2.312529 -1.213924
 -1.345583 -1.881544 -1.997057 -0.795128
 -0.820207 -2.034989 -2.429642 -1.076140
 -1.163151 -1.332227 -2.330752 -1.119666
 -1.080914 -2.010446 -2.153545 -0.889859
 -1.703256 -1.788778 -2.317621 -0.593775
 -0.696498 -2.404604 -2.756001 -1.056053
 -1.000375 -2.210208 -2.335371 -0.853771
 -1.045125 -1.945907 -2.112959 -0.955513
 -1.332492 -1.943400 -2.460089 -0.678185
 -0.840519 -1.694595 -2.947354 -1.101532
 -1.239691 -1.600703 -2.028145 -0.974999
 -1.233954 -1.425009 -1.884538 -1.150573
 -1.678079 -1.732147 -2.543075 -0.583864
 -14.845132 -14.845132 -14.845132 -0.000001
 -14.386493 -14.386493 -14.386493 -0.000002
 -13.554151 -13.554151 -13.554151 -0.000004
 -15.224056 -15.224056 -15.224056 -0.000001
 -1.386294 -1.386294 -1.386294 -1.386294
 -1.386294 -1.386294 -1.386294 -1.386294
 -1.386294 -1.386294 -1.386294 -1.386294
 -0.000000 -16.059406 -16.059406 -16.059406
 -0.000000 -16.059406 -16.059406 -16.059406
 -1.386294 -1.386294 -1.386294 -1.386294
 -1.386294 -1.386294 -1.386294 -1.386294
 -1.386294 -1.386294 -1.386294 -1.386294
 -0.728769 -2.069942 -2.937042 -1.083875
 -1.386294 -1.386294 -1.386294 -1.386294
 -1.386294 -1.386294 -1.386294 -1.386294
 -1.386294 -1.386294 -1.386294 -1.386294
 -0.754322 -2.150004 -2.752999 -1.051393
 -1.411828 -1.688080 -2.140062 -0.790141
 -1.514127 -1.272967 -3.218834 -0.776532
 -1.474732 -1.833365 -2.331202 -0.665325
 -0.827116 -2.126397 -2.571081 -1.002469
 -1.113002 -1.574346 -2.051268 -1.091496
 -1.691674 -1.765782 -2.384814 -0.593067
 -1.525556 -1.880590 -2.059638 -0.688160
 -0.933683 -2.268682 -2.674145 -0.833600
 -1.149165 -1.820331 -2.557925 -0.812694
 -1.396245 -2.050167 -2.823348 -0.572071
 -1.441446 -1.725697 -2.166008 -0.753467
 -0.818074 -2.083005 -2.930299 -0.965526
 -0.840131 -1.638636 -2.226420 -1.323556
 -1.597602 -1.945907 -1.791757 -0.717247
 -1.469379 -1.618591 -2.323298 -0.746962
 -0.827626 -1.972756 -2.877209 -1.000897
 -0.922522 -1.555043 -2.136963 -1.297215
 -0.969402 -1.980998 -3.079593 -0.828324
 -1.282462 -1.725314 -2.336222 -0.803326
 -0.717101 -2.326536 -2.827310 -1.035554
 -0.643756 -3.270821 -2.290003 -1.092304
 -0.528070 -2.747256 -2.747256 -1.265667
 -1.148623 -2.578590 -2.445059 -0.653302
 -15.228934 -2.234402 -2.257392 -0.237850
 -13.487012 -1.974077 -1.711715 -0.384849
 -13.500805 -2.681007 -1.517870 -0.339219
 -15.168766 -2.294862 -1.588977 -0.363714
 -1.386294 -1.386294 -1.386294 -1.386294
 -13.795312 -13.795312 -13.795312 -0.000003
 -14.227623 -14.227623 -14.227623 -0.000002
 -15.752813 -15.752813 -15.752813 -0.000000
 -1.386294 -1.386294 -1.386294 -1.386294
 -1.386294 -1.386294 -1.386294 -1.386294
 -1.386294 -1.386294 -1.386294 -1.386294
 -16.059406 -16.059406 -16.059406 -0.000000
 -1.386294 -1.386294 -1.386294 -1.386294
 -1.386294 -1.386294 -1.386294 -1.386294
 -1.386294 -1.386294 -1.386294 -1.386294
 -16.059406 -16.059406 -16.059406 -0.000000
 -1.386294 -1.386294 -1.386294 -1.386294
 -1.386294 -1.386294 -1.386294 -1.386294
 -1.386294 -1.386294 -1.386294 -1.386294
 -16.059406 -16.059406 -16.059406 -0.000000
 -1.386294 -1.386294 -1.386294 -1.386294
 -1.386294 -1.386294 -1.386294 -1.386294
 -1.386294 -1.386294 -1.386294 -1.386294
 -16.059406 -0.000000 -16.059406 -16.059406
 -1.386294 -1.386294 -1.386294 -1.386294
 -0.000000 -16.059406 -16.059406 -16.059406
 -1.386294 -1.386294 -1.386294 -1.386294
 -1.386294 -1.386294 -1.386294 -1.386294
 -16.059406 -16.059406 -0.000000 -16.059406
 -1.386294 -1.386294 -1.386294 -1.386294
 -1.386294 -1.386294 -1.386294 -1.386294
 -1.386294 -1.386294 -1.386294 -1.386294
 -1.386294 -1.386294 -1.386294 -1.386294
 -1.386294 -1.386294 -1.386294 -1.386294
 -0.901031 -1.596793 -1.424116 -1.893239
 -1.386294 -1.386294 -1.386294 -1.386294
 -1.006393 -1.853690 -1.591326 -1.294075
 -1.281982 -1.514603 -1.818285 -1.077887
 -0.994134 -1.761388 -1.869601 -1.190844
 -1.960093 -1.623622 -1.266948 -0.966844
 -0.906241 -1.474224 -1.865090 -1.550597
 -0.955512 -1.728700 -1.492312 -1.546379
 -0.924477 -1.604017 -1.749199 -1.477266
 -1.654820 -1.323464 -1.376108 -1.237522
 -1.186805 0.000100 0.000100 0.000100
 -1.858897 0.000100 0.000100 0.000100
 -2.552040 0.000100 0.000100 0.000100
 -0.774274 0.000100 0.000100 0.000100
 -0.672098 -2.058380 -2.463837 -1.285199
 -1.791751 -1.386294 -2.484873 -0.693156
 -0.875482 -1.791743 -2.484840 -1.098621
 -1.429466 -1.960090 -2.183231 -0.679164
 -0.693151 -2.302573 -2.302573 -1.203974
 -0.875475 -2.079425 -2.484873 -0.980835
 -2.707977 -1.321758 -2.014880 -0.628623
 -1.401798 -1.871798 -2.228469 -0.708654
 -0.655411 -2.564932 -2.341793 -1.178656
 -1.145136 -1.704741 -1.992415 -1.011607
 -0.980838 -2.772514 -1.673968 -0.980838
 -1.760985 -1.593932 -1.961654 -0.724899
 -0.840786 -2.545514 -1.734598 -1.159238
 -1.011607 -1.145136 -2.397863 -1.481603
 -0.798517 -2.302555 -1.897107 -1.203976
 -1.712976 -1.625965 -1.471816 -0.932822
 -0.916294 -2.813385 -2.525712 -0.776532
 -1.021656 -1.272967 -2.120246 -1.427116
 -0.624162 -2.639022 -1.945899 -1.386294
 -1.533929 -1.629238 -2.322376 -0.712954
 -0.711500 -2.215564 -2.621021 -1.116963
 -1.299284 -2.397863 -1.481603 -0.893825
 -1.673968 -0.980838 -2.772514 -0.980838
 -1.913645 -2.031426 -2.031426 -0.527359
 -0.916294 -2.014895 -2.014895 -1.098614
 -1.011607 -1.992415 -3.090961 -0.788466
 -1.098618 -2.197197 -1.504075 -1.098618
 -2.036876 -1.669155 -2.442336 -0.520538
 -12.923923 -12.923923 -12.923923 -0.000007
 -12.388411 -12.388411 -12.388411 -0.000012
 -12.043577 -12.043577 -12.043577 -0.000018
 -13.487012 -13.487012 -13.487012 -0.000004
 -1.386294 -1.386294 -1.386294 -1.386294
 -1.386294 -1.386294 -1.386294 -1.386294
 -1.386294 -1.386294 -1.386294 -1.386294
 -0.000002 -14.247295 -14.247295 -14.247295
 -0.000002 -14.247295 -14.247295 -14.247295
 -1.386294 -1.386294 -1.386294 -1.386294
 -1.386294 -1.386294 -1.386294 -1.386294
 -1.386294 -1.386294 -1.386294 -1.386294
 -0.788459 -2.146578 -2.397891 -1.085710
 -1.386294 -1.386294 -1.386294 -1.386294
 -1.386294 -1.386294 -1.386294 -1.386294
 -1.386294 -1.386294 -1.386294 -1.386294
 -0.814511 -2.302577 -2.456725 -0.990401
 -1.504075 -1.504075 -1.791748 -0.944470
 -0.693161 -1.945889 -2.638986 -1.252766
 -1.386294 -2.159475 -3.258054 -0.517261
 -1.062896 -1.299284 -2.908695 -1.116963
 -0.998536 -1.845814 -2.251263 -0.998536
 -1.098621 -1.098621 -2.484840 -1.386294
 -1.511457 -1.916918 -1.580449 -0.852214
 -0.916294 -2.420352 -2.197213 -0.916294
 -1.268513 -1.067844 -2.772551 -1.163153
 -1.203976 -1.897107 -12.206093 -0.597848
 -2.251282 -1.558143 -1.740463 -0.675759
 -1.360977 -1.584118 -2.054114 -0.890977
 -0.836254 -1.203975 -1.791753 -2.302565
 -1.223779 -1.223779 -2.140040 -1.223779
 -1.329136 -1.916918 -2.610056 -0.664163
 -0.737603 -1.526055 -2.219192 -1.631414
 -0.826684 -1.519824 -2.772551 -1.268513
 -1.446918 -1.446918 -2.140040 -0.887312
 -1.679640 -2.131620 -1.592629 -0.710245
 -1.098614 -1.852379 -2.140057 -0.936096
 -0.934314 -2.233573 -1.252765 -1.540443
 -0.559627 -2.351344 -2.351344 -1.435084
 -1.280935 -2.197215 -1.909537 -0.770112
 -13.217681 -1.810105 -1.522426 -0.480977
 -12.154800 -2.251263 -1.152684 -0.546556
 -12.388411 -1.568613 -1.098616 -0.780166
 -13.235700 -2.233583 -1.627455 -0.361795
 -1.386294 -1.386294 -1.386294 -1.386294
 -12.301401 -12.301401 -12.301401 -0.000014
 -12.821269 -12.821269 -12.821269 -0.000008
 -13.764221 -13.764221 -13.764221 -0.000003
 -1.386294 -1.386294 -1.386294 -1.386294
 -1.386294 -1.386294 -1.386294 -1.386294
 -1.386294 -1.386294 -1.386294 -1.386294
 -14.247295 -14.247295 -14.247295 -0.000002
 -1.386294 -1.386294 -1.386294 -1.386294
 -1.386294 -1.386294 -1.386294 -1.386294
 -1.386294 -1.386294 -1.386294 -1.386294
 -14.247295 -14.247295 -14.247295 -0.000002
 -1.386294 -1.386294 -1.386294 -1.386294
 -1.386294 -1.386294 -1.386294 -1.386294
 -1.386294 -1.386294 -1.386294 -1.386294
 -14.247295 -14.247295 -14.247295 -0.000002
 -1.386294 -1.386294 -1.386294 -1.386294
 -1.386294 -1.386294 -1.386294 -1.386294
 -1.386294 -1.386294 -1.386294 -1.386294
 -14.247295 -0.000002 -14.247295 -14.247295
 -1.386294 -1.386294 -1.386294 -1.386294
 -0.000002 -14.247295 -14.247295 -14.247295
 -1.386294 -1.386294 -1.386294 -1.386294
 -1.386294 -1.386294 -1.386294 -1.386294
 -14.247295 -14.247295 -0.000002 -14.247295
 -1.386294 -1.386294 -1.386294 -1.386294
 -1.386294 -1.386294 -1.386294 -1.386294
 -1.386294 -1.386294 -1.386294 -1.386294
 -1.386294 -1.386294 -1.386294 -1.386294
 -1.386294 -1.386294 -1.386294 -1.386294
 -0.760288 -1.741115 -1.992428 -1.510592
 -1.386294 -1.386294 -1.386294 -1.386294
 -0.721321 -3.178026 -1.791757 -1.185625
 -1.349927 -1.216398 -2.197206 -1.098616
 -1.252765 -2.351344 -1.658222 -0.847306
 -1.329137 -2.427727 -1.734596 -0.753777
 -0.516695 -2.433600 -2.097134 -1.645154
 -1.386294 -1.673968 -0.693160 -2.772514
 -1.139438 -1.272967 -3.218792 -1.021656
 -1.134982 -2.926713 -1.252764 -1.080915
