 -1.031779 0.000100 0.000100 0.000100
 -1.768503 0.000100 0.000100 0.000100
 -2.123537 0.000100 0.000100 0.000100
 -1.040066 0.000100 0.000100 0.000100
 -0.733855 -1.963953 -2.414538 -1.237068
 -0.932222 -1.774664 -1.960381 -1.217474
 -0.964569 -1.712978 -2.031431 -1.179680
 -1.433145 -1.603905 -1.955666 -0.870212
 -0.813263 -1.957966 -2.277599 -1.161820
 -0.909174 -1.623826 -2.456733 -1.157453
 -1.070778 -1.642227 -2.146131 -1.059082
 -1.296393 -1.603666 -2.181430 -0.885651
 -0.849082 -2.012232 -2.106543 -1.149343
 -0.993805 -1.437297 -2.800598 -1.104153
 -1.048488 -1.782456 -2.421534 -0.935160
 -1.300681 -1.706146 -2.242946 -0.821108
 -0.782673 -1.866292 -2.267303 -1.256915
 -1.051447 -1.615136 -2.200068 -1.076140
 -1.074859 -1.553348 -1.811177 -1.260001
 -1.565446 -1.708060 -2.162133 -0.703786
 -0.819385 -1.799107 -2.292387 -1.228178
 -1.034591 -1.563669 -2.368040 -1.074121
 -1.040745 -1.547562 -2.894630 -0.970950
 -1.433505 -1.719347 -1.978041 -0.811919
 -0.771031 -1.888511 -2.464933 -1.200138
 -0.883501 -1.692819 -2.400563 -1.164752
 -0.979323 -1.734600 -2.262666 -1.067430
 -1.532477 -1.589635 -2.076778 -0.788191
 -0.711342 -2.037344 -2.303972 -1.277334
 -1.050603 -1.545924 -2.683754 -0.997359
 -0.836249 -1.945909 -2.456732 -1.084428
 -1.212533 -1.580258 -2.241247 -0.940815
 -0.448573 -2.112735 -2.988202 -1.659804
 -0.525011 -1.980296 -2.981742 -1.515409
 -0.642886 -2.048980 -2.559803 -1.316615
 -0.894296 -1.710503 -1.941615 -1.321039
 -0.000000 -16.217035 -16.217035 -16.217035
 -0.000001 -14.900702 -14.900702 -14.900702
 -0.000002 -14.363634 -14.363634 -14.363634
 -0.000001 -15.356670 -15.356670 -15.356670
 -16.831045 -0.406937 -1.095675 -16.831045
 -1.386294 -1.386294 -1.386294 -1.386294
 -1.386294 -1.386294 -1.386294 -1.386294
 -1.386294 -1.386294 -1.386294 -1.386294
 -1.386294 -1.386294 -1.386294 -1.386294
 -0.935247 -1.749936 -2.308493 -1.095671
 -1.159054 -1.627190 -2.613005 -0.876056
 -1.386294 -1.386294 -1.386294 -1.386294
 -0.718912 -2.116255 -2.381958 -1.204419
 -1.093222 -1.494662 -2.512303 -1.023154
 -1.045969 -1.853059 -2.329981 -0.929897
 -1.606731 -1.816452 -1.931115 -0.709541
 -0.893026 -2.030719 -2.545173 -0.965259
 -1.210204 -1.714108 -2.373352 -0.847298
 -1.163151 -1.915137 -2.276149 -0.826679
 -1.540025 -2.021863 -2.041094 -0.647545
 -0.810529 -2.186050 -2.584397 -1.000825
 -0.944462 -1.585423 -2.330754 -1.174324
 -0.995150 -2.216362 -2.579265 -0.808564
 -1.446919 -1.818251 -2.077265 -0.739979
 -0.783492 -1.666682 -3.159196 -1.165203
 -1.122143 -1.548227 -2.241373 -1.034282
 -0.971168 -1.690289 -2.842963 -0.971168
 -1.402902 -1.574752 -2.427747 -0.779090
 -0.803782 -1.742764 -2.963264 -1.121835
 -0.810317 -1.718353 -2.676606 -1.180500
 -0.822826 -2.106838 -2.512300 -1.026921
 -1.298860 -1.794301 -2.226846 -0.791763
 -0.697036 -2.005888 -3.514781 -1.085759
 -0.642145 -1.948820 -2.749596 -1.318853
 -0.907018 -2.373350 -2.373350 -0.891751
 -1.114486 -2.103347 -2.266498 -0.807001
 -0.740803 -2.622173 -2.637922 -0.969917
 -0.594708 -2.856465 -2.674145 -1.133704
 -0.823601 -2.536572 -2.226420 -0.983231
 -0.908417 -2.740180 -2.166093 -0.873100
 -16.046600 -16.046600 -16.046600 -0.000000
 -14.144817 -14.144817 -14.144817 -0.000002
 -14.419828 -14.419828 -14.419828 -0.000002
 -15.878570 -15.878570 -15.878570 -0.000000
 -1.386294 -1.386294 -1.386294 -1.386294
 -1.386294 -1.386294 -1.386294 -1.386294
 -1.386294 -1.386294 -1.386294 -1.386294
 -16.831045 -16.831045 -16.831045 -0.000000
 -1.386294 -1.386294 -1.386294 -1.386294
 -1.386294 -1.386294 -1.386294 -1.386294
 -1.386294 -1.386294 -1.386294 -1.386294
 -16.831045 -16.831045 -16.831045 -0.000000
 -1.386294 -1.386294 -1.386294 -1.386294
 -1.386294 -1.386294 -1.386294 -1.386294
 -1.386294 -1.386294 -1.386294 -1.386294
 -16.831045 -16.831045 -16.831045 -0.000000
 -1.386294 -1.386294 -1.386294 -1.386294
 -1.386294 -1.386294 -1.386294 -1.386294
 -1.386294 -1.386294 -1.386294 -1.386294
 -16.831045 -0.000000 -16.831045 -16.831045
 -1.386294 -1.386294 -1.386294 -1.386294
 -0.000000 -16.831045 -16.831045 -16.831045
 -1.386294 -1.386294 -1.386294 -1.386294
 -1.386294 -1.386294 -1.386294 -1.386294
 -16.831045 -16.831045 -0.000000 -16.831045
 -1.386294 -1.386294 -1.386294 -1.386294
 -1.386294 -1.386294 -1.386294 -1.386294
 -1.386294 -1.386294 -1.386294 -1.386294
 -1.386294 -1.386294 -1.386294 -1.386294
 -1.386294 -1.386294 -1.386294 -1.386294
 -0.808360 -1.718072 -1.509238 -1.871312
 -1.386294 -1.386294 -1.386294 -1.386294
 -1.101918 -1.835611 -1.892364 -1.028520
 -1.229805 -1.683125 -1.895299 -0.989979
 -1.087587 -1.589679 -2.500548 -0.975669
 -1.638519 -1.878191 -1.227605 -1.022006
 -1.066964 -1.484180 -1.769501 -1.351536
 -1.022281 -1.447627 -1.676813 -1.522663
 -1.052943 -1.352601 -1.859417 -1.440708
 -1.656214 -1.391685 -1.333926 -1.213878
 -1.129795 0.000100 0.000100 0.000100
 -1.740466 0.000100 0.000100 0.000100
 -2.062049 0.000100 0.000100 0.000100
 -0.982781 0.000100 0.000100 0.000100
 -0.803044 -1.996964 -1.964174 -1.287289
 -1.203973 -1.696448 -1.897118 -1.003303
 -1.064712 -1.521469 -1.900956 -1.247033
 -1.783977 -1.738514 -1.807507 -0.708896
 -0.906722 -1.871801 -1.970241 -1.194404
 -1.040019 -1.980999 -1.662547 -1.142673
 -1.060873 -1.425515 -1.699950 -1.466337
 -1.807507 -1.484734 -1.831604 -0.800246
 -0.791418 -1.786844 -2.135150 -1.342914
 -1.046557 -1.542992 -2.477296 -1.046557
 -1.126012 -1.819157 -1.665007 -1.126012
 -1.812901 -1.787583 -1.525220 -0.794333
 -1.112797 -1.647720 -1.490091 -1.372308
 -1.073921 -1.290985 -1.954276 -1.420196
 -0.944463 -1.637608 -1.686398 -1.463255
 -1.966700 -1.334178 -1.731861 -0.868089
 -1.087974 -1.517536 -2.053053 -1.153572
 -1.043553 -1.603168 -1.603168 -1.405342
 -1.138459 -1.325670 -1.907589 -1.325670
 -1.455287 -1.979810 -1.913119 -0.731988
 -0.911518 -1.815973 -1.758814 -1.335001
 -0.942364 -1.616817 -2.204601 -1.199083
 -0.974561 -2.024378 -1.367602 -1.444563
 -1.292156 -1.985301 -1.713368 -0.897162
 -0.879627 -1.723596 -2.117499 -1.250691
 -0.844189 -1.376992 -1.964776 -1.728388
 -1.149906 -1.568615 -1.897118 -1.123931
 -1.568616 -1.711716 -1.424035 -0.993252
 -0.597441 -1.937213 -2.101516 -1.696052
 -0.946597 -1.496642 -1.639742 -1.639742
 -1.098613 -1.600703 -1.517322 -1.403994
 -1.400893 -1.189584 -1.595049 -1.400893
 -0.000001 -14.797590 -14.797590 -14.797590
 -0.000002 -14.214290 -14.214290 -14.214290
 -0.000002 -14.006134 -14.006134 -14.006134
 -0.000002 -14.200776 -14.200776 -14.200776
 -15.738298 -0.704912 -0.681519 -15.738298
 -1.386294 -1.386294 -1.386294 -1.386294
 -1.386294 -1.386294 -1.386294 -1.386294
 -1.386294 -1.386294 -1.386294 -1.386294
 -1.386294 -1.386294 -1.386294 -1.386294
 -1.140915 -1.779994 -1.994403 -0.978859
 -1.231318 -1.768901 -2.108768 -0.876626
 -1.386294 -1.386294 -1.386294 -1.386294
 -0.820547 -2.084236 -2.123456 -1.152680
 -0.969402 -1.809149 -2.045537 -1.116005
 -1.011602 -1.644122 -1.912384 -1.219241
 -1.576767 -1.751971 -2.168130 -0.682139
 -0.992806 -1.977657 -1.673976 -1.192139
 -1.225613 -1.983295 -1.600305 -1.002470
 -1.134981 -1.791757 -1.791757 -1.063522
 -1.780585 -1.675225 -1.544197 -0.842317
 -1.136765 -1.567547 -1.704747 -1.242125
 -0.829281 -1.810107 -1.756040 -1.481604
 -1.241714 -1.609437 -1.769779 -1.076634
 -1.504077 -1.679281 -1.617406 -0.934310
 -0.791418 -1.702287 -2.177709 -1.381380
 -1.046557 -1.697142 -2.236136 -1.025051
 -1.225364 -1.402295 -1.840548 -1.198696
 -1.422662 -1.604983 -1.748084 -0.957299
 -0.967815 -1.907360 -1.770160 -1.199616
 -1.113319 -1.485993 -1.587776 -1.423473
 -0.980831 -1.568615 -1.568615 -1.568615
 -1.596014 -1.470852 -1.574036 -1.020651
 -0.828693 -1.895555 -1.895555 -1.335941
 -0.961412 -2.079439 -1.616817 -1.223776
 -0.847299 -1.632252 -1.894615 -1.489151
 -1.524078 -1.594695 -1.874279 -0.853921
 -0.962037 -2.173125 -1.721141 -1.123305
 -0.626458 -2.450999 -2.114529 -1.352393
 -0.749238 -2.135527 -2.215569 -1.203973
 -1.122480 -2.717524 -1.830225 -0.802710
 -14.834359 -14.834359 -14.834359 -0.000001
 -13.384734 -13.384734 -13.384734 -0.000005
 -13.854735 -13.854735 -13.854735 -0.000003
 -14.682612 -14.682612 -14.682612 -0.000001
 -1.386294 -1.386294 -1.386294 -1.386294
 -1.386294 -1.386294 -1.386294 -1.386294
 -1.386294 -1.386294 -1.386294 -1.386294
 -15.738299 -15.738299 -15.738299 -0.000000
 -1.386294 -1.386294 -1.386294 -1.386294
 -1.386294 -1.386294 -1.386294 -1.386294
 -1.386294 -1.386294 -1.386294 -1.386294
 -15.738299 -15.738299 -15.738299 -0.000000
 -1.386294 -1.386294 -1.386294 -1.386294
 -1.386294 -1.386294 -1.386294 -1.386294
 -1.386294 -1.386294 -1.386294 -1.386294
 -15.738299 -15.738299 -15.738299 -0.000000
 -1.386294 -1.386294 -1.386294 -1.386294
 -1.386294 -1.386294 -1.386294 -1.386294
 -1.386294 -1.386294 -1.386294 -1.386294
 -15.738299 -0.000001 -15.738299 -15.738299
 -1.386294 -1.386294 -1.386294 -1.386294
 -0.000001 -15.738299 -15.738299 -15.738299
 -1.386294 -1.386294 -1.386294 -1.386294
 -1.386294 -1.386294 -1.386294 -1.386294
 -15.738299 -15.738299 -0.000000 -15.738299
 -1.386294 -1.386294 -1.386294 -1.386294
 -1.386294 -1.386294 -1.386294 -1.386294
 -1.386294 -1.386294 -1.386294 -1.386294
 -1.386294 -1.386294 -1.386294 -1.386294
 -1.386294 -1.386294 -1.386294 -1.386294
 -0.837599 -1.883567 -2.006169 -1.270463
 -1.386294 -1.386294 -1.386294 -1.386294
 -0.763106 -2.358153 -2.163997 -1.126011
 -0.930820 -1.648657 -1.936338 -1.312187
 -1.631416 -1.631416 -1.688574 -0.858229
 -1.593933 -1.999397 -1.760987 -0.714202
 -0.800393 -2.205733 -2.131625 -1.133099
 -0.760590 -1.688574 -2.219198 -1.430746
 -1.098613 -1.550597 -1.887067 -1.193923
 -1.374689 -1.965556 -1.637053 -0.885638
