 -1.081935 0.000100 0.000100 0.000100
 -1.775082 0.000100 0.000100 0.000100
 -2.225432 0.000100 0.000100 0.000100
 -0.958232 0.000100 0.000100 0.000100
 -0.685543 -1.984825 -2.523820 -1.277885
 -0.814755 -1.879464 -2.167145 -1.237611
 -1.186169 -1.562645 -2.073469 -1.023650
 -1.487355 -1.666695 -2.210806 -0.743288
 -0.716425 -2.088330 -2.404999 -1.212862
 -0.941708 -1.728186 -2.060319 -1.187380
 -0.903713 -1.927099 -2.290003 -1.055263
 -1.351448 -1.729884 -2.191919 -0.793791
 -0.712065 -2.443198 -2.280679 -1.138583
 -0.757965 -1.921114 -2.532021 -1.186004
 -0.831071 -2.049226 -2.454688 -1.050700
 -1.311930 -1.991831 -1.940538 -0.797113
 -0.694759 -2.272447 -2.499504 -1.153217
 -0.878754 -1.808288 -2.265044 -1.149044
 -0.822559 -2.157557 -2.514229 -1.010158
 -1.306928 -1.769169 -2.124372 -0.822420
 -0.726154 -1.980595 -2.415913 -1.241464
 -0.840999 -1.768338 -2.173802 -1.257514
 -1.092056 -1.468532 -2.458926 -1.053589
 -1.147403 -1.776011 -2.279915 -0.889321
 -0.846223 -2.023000 -2.517695 -1.027042
 -0.934310 -1.768228 -2.696212 -0.996830
 -0.883502 -1.791758 -3.064713 -0.985284
 -1.378690 -1.728892 -2.291198 -0.756160
 -0.784886 -2.136494 -2.637268 -1.037883
 -1.162328 -1.755391 -3.190468 -0.748130
 -1.180626 -1.953813 -2.646955 -0.733315
 -1.476109 -1.780478 -2.381817 -0.672297
 -15.446711 -1.301896 -2.031676 -0.516058
 -14.648421 -1.310945 -1.774517 -0.578268
 -13.963934 -1.198243 -2.674139 -0.463133
 -15.745583 -1.155344 -1.675429 -0.697511
 -1.386294 -1.386294 -1.386294 -1.386294
 -0.000001 -15.326233 -15.326233 -15.326233
 -0.000001 -14.703403 -14.703403 -14.703403
 -0.000000 -15.955577 -15.955577 -15.955577
 -16.553766 -16.553766 -16.553766 -0.000000
 -1.386294 -1.386294 -1.386294 -1.386294
 -1.386294 -1.386294 -1.386294 -1.386294
 -1.386294 -1.386294 -1.386294 -1.386294
 -1.386294 -1.386294 -1.386294 -1.386294
 -1.386294 -1.386294 -1.386294 -1.386294
 -1.386294 -1.386294 -1.386294 -1.386294
 -1.107057 -2.030220 -2.339479 -0.816931
 -0.824724 -2.211017 -2.407727 -1.016014
 -0.931180 -2.055108 -1.786844 -1.170072
 -0.876813 -1.959422 -2.295892 -1.072121
 -1.651297 -1.863055 -2.182689 -0.615699
 -0.895384 -1.989082 -3.117544 -0.890470
 -0.972887 -1.941135 -2.251289 -0.985626
 -1.004360 -2.056450 -2.257119 -0.913389
 -1.569814 -1.950411 -1.919320 -0.687177
 -0.873818 -2.104547 -2.849878 -0.909086
 -0.988612 -1.478818 -2.235141 -1.227504
 -0.841068 -2.302581 -2.510219 -0.948040
 -1.495382 -1.712052 -2.454796 -0.674401
 -0.931254 -1.990451 -2.823359 -0.891840
 -1.070778 -1.524444 -2.623053 -1.002570
 -1.027996 -2.327273 -1.978968 -0.900163
 -1.565635 -1.695093 -2.332890 -0.672467
 -0.906722 -1.605173 -3.509405 -1.006805
 -0.765469 -1.621134 -3.155057 -1.222227
 -0.996334 -1.923093 -2.159481 -0.996334
 -1.442941 -1.783101 -2.288195 -0.704809
 -0.704753 -1.991148 -3.209302 -1.112165
 -0.855667 -1.683545 -2.338950 -1.228071
 -0.657431 -2.135527 -2.908708 -1.174121
 -1.192508 -1.860078 -2.717527 -0.744772
 -0.664799 -2.801762 -2.942840 -0.988312
 -0.615399 -2.569210 -1.904236 -1.452252
 -0.875470 -2.772576 -2.484898 -0.826680
 -0.897788 -3.046219 -2.008978 -0.889489
 -15.802014 -15.802014 -15.802014 -0.000000
 -13.710155 -13.710155 -13.710155 -0.000003
 -14.253768 -14.253768 -14.253768 -0.000002
 -15.559480 -15.559480 -15.559480 -0.000001
 -1.386294 -1.386294 -1.386294 -1.386294
 -1.386294 -1.386294 -1.386294 -1.386294
 -1.386294 -1.386294 -1.386294 -1.386294
 -16.553766 -16.553766 -16.553766 -0.000000
 -1.386294 -1.386294 -1.386294 -1.386294
 -1.386294 -1.386294 -1.386294 -1.386294
 -1.386294 -1.386294 -1.386294 -1.386294
 -16.553766 -16.553766 -16.553766 -0.000000
 -1.386294 -1.386294 -1.386294 -1.386294
 -1.386294 -1.386294 -1.386294 -1.386294
 -1.386294 -1.386294 -1.386294 -1.386294
 -16.553766 -16.553766 -16.553766 -0.000000
 -1.386294 -1.386294 -1.386294 -1.386294
 -1.386294 -1.386294 -1.386294 -1.386294
 -1.386294 -1.386294 -1.386294 -1.386294
 -16.553766 -0.000000 -16.553766 -16.553766
 -1.386294 -1.386294 -1.386294 -1.386294
 -0.000000 -16.553766 -16.553766 -16.553766
 -1.386294 -1.386294 -1.386294 -1.386294
 -1.386294 -1.386294 -1.386294 -1.386294
 -16.553766 -16.553766 -0.000000 -16.553766
 -1.386294 -1.386294 -1.386294 -1.386294
 -1.386294 -1.386294 -1.386294 -1.386294
 -1.386294 -1.386294 -1.386294 -1.386294
 -1.386294 -1.386294 -1.386294 -1.386294
 -1.386294 -1.386294 -1.386294 -1.386294
 -0.889801 -1.553466 -1.482640 -1.892388
 -1.386294 -1.386294 -1.386294 -1.386294
 -1.041979 -1.700034 -1.744094 -1.238689
 -1.290151 -1.600305 -1.983297 -0.953679
 -0.948132 -1.543298 -2.305436 -1.206826
 -1.689838 -1.499794 -1.231531 -1.202543
 -0.958762 -1.482010 -1.793790 -1.500029
 -1.032861 -1.801515 -1.415853 -1.442882
 -0.902868 -1.429694 -2.060319 -1.479290
 -1.630272 -1.413464 -1.405025 -1.153711
 -1.038794 0.000100 0.000100 0.000100
 -1.862711 0.000100 0.000100 0.000100
 -2.253576 0.000100 0.000100 0.000100
 -0.952321 0.000100 0.000100 0.000100
 -0.794931 -2.210208 -1.676128 -1.379864
 -0.887305 -1.821609 -2.833194 -1.000634
 -0.737603 -1.749196 -1.631414 -1.882726
 -1.797693 -1.392229 -1.951843 -0.812412
 -0.693148 -2.106838 -2.694620 -1.168571
 -1.265667 -1.958809 -2.054119 -0.801363
 -1.417066 -2.110207 -1.481604 -0.893820
 -1.687769 -1.651401 -2.093232 -0.693149
 -0.671795 -2.449562 -2.101258 -1.270913
 -0.842185 -2.228469 -1.535329 -1.401798
 -0.879252 -2.178523 -2.024375 -1.079922
 -1.764509 -2.020441 -1.797299 -0.634150
 -0.913008 -1.622682 -1.932836 -1.360319
 -0.847301 -1.945904 -2.100052 -1.183771
 -1.223776 -2.022278 -1.580449 -1.000634
 -1.441019 -1.797693 -1.762602 -0.853234
 -0.844954 -1.864783 -2.065453 -1.242255
 -0.807560 -2.001475 -2.106835 -1.213024
 -1.372308 -1.777771 -1.864781 -0.861485
 -1.490919 -1.649983 -1.926236 -0.827626
 -0.889263 -1.939082 -2.039165 -1.154966
 -1.071585 -2.211011 -1.892560 -0.923166
 -1.149907 -1.609436 -1.791756 -1.149907
 -1.380025 -1.890849 -1.933408 -0.792239
 -1.057791 -2.197221 -2.025372 -0.892277
 -1.178656 -1.401798 -2.094939 -1.129866
 -1.147404 -2.063687 -1.578184 -1.052094
 -2.167546 -1.678000 -1.615480 -0.693148
 -13.901692 -1.194841 -1.164988 -0.953680
 -13.473026 -1.218158 -1.043806 -1.043806
 -13.500805 -1.245938 -1.154966 -0.923166
 -14.430698 -1.328536 -1.391714 -0.720547
 -1.386294 -1.386294 -1.386294 -1.386294
 -0.000002 -14.030625 -14.030625 -14.030625
 -0.000003 -14.062374 -14.062374 -14.062374
 -0.000002 -14.436090 -14.436090 -14.436090
 -15.292561 -15.292561 -15.292561 -0.000001
 -1.386294 -1.386294 -1.386294 -1.386294
 -1.386294 -1.386294 -1.386294 -1.386294
 -1.386294 -1.386294 -1.386294 -1.386294
 -1.386294 -1.386294 -1.386294 -1.386294
 -1.386294 -1.386294 -1.386294 -1.386294
 -1.386294 -1.386294 -1.386294 -1.386294
 -1.738413 -2.056866 -1.971344 -0.585051
 -1.252764 -2.146575 -2.041215 -0.760289
 -1.252764 -1.945905 -1.828123 -0.889860
 -1.338285 -2.031426 -1.625965 -0.892001
 -2.063179 -2.164962 -2.164962 -0.440923
 -0.976917 -1.670061 -1.734599 -1.351609
 -1.025855 -1.667704 -2.024375 -1.137080
 -0.781704 -2.131620 -1.880309 -1.304949
 -1.613595 -1.873878 -1.873878 -0.705674
 -1.007642 -1.578185 -2.197221 -1.147403
 -0.814511 -2.862181 -1.850597 -1.070443
 -0.923673 -1.580449 -2.610056 -1.128467
 -1.791758 -1.445483 -2.114530 -0.740216
 -0.829907 -1.558144 -2.251288 -1.393842
 -1.184556 -1.734599 -1.803591 -1.041455
 -0.887306 -1.852379 -1.852379 -1.292769
 -1.416327 -1.546379 -1.871801 -0.940245
 -0.856473 -1.725509 -2.093232 -1.294727
 -1.207812 -1.575535 -1.757856 -1.133705
 -1.131404 -2.181216 -1.562184 -1.036094
 -1.667007 -1.630639 -1.743968 -0.819711
 -0.897943 -1.909541 -1.647177 -1.378914
 -0.843089 -2.423528 -1.804496 -1.150573
 -0.966845 -1.697728 -1.372308 -1.697728
 -1.734600 -1.564702 -1.446919 -0.969996
 -0.955512 -2.323783 -1.967110 -0.973862
 -0.613107 -2.667214 -2.667214 -1.141173
 -0.748412 -2.134699 -2.453150 -1.131403
 -0.996334 -1.923093 -1.823010 -1.129866
 -14.436090 -14.436090 -14.436090 -0.000002
 -13.102169 -13.102169 -13.102169 -0.000006
 -13.199332 -13.199332 -13.199332 -0.000006
 -14.214290 -14.214290 -14.214290 -0.000002
 -1.386294 -1.386294 -1.386294 -1.386294
 -1.386294 -1.386294 -1.386294 -1.386294
 -1.386294 -1.386294 -1.386294 -1.386294
 -15.292561 -15.292561 -15.292561 -0.000001
 -1.386294 -1.386294 -1.386294 -1.386294
 -1.386294 -1.386294 -1.386294 -1.386294
 -1.386294 -1.386294 -1.386294 -1.386294
 -15.292561 -15.292561 -15.292561 -0.000001
 -1.386294 -1.386294 -1.386294 -1.386294
 -1.386294 -1.386294 -1.386294 -1.386294
 -1.386294 -1.386294 -1.386294 -1.386294
 -15.292561 -15.292561 -15.292561 -0.000001
 -1.386294 -1.386294 -1.386294 -1.386294
 -1.386294 -1.386294 -1.386294 -1.386294
 -1.386294 -1.386294 -1.386294 -1.386294
 -15.292561 -0.000001 -15.292561 -15.292561
 -1.386294 -1.386294 -1.386294 -1.386294
 -0.000001 -15.292561 -15.292561 -15.292561
 -1.386294 -1.386294 -1.386294 -1.386294
 -1.386294 -1.386294 -1.386294 -1.386294
 -15.292561 -15.292561 -0.000001 -15.292561
 -1.386294 -1.386294 -1.386294 -1.386294
 -1.386294 -1.386294 -1.386294 -1.386294
 -1.386294 -1.386294 -1.386294 -1.386294
 -1.386294 -1.386294 -1.386294 -1.386294
 -1.386294 -1.386294 -1.386294 -1.386294
 -0.988469 -1.560430 -1.907831 -1.311534
 -1.386294 -1.386294 -1.386294 -1.386294
 -0.711725 -2.149308 -1.958254 -1.380178
 -1.189585 -1.477266 -2.575868 -0.938271
 -1.401798 -1.871798 -2.564935 -0.648030
 -1.635189 -2.131624 -1.187166 -0.964023
 -0.756327 -2.045991 -2.217840 -1.229233
 -0.900789 -2.212965 -1.593932 -1.268512
 -0.930477 -1.554629 -1.697728 -1.554629
 -1.178656 -1.914360 -1.754018 -0.989414
