 -1.018570 0.000100 0.000100 0.000100
 -1.917639 0.000100 0.000100 0.000100
 -2.083032 0.000100 0.000100 0.000100
 -1.001349 0.000100 0.000100 0.000100
 -0.789451 -2.107115 -2.388017 -1.101097
 -0.956733 -1.732570 -2.460804 -1.039424
 -1.084327 -1.843430 -1.938740 -1.022452
 -1.505298 -1.905283 -2.064913 -0.688282
 -0.708896 -2.038619 -2.618435 -1.188469
 -0.938271 -1.497885 -2.191030 -1.297215
 -0.900163 -1.593308 -2.327273 -1.228666
 -1.561498 -1.748084 -1.961658 -0.743502
 -0.729141 -2.049587 -2.685575 -1.137227
 -1.022240 -1.413106 -2.756834 -1.098613
 -1.082219 -1.962575 -2.156729 -0.903971
 -1.371766 -1.672351 -2.254956 -0.790411
 -0.770307 -1.994081 -2.240213 -1.222291
 -0.948209 -1.538701 -2.307831 -1.209223
 -1.098613 -1.925288 -2.166448 -0.900788
 -1.436969 -1.621272 -2.140065 -0.805066
 -0.745243 -1.933299 -2.312788 -1.266821
 -1.093471 -1.741497 -2.323416 -0.937126
 -0.701312 -2.104131 -2.173123 -1.315677
 -1.418920 -1.784379 -1.755391 -0.873989
 -0.685875 -1.975541 -2.522084 -1.282395
 -0.910561 -1.693319 -2.068011 -1.247033
 -0.707333 -1.736950 -2.065453 -1.588531
 -1.300140 -1.744071 -1.789192 -0.952944
 -0.422160 -2.309228 -2.857793 -1.673241
 -0.847299 -1.620487 -2.495952 -1.233715
 -0.722562 -1.595049 -2.442342 -1.493266
 -1.146383 -1.337921 -2.053540 -1.232560
 -0.000001 -15.522076 -15.522076 -15.522076
 -0.000002 -14.503647 -14.503647 -14.503647
 -0.000003 -13.785055 -13.785055 -13.785055
 -0.000001 -14.805053 -14.805053 -14.805053
 -0.000000 -16.227846 -16.227846 -16.227846
 -1.386294 -1.386294 -1.386294 -1.386294
 -1.386294 -1.386294 -1.386294 -1.386294
 -1.386294 -1.386294 -1.386294 -1.386294
 -16.227846 -16.227846 -16.227846 -0.000000
 -1.386294 -1.386294 -1.386294 -1.386294
 -1.386294 -1.386294 -1.386294 -1.386294
 -1.386294 -1.386294 -1.386294 -1.386294
 -1.386294 -1.386294 -1.386294 -1.386294
 -1.386294 -1.386294 -1.386294 -1.386294
 -1.386294 -1.386294 -1.386294 -1.386294
 -0.632312 -1.236763 -1.724201 -16.227846
 -0.832235 -2.054460 -2.888685 -0.964660
 -1.035812 -1.546637 -2.043073 -1.195776
 -1.215768 -1.997466 -2.074427 -0.815969
 -1.386294 -1.386294 -1.386294 -1.386294
 -0.853490 -2.239783 -2.571916 -0.938527
 -1.122143 -1.458615 -2.439440 -1.036621
 -1.139435 -2.525720 -2.207270 -0.713352
 -1.488424 -1.744357 -1.926678 -0.789915
 -0.937053 -2.211016 -2.434159 -0.889262
 -1.220168 -1.305326 -2.403933 -1.068937
 -0.907924 -2.071070 -2.581891 -0.928977
 -1.549066 -1.666849 -2.001050 -0.768908
 -0.891527 -1.818666 -2.830264 -0.997687
 -1.109308 -1.904236 -2.463849 -0.829724
 -0.972462 -2.006532 -2.294212 -0.950483
 -1.461385 -1.721916 -2.201488 -0.736633
 -0.848238 -1.829066 -2.653239 -1.076327
 -0.732150 -1.571900 -2.376269 -1.520606
 -0.820982 -1.897117 -2.525720 -1.108664
 -1.325424 -1.703702 -2.480730 -0.757965
 -0.871099 -1.993241 -3.185375 -0.906606
 -0.582724 -2.238679 -2.718249 -1.312912
 -0.587789 -3.113495 -2.890356 -1.065824
 -1.167947 -2.480131 -2.509119 -0.646410
 -0.741938 -2.877465 -2.916686 -0.883292
 -0.463133 -2.807669 -2.355689 -1.534714
 -0.976012 -2.442336 -2.154658 -0.866813
 -1.032609 -3.260226 -2.300454 -0.682543
 -15.396550 -15.396550 -15.396550 -0.000001
 -13.253399 -13.253399 -13.253399 -0.000005
 -13.721204 -13.721204 -13.721204 -0.000003
 -15.388286 -15.388286 -15.388286 -0.000001
 -1.386294 -1.386294 -1.386294 -1.386294
 -1.386294 -1.386294 -1.386294 -1.386294
 -1.386294 -1.386294 -1.386294 -1.386294
 -16.227846 -16.227846 -16.227846 -0.000000
 -1.386294 -1.386294 -1.386294 -1.386294
 -1.386294 -1.386294 -1.386294 -1.386294
 -1.386294 -1.386294 -1.386294 -1.386294
 -16.227846 -16.227846 -16.227846 -0.000000
 -1.386294 -1.386294 -1.386294 -1.386294
 -1.386294 -1.386294 -1.386294 -1.386294
 -1.386294 -1.386294 -1.386294 -1.386294
 -16.227846 -16.227846 -16.227846 -0.000000
 -1.386294 -1.386294 -1.386294 -1.386294
 -1.386294 -1.386294 -1.386294 -1.386294
 -1.386294 -1.386294 -1.386294 -1.386294
 -16.227846 -0.000000 -16.227846 -16.227846
 -1.386294 -1.386294 -1.386294 -1.386294
 -0.000000 -16.227846 -16.227846 -16.227846
 -1.386294 -1.386294 -1.386294 -1.386294
 -1.386294 -1.386294 -1.386294 -1.386294
 -16.227846 -16.227846 -0.000000 -16.227846
 -1.386294 -1.386294 -1.386294 -1.386294
 -1.386294 -1.386294 -1.386294 -1.386294
 -1.386294 -1.386294 -1.386294 -1.386294
 -1.386294 -1.386294 -1.386294 -1.386294
 -1.386294 -1.386294 -1.386294 -1.386294
 -0.897209 -1.729239 -1.480172 -1.675172
 -1.386294 -1.386294 -1.386294 -1.386294
 -1.070442 -1.776492 -1.945909 -1.064052
 -1.299283 -1.704747 -1.704747 -1.011602
 -1.193529 -1.459797 -1.799664 -1.206601
 -1.678772 -1.704747 -1.316983 -1.011601
 -0.874243 -1.676023 -2.123334 -1.287088
 -0.990399 -1.763588 -1.562918 -1.395864
 -0.949500 -1.532104 -1.859316 -1.422104
 -1.723291 -1.431940 -1.399505 -1.090769
 -1.057791 0.000100 0.000100 0.000100
 -2.043072 0.000100 0.000100 0.000100
 -2.379543 0.000100 0.000100 0.000100
 -0.842680 0.000100 0.000100 0.000100
 -0.916293 -1.832578 -2.238039 -1.098614
 -1.134983 -0.693154 -3.332119 -1.945899
 -1.203976 -1.897107 -1.897107 -0.916298
 -1.536867 -1.165305 -2.923146 -0.869040
 -0.807094 -2.382617 -2.382617 -0.996335
 -0.802350 -2.268674 -2.114525 -1.116006
 -0.887312 -2.140040 -2.140040 -1.041461
 -1.932834 -1.497519 -1.932834 -0.719818
 -0.601583 -3.597268 -2.093229 -1.199418
 -1.036096 -1.824542 -1.488076 -1.354546
 -0.860208 -2.159466 -1.466336 -1.466336
 -1.889395 -1.409825 -1.621133 -0.899001
 -1.226446 -1.139435 -1.373049 -2.014898
 -1.131405 -1.354546 -2.047681 -1.236764
 -1.584118 -1.178657 -1.024507 -2.054114
 -1.697728 -1.777771 -1.623621 -0.796946
 -0.674459 -1.572395 -2.360842 -1.667704
 -1.080915 -1.945905 -2.639039 -0.806479
 -1.366876 -0.987389 -2.140057 -1.366876
 -1.252764 -1.317302 -1.627454 -1.386294
 -0.579821 -2.708035 -1.832578 -1.544899
 -0.674459 -2.024375 -1.667704 -1.773064
 -0.550055 -2.564915 -3.258012 -1.178658
 -1.236763 -2.517683 -1.082614 -1.236763
 -0.348309 -2.140062 -3.015519 -2.060020
 -0.379503 -2.251263 -2.251263 -2.251263
 -0.451991 -2.685553 -1.704745 -2.174741
 -0.936096 -1.292769 -2.322376 -1.446918
 -0.000002 -14.100693 -14.100693 -14.100693
 -0.000010 -12.644341 -12.644341 -12.644341
 -0.000015 -12.206093 -12.206093 -12.206093
 -0.000009 -12.676088 -12.676088 -12.676088
 -0.000001 -14.585621 -14.585621 -14.585621
 -1.386294 -1.386294 -1.386294 -1.386294
 -1.386294 -1.386294 -1.386294 -1.386294
 -1.386294 -1.386294 -1.386294 -1.386294
 -14.585621 -14.585621 -14.585621 -0.000001
 -1.386294 -1.386294 -1.386294 -1.386294
 -1.386294 -1.386294 -1.386294 -1.386294
 -1.386294 -1.386294 -1.386294 -1.386294
 -1.386294 -1.386294 -1.386294 -1.386294
 -1.386294 -1.386294 -1.386294 -1.386294
 -1.386294 -1.386294 -1.386294 -1.386294
 -0.770109 -1.155771 -1.504077 -14.585621
 -0.994254 -2.525720 -2.040217 -0.867502
 -1.174986 -1.734599 -1.821609 -1.041456
 -1.386294 -1.791755 -1.791755 -0.875472
 -1.386294 -1.386294 -1.386294 -1.386294
 -0.419857 -2.639043 -2.456725 -1.683544
 -0.934314 -1.386294 -3.332119 -1.134983
 -1.268513 -2.367103 -1.673972 -0.826684
 -1.746295 -1.681757 -1.815287 -0.740777
 -1.027155 -1.829497 -2.602678 -0.897943
 -1.131405 -1.642224 -1.824542 -1.131405
 -1.098616 -1.909532 -1.349927 -1.349927
 -2.041215 -1.704746 -1.510591 -0.760289
 -0.841570 -2.450992 -1.495493 -1.352393
 -0.838334 -1.531475 -1.819152 -1.665004
 -1.070444 -1.252764 -2.169040 -1.358124
 -1.363305 -1.681757 -1.815287 -0.927988
 -0.820983 -1.919589 -2.931174 -1.021653
 -1.265668 -1.265668 -1.871796 -1.265668
 -1.308334 -1.308334 -2.512283 -0.971864
 -1.689478 -1.689478 -2.228469 -0.648030
 -0.476086 -2.397885 -2.803341 -1.481604
 -0.739671 -1.481604 -2.397879 -1.586963
 -0.510837 -2.995652 -1.609433 -1.897107
 -1.889395 -2.508427 -2.257116 -0.411299
 -0.854992 -3.079593 -1.826848 -1.000174
 -0.780166 -3.177970 -2.079425 -0.980835
 -1.435084 -2.351344 -1.435084 -0.847306
 -1.029621 -3.044502 -2.233586 -0.717247
 -13.629186 -13.629186 -13.629186 -0.000004
 -11.608273 -11.608273 -11.608273 -0.000027
 -12.644341 -12.644341 -12.644341 -0.000010
 -13.721204 -13.721204 -13.721204 -0.000003
 -1.386294 -1.386294 -1.386294 -1.386294
 -1.386294 -1.386294 -1.386294 -1.386294
 -1.386294 -1.386294 -1.386294 -1.386294
 -14.585621 -14.585621 -14.585621 -0.000001
 -1.386294 -1.386294 -1.386294 -1.386294
 -1.386294 -1.386294 -1.386294 -1.386294
 -1.386294 -1.386294 -1.386294 -1.386294
 -14.585621 -14.585621 -14.585621 -0.000001
 -1.386294 -1.386294 -1.386294 -1.386294
 -1.386294 -1.386294 -1.386294 -1.386294
 -1.386294 -1.386294 -1.386294 -1.386294
 -14.585621 -14.585621 -14.585621 -0.000001
 -1.386294 -1.386294 -1.386294 -1.386294
 -1.386294 -1.386294 -1.386294 -1.386294
 -1.386294 -1.386294 -1.386294 -1.386294
 -14.585621 -0.000001 -14.585621 -14.585621
 -1.386294 -1.386294 -1.386294 -1.386294
 -0.000001 -14.585621 -14.585621 -14.585621
 -1.386294 -1.386294 -1.386294 -1.386294
 -1.386294 -1.386294 -1.386294 -1.386294
 -14.585621 -14.585621 -0.000001 -14.585621
 -1.386294 -1.386294 -1.386294 -1.386294
 -1.386294 -1.386294 -1.386294 -1.386294
 -1.386294 -1.386294 -1.386294 -1.386294
 -1.386294 -1.386294 -1.386294 -1.386294
 -1.386294 -1.386294 -1.386294 -1.386294
 -0.730888 -1.791759 -2.156400 -1.443453
 -1.386294 -1.386294 -1.386294 -1.386294
 -0.794245 -2.564941 -2.159480 -1.033474
 -2.197211 -1.280935 -1.974072 -0.750311
 -1.139438 -1.427116 -2.120246 -1.139438
 -1.366876 -2.545514 -1.734598 -0.712954
 -0.563097 -2.484895 -2.197217 -1.443452
 -0.934314 -1.722761 -1.945899 -1.252765
 -0.882395 -3.367210 -2.268664 -0.802353
 -1.064712 -1.900956 -1.470176 -1.287855
