 -0.901089 0.000100 0.000100 0.000100
 -1.871017 0.000100 0.000100 0.000100
 -2.378447 0.000100 0.000100 0.000100
 -1.057822 0.000100 0.000100 0.000100
 -0.660795 -2.153697 -2.637123 -1.217605
 -1.015435 -1.751753 -2.387739 -0.987656
 -0.878866 -1.635189 -2.131624 -1.304949
 -1.721862 -1.672469 -2.402429 -0.610671
 -0.634798 -2.430612 -2.560665 -1.188359
 -1.021652 -1.609437 -2.079440 -1.155183
 -1.164988 -1.695614 -2.293447 -0.907160
 -1.547161 -1.893111 -2.020945 -0.685148
 -0.791512 -2.322386 -2.367849 -1.035300
 -0.936378 -1.559566 -2.605529 -1.127433
 -0.919922 -1.708377 -2.529352 -1.077107
 -1.427116 -1.671313 -2.282781 -0.755023
 -0.871935 -1.809617 -2.558332 -1.076730
 -0.959500 -1.719785 -2.530712 -1.026639
 -1.057114 -1.369487 -2.824764 -1.081806
 -1.593627 -1.527252 -2.529719 -0.693148
 -0.735601 -2.101691 -2.755616 -1.093735
 -1.051545 -1.710790 -2.259354 -1.006594
 -1.029621 -1.493925 -3.486326 -0.947383
 -1.485869 -1.737183 -2.259058 -0.706780
 -0.767079 -2.032294 -2.464426 -1.140872
 -0.837729 -1.553348 -2.341803 -1.348554
 -0.977777 -1.395511 -2.126395 -1.359143
 -1.476626 -1.451729 -2.021643 -0.903892
 -0.564607 -2.106348 -3.341088 -1.293401
 -0.896489 -1.783790 -2.882398 -0.999673
 -0.565028 -1.990033 -2.369520 -1.602269
 -1.148445 -1.568616 -2.330755 -0.974676
 -0.000001 -15.564712 -15.564712 -15.564712
 -0.000002 -14.538218 -14.538218 -14.538218
 -0.000004 -13.652996 -13.652996 -13.652996
 -0.000001 -15.219154 -15.219154 -15.219154
 -0.000000 -16.359472 -16.359472 -16.359472
 -1.386294 -1.386294 -1.386294 -1.386294
 -1.386294 -1.386294 -1.386294 -1.386294
 -1.386294 -1.386294 -1.386294 -1.386294
 -16.359472 -16.359472 -16.359472 -0.000000
 -1.386294 -1.386294 -1.386294 -1.386294
 -1.386294 -1.386294 -1.386294 -1.386294
 -1.386294 -1.386294 -1.386294 -1.386294
 -1.386294 -1.386294 -1.386294 -1.386294
 -1.386294 -1.386294 -1.386294 -1.386294
 -1.386294 -1.386294 -1.386294 -1.386294
 -16.359472 -16.359472 -16.359472 -0.000000
 -1.386294 -1.386294 -1.386294 -1.386294
 -1.386294 -1.386294 -1.386294 -1.386294
 -1.386294 -1.386294 -1.386294 -1.386294
 -1.639743 -1.876132 -2.266329 -0.599481
 -0.874660 -2.251290 -3.312154 -0.818041
 -1.145866 -1.212557 -2.181955 -1.302708
 -1.481604 -2.397890 -2.243741 -0.552070
 -1.721337 -1.539015 -2.180202 -0.706107
 -0.731369 -2.632824 -2.772585 -0.956137
 -1.074515 -1.444888 -2.369835 -1.110883
 -1.106710 -1.987066 -2.422380 -0.812950
 -1.667706 -1.500653 -2.024381 -0.784691
 -0.833681 -1.920527 -2.562380 -1.073231
 -1.085541 -1.440361 -2.293849 -1.125281
 -1.003997 -1.542992 -2.310243 -1.137528
 -1.581267 -1.501224 -2.312153 -0.749970
 -0.698135 -2.146303 -3.163234 -1.069199
 -0.891218 -1.311071 -2.454132 -1.450833
 -0.710243 -1.512588 -3.161230 -1.403389
 -1.603420 -1.742682 -2.296566 -0.647909
 -0.596464 -2.331063 -4.058274 -1.094302
 -0.521068 -2.298225 -2.066424 -1.720149
 -0.714655 -2.058384 -2.751523 -1.142098
 -1.125669 -2.359621 -2.217971 -0.750185
 -0.664977 -2.892051 -3.210504 -0.941824
 -0.518796 -3.226827 -2.063690 -1.435084
 -0.672530 -2.954894 -2.261757 -1.098613
 -0.923996 -2.721293 -2.596130 -0.770635
 -15.625438 -15.625438 -15.625438 -0.000000
 -13.500805 -13.500805 -13.500805 -0.000004
 -13.641162 -13.641162 -13.641162 -0.000004
 -15.434899 -15.434899 -15.434899 -0.000001
 -1.386294 -1.386294 -1.386294 -1.386294
 -1.386294 -1.386294 -1.386294 -1.386294
 -1.386294 -1.386294 -1.386294 -1.386294
 -16.359472 -16.359472 -16.359472 -0.000000
 -1.386294 -1.386294 -1.386294 -1.386294
 -1.386294 -1.386294 -1.386294 -1.386294
 -1.386294 -1.386294 -1.386294 -1.386294
 -16.359472 -16.359472 -16.359472 -0.000000
 -1.386294 -1.386294 -1.386294 -1.386294
 -1.386294 -1.386294 -1.386294 -1.386294
 -1.386294 -1.386294 -1.386294 -1.386294
 -16.359472 -16.359472 -16.359472 -0.000000
 -1.386294 -1.386294 -1.386294 -1.386294
 -1.386294 -1.386294 -1.386294 -1.386294
 -1.386294 -1.386294 -1.386294 -1.386294
 -16.359472 -0.000000 -16.359472 -16.359472
 -1.386294 -1.386294 -1.386294 -1.386294
 -0.000000 -16.359472 -16.359472 -16.359472
 -1.386294 -1.386294 -1.386294 -1.386294
 -1.386294 -1.386294 -1.386294 -1.386294
 -16.359472 -16.359472 -0.000000 -16.359472
 -1.386294 -1.386294 -1.386294 -1.386294
 -1.386294 -1.386294 -1.386294 -1.386294
 -1.386294 -1.386294 -1.386294 -1.386294
 -1.386294 -1.386294 -1.386294 -1.386294
 -1.386294 -1.386294 -1.386294 -1.386294
 -0.950653 -1.565635 -1.396559 -1.850814
 -1.386294 -1.386294 -1.386294 -1.386294
 -1.092533 -1.554088 -1.767661 -1.264005
 -1.152680 -1.349390 -1.894616 -1.293037
 -1.117844 -1.562918 -2.197223 -1.043043
 -1.584745 -1.660731 -1.255266 -1.139435
 -0.849846 -1.531158 -1.966476 -1.531158
 -1.018848 -1.404510 -1.580966 -1.672773
 -0.909371 -1.248144 -2.284233 -1.568616
 -1.458615 -1.257944 -1.515773 -1.333452
 -1.068460 0.000100 0.000100 0.000100
 -2.249591 0.000100 0.000100 0.000100
 -2.187071 0.000100 0.000100 0.000100
 -0.823768 0.000100 0.000100 0.000100
 -0.683297 -2.312529 -2.535670 -1.149385
 -1.236764 -1.236764 -2.047681 -1.236764
 -0.451992 -1.887062 -3.496420 -1.704743
 -1.768769 -1.815288 -2.461911 -0.542326
 -0.591680 -2.236829 -2.555279 -1.338892
 -0.628613 -2.014895 -2.708026 -1.321756
 -0.539006 -2.079425 -1.791751 -2.079425
 -1.913647 -1.436725 -2.501429 -0.629636
 -0.795564 -2.088327 -2.329487 -1.116471
 -1.694593 -1.493924 -1.694593 -0.896091
 -1.609434 -1.609434 -1.832572 -0.820987
 -1.900238 -1.238842 -2.370237 -0.760808
 -0.928715 -1.686397 -2.448529 -1.098614
 -1.019833 -1.338285 -2.319104 -1.277661
 -1.128468 -1.446918 -1.734596 -1.329137
 -1.826244 -1.635189 -1.635189 -0.800394
 -1.339775 -1.339775 -2.128227 -1.029621
 -1.354546 -1.929905 -2.047687 -0.759842
 -1.339775 -1.658225 -1.172722 -1.435084
 -1.262242 -1.830224 -1.618916 -1.025854
 -0.935462 -1.730388 -2.066858 -1.191395
 -1.134982 -1.722764 -1.386294 -1.386294
 -0.693151 -1.871797 -1.553347 -2.005327
 -1.839613 -1.453953 -1.414732 -1.009268
 -0.532807 -2.219198 -2.442339 -1.526056
 -0.710850 -2.097134 -1.963604 -1.403994
 -0.447316 -1.913645 -2.031426 -2.501422
 -1.211942 -1.295323 -1.597602 -1.486377
 -0.000002 -14.193950 -14.193950 -14.193950
 -0.000006 -13.102169 -13.102169 -13.102169
 -0.000007 -12.923923 -12.923923 -12.923923
 -0.000005 -13.270790 -13.270790 -13.270790
 -0.000001 -14.893922 -14.893922 -14.893922
 -1.386294 -1.386294 -1.386294 -1.386294
 -1.386294 -1.386294 -1.386294 -1.386294
 -1.386294 -1.386294 -1.386294 -1.386294
 -14.893922 -14.893922 -14.893922 -0.000001
 -1.386294 -1.386294 -1.386294 -1.386294
 -1.386294 -1.386294 -1.386294 -1.386294
 -1.386294 -1.386294 -1.386294 -1.386294
 -1.386294 -1.386294 -1.386294 -1.386294
 -1.386294 -1.386294 -1.386294 -1.386294
 -1.386294 -1.386294 -1.386294 -1.386294
 -14.893922 -14.893922 -14.893922 -0.000001
 -1.386294 -1.386294 -1.386294 -1.386294
 -1.386294 -1.386294 -1.386294 -1.386294
 -1.386294 -1.386294 -1.386294 -1.386294
 -1.899389 -1.922379 -2.128230 -0.536086
 -1.011604 -2.397879 -1.704745 -1.011604
 -1.122145 -1.563974 -1.969433 -1.122145
 -1.763583 -1.358124 -2.169040 -0.782765
 -2.151760 -1.509908 -2.102970 -0.614896
 -1.080915 -1.722764 -2.233583 -0.980832
 -1.386294 -1.321756 -1.455287 -1.386294
 -1.265668 -1.265668 -1.717647 -1.360977
 -1.938740 -1.533276 -1.715597 -0.775592
 -0.842185 -2.382617 -1.466336 -1.401798
 -1.026641 -1.719784 -1.902103 -1.160171
 -1.178656 -1.553347 -1.466336 -1.386294
 -1.867265 -1.234745 -1.867265 -0.916292
 -0.805067 -1.957741 -2.044752 -1.264598
 -1.115143 -1.545923 -1.166436 -1.913645
 -0.693151 -1.791756 -2.602672 -1.349927
 -1.324419 -1.835242 -1.652922 -0.959777
 -0.557348 -2.621030 -2.061419 -1.481604
 -0.559620 -2.505509 -1.945904 -1.589233
 -0.619043 -1.648656 -2.159475 -1.871797
 -1.199966 -2.809387 -1.779781 -0.755281
 -0.780160 -2.772580 -2.484901 -0.926763
 -0.810937 -3.295752 -2.602654 -0.810937
 -1.074517 -2.104124 -1.767657 -1.005525
 -1.271226 -3.713527 -1.921809 -0.600059
 -13.955276 -13.955276 -13.955276 -0.000003
 -12.043577 -12.043577 -12.043577 -0.000018
 -12.706861 -12.706861 -12.706861 -0.000009
 -14.070156 -14.070156 -14.070156 -0.000002
 -1.386294 -1.386294 -1.386294 -1.386294
 -1.386294 -1.386294 -1.386294 -1.386294
 -1.386294 -1.386294 -1.386294 -1.386294
 -14.893922 -14.893922 -14.893922 -0.000001
 -1.386294 -1.386294 -1.386294 -1.386294
 -1.386294 -1.386294 -1.386294 -1.386294
 -1.386294 -1.386294 -1.386294 -1.386294
 -14.893922 -14.893922 -14.893922 -0.000001
 -1.386294 -1.386294 -1.386294 -1.386294
 -1.386294 -1.386294 -1.386294 -1.386294
 -1.386294 -1.386294 -1.386294 -1.386294
 -14.893922 -14.893922 -14.893922 -0.000001
 -1.386294 -1.386294 -1.386294 -1.386294
 -1.386294 -1.386294 -1.386294 -1.386294
 -1.386294 -1.386294 -1.386294 -1.386294
 -14.893922 -0.000001 -14.893922 -14.893922
 -1.386294 -1.386294 -1.386294 -1.386294
 -0.000001 -14.893922 -14.893922 -14.893922
 -1.386294 -1.386294 -1.386294 -1.386294
 -1.386294 -1.386294 -1.386294 -1.386294
 -14.893922 -14.893922 -0.000001 -14.893922
 -1.386294 -1.386294 -1.386294 -1.386294
 -1.386294 -1.386294 -1.386294 -1.386294
 -1.386294 -1.386294 -1.386294 -1.386294
 -1.386294 -1.386294 -1.386294 -1.386294
 -1.386294 -1.386294 -1.386294 -1.386294
 -0.871396 -1.854938 -1.994699 -1.240929
 -1.386294 -1.386294 -1.386294 -1.386294
 -0.637799 -1.921810 -2.327273 -1.479980
 -1.056055 -1.882726 -2.036874 -0.995431
 -1.123932 -1.609435 -2.590244 -0.916295
 -1.307157 -2.044752 -1.498212 -0.976917
 -0.587789 -1.989582 -2.364273 -1.543298
 -0.606141 -3.784099 -1.838274 -1.299284
 -0.916294 -2.079432 -2.079432 -1.049825
 -1.165305 -2.047689 -1.536867 -1.066865
