 -1.031039 0.000100 0.000100 0.000100
 -2.011868 0.000100 0.000100 0.000100
 -2.066356 0.000100 0.000100 0.000100
 -0.959776 0.000100 0.000100 0.000100
 -0.733733 -2.125960 -2.567792 -1.127433
 -0.970780 -1.481604 -2.580210 -1.145133
 -0.957114 -1.995098 -2.343402 -0.957114
 -1.630829 -1.658228 -2.221321 -0.682621
 -0.794930 -2.118309 -2.220963 -1.140535
 -1.130161 -1.470486 -1.945908 -1.189584
 -1.167606 -1.609437 -2.553890 -0.888893
 -1.490249 -1.572166 -2.107684 -0.808402
 -0.794046 -2.251290 -2.686606 -0.981862
 -1.104247 -1.747795 -2.348567 -0.919105
 -0.983733 -1.800491 -2.665482 -0.938271
 -1.546754 -1.653522 -2.389840 -0.685094
 -0.834134 -1.983297 -2.457753 -1.071462
 -1.282225 -1.329853 -2.645523 -0.949081
 -1.062246 -1.686397 -1.996550 -1.098614
 -1.495856 -1.561097 -2.288532 -0.766530
 -14.940441 -1.323381 -1.704748 -0.594302
 -14.457367 -1.103890 -2.251289 -0.574196
 -13.742944 -1.006240 -1.699385 -0.794932
 -15.191755 -1.039772 -1.637609 -0.794029
 -1.386294 -1.386294 -1.386294 -1.386294
 -0.000001 -14.975533 -14.975533 -14.975533
 -0.000002 -14.346141 -14.346141 -14.346141
 -0.000001 -15.420941 -15.420941 -15.420941
 -0.000000 -16.105011 -16.105011 -16.105011
 -1.386294 -1.386294 -1.386294 -1.386294
 -1.386294 -1.386294 -1.386294 -1.386294
 -1.386294 -1.386294 -1.386294 -1.386294
 -0.883403 -2.203322 -3.110479 -0.840231
 -1.386294 -1.386294 -1.386294 -1.386294
 -1.386294 -1.386294 -1.386294 -1.386294
 -1.386294 -1.386294 -1.386294 -1.386294
 -15.221608 -15.221608 -15.221608 -0.000001
 -13.901692 -13.901692 -13.901692 -0.000003
 -12.994539 -12.994539 -12.994539 -0.000007
 -15.264781 -15.264781 -15.264781 -0.000001
 -1.386294 -1.386294 -1.386294 -1.386294
 -1.386294 -1.386294 -1.386294 -1.386294
 -1.386294 -1.386294 -1.386294 -1.386294
 -1.194227 -2.158471 -2.452018 -0.702308
 -0.710012 -2.368237 -2.810067 -1.037005
 -0.784956 -2.171245 -2.790277 -0.998530
 -1.146815 -1.670061 -2.650880 -0.859134
 -1.726454 -1.726454 -2.758373 -0.543389
 -0.748991 -2.378905 -2.750467 -0.992613
 -0.980830 -1.386294 -2.330752 -1.280934
 -0.759842 -1.929905 -1.929905 -1.419084
 -1.648658 -1.717651 -2.236444 -0.651301
 -0.858787 -2.133853 -2.552562 -0.967420
 -1.278406 -1.661397 -1.927099 -0.951722
 -1.200396 -1.588160 -2.586679 -0.869040
 -1.585627 -1.484984 -2.116255 -0.802532
 -0.828143 -2.016610 -2.846955 -0.988825
 -1.191164 -1.587579 -2.308122 -0.935818
 -0.990400 -2.574510 -1.945907 -0.892762
 -1.680534 -1.884132 -1.916922 -0.664160
 -0.884910 -2.008213 -2.478215 -0.996614
 -1.032364 -1.346021 -2.681014 -1.154966
 -1.036920 -2.135527 -1.927889 -0.962812
 -1.516861 -1.664018 -2.407174 -0.690841
 -0.742909 -2.019768 -2.900123 -1.088951
 -0.835804 -1.719303 -2.157557 -1.303144
 -0.810932 -1.860750 -2.014899 -1.321756
 -1.374318 -1.765598 -2.627079 -0.685945
 -0.740576 -2.167691 -3.602768 -0.963720
 -0.674220 -1.920750 -2.491291 -1.342674
 -0.498250 -2.759995 -2.066858 -1.596858
 -1.188469 -2.339723 -2.313055 -0.693148
 -0.646628 -2.995728 -3.401191 -0.934310
 -0.529696 -2.881056 -2.107876 -1.453953
 -1.004585 -2.876366 -2.065450 -0.796946
 -0.933142 -3.190985 -2.408229 -0.743224
 -15.345906 -15.345906 -15.345906 -0.000001
 -13.060496 -13.060496 -13.060496 -0.000006
 -13.473026 -13.473026 -13.473026 -0.000004
 -15.219154 -15.219154 -15.219154 -0.000001
 -1.386294 -1.386294 -1.386294 -1.386294
 -1.386294 -1.386294 -1.386294 -1.386294
 -1.386294 -1.386294 -1.386294 -1.386294
 -16.105011 -16.105011 -16.105011 -0.000000
 -1.386294 -1.386294 -1.386294 -1.386294
 -1.386294 -1.386294 -1.386294 -1.386294
 -1.386294 -1.386294 -1.386294 -1.386294
 -16.105011 -16.105011 -16.105011 -0.000000
 -1.386294 -1.386294 -1.386294 -1.386294
 -1.386294 -1.386294 -1.386294 -1.386294
 -1.386294 -1.386294 -1.386294 -1.386294
 -16.105011 -16.105011 -16.105011 -0.000000
 -1.386294 -1.386294 -1.386294 -1.386294
 -1.386294 -1.386294 -1.386294 -1.386294
 -1.386294 -1.386294 -1.386294 -1.386294
 -16.105011 -0.000000 -16.105011 -16.105011
 -1.386294 -1.386294 -1.386294 -1.386294
 -0.000000 -16.105011 -16.105011 -16.105011
 -1.386294 -1.386294 -1.386294 -1.386294
 -1.386294 -1.386294 -1.386294 -1.386294
 -16.105011 -16.105011 -0.000000 -16.105011
 -1.386294 -1.386294 -1.386294 -1.386294
 -1.386294 -1.386294 -1.386294 -1.386294
 -1.386294 -1.386294 -1.386294 -1.386294
 -1.386294 -1.386294 -1.386294 -1.386294
 -1.386294 -1.386294 -1.386294 -1.386294
 -0.856799 -1.663561 -1.616555 -1.674314
 -1.386294 -1.386294 -1.386294 -1.386294
 -1.155069 -1.707137 -1.694065 -1.140031
 -1.359908 -1.567547 -1.829910 -0.982614
 -1.088460 -1.540445 -2.020016 -1.150981
 -1.924517 -1.531476 -1.288530 -1.015664
 -0.838788 -1.531934 -1.971884 -1.549029
 -1.063697 -1.433056 -1.522003 -1.619642
 -1.010244 -1.408273 -1.780948 -1.501363
 -1.574036 -1.308333 -1.588634 -1.144704
 -1.029620 0.000100 0.000100 0.000100
 -1.897119 0.000100 0.000100 0.000100
 -2.079440 0.000100 0.000100 0.000100
 -1.000061 0.000100 0.000100 0.000100
 -0.579821 -2.040217 -2.659250 -1.427116
 -1.435084 -1.945903 -2.128221 -0.693152
 -0.916295 -2.456714 -1.763583 -1.070444
 -1.801514 -1.801514 -2.332138 -0.557194
 -0.837043 -2.176811 -2.628791 -0.963794
 -0.955515 -1.265668 -2.564926 -1.360977
 -1.252765 -1.722761 -1.722761 -1.029624
 -1.618095 -1.575536 -2.045537 -0.764608
 -0.893820 -2.280106 -1.838277 -1.110042
 -0.987389 -1.985909 -2.140057 -0.987389
 -1.321757 -1.455286 -1.791753 -1.098616
 -1.665007 -1.819157 -2.311629 -0.598658
 -1.029621 -1.597602 -1.865865 -1.252764
 -1.228667 -1.921806 -1.516346 -1.074517
 -1.504076 -1.504076 -1.280935 -1.280935
 -1.560247 -1.783390 -1.643628 -0.847299
 -13.527834 -1.226446 -1.226446 -0.883503
 -13.142174 -1.159238 -0.987389 -1.159238
 -13.217681 -1.299284 -1.234746 -0.829282
 -13.805464 -0.984203 -1.262916 -1.068760
 -1.386294 -1.386294 -1.386294 -1.386294
 -0.000003 -13.710155 -13.710155 -13.710155
 -0.000004 -13.652996 -13.652996 -13.652996
 -0.000003 -13.864305 -13.864305 -13.864305
 -0.000001 -14.845131 -14.845131 -14.845131
 -1.386294 -1.386294 -1.386294 -1.386294
 -1.386294 -1.386294 -1.386294 -1.386294
 -1.386294 -1.386294 -1.386294 -1.386294
 -1.070442 -2.233590 -2.267492 -0.806476
 -1.386294 -1.386294 -1.386294 -1.386294
 -1.386294 -1.386294 -1.386294 -1.386294
 -1.386294 -1.386294 -1.386294 -1.386294
 -13.774693 -13.774693 -13.774693 -0.000003
 -12.611551 -12.611551 -12.611551 -0.000010
 -12.577650 -12.577650 -12.577650 -0.000010
 -14.038657 -14.038657 -14.038657 -0.000002
 -1.386294 -1.386294 -1.386294 -1.386294
 -1.386294 -1.386294 -1.386294 -1.386294
 -1.386294 -1.386294 -1.386294 -1.386294
 -1.460402 -2.639054 -2.543744 -0.481499
 -0.807094 -1.689478 -3.481196 -1.083346
 -1.609433 -1.897107 -12.206093 -0.430795
 -1.145136 -2.397863 -1.299284 -1.145136
 -2.445237 -2.062247 -2.514229 -0.349272
 -0.788461 -2.215564 -2.215564 -1.116963
 -1.098615 -1.717647 -1.717647 -1.178657
 -0.893825 -1.145136 -3.090961 -1.481603
 -1.767661 -1.573505 -2.391812 -0.633960
 -0.985285 -2.708035 -1.427116 -1.139435
 -0.897944 -1.504076 -1.909537 -1.504076
 -1.421385 -1.170074 -2.268664 -1.064715
 -1.808287 -1.545924 -1.668526 -0.833731
 -1.165753 -2.264357 -1.510591 -1.011603
 -1.178656 -1.648656 -1.312187 -1.466336
 -1.243195 -1.871797 -1.648656 -1.006807
 -1.956059 -1.417066 -1.650680 -0.857452
 -1.015232 -1.595048 -2.624654 -1.015232
 -1.021654 -2.525712 -0.916294 -1.832577
 -1.003304 -1.696447 -1.529394 -1.455287
 -1.570597 -1.479626 -2.217220 -0.786481
 -0.816763 -2.257116 -2.257116 -1.053151
 -0.732372 -2.005327 -1.553347 -1.754016
 -0.672949 -2.282371 -1.694593 -1.589233
 -1.441557 -1.967647 -2.586679 -0.600776
 -0.749238 -1.927889 -2.302580 -1.266494
 -0.635995 -3.526272 -2.833175 -0.961415
 -0.810935 -1.974072 -1.791754 -1.386294
 -1.237875 -2.407938 -1.897117 -0.755024
 -0.983733 -2.179979 -2.547700 -0.832911
 -0.438263 -3.433900 -2.740803 -1.354546
 -1.041457 -2.140053 -1.734596 -1.041457
 -0.994254 -2.995716 -1.832579 -0.867502
 -13.928843 -13.928843 -13.928843 -0.000003
 -12.345852 -12.345852 -12.345852 -0.000013
 -12.706861 -12.706861 -12.706861 -0.000009
 -13.928843 -13.928843 -13.928843 -0.000003
 -1.386294 -1.386294 -1.386294 -1.386294
 -1.386294 -1.386294 -1.386294 -1.386294
 -1.386294 -1.386294 -1.386294 -1.386294
 -14.845132 -14.845132 -14.845132 -0.000001
 -1.386294 -1.386294 -1.386294 -1.386294
 -1.386294 -1.386294 -1.386294 -1.386294
 -1.386294 -1.386294 -1.386294 -1.386294
 -14.845132 -14.845132 -14.845132 -0.000001
 -1.386294 -1.386294 -1.386294 -1.386294
 -1.386294 -1.386294 -1.386294 -1.386294
 -1.386294 -1.386294 -1.386294 -1.386294
 -14.845132 -14.845132 -14.845132 -0.000001
 -1.386294 -1.386294 -1.386294 -1.386294
 -1.386294 -1.386294 -1.386294 -1.386294
 -1.386294 -1.386294 -1.386294 -1.386294
 -14.845131 -0.000001 -14.845131 -14.845131
 -1.386294 -1.386294 -1.386294 -1.386294
 -0.000001 -14.845131 -14.845131 -14.845131
 -1.386294 -1.386294 -1.386294 -1.386294
 -1.386294 -1.386294 -1.386294 -1.386294
 -14.845132 -14.845132 -0.000001 -14.845132
 -1.386294 -1.386294 -1.386294 -1.386294
 -1.386294 -1.386294 -1.386294 -1.386294
 -1.386294 -1.386294 -1.386294 -1.386294
 -1.386294 -1.386294 -1.386294 -1.386294
 -1.386294 -1.386294 -1.386294 -1.386294
 -0.822606 -1.702963 -2.376691 -1.252763
 -1.386294 -1.386294 -1.386294 -1.386294
 -0.622531 -2.509593 -1.921810 -1.444888
 -0.887306 -1.852379 -2.322376 -1.098614
 -1.060876 -1.648654 -2.564915 -0.955517
 -2.079437 -1.897117 -1.246533 -0.826681
 -0.552567 -2.466207 -2.265538 -1.444563
 -0.990402 -2.456714 -1.475905 -1.157455
 -0.575369 -2.484890 -2.484890 -1.306252
 -1.375365 -1.945907 -1.466337 -0.984500
