 -1.014212 0.000100 0.000100 0.000100
 -1.847760 0.000100 0.000100 0.000100
 -2.353695 0.000100 0.000100 0.000100
 -0.955280 0.000100 0.000100 0.000100
 -0.833549 -1.720851 -2.488104 -1.192326
 -1.020836 -1.386294 -2.140063 -1.301737
 -1.039425 -1.634129 -2.008820 -1.148624
 -1.501070 -1.744691 -2.627078 -0.634652
 -0.772612 -1.925290 -2.829743 -1.098613
 -1.110883 -1.634130 -3.020415 -0.851372
 -1.252764 -1.348073 -1.704746 -1.299283
 -1.803807 -1.416692 -2.255791 -0.717391
 -0.796826 -1.791759 -2.484904 -1.206501
 -1.194494 -1.527200 -2.331569 -0.960094
 -0.720549 -1.531476 -2.512294 -1.531476
 -1.463484 -1.653240 -2.096732 -0.789030
 -0.524764 -2.140064 -2.334220 -1.641075
 -0.640039 -1.970449 -2.333353 -1.442384
 -0.470006 -1.838277 -2.531417 -1.992426
 -1.196730 -1.693903 -1.522946 -1.217564
 -0.000001 -15.226499 -15.226499 -15.226499
 -0.000002 -14.077878 -14.077878 -14.077878
 -0.000002 -14.006134 -14.006134 -14.006134
 -0.000002 -14.518610 -14.518610 -14.518610
 -0.000000 -15.970756 -15.970756 -15.970756
 -1.386294 -1.386294 -1.386294 -1.386294
 -1.386294 -1.386294 -1.386294 -1.386294
 -1.386294 -1.386294 -1.386294 -1.386294
 -0.000000 -15.970756 -15.970756 -15.970756
 -1.386294 -1.386294 -1.386294 -1.386294
 -1.386294 -1.386294 -1.386294 -1.386294
 -1.386294 -1.386294 -1.386294 -1.386294
 -0.722544 -2.125685 -2.931772 -1.073439
 -1.386294 -1.386294 -1.386294 -1.386294
 -1.386294 -1.386294 -1.386294 -1.386294
 -1.386294 -1.386294 -1.386294 -1.386294
 -15.248212 -15.248212 -15.248212 -0.000001
 -13.845074 -13.845074 -13.845074 -0.000003
 -13.038991 -13.038991 -13.038991 -0.000007
 -14.897317 -14.897317 -14.897317 -0.000001
 -1.386294 -1.386294 -1.386294 -1.386294
 -1.386294 -1.386294 -1.386294 -1.386294
 -1.386294 -1.386294 -1.386294 -1.386294
 -1.087092 -1.862575 -2.353695 -0.885484
 -0.585728 -2.272124 -3.275420 -1.195987
 -0.837398 -1.853316 -1.806796 -1.401332
 -1.187844 -2.460800 -2.008820 -0.743160
 -1.505483 -1.747796 -2.186050 -0.710145
 -0.776798 -2.169824 -2.448537 -1.080263
 -0.958852 -1.149906 -2.841571 -1.420196
 -0.847300 -2.351367 -2.639045 -0.904458
 -1.371479 -1.771079 -1.825146 -0.879657
 -0.927429 -2.259233 -2.811299 -0.821269
 -0.798509 -1.645805 -1.897118 -1.574346
 -0.916292 -1.781286 -2.762105 -0.998530
 -1.508896 -2.005332 -1.568616 -0.830349
 -0.599380 -2.595930 -2.508919 -1.221067
 -0.899485 -1.937469 -1.826244 -1.244325
 -0.995959 -2.406939 -2.763609 -0.739240
 -1.495267 -2.041809 -2.137119 -0.638615
 -0.969679 -2.005769 -2.794224 -0.855487
 -0.843722 -1.893539 -2.335368 -1.131403
 -0.944463 -1.860750 -2.197219 -1.065824
 -1.589802 -1.841116 -2.534261 -0.583265
 -0.798098 -2.018599 -4.215801 -0.910771
 -0.708897 -2.212969 -2.906109 -1.067842
 -1.026641 -1.719784 -2.125244 -1.069200
 -1.329976 -2.013644 -2.582736 -0.641603
 -0.705969 -2.165873 -3.351490 -1.030895
 -0.774642 -1.854558 -2.442340 -1.218572
 -0.595988 -2.100052 -2.793183 -1.326871
 -1.583795 -2.239670 -2.289680 -0.532709
 -0.686799 -2.753657 -2.804950 -0.987219
 -0.723302 -3.516479 -2.050167 -1.031603
 -0.847300 -2.756822 -1.370546 -1.370546
 -1.338123 -3.388287 -2.315656 -0.502205
 -15.024472 -15.024472 -15.024472 -0.000001
 -12.899230 -12.899230 -12.899230 -0.000008
 -13.664692 -13.664692 -13.664692 -0.000003
 -15.206794 -15.206794 -15.206794 -0.000001
 -1.386294 -1.386294 -1.386294 -1.386294
 -1.386294 -1.386294 -1.386294 -1.386294
 -1.386294 -1.386294 -1.386294 -1.386294
 -15.970756 -15.970756 -15.970756 -0.000000
 -1.386294 -1.386294 -1.386294 -1.386294
 -1.386294 -1.386294 -1.386294 -1.386294
 -1.386294 -1.386294 -1.386294 -1.386294
 -15.970756 -15.970756 -15.970756 -0.000000
 -1.386294 -1.386294 -1.386294 -1.386294
 -1.386294 -1.386294 -1.386294 -1.386294
 -1.386294 -1.386294 -1.386294 -1.386294
 -15.970756 -15.970756 -15.970756 -0.000000
 -1.386294 -1.386294 -1.386294 -1.386294
 -1.386294 -1.386294 -1.386294 -1.386294
 -1.386294 -1.386294 -1.386294 -1.386294
 -15.970756 -0.000000 -15.970756 -15.970756
 -1.386294 -1.386294 -1.386294 -1.386294
 -0.000000 -15.970756 -15.970756 -15.970756
 -1.386294 -1.386294 -1.386294 -1.386294
 -1.386294 -1.386294 -1.386294 -1.386294
 -15.970756 -15.970756 -0.000000 -15.970756
 -1.386294 -1.386294 -1.386294 -1.386294
 -1.386294 -1.386294 -1.386294 -1.386294
 -1.386294 -1.386294 -1.386294 -1.386294
 -1.386294 -1.386294 -1.386294 -1.386294
 -1.386294 -1.386294 -1.386294 -1.386294
 -0.766453 -1.885217 -1.492556 -1.840433
 -1.386294 -1.386294 -1.386294 -1.386294
 -0.983326 -1.663228 -1.933518 -1.231788
 -1.542992 -1.237612 -1.879463 -1.068536
 -1.140724 -1.224807 -2.089802 -1.336033
 -1.875457 -1.364633 -1.552685 -0.968738
 -0.920130 -1.613276 -1.780330 -1.453646
 -0.971168 -1.664314 -1.590206 -1.477728
 -1.137528 -1.441210 -2.041981 -1.161626
 -1.572396 -1.436595 -1.452595 -1.137079
 -1.180984 0.000100 0.000100 0.000100
 -2.074799 0.000100 0.000100 0.000100
 -2.112540 0.000100 0.000100 0.000100
 -0.806291 0.000100 0.000100 0.000100
 -0.970781 -2.110207 -2.397885 -0.893820
 -0.810937 -1.349927 -3.295752 -1.349927
 -1.312187 -2.159466 -2.564915 -0.619047
 -2.954894 -1.619908 -2.618428 -0.389964
 -0.633728 -1.493924 -2.505509 -1.812374
 -0.838334 -1.531475 -2.512283 -1.308334
 -0.980838 -1.673968 -1.673968 -1.386294
 -1.549333 -1.682864 -2.530156 -0.649852
 -0.842681 -2.079436 -2.197217 -1.098614
 -1.122145 -0.870832 -3.068012 -1.563974
 -1.845814 -0.998536 -2.944360 -0.865006
 -1.258955 -1.829497 -1.909539 -0.897943
 -0.549111 -2.470909 -1.777771 -1.777771
 -0.805629 -1.652920 -1.547561 -1.904232
 -1.056058 -1.749192 -0.938276 -2.442314
 -1.596014 -1.413693 -0.870080 -2.001475
 -0.000004 -13.652996 -13.652996 -13.652996
 -0.000008 -12.821269 -12.821269 -12.821269
 -0.000005 -13.337481 -13.337481 -13.337481
 -0.000010 -12.644341 -12.644341 -12.644341
 -0.000001 -14.580980 -14.580980 -14.580980
 -1.386294 -1.386294 -1.386294 -1.386294
 -1.386294 -1.386294 -1.386294 -1.386294
 -1.386294 -1.386294 -1.386294 -1.386294
 -0.000001 -14.580980 -14.580980 -14.580980
 -1.386294 -1.386294 -1.386294 -1.386294
 -1.386294 -1.386294 -1.386294 -1.386294
 -1.386294 -1.386294 -1.386294 -1.386294
 -0.816762 -1.844276 -2.480263 -1.151131
 -1.386294 -1.386294 -1.386294 -1.386294
 -1.386294 -1.386294 -1.386294 -1.386294
 -1.386294 -1.386294 -1.386294 -1.386294
 -13.764221 -13.764221 -13.764221 -0.000003
 -12.736712 -12.736712 -12.736712 -0.000009
 -12.100735 -12.100735 -12.100735 -0.000017
 -13.429854 -13.429854 -13.429854 -0.000004
 -1.386294 -1.386294 -1.386294 -1.386294
 -1.386294 -1.386294 -1.386294 -1.386294
 -1.386294 -1.386294 -1.386294 -1.386294
 -1.541996 -1.759719 -2.235141 -0.679291
 -0.650592 -2.036874 -2.036874 -1.526055
 -1.045972 -2.224609 -2.512283 -0.777710
 -1.526054 -1.189587 -1.526054 -1.343735
 -1.555853 -2.052287 -2.052287 -0.630907
 -0.807094 -1.871798 -2.094939 -1.284016
 -1.036096 -1.642224 -1.824542 -1.236764
 -1.029624 -1.540443 -2.639022 -1.029624
 -1.871799 -1.109663 -1.738269 -1.076873
 -1.114362 -2.212965 -1.760985 -0.940009
 -0.815753 -2.005327 -1.871797 -1.312187
 -1.824542 -1.236764 -1.824542 -0.949085
 -1.511457 -1.446919 -1.916918 -0.923673
 -0.826681 -2.549431 -1.386294 -1.450832
 -1.178657 -1.178657 -2.564926 -1.178657
 -1.128468 -2.427727 -1.734596 -0.887308
 -1.312187 -1.717649 -1.958809 -0.890975
 -0.842681 -2.079436 -2.197217 -1.098614
 -1.128468 -1.041457 -1.916914 -1.734596
 -1.018573 -1.791754 -2.890333 -0.875473
 -1.245938 -1.987870 -1.651400 -0.958257
 -0.693150 -2.028143 -2.538962 -1.239692
 -1.213024 -1.308334 -1.413693 -1.665004
 -0.802353 -1.980990 -1.980990 -1.287856
 -1.199418 -1.805550 -2.498689 -0.793954
 -0.904458 -1.722765 -3.044502 -0.996831
 -0.405472 -2.197211 -2.890333 -1.791754
 -0.916297 -1.427116 -2.525695 -1.272967
 -1.945906 -1.945906 -2.862181 -0.419857
 -0.719125 -2.970395 -2.410789 -0.989415
 -0.990402 -2.862162 -1.945902 -0.847303
 -0.693164 -2.484840 -1.791743 -1.386294
 -1.321756 -3.401168 -1.609437 -0.693149
 -13.604795 -13.604795 -13.604795 -0.000004
 -11.512965 -11.512965 -11.512965 -0.000030
 -12.676089 -12.676089 -12.676089 -0.000009
 -13.732133 -13.732133 -13.732133 -0.000003
 -1.386294 -1.386294 -1.386294 -1.386294
 -1.386294 -1.386294 -1.386294 -1.386294
 -1.386294 -1.386294 -1.386294 -1.386294
 -14.580980 -14.580980 -14.580980 -0.000001
 -1.386294 -1.386294 -1.386294 -1.386294
 -1.386294 -1.386294 -1.386294 -1.386294
 -1.386294 -1.386294 -1.386294 -1.386294
 -14.580980 -14.580980 -14.580980 -0.000001
 -1.386294 -1.386294 -1.386294 -1.386294
 -1.386294 -1.386294 -1.386294 -1.386294
 -1.386294 -1.386294 -1.386294 -1.386294
 -14.580980 -14.580980 -14.580980 -0.000001
 -1.386294 -1.386294 -1.386294 -1.386294
 -1.386294 -1.386294 -1.386294 -1.386294
 -1.386294 -1.386294 -1.386294 -1.386294
 -14.580980 -0.000001 -14.580980 -14.580980
 -1.386294 -1.386294 -1.386294 -1.386294
 -0.000001 -14.580980 -14.580980 -14.580980
 -1.386294 -1.386294 -1.386294 -1.386294
 -1.386294 -1.386294 -1.386294 -1.386294
 -14.580980 -14.580980 -0.000001 -14.580980
 -1.386294 -1.386294 -1.386294 -1.386294
 -1.386294 -1.386294 -1.386294 -1.386294
 -1.386294 -1.386294 -1.386294 -1.386294
 -1.386294 -1.386294 -1.386294 -1.386294
 -1.386294 -1.386294 -1.386294 -1.386294
 -0.963919 -1.520490 -2.038432 -1.310195
 -1.386294 -1.386294 -1.386294 -1.386294
 -0.693150 -2.460800 -2.614948 -1.074516
 -0.959779 -2.058380 -1.652920 -1.211092
 -0.847304 -2.639022 -2.639022 -0.847304
 -1.352393 -2.114526 -1.495493 -0.924951
 -0.816763 -2.257116 -1.621133 -1.363305
 -0.893825 -1.992415 -1.704741 -1.299284
 -1.321757 -2.708014 -0.916296 -1.321757
 -1.252764 -2.552034 -1.571216 -0.847300
