 -1.038171 0.000100 0.000100 0.000100
 -2.049771 0.000100 0.000100 0.000100
 -2.274933 0.000100 0.000100 0.000100
 -0.881092 0.000100 0.000100 0.000100
 -0.655733 -2.276533 -2.499676 -1.216762
 -1.236763 -1.562184 -1.929907 -1.036093
 -0.744974 -2.110209 -2.515670 -1.129385
 -1.478102 -1.671473 -2.351374 -0.715962
 -0.690303 -2.426797 -2.459587 -1.124588
 -0.763107 -1.665007 -2.224620 -1.441864
 -0.832911 -1.813736 -2.442339 -1.154494
 -1.408034 -1.808019 -2.392531 -0.693148
 -0.709234 -2.191918 -2.346068 -1.202201
 -0.897943 -1.378914 -2.420363 -1.378914
 -1.011602 -1.838277 -2.685565 -0.893820
 -1.375365 -1.754019 -2.431416 -0.721005
 -0.593850 -2.208273 -2.852628 -1.272181
 -1.223776 -1.663141 -2.465483 -0.840784
 -0.899001 -1.621133 -2.662576 -1.122144
 -1.637609 -1.775230 -2.452115 -0.597838
 -0.926313 -1.909542 -2.602687 -0.962947
 -1.301553 -1.352847 -2.592531 -0.929991
 -0.828695 -1.554629 -1.960090 -1.554629
 -1.545534 -1.606903 -2.338763 -0.713661
 -14.893922 -1.217672 -2.100060 -0.541917
 -14.425279 -1.343735 -2.270494 -0.452763
 -13.652996 -0.946145 -2.363202 -0.658464
 -15.201806 -0.855667 -2.079441 -0.798508
 -1.386294 -1.386294 -1.386294 -1.386294
 -0.000001 -15.033387 -15.033387 -15.033387
 -0.000003 -13.937732 -13.937732 -13.937732
 -0.000001 -15.448666 -15.448666 -15.448666
 -0.000000 -16.080395 -16.080395 -16.080395
 -1.386294 -1.386294 -1.386294 -1.386294
 -1.386294 -1.386294 -1.386294 -1.386294
 -1.386294 -1.386294 -1.386294 -1.386294
 -16.080395 -16.080395 -16.080395 -0.000000
 -1.386294 -1.386294 -1.386294 -1.386294
 -1.386294 -1.386294 -1.386294 -1.386294
 -1.386294 -1.386294 -1.386294 -1.386294
 -1.386294 -1.386294 -1.386294 -1.386294
 -1.386294 -1.386294 -1.386294 -1.386294
 -1.386294 -1.386294 -1.386294 -1.386294
 -1.186474 -2.235324 -2.607373 -0.665496
 -0.646628 -2.425481 -2.592534 -1.161791
 -0.873530 -1.690289 -2.149818 -1.267434
 -1.004585 -1.554629 -2.183231 -1.171638
 -1.609438 -2.030170 -2.837259 -0.494131
 -0.869277 -2.373352 -2.941334 -0.832910
 -1.021652 -1.609437 -2.120260 -1.139435
 -1.127187 -2.316761 -2.316761 -0.736322
 -1.609438 -1.767341 -2.247926 -0.647036
 -0.771480 -2.093233 -2.904160 -1.022794
 -0.995429 -1.316336 -2.529352 -1.263692
 -1.158511 -2.056448 -2.056448 -0.843431
 -1.785070 -1.798493 -2.231356 -0.581098
 -0.721319 -2.330754 -2.404861 -1.119666
 -1.002153 -1.566087 -2.229378 -1.150573
 -1.087053 -2.056448 -2.374898 -0.816763
 -1.512231 -1.577471 -1.955234 -0.840362
 -0.832910 -2.191031 -2.941334 -0.914740
 -1.056053 -1.252763 -2.884171 -1.169382
 -0.889859 -2.079438 -2.320598 -1.004928
 -1.453736 -1.564277 -2.123892 -0.826679
 -0.717840 -2.327276 -3.490420 -0.956732
 -0.746573 -1.656783 -2.850699 -1.282091
 -0.839103 -2.091859 -2.448529 -1.027155
 -1.337629 -1.598994 -2.359279 -0.818836
 -0.744860 -2.061043 -3.224189 -1.026971
 -0.617163 -2.458926 -2.384819 -1.262681
 -0.775842 -1.840546 -1.840546 -1.504077
 -0.996221 -2.278614 -2.419693 -0.822452
 -0.636249 -2.724577 -2.837905 -1.059572
 -0.648299 -2.745427 -2.388757 -1.136001
 -1.057792 -3.178026 -2.484895 -0.639083
 -1.068097 -2.438128 -2.375608 -0.742220
 -15.274126 -15.274126 -15.274126 -0.000001
 -13.444452 -13.444452 -13.444452 -0.000004
 -13.514411 -13.514411 -13.514411 -0.000004
 -15.176488 -15.176488 -15.176488 -0.000001
 -1.386294 -1.386294 -1.386294 -1.386294
 -1.386294 -1.386294 -1.386294 -1.386294
 -1.386294 -1.386294 -1.386294 -1.386294
 -16.080395 -16.080395 -16.080395 -0.000000
 -1.386294 -1.386294 -1.386294 -1.386294
 -1.386294 -1.386294 -1.386294 -1.386294
 -1.386294 -1.386294 -1.386294 -1.386294
 -16.080395 -16.080395 -16.080395 -0.000000
 -1.386294 -1.386294 -1.386294 -1.386294
 -1.386294 -1.386294 -1.386294 -1.386294
 -1.386294 -1.386294 -1.386294 -1.386294
 -16.080395 -16.080395 -16.080395 -0.000000
 -1.386294 -1.386294 -1.386294 -1.386294
 -1.386294 -1.386294 -1.386294 -1.386294
 -1.386294 -1.386294 -1.386294 -1.386294
 -16.080395 -0.000000 -16.080395 -16.080395
 -1.386294 -1.386294 -1.386294 -1.386294
 -0.000000 -16.080395 -16.080395 -16.080395
 -1.386294 -1.386294 -1.386294 -1.386294
 -1.386294 -1.386294 -1.386294 -1.386294
 -16.080395 -16.080395 -0.000000 -16.080395
 -1.386294 -1.386294 -1.386294 -1.386294
 -1.386294 -1.386294 -1.386294 -1.386294
 -1.386294 -1.386294 -1.386294 -1.386294
 -1.386294 -1.386294 -1.386294 -1.386294
 -1.386294 -1.386294 -1.386294 -1.386294
 -0.914216 -1.623029 -1.431974 -1.813807
 -1.386294 -1.386294 -1.386294 -1.386294
 -1.185153 -1.721730 -1.651772 -1.127524
 -1.418383 -1.396876 -2.068968 -0.956565
 -1.294945 -1.395028 -2.179981 -1.007263
 -1.724040 -1.500897 -1.367366 -1.067262
 -0.840784 -1.552279 -2.140064 -1.430390
 -0.943090 -1.673976 -1.623966 -1.487390
 -0.988993 -1.516347 -1.841769 -1.386294
 -1.722766 -1.284512 -1.422662 -1.192139
 -1.046287 0.000100 0.000100 0.000100
 -2.353441 0.000100 0.000100 0.000100
 -2.193099 0.000100 0.000100 0.000100
 -0.816110 0.000100 0.000100 0.000100
 -0.753774 -2.650880 -1.957741 -1.146815
 -1.189587 -1.343735 -2.442314 -1.056058
 -1.349927 -1.504076 -1.686394 -1.098616
 -1.537334 -2.033768 -2.726908 -0.529696
 -0.559619 -2.397886 -2.041215 -1.571216
 -1.268513 -1.673972 -2.367103 -0.826684
 -0.955517 -1.871793 -2.159466 -1.060876
 -1.900238 -1.964776 -2.370237 -0.483176
 -0.608250 -1.730388 -2.983134 -1.479076
 -1.163153 -2.367103 -2.079429 -0.757692
 -1.178658 -1.871793 -1.648654 -1.060876
 -1.658227 -1.475906 -2.456728 -0.702718
 -1.136354 -1.621859 -1.909539 -1.098614
 -1.241714 -1.727217 -1.408767 -1.241714
 -1.481603 -1.145136 -1.704741 -1.299284
 -1.978342 -0.959777 -2.145395 -1.016936
 -1.478101 -1.558143 -1.740463 -0.952011
 -0.770708 -1.806794 -2.412922 -1.260254
 -2.028139 -1.239692 -1.845821 -0.865002
 -1.290985 -1.337504 -2.302577 -1.014732
 -13.473026 -1.266948 -1.127187 -0.930477
 -13.217681 -0.871842 -1.116963 -1.368276
 -12.611551 -0.916296 -1.455286 -1.003306
 -13.664692 -1.087053 -1.815287 -0.693150
 -1.386294 -1.386294 -1.386294 -1.386294
 -0.000004 -13.641162 -13.641162 -13.641162
 -0.000005 -13.337481 -13.337481 -13.337481
 -0.000003 -13.774693 -13.774693 -13.774693
 -0.000001 -14.699280 -14.699280 -14.699280
 -1.386294 -1.386294 -1.386294 -1.386294
 -1.386294 -1.386294 -1.386294 -1.386294
 -1.386294 -1.386294 -1.386294 -1.386294
 -14.699280 -14.699280 -14.699280 -0.000001
 -1.386294 -1.386294 -1.386294 -1.386294
 -1.386294 -1.386294 -1.386294 -1.386294
 -1.386294 -1.386294 -1.386294 -1.386294
 -1.386294 -1.386294 -1.386294 -1.386294
 -1.386294 -1.386294 -1.386294 -1.386294
 -1.386294 -1.386294 -1.386294 -1.386294
 -1.682275 -2.310881 -2.544495 -0.451986
 -0.862227 -2.014895 -2.708026 -0.973452
 -1.232146 -3.177970 -2.079425 -0.613113
 -0.747224 -2.251263 -2.251263 -1.152684
 -2.041218 -1.901457 -2.734360 -0.421834
 -1.234746 -2.215564 -2.061416 -0.749240
 -1.856290 -1.673972 -1.856290 -0.693154
 -0.693158 -2.197197 -2.197197 -1.280936
 -1.784485 -1.741926 -2.617389 -0.537956
 -0.974562 -2.024375 -2.360842 -0.925772
 -1.072640 -1.335002 -2.251277 -1.239692
 -1.232146 -1.791751 -2.484873 -0.780166
 -1.899746 -1.180626 -2.279233 -0.818837
 -0.745336 -2.285768 -2.468086 -1.081807
 -0.916293 -2.014897 -1.897115 -1.149907
 -1.098616 -1.098616 -2.484873 -1.386294
 -1.417066 -1.650680 -1.704747 -0.957535
 -0.965083 -1.722765 -1.722765 -1.339775
 -1.074517 -1.228667 -1.921806 -1.516346
 -1.041457 -1.329137 -2.140053 -1.329137
 -1.474401 -1.585626 -1.646250 -0.984855
 -0.942610 -1.510591 -1.945906 -1.399366
 -0.712199 -1.572395 -2.583980 -1.485384
 -0.940987 -1.516346 -2.327262 -1.228667
 -1.864781 -1.554629 -1.490090 -0.895386
 -0.755281 -2.627069 -2.221610 -1.051546
 -0.732372 -2.564932 -1.386294 -1.648656
 -0.722140 -1.763583 -1.763583 -1.763583
 -1.057792 -2.330747 -1.791757 -0.944464
 -1.025854 -3.277123 -1.890848 -0.792240
 -0.496447 -3.135412 -2.036866 -1.526054
 -1.049825 -2.302570 -1.742965 -0.980833
 -1.199418 -2.498689 -1.805550 -0.793954
 -13.687682 -13.687682 -13.687682 -0.000003
 -11.918417 -11.918417 -11.918417 -0.000020
 -12.847937 -12.847937 -12.847937 -0.000008
 -13.825465 -13.825465 -13.825465 -0.000003
 -1.386294 -1.386294 -1.386294 -1.386294
 -1.386294 -1.386294 -1.386294 -1.386294
 -1.386294 -1.386294 -1.386294 -1.386294
 -14.699280 -14.699280 -14.699280 -0.000001
 -1.386294 -1.386294 -1.386294 -1.386294
 -1.386294 -1.386294 -1.386294 -1.386294
 -1.386294 -1.386294 -1.386294 -1.386294
 -14.699280 -14.699280 -14.699280 -0.000001
 -1.386294 -1.386294 -1.386294 -1.386294
 -1.386294 -1.386294 -1.386294 -1.386294
 -1.386294 -1.386294 -1.386294 -1.386294
 -14.699280 -14.699280 -14.699280 -0.000001
 -1.386294 -1.386294 -1.386294 -1.386294
 -1.386294 -1.386294 -1.386294 -1.386294
 -1.386294 -1.386294 -1.386294 -1.386294
 -14.699280 -0.000001 -14.699280 -14.699280
 -1.386294 -1.386294 -1.386294 -1.386294
 -0.000001 -14.699280 -14.699280 -14.699280
 -1.386294 -1.386294 -1.386294 -1.386294
 -1.386294 -1.386294 -1.386294 -1.386294
 -14.699280 -14.699280 -0.000001 -14.699280
 -1.386294 -1.386294 -1.386294 -1.386294
 -1.386294 -1.386294 -1.386294 -1.386294
 -1.386294 -1.386294 -1.386294 -1.386294
 -1.386294 -1.386294 -1.386294 -1.386294
 -1.386294 -1.386294 -1.386294 -1.386294
 -0.834978 -1.660296 -2.156731 -1.345803
 -1.386294 -1.386294 -1.386294 -1.386294
 -0.722137 -2.256060 -1.881369 -1.358124
 -1.343735 -1.430746 -2.036874 -0.995431
 -1.722761 -1.252765 -1.945899 -0.934314
 -1.309922 -1.435084 -1.840546 -1.098614
 -0.805067 -1.877699 -2.140061 -1.264598
 -0.715624 -1.408767 -2.197213 -1.860747
 -0.639086 -1.974072 -2.197211 -1.504076
 -1.386294 -2.028143 -1.845824 -0.775388
