 -0.958800 0.000100 0.000100 0.000100
 -1.850919 0.000100 0.000100 0.000100
 -2.306108 0.000100 0.000100 0.000100
 -1.021912 0.000100 0.000100 0.000100
 -0.677973 -2.457753 -2.611903 -1.098613
 -0.946597 -1.806796 -1.902106 -1.208961
 -1.110448 -1.957741 -2.044752 -0.916292
 -1.238212 -1.989177 -2.143327 -0.785206
 -0.764275 -2.287768 -2.481924 -1.051957
 -0.860203 -2.159480 -1.871800 -1.178656
 -1.045125 -1.677645 -2.431410 -0.984500
 -1.487193 -1.700114 -2.039982 -0.773707
 -0.703033 -2.109392 -2.223802 -1.289495
 -0.953875 -1.585145 -2.501429 -1.115142
 -0.693149 -2.240704 -2.058384 -1.324419
 -1.305325 -1.954986 -1.710790 -0.899861
 -0.649345 -1.963982 -2.869687 -1.270836
 -0.867102 -1.783390 -2.294212 -1.168206
 -0.916292 -1.911716 -2.347031 -1.031361
 -1.444282 -2.122612 -2.122612 -0.645029
 -0.717101 -2.159483 -2.389057 -1.188317
 -1.009486 -1.679641 -1.937469 -1.187166
 -0.998531 -1.386294 -3.232093 -1.072638
 -1.317094 -1.921293 -2.370242 -0.708847
 -14.984893 -1.149579 -1.663677 -0.705648
 -14.054530 -1.180626 -1.625310 -0.701054
 -13.604795 -1.216396 -1.829497 -0.610262
 -14.987994 -1.142924 -1.460164 -0.800919
 -1.386294 -1.386294 -1.386294 -1.386294
 -0.000001 -14.801329 -14.801329 -14.801329
 -0.000002 -14.369398 -14.369398 -14.369398
 -0.000001 -15.228934 -15.228934 -15.228934
 -15.959101 -1.555803 -1.944738 -0.437025
 -1.386294 -1.386294 -1.386294 -1.386294
 -1.386294 -1.386294 -1.386294 -1.386294
 -1.386294 -1.386294 -1.386294 -1.386294
 -1.386294 -1.386294 -1.386294 -1.386294
 -14.403299 -14.403299 -14.403299 -0.000002
 -14.014364 -14.014364 -14.014364 -0.000002
 -15.522076 -15.522076 -15.522076 -0.000001
 -1.386294 -1.386294 -1.386294 -1.386294
 -1.386294 -1.386294 -1.386294 -1.386294
 -1.386294 -1.386294 -1.386294 -1.386294
 -1.058400 -2.075930 -2.282851 -0.854357
 -0.640504 -2.163997 -2.554862 -1.271519
 -0.545697 -1.728388 -2.881056 -1.677095
 -0.659248 -2.068008 -2.519988 -1.287855
 -1.475562 -2.065760 -2.562196 -0.566527
 -0.664656 -2.039775 -3.073845 -1.173610
 -0.850334 -1.927889 -2.621030 -1.036920
 -0.863049 -2.079435 -2.079435 -1.114362
 -1.559647 -1.819158 -2.170555 -0.666480
 -0.711957 -2.219202 -3.209596 -1.020962
 -1.050985 -1.410987 -2.866263 -1.050985
 -0.881202 -1.945906 -2.862181 -0.952660
 -1.492312 -1.762602 -2.212126 -0.705053
 -0.825746 -2.289596 -2.257847 -1.032238
 -0.958525 -1.999975 -2.492448 -0.920058
 -1.019833 -1.808285 -2.031426 -1.066353
 -1.739333 -1.806024 -2.177587 -0.603779
 -0.815589 -2.262505 -2.550186 -0.979591
 -1.048603 -1.584119 -3.152719 -0.912028
 -1.109663 -1.566420 -3.124544 -0.873275
 -1.710081 -1.418730 -2.346069 -0.731093
 -0.861612 -1.864079 -3.250366 -0.957840
 -0.783532 -1.755391 -2.143155 -1.374024
 -1.011603 -1.791756 -3.091015 -0.857453
 -1.405552 -1.827824 -2.378999 -0.690427
 -0.914609 -1.956061 -2.602686 -0.957534
 -0.678760 -2.219200 -2.529352 -1.189585
 -0.606139 -2.397885 -2.243736 -1.356442
 -1.101457 -1.931805 -2.397893 -0.839751
 -0.810931 -2.369073 -2.890368 -0.900337
 -0.577317 -2.790277 -2.028145 -1.403994
 -0.842681 -2.667214 -3.178026 -0.780161
 -1.047627 -2.648328 -2.382626 -0.721231
 -15.099219 -15.099219 -15.099219 -0.000001
 -13.415039 -13.415039 -13.415039 -0.000004
 -13.415039 -13.415039 -13.415039 -0.000004
 -15.090875 -15.090875 -15.090875 -0.000001
 -1.386294 -1.386294 -1.386294 -1.386294
 -1.386294 -1.386294 -1.386294 -1.386294
 -1.386294 -1.386294 -1.386294 -1.386294
 -15.959101 -15.959101 -15.959101 -0.000000
 -1.386294 -1.386294 -1.386294 -1.386294
 -1.386294 -1.386294 -1.386294 -1.386294
 -1.386294 -1.386294 -1.386294 -1.386294
 -15.959101 -15.959101 -15.959101 -0.000000
 -1.386294 -1.386294 -1.386294 -1.386294
 -1.386294 -1.386294 -1.386294 -1.386294
 -1.386294 -1.386294 -1.386294 -1.386294
 -15.959101 -15.959101 -15.959101 -0.000000
 -1.386294 -1.386294 -1.386294 -1.386294
 -1.386294 -1.386294 -1.386294 -1.386294
 -1.386294 -1.386294 -1.386294 -1.386294
 -15.959101 -0.000000 -15.959101 -15.959101
 -1.386294 -1.386294 -1.386294 -1.386294
 -0.000000 -15.959101 -15.959101 -15.959101
 -1.386294 -1.386294 -1.386294 -1.386294
 -1.386294 -1.386294 -1.386294 -1.386294
 -15.959101 -15.959101 -0.000000 -15.959101
 -1.386294 -1.386294 -1.386294 -1.386294
 -1.386294 -1.386294 -1.386294 -1.386294
 -1.386294 -1.386294 -1.386294 -1.386294
 -1.386294 -1.386294 -1.386294 -1.386294
 -1.386294 -1.386294 -1.386294 -1.386294
 -0.808589 -1.785915 -1.406425 -1.952969
 -1.386294 -1.386294 -1.386294 -1.386294
 -1.080359 -1.797036 -1.677491 -1.177997
 -1.407496 -1.497108 -1.918320 -0.955512
 -0.998529 -1.471133 -1.908346 -1.372042
 -1.751267 -1.499953 -1.082219 -1.330055
 -0.973225 -1.579360 -1.807144 -1.378690
 -0.916292 -1.803593 -1.609437 -1.446919
 -0.910213 -1.462280 -2.008822 -1.462280
 -1.742413 -1.471539 -1.314970 -1.118260
 -1.312563 0.000100 0.000100 0.000100
 -1.986292 0.000100 0.000100 0.000100
 -2.045715 0.000100 0.000100 0.000100
 -0.767053 0.000100 0.000100 0.000100
 -0.887305 -2.545523 -2.060020 -0.961412
 -0.955514 -2.159475 -2.159475 -0.955514
 -1.001451 -1.589233 -2.282371 -1.119233
 -1.673976 -2.174749 -2.226042 -0.526094
 -0.795564 -2.088327 -2.162434 -1.172040
 -1.481604 -1.586963 -1.704745 -0.950980
 -1.122145 -2.151752 -2.374890 -0.765472
 -2.096341 -1.753398 -1.968508 -0.572267
 -0.813513 -2.377479 -1.684338 -1.278875
 -0.781704 -2.285768 -1.998090 -1.187167
 -1.078812 -1.347074 -1.714795 -1.514127
 -1.392092 -1.975236 -1.752093 -0.822559
 -1.284016 -2.034318 -1.500238 -0.996334
 -1.118032 -1.871797 -1.243194 -1.466336
 -1.401798 -0.996335 -1.871798 -1.466336
 -1.663925 -1.586964 -2.110210 -0.723920
 -0.805627 -2.058384 -2.058384 -1.211091
 -1.195240 -1.034898 -1.932834 -1.622682
 -1.475906 -1.304057 -1.763586 -1.113002
 -1.602269 -1.500486 -1.843430 -0.874032
 -13.901692 -1.027787 -1.395511 -0.930149
 -13.698981 -0.992130 -0.825077 -1.655422
 -13.253399 -0.998531 -1.152681 -1.152681
 -14.030625 -1.293921 -1.182696 -0.869039
 -1.386294 -1.386294 -1.386294 -1.386294
 -0.000002 -14.054530 -14.054530 -14.054530
 -0.000002 -14.014364 -14.014364 -14.014364
 -0.000002 -14.077878 -14.077878 -14.077878
 -15.147878 -1.894484 -1.689041 -0.408108
 -1.386294 -1.386294 -1.386294 -1.386294
 -1.386294 -1.386294 -1.386294 -1.386294
 -1.386294 -1.386294 -1.386294 -1.386294
 -1.386294 -1.386294 -1.386294 -1.386294
 -13.253399 -13.253399 -13.253399 -0.000005
 -13.458841 -13.458841 -13.458841 -0.000004
 -14.739771 -14.739771 -14.739771 -0.000001
 -1.386294 -1.386294 -1.386294 -1.386294
 -1.386294 -1.386294 -1.386294 -1.386294
 -1.386294 -1.386294 -1.386294 -1.386294
 -1.948551 -2.045715 -2.108894 -0.499458
 -0.810933 -2.379534 -2.379534 -0.993254
 -1.183772 -1.493924 -1.812374 -1.183772
 -1.263693 -1.882726 -1.056055 -1.526055
 -2.302583 -1.911718 -1.911718 -0.503606
 -1.098614 -1.544899 -2.014898 -1.139435
 -1.152681 -1.558143 -2.433600 -0.952011
 -1.147404 -1.198697 -2.197217 -1.309922
 -1.847639 -1.718427 -2.123891 -0.609767
 -1.056054 -1.813736 -1.631416 -1.225952
 -1.049824 -1.337504 -2.184796 -1.290985
 -1.219242 -1.704745 -1.704745 -1.076142
 -1.915695 -1.243603 -1.915695 -0.874243
 -0.991193 -1.741496 -1.802120 -1.242507
 -1.178656 -2.025949 -1.215023 -1.332806
 -1.304949 -1.774949 -1.438480 -1.133100
 -1.887068 -1.586964 -1.448815 -0.893819
 -0.755024 -2.040217 -1.609437 -1.609437
 -1.098614 -1.481604 -1.624704 -1.417066
 -0.866421 -1.838277 -1.704746 -1.432814
 -2.120260 -1.139435 -1.783790 -0.936495
 -0.924591 -1.905417 -2.397889 -1.011602
 -0.669052 -2.460800 -1.841767 -1.410987
 -0.847300 -2.051265 -1.763586 -1.304057
 -1.618916 -1.331235 -1.830224 -0.974561
 -0.978469 -2.176168 -1.729883 -1.098613
 -0.693150 -2.047687 -1.824546 -1.562184
 -1.025855 -1.405342 -1.773064 -1.485384
 -1.201267 -1.721141 -1.634130 -1.123306
 -0.678964 -2.543741 -2.169050 -1.203973
 -0.643554 -4.077444 -1.774949 -1.244325
 -0.852214 -2.427737 -2.427737 -0.923673
 -1.284512 -2.415907 -1.885283 -0.729517
 -14.297939 -14.297939 -14.297939 -0.000002
 -12.542559 -12.542559 -12.542559 -0.000011
 -13.102169 -13.102169 -13.102169 -0.000006
 -14.151986 -14.151986 -14.151986 -0.000002
 -1.386294 -1.386294 -1.386294 -1.386294
 -1.386294 -1.386294 -1.386294 -1.386294
 -1.386294 -1.386294 -1.386294 -1.386294
 -15.147878 -15.147878 -15.147878 -0.000001
 -1.386294 -1.386294 -1.386294 -1.386294
 -1.386294 -1.386294 -1.386294 -1.386294
 -1.386294 -1.386294 -1.386294 -1.386294
 -15.147878 -15.147878 -15.147878 -0.000001
 -1.386294 -1.386294 -1.386294 -1.386294
 -1.386294 -1.386294 -1.386294 -1.386294
 -1.386294 -1.386294 -1.386294 -1.386294
 -15.147878 -15.147878 -15.147878 -0.000001
 -1.386294 -1.386294 -1.386294 -1.386294
 -1.386294 -1.386294 -1.386294 -1.386294
 -1.386294 -1.386294 -1.386294 -1.386294
 -15.147878 -0.000001 -15.147878 -15.147878
 -1.386294 -1.386294 -1.386294 -1.386294
 -0.000001 -15.147878 -15.147878 -15.147878
 -1.386294 -1.386294 -1.386294 -1.386294
 -1.386294 -1.386294 -1.386294 -1.386294
 -15.147878 -15.147878 -0.000001 -15.147878
 -1.386294 -1.386294 -1.386294 -1.386294
 -1.386294 -1.386294 -1.386294 -1.386294
 -1.386294 -1.386294 -1.386294 -1.386294
 -1.386294 -1.386294 -1.386294 -1.386294
 -1.386294 -1.386294 -1.386294 -1.386294
 -1.010283 -1.593730 -1.912184 -1.255405
 -1.386294 -1.386294 -1.386294 -1.386294
 -0.693149 -2.529352 -1.791758 -1.371906
 -1.208312 -1.635754 -2.146575 -0.942610
 -1.627455 -1.722764 -1.722764 -0.806479
 -1.909540 -2.043070 -1.386294 -0.750307
 -0.827881 -2.071070 -2.071070 -1.168206
 -0.867504 -2.302573 -1.966107 -1.078812
 -0.707749 -2.288188 -2.036876 -1.289668
 -1.452252 -1.857716 -1.770705 -0.821627
