 -1.118252 0.000100 0.000100 0.000100
 -1.864613 0.000100 0.000100 0.000100
 -2.137560 0.000100 0.000100 0.000100
 -0.915664 0.000100 0.000100 0.000100
 -0.775111 -1.951684 -2.230397 -1.238470
 -1.043481 -1.702725 -2.373891 -0.987600
 -0.973763 -1.598855 -2.403225 -1.109308
 -1.454392 -1.873370 -2.238830 -0.680686
 -0.759272 -2.193574 -2.315464 -1.133965
 -0.916291 -1.691115 -2.405766 -1.122423
 -1.110883 -1.386294 -2.266650 -1.148623
 -1.336595 -1.706341 -2.223032 -0.804186
 -0.781893 -1.880505 -2.280304 -1.245855
 -0.862624 -1.834484 -2.738936 -1.039555
 -1.027154 -1.720299 -2.143155 -1.062245
 -1.427680 -1.929159 -2.093046 -0.710184
 -0.767122 -1.877033 -2.243495 -1.285466
 -0.773871 -1.890339 -2.410213 -1.210799
 -0.847299 -1.945908 -1.945908 -1.252763
 -1.225097 -1.811760 -2.000160 -0.897492
 -0.807365 -1.968382 -2.351374 -1.142415
 -0.786042 -1.642227 -2.294551 -1.386294
 -1.198696 -1.658227 -2.351372 -0.885039
 -1.283594 -1.585069 -2.395998 -0.851100
 -0.808421 -2.101457 -2.233033 -1.124059
 -1.029620 -1.722766 -2.543744 -0.952659
 -0.991929 -1.881784 -2.452325 -0.939743
 -1.361860 -1.895942 -2.119086 -0.747607
 -15.550700 -0.547346 -0.863896 -15.550700
 -14.652760 -0.500776 -0.931559 -14.652760
 -14.328337 -0.473604 -0.974860 -14.328337
 -15.654472 -0.552487 -0.856883 -15.654472
 -1.386294 -1.386294 -1.386294 -1.386294
 -0.886233 -1.849044 -2.619968 -1.028336
 -0.920086 -1.867267 -2.828676 -0.947063
 -1.386294 -1.386294 -1.386294 -1.386294
 -15.684232 -15.684232 -15.684232 -0.000000
 -14.727795 -14.727795 -14.727795 -0.000001
 -13.883173 -13.883173 -13.883173 -0.000003
 -15.590464 -15.590464 -15.590464 -0.000001
 -1.386294 -1.386294 -1.386294 -1.386294
 -1.386294 -1.386294 -1.386294 -1.386294
 -1.386294 -1.386294 -1.386294 -1.386294
 -0.942671 -1.975839 -2.390395 -0.967122
 -0.707746 -2.140871 -2.442346 -1.194889
 -0.553977 -2.262666 -2.759100 -1.355111
 -0.652875 -2.093232 -3.037685 -1.176945
 -1.202873 -1.964228 -2.535677 -0.733557
 -0.837696 -2.027280 -2.687991 -1.000806
 -0.838958 -1.926008 -2.654242 -1.044810
 -1.027996 -1.721141 -2.614952 -0.940984
 -1.283346 -1.876114 -2.357416 -0.744350
 -0.763352 -2.269248 -2.391137 -1.081805
 -1.060392 -1.658228 -2.609200 -0.942609
 -1.044125 -1.737270 -3.036541 -0.858023
 -1.728958 -1.737692 -2.079441 -0.650845
 -0.826123 -2.234889 -2.528650 -0.979533
 -0.899830 -1.700607 -2.651579 -1.078078
 -1.002153 -2.423533 -2.423533 -0.785930
 -1.512927 -1.761388 -2.166853 -0.706451
 -0.885691 -1.944028 -2.663842 -0.981457
 -1.161414 -1.486835 -2.302583 -1.019239
 -0.899762 -2.238043 -2.014901 -1.040344
 -1.542888 -1.606514 -2.634673 -0.665709
 -0.821529 -1.947919 -2.991721 -1.001114
 -0.859232 -1.809713 -2.593829 -1.084478
 -0.870830 -1.864078 -2.294858 -1.122144
 -1.406914 -1.575050 -2.371994 -0.787875
 -0.810484 -2.023871 -2.690349 -1.034632
 -0.843721 -2.047692 -2.299005 -1.077335
 -0.962038 -1.816450 -2.104131 -1.098613
 -1.155585 -2.066862 -2.274501 -0.785929
 -0.794001 -2.550420 -2.838101 -0.888233
 -0.487296 -2.782152 -2.402665 -1.455287
 -0.679543 -2.585705 -2.418652 -1.112406
 -0.953908 -2.908184 -2.090740 -0.828745
 -15.790980 -15.790980 -15.790980 -0.000000
 -13.873783 -13.873783 -13.873783 -0.000003
 -14.187077 -14.187077 -14.187077 -0.000002
 -15.643281 -15.643281 -15.643281 -0.000000
 -1.386294 -1.386294 -1.386294 -1.386294
 -1.386294 -1.386294 -1.386294 -1.386294
 -1.386294 -1.386294 -1.386294 -1.386294
 -16.584343 -16.584343 -16.584343 -0.000000
 -1.386294 -1.386294 -1.386294 -1.386294
 -1.386294 -1.386294 -1.386294 -1.386294
 -1.386294 -1.386294 -1.386294 -1.386294
 -16.584343 -16.584343 -16.584343 -0.000000
 -1.386294 -1.386294 -1.386294 -1.386294
 -1.386294 -1.386294 -1.386294 -1.386294
 -1.386294 -1.386294 -1.386294 -1.386294
 -16.584343 -16.584343 -16.584343 -0.000000
 -1.386294 -1.386294 -1.386294 -1.386294
 -1.386294 -1.386294 -1.386294 -1.386294
 -1.386294 -1.386294 -1.386294 -1.386294
 -16.584343 -0.000000 -16.584343 -16.584343
 -1.386294 -1.386294 -1.386294 -1.386294
 -0.000000 -16.584343 -16.584343 -16.584343
 -1.386294 -1.386294 -1.386294 -1.386294
 -1.386294 -1.386294 -1.386294 -1.386294
 -16.584343 -16.584343 -0.000000 -16.584343
 -1.386294 -1.386294 -1.386294 -1.386294
 -1.386294 -1.386294 -1.386294 -1.386294
 -1.386294 -1.386294 -1.386294 -1.386294
 -1.386294 -1.386294 -1.386294 -1.386294
 -1.386294 -1.386294 -1.386294 -1.386294
 -0.854855 -1.687027 -1.447076 -1.868670
 -1.386294 -1.386294 -1.386294 -1.386294
 -1.172040 -1.659335 -1.800648 -1.094197
 -1.304949 -1.452869 -1.858333 -1.081805
 -1.044124 -1.508085 -2.035105 -1.217396
 -1.613511 -1.634130 -1.242652 -1.148623
 -1.019060 -1.539737 -1.995974 -1.242203
 -1.113927 -1.591365 -1.465324 -1.439349
 -0.936274 -1.484486 -2.449565 -1.220902
 -1.611377 -1.340832 -1.475422 -1.170933
 -1.119307 0.000100 0.000100 0.000100
 -2.106305 0.000100 0.000100 0.000100
 -2.048596 0.000100 0.000100 0.000100
 -0.860640 0.000100 0.000100 0.000100
 -0.865921 -2.046769 -2.018599 -1.147772
 -0.977536 -1.976060 -1.724747 -1.181134
 -1.061912 -1.728388 -1.728388 -1.207094
 -2.395048 -1.817734 -1.383449 -0.701732
 -0.753773 -2.262666 -2.307117 -1.121497
 -1.114742 -1.461018 -1.832580 -1.272966
 -1.231257 -1.367832 -1.945908 -1.169382
 -1.826408 -1.683307 -2.114089 -0.630159
 -0.882048 -2.063179 -1.808288 -1.220502
 -1.138618 -1.734600 -1.852383 -1.060147
 -0.980831 -1.466337 -2.005330 -1.348554
 -1.864231 -1.377217 -1.884034 -0.819325
 -0.780159 -1.954277 -1.742969 -1.491655
 -0.886439 -1.773740 -1.704747 -1.442384
 -1.090831 -1.673975 -1.716535 -1.214445
 -1.417066 -1.761906 -1.822530 -0.857451
 -1.075003 -1.505785 -1.966599 -1.214265
 -1.135792 -1.454245 -1.924247 -1.206409
 -0.992554 -1.497108 -1.918320 -1.351927
 -1.811406 -1.506025 -1.617250 -0.876248
 -0.954676 -1.950102 -1.451112 -1.433412
 -1.218414 -1.313724 -1.893541 -1.255455
 -0.998530 -1.424613 -1.754854 -1.523053
 -1.416147 -1.777160 -1.616818 -0.942364
 -14.778687 -0.789222 -0.605501 -14.778687
 -14.297939 -0.598961 -0.797138 -14.297939
 -14.291747 -0.711958 -0.674686 -14.291747
 -14.711600 -0.791729 -0.603419 -14.711600
 -1.386294 -1.386294 -1.386294 -1.386294
 -0.956014 -1.926008 -2.157809 -1.037692
 -1.240112 -1.894038 -1.974080 -0.864419
 -1.386294 -1.386294 -1.386294 -1.386294
 -14.837963 -14.837963 -14.837963 -0.000001
 -14.022528 -14.022528 -14.022528 -0.000002
 -13.873783 -13.873783 -13.873783 -0.000003
 -14.987994 -14.987994 -14.987994 -0.000001
 -1.386294 -1.386294 -1.386294 -1.386294
 -1.386294 -1.386294 -1.386294 -1.386294
 -1.386294 -1.386294 -1.386294 -1.386294
 -1.621559 -2.039294 -1.697545 -0.715073
 -0.988993 -1.698668 -2.104132 -1.129575
 -1.280934 -2.484899 -2.197220 -0.639082
 -1.440361 -1.656584 -1.805003 -0.896747
 -2.177711 -1.963301 -2.055109 -0.480901
 -0.849227 -2.445237 -2.017795 -1.042418
 -0.936495 -2.189252 -1.883873 -1.067114
 -1.225613 -1.600305 -1.359143 -1.395511
 -1.969834 -1.703566 -1.743307 -0.686081
 -0.801629 -2.274931 -1.702414 -1.322925
 -1.090831 -1.484734 -2.018814 -1.188469
 -1.473305 -1.141173 -1.878769 -1.208614
 -1.780198 -1.763104 -1.681758 -0.746892
 -0.755949 -2.142241 -1.749199 -1.430746
 -1.118031 -1.553348 -1.717651 -1.265667
 -1.105680 -1.911303 -1.554629 -1.171638
 -1.649984 -1.599553 -2.072839 -0.733694
 -0.990982 -1.965030 -1.532898 -1.299283
 -1.344909 -1.736950 -1.736950 -0.948495
 -1.151455 -1.693778 -1.511457 -1.275069
 -1.711716 -1.619909 -1.771140 -0.795427
 -0.884203 -1.911718 -1.653889 -1.395028
 -0.926763 -1.568615 -1.878769 -1.414465
 -1.231257 -1.111113 -2.191030 -1.320204
 -1.497320 -1.543840 -1.949305 -0.866694
 -0.906902 -1.916167 -2.145741 -1.102393
 -0.715621 -1.974079 -1.791758 -1.582038
 -0.677400 -1.745238 -1.891841 -1.791758
 -1.479290 -1.973308 -1.644805 -0.820630
 -0.827578 -2.328062 -1.977861 -1.117661
 -0.778671 -3.194566 -1.759497 -1.115142
 -0.897244 -2.670302 -2.228473 -0.878552
 -1.049823 -2.616239 -1.977161 -0.824484
 -15.036342 -15.036342 -15.036342 -0.000001
 -13.369229 -13.369229 -13.369229 -0.000005
 -13.955276 -13.955276 -13.955276 -0.000003
 -14.953345 -14.953345 -14.953345 -0.000001
 -1.386294 -1.386294 -1.386294 -1.386294
 -1.386294 -1.386294 -1.386294 -1.386294
 -1.386294 -1.386294 -1.386294 -1.386294
 -15.931767 -15.931767 -15.931767 -0.000000
 -1.386294 -1.386294 -1.386294 -1.386294
 -1.386294 -1.386294 -1.386294 -1.386294
 -1.386294 -1.386294 -1.386294 -1.386294
 -15.931767 -15.931767 -15.931767 -0.000000
 -1.386294 -1.386294 -1.386294 -1.386294
 -1.386294 -1.386294 -1.386294 -1.386294
 -1.386294 -1.386294 -1.386294 -1.386294
 -15.931767 -15.931767 -15.931767 -0.000000
 -1.386294 -1.386294 -1.386294 -1.386294
 -1.386294 -1.386294 -1.386294 -1.386294
 -1.386294 -1.386294 -1.386294 -1.386294
 -15.931767 -0.000000 -15.931767 -15.931767
 -1.386294 -1.386294 -1.386294 -1.386294
 -0.000000 -15.931767 -15.931767 -15.931767
 -1.386294 -1.386294 -1.386294 -1.386294
 -1.386294 -1.386294 -1.386294 -1.386294
 -15.931767 -15.931767 -0.000000 -15.931767
 -1.386294 -1.386294 -1.386294 -1.386294
 -1.386294 -1.386294 -1.386294 -1.386294
 -1.386294 -1.386294 -1.386294 -1.386294
 -1.386294 -1.386294 -1.386294 -1.386294
 -1.386294 -1.386294 -1.386294 -1.386294
 -0.972033 -1.579762 -1.901144 -1.323263
 -1.386294 -1.386294 -1.386294 -1.386294
 -0.786549 -1.920751 -1.798149 -1.458933
 -1.291516 -1.478102 -1.809458 -1.098613
 -1.209364 -2.255328 -2.255328 -0.709409
 -1.506342 -1.871801 -1.660493 -0.833815
 -0.752867 -2.065051 -1.859200 -1.400893
 -0.755669 -1.992428 -1.791758 -1.481604
 -0.954032 -1.647177 -2.014900 -1.241714
 -1.252763 -2.075962 -1.809334 -0.855462
