 -1.046166 0.000100 0.000100 0.000100
 -1.914362 0.000100 0.000100 0.000100
 -2.240453 0.000100 0.000100 0.000100
 -0.929194 0.000100 0.000100 0.000100
 -0.715289 -2.228737 -2.456126 -1.147220
 -0.995429 -1.676879 -2.393554 -1.043631
 -0.984854 -1.528468 -2.339395 -1.160745
 -1.594933 -1.661073 -2.146580 -0.712820
 -0.693148 -1.922121 -2.602688 -1.274289
 -0.946144 -1.570971 -2.245425 -1.210530
 -1.079565 -1.615868 -1.914360 -1.158036
 -1.435084 -1.757858 -2.284683 -0.718086
 -0.772015 -2.077679 -2.428335 -1.125424
 -1.069199 -1.416600 -2.700611 -1.058388
 -0.849494 -1.765783 -2.384819 -1.173733
 -1.320448 -1.735765 -2.060426 -0.845554
 -0.662164 -2.115032 -2.238264 -1.358706
 -0.818564 -1.765491 -2.276315 -1.254666
 -0.884543 -2.153050 -2.270833 -1.000375
 -1.062433 -1.857000 -2.268098 -0.929536
 -0.708140 -2.367123 -2.192770 -1.197052
 -0.538351 -2.307117 -2.307117 -1.526961
 -0.789686 -2.695848 -2.385696 -0.950616
 -0.954718 -2.162132 -2.179524 -0.949577
 -0.815750 -2.327620 -2.463166 -0.980829
 -0.893819 -2.203736 -2.092511 -1.029620
 -1.035555 -2.564944 -2.827306 -0.675553
 -1.396166 -2.543567 -2.340626 -0.548869
 -15.557731 -15.557731 -15.557731 -0.000001
 -14.159103 -14.159103 -14.159103 -0.000002
 -14.151986 -14.151986 -14.151986 -0.000002
 -15.772785 -15.772785 -15.772785 -0.000000
 -1.386294 -1.386294 -1.386294 -1.386294
 -1.386294 -1.386294 -1.386294 -1.386294
 -1.386294 -1.386294 -1.386294 -1.386294
 -16.562782 -16.562782 -16.562782 -0.000000
 -1.386294 -1.386294 -1.386294 -1.386294
 -1.386294 -1.386294 -1.386294 -1.386294
 -1.386294 -1.386294 -1.386294 -1.386294
 -16.562782 -16.562782 -16.562782 -0.000000
 -1.386294 -1.386294 -1.386294 -1.386294
 -1.386294 -1.386294 -1.386294 -1.386294
 -1.386294 -1.386294 -1.386294 -1.386294
 -1.059022 -1.905704 -2.590267 -0.845164
 -0.655065 -2.286085 -2.997579 -1.111636
 -0.416301 -2.451002 -2.881782 -1.618096
 -0.444688 -2.816253 -2.682723 -1.466337
 -1.018340 -1.996418 -2.869689 -0.806834
 -0.681235 -2.330945 -2.907832 -1.072330
 -0.771266 -1.857453 -2.208850 -1.303144
 -0.843431 -2.374898 -2.374898 -0.957841
 -1.361158 -1.766623 -2.459769 -0.718932
 -0.757895 -2.283950 -2.744764 -1.007300
 -1.197394 -1.594695 -1.724748 -1.149385
 -0.938271 -2.347031 -2.260020 -0.894786
 -1.723097 -1.894368 -2.246344 -0.570418
 -0.699013 -2.479074 -2.774538 -1.030790
 -0.980830 -1.726619 -2.202041 -1.089043
 -1.041455 -2.085996 -2.727845 -0.781944
 -1.726856 -1.821347 -2.403742 -0.562170
 -0.820802 -2.207095 -2.865149 -0.934131
 -1.203973 -1.435084 -1.881370 -1.172721
 -0.994040 -1.953813 -2.136133 -0.994040
 -1.711070 -1.766862 -2.476537 -0.571947
 -0.824521 -1.903620 -2.805520 -1.043977
 -0.920365 -1.573506 -2.327275 -1.214872
 -0.818312 -1.916921 -2.347701 -1.151455
 -1.309592 -1.853783 -2.461408 -0.717211
 -0.696764 -2.328179 -3.272638 -1.003959
 -0.709148 -2.639053 -2.639053 -1.007641
 -0.725410 -1.945908 -2.271328 -1.309922
 -1.233054 -2.635876 -2.252884 -0.631400
 -0.671641 -2.884178 -3.066499 -0.950246
 -0.548568 -3.113502 -2.132683 -1.349927
 -0.800394 -3.161230 -2.573452 -0.838860
 -1.159237 -2.885855 -2.385900 -0.619039
 -15.714629 -15.714629 -15.714629 -0.000000
 -13.641162 -13.641162 -13.641162 -0.000004
 -13.963934 -13.963934 -13.963934 -0.000003
 -15.749927 -15.749927 -15.749927 -0.000000
 -1.386294 -1.386294 -1.386294 -1.386294
 -1.386294 -1.386294 -1.386294 -1.386294
 -1.386294 -1.386294 -1.386294 -1.386294
 -16.562782 -16.562782 -16.562782 -0.000000
 -1.386294 -1.386294 -1.386294 -1.386294
 -1.386294 -1.386294 -1.386294 -1.386294
 -1.386294 -1.386294 -1.386294 -1.386294
 -16.562782 -16.562782 -16.562782 -0.000000
 -1.386294 -1.386294 -1.386294 -1.386294
 -1.386294 -1.386294 -1.386294 -1.386294
 -1.386294 -1.386294 -1.386294 -1.386294
 -16.562782 -16.562782 -16.562782 -0.000000
 -1.386294 -1.386294 -1.386294 -1.386294
 -1.386294 -1.386294 -1.386294 -1.386294
 -1.386294 -1.386294 -1.386294 -1.386294
 -16.562782 -0.000000 -16.562782 -16.562782
 -1.386294 -1.386294 -1.386294 -1.386294
 -0.000000 -16.562782 -16.562782 -16.562782
 -1.386294 -1.386294 -1.386294 -1.386294
 -1.386294 -1.386294 -1.386294 -1.386294
 -16.562782 -16.562782 -0.000000 -16.562782
 -1.386294 -1.386294 -1.386294 -1.386294
 -1.386294 -1.386294 -1.386294 -1.386294
 -1.386294 -1.386294 -1.386294 -1.386294
 -1.386294 -1.386294 -1.386294 -1.386294
 -1.386294 -1.386294 -1.386294 -1.386294
 -0.824483 -1.739313 -1.471908 -1.855273
 -1.386294 -1.386294 -1.386294 -1.386294
 -1.055687 -1.748834 -1.922787 -1.103008
 -1.295640 -1.741926 -1.828938 -0.940300
 -1.135601 -1.603867 -2.119332 -1.028503
 -1.759498 -2.095969 -1.234489 -0.882048
 -0.959776 -1.609438 -1.904237 -1.316451
 -0.959983 -1.682688 -1.662885 -1.420324
 -0.978249 -1.333452 -1.889397 -1.563975
 -1.758568 -1.450478 -1.428005 -1.039975
 -1.086962 0.000100 0.000100 0.000100
 -1.856298 0.000100 0.000100 0.000100
 -2.212972 0.000100 0.000100 0.000100
 -0.923478 0.000100 0.000100 0.000100
 -0.803239 -2.337950 -2.091091 -1.102481
 -1.232144 -1.609437 -1.897118 -1.026293
 -1.029621 -1.722765 -1.597602 -1.339775
 -1.808288 -1.712978 -2.501433 -0.555527
 -0.827298 -2.110211 -2.306921 -1.072970
 -1.282616 -1.446919 -2.006532 -1.041455
 -1.302913 -1.813736 -1.577349 -1.025282
 -1.582204 -1.524217 -1.915696 -0.845255
 -0.785807 -1.809616 -2.376010 -1.246148
 -0.930476 -1.697729 -1.554629 -1.554629
 -1.025854 -1.718999 -1.618916 -1.331235
 -1.478887 -1.393120 -2.351373 -0.847298
 -0.678110 -1.912386 -2.049587 -1.532897
 -0.965889 -1.546917 -1.785327 -1.432507
 -0.776531 -1.897117 -1.660730 -1.609437
 -1.439915 -1.710790 -1.933933 -0.826106
 -0.814292 -2.059506 -2.170731 -1.153799
 -0.990983 -2.110210 -1.704747 -1.121603
 -0.938271 -1.911716 -2.036879 -1.107347
 -1.346729 -1.941435 -1.645971 -0.907363
 -0.995014 -2.704531 -2.038055 -0.836791
 -1.023812 -2.688808 -2.332138 -0.742911
 -0.710541 -2.807669 -2.268679 -1.064712
 -1.628486 -2.283891 -2.488684 -0.479864
 -14.735795 -14.735795 -14.735795 -0.000001
 -13.304691 -13.304691 -13.304691 -0.000005
 -13.604795 -13.604795 -13.604795 -0.000004
 -15.139931 -15.139931 -15.139931 -0.000001
 -1.386294 -1.386294 -1.386294 -1.386294
 -1.386294 -1.386294 -1.386294 -1.386294
 -1.386294 -1.386294 -1.386294 -1.386294
 -15.854131 -15.854131 -15.854131 -0.000000
 -1.386294 -1.386294 -1.386294 -1.386294
 -1.386294 -1.386294 -1.386294 -1.386294
 -1.386294 -1.386294 -1.386294 -1.386294
 -15.854131 -15.854131 -15.854131 -0.000000
 -1.386294 -1.386294 -1.386294 -1.386294
 -1.386294 -1.386294 -1.386294 -1.386294
 -1.386294 -1.386294 -1.386294 -1.386294
 -1.881615 -2.079441 -2.454134 -0.451428
 -0.912028 -2.054121 -1.989582 -1.098613
 -1.130362 -2.079437 -1.791757 -0.953432
 -0.931560 -2.580203 -1.791756 -1.011603
 -1.874874 -1.773522 -2.149310 -0.579235
 -0.582217 -2.702473 -2.242944 -1.316185
 -1.007264 -1.526056 -1.911716 -1.310945
 -0.967585 -1.771955 -1.660730 -1.347074
 -1.813381 -1.505415 -2.053054 -0.720250
 -0.899830 -2.083598 -1.847210 -1.167309
 -1.069834 -1.975540 -1.454245 -1.256420
 -1.051211 -1.456675 -1.926676 -1.302525
 -1.921812 -1.652149 -1.727656 -0.725009
 -0.918536 -1.851823 -1.600509 -1.418188
 -1.090831 -1.556193 -1.760986 -1.268512
 -1.151455 -1.329136 -1.868131 -1.329136
 -2.111993 -1.511220 -1.831691 -0.696713
 -1.011601 -1.786985 -1.786985 -1.199200
 -1.143349 -1.641186 -1.817076 -1.123931
 -1.176778 -1.671472 -1.712294 -1.129150
 -1.489152 -1.691675 -2.287657 -0.715963
 -0.886052 -1.558144 -2.293849 -1.286211
 -0.934310 -1.806147 -1.609437 -1.415282
 -1.054938 -1.351203 -1.673975 -1.583004
 -1.535826 -1.901759 -1.974080 -0.700117
 -0.742338 -2.024952 -2.263362 -1.244795
 -0.728739 -2.397890 -2.323783 -1.112698
 -0.729517 -2.772578 -1.499623 -1.460402
 -1.461280 -2.204856 -2.627711 -0.535202
 -0.815894 -2.669207 -2.494854 -0.901549
 -0.717842 -2.327270 -1.921809 -1.315677
 -1.029621 -2.821364 -2.032917 -0.793233
 -1.409984 -3.215530 -2.655918 -0.437754
 -14.834359 -14.834359 -14.834359 -0.000001
 -13.038991 -13.038991 -13.038991 -0.000007
 -13.444452 -13.444452 -13.444452 -0.000004
 -15.139931 -15.139931 -15.139931 -0.000001
 -1.386294 -1.386294 -1.386294 -1.386294
 -1.386294 -1.386294 -1.386294 -1.386294
 -1.386294 -1.386294 -1.386294 -1.386294
 -15.854131 -15.854131 -15.854131 -0.000000
 -1.386294 -1.386294 -1.386294 -1.386294
 -1.386294 -1.386294 -1.386294 -1.386294
 -1.386294 -1.386294 -1.386294 -1.386294
 -15.854131 -15.854131 -15.854131 -0.000000
 -1.386294 -1.386294 -1.386294 -1.386294
 -1.386294 -1.386294 -1.386294 -1.386294
 -1.386294 -1.386294 -1.386294 -1.386294
 -15.854131 -15.854131 -15.854131 -0.000000
 -1.386294 -1.386294 -1.386294 -1.386294
 -1.386294 -1.386294 -1.386294 -1.386294
 -1.386294 -1.386294 -1.386294 -1.386294
 -15.854131 -0.000000 -15.854131 -15.854131
 -1.386294 -1.386294 -1.386294 -1.386294
 -0.000000 -15.854131 -15.854131 -15.854131
 -1.386294 -1.386294 -1.386294 -1.386294
 -1.386294 -1.386294 -1.386294 -1.386294
 -15.854131 -15.854131 -0.000000 -15.854131
 -1.386294 -1.386294 -1.386294 -1.386294
 -1.386294 -1.386294 -1.386294 -1.386294
 -1.386294 -1.386294 -1.386294 -1.386294
 -1.386294 -1.386294 -1.386294 -1.386294
 -1.386294 -1.386294 -1.386294 -1.386294
 -0.875469 -1.831605 -1.999398 -1.245627
 -1.386294 -1.386294 -1.386294 -1.386294
 -0.724896 -2.271811 -1.836495 -1.373872
 -0.920365 -1.554087 -1.978968 -1.378197
 -1.089044 -2.079438 -1.699950 -1.033474
 -1.506342 -2.307117 -1.814643 -0.661965
 -0.803149 -2.052041 -2.079440 -1.208613
 -0.672096 -1.835242 -3.444653 -1.211091
 -0.804853 -2.509593 -1.444888 -1.444888
 -1.640328 -1.961235 -1.834484 -0.681806
