 -1.038687 0.000100 0.000100 0.000100
 -1.878555 0.000100 0.000100 0.000100
 -2.171432 0.000100 0.000100 0.000100
 -0.969545 0.000100 0.000100 0.000100
 -0.765021 -2.170732 -2.364887 -1.118952
 -1.073036 -1.478500 -2.171645 -1.151817
 -0.892277 -1.750936 -2.330752 -1.141173
 -1.444313 -1.802252 -1.982045 -0.773538
 -0.706692 -2.188295 -2.436756 -1.180338
 -0.949500 -1.629743 -2.115249 -1.215768
 -0.810931 -1.791758 -2.330752 -1.232144
 -1.460727 -1.830474 -2.190914 -0.701622
 -0.747687 -2.165873 -2.465977 -1.117906
 -0.775840 -2.246012 -2.246012 -1.114613
 -0.955513 -1.871800 -2.564942 -0.955513
 -1.307065 -1.716444 -2.064750 -0.860778
 -0.584514 -2.429114 -2.552727 -1.285041
 -0.805360 -1.891547 -2.142861 -1.255560
 -1.017388 -1.776491 -2.302580 -0.996334
 -1.153753 -1.939492 -2.212359 -0.840881
 -0.773190 -2.208273 -2.370792 -1.093133
 -0.849398 -1.485385 -2.124463 -1.485385
 -1.074516 -1.554087 -3.425868 -0.880360
 -1.347958 -1.771281 -2.014902 -0.828322
 -0.855047 -2.036180 -2.356651 -1.051327
 -0.974050 -1.844126 -2.444897 -0.974050
 -1.481604 -1.481604 -2.174748 -0.839752
 -1.403839 -1.972343 -2.199400 -0.684490
 -15.248212 -15.248212 -15.248212 -0.000001
 -14.441451 -14.441451 -14.441451 -0.000002
 -14.062374 -14.062374 -14.062374 -0.000002
 -15.481330 -15.481330 -15.481330 -0.000001
 -1.386294 -1.386294 -1.386294 -1.386294
 -1.386294 -1.386294 -1.386294 -1.386294
 -1.386294 -1.386294 -1.386294 -1.386294
 -0.577390 -1.388673 -1.664782 -16.351585
 -15.774197 -15.774197 -15.774197 -0.000000
 -14.962914 -14.962914 -14.962914 -0.000001
 -14.686806 -14.686806 -14.686806 -0.000001
 -1.386294 -1.386294 -1.386294 -1.386294
 -1.386294 -1.386294 -1.386294 -1.386294
 -1.386294 -1.386294 -1.386294 -1.386294
 -1.386294 -1.386294 -1.386294 -1.386294
 -0.874045 -2.041378 -2.337224 -1.031998
 -0.668779 -2.355176 -2.656281 -1.131402
 -0.645520 -1.964370 -2.327274 -1.436305
 -0.645140 -2.406120 -1.808287 -1.508184
 -1.355657 -1.778514 -2.158003 -0.781372
 -0.774746 -2.109746 -2.757771 -1.037110
 -0.916292 -1.856297 -2.436112 -1.032123
 -0.839331 -2.120260 -2.748863 -0.957114
 -1.381780 -1.980435 -1.980435 -0.748976
 -0.794780 -2.294215 -2.668908 -0.972461
 -1.123004 -1.933932 -2.221613 -0.863494
 -1.124589 -2.123113 -2.816253 -0.701733
 -1.647865 -1.756668 -2.162132 -0.654232
 -0.883421 -1.923877 -2.446065 -1.038571
 -0.978905 -1.656783 -2.514229 -1.042418
 -1.116005 -1.809149 -2.450999 -0.861771
 -1.478102 -2.014902 -2.068969 -0.668883
 -0.987519 -2.162822 -2.525727 -0.838173
 -1.153572 -1.469908 -2.340734 -1.026417
 -1.137528 -1.830673 -2.477296 -0.832147
 -1.705666 -1.800976 -2.563114 -0.551393
 -0.957232 -1.866087 -3.021854 -0.885259
 -0.832410 -1.714798 -2.590262 -1.171183
 -1.051211 -2.149818 -1.995668 -0.921158
 -1.404462 -1.799976 -2.240709 -0.728122
 -0.804807 -1.931275 -2.964287 -1.032080
 -0.728239 -2.135150 -2.422831 -1.170072
 -0.859384 -2.070469 -2.763609 -0.948331
 -1.251841 -1.951460 -2.200920 -0.773805
 -0.766298 -2.594423 -2.999887 -0.889677
 -0.584346 -2.594100 -2.163320 -1.374866
 -0.902240 -2.466207 -2.265538 -0.902240
 -0.908339 -2.884399 -2.227621 -0.836709
 -15.548935 -15.548935 -15.548935 -0.000001
 -13.664692 -13.664692 -13.664692 -0.000003
 -13.901692 -13.901692 -13.901692 -0.000003
 -15.428942 -15.428942 -15.428942 -0.000001
 -1.386294 -1.386294 -1.386294 -1.386294
 -1.386294 -1.386294 -1.386294 -1.386294
 -1.386294 -1.386294 -1.386294 -1.386294
 -16.351585 -16.351585 -16.351585 -0.000000
 -1.386294 -1.386294 -1.386294 -1.386294
 -1.386294 -1.386294 -1.386294 -1.386294
 -1.386294 -1.386294 -1.386294 -1.386294
 -16.351585 -16.351585 -16.351585 -0.000000
 -1.386294 -1.386294 -1.386294 -1.386294
 -1.386294 -1.386294 -1.386294 -1.386294
 -1.386294 -1.386294 -1.386294 -1.386294
 -16.351585 -16.351585 -16.351585 -0.000000
 -1.386294 -1.386294 -1.386294 -1.386294
 -1.386294 -1.386294 -1.386294 -1.386294
 -1.386294 -1.386294 -1.386294 -1.386294
 -16.351585 -0.000000 -16.351585 -16.351585
 -1.386294 -1.386294 -1.386294 -1.386294
 -0.000000 -16.351585 -16.351585 -16.351585
 -1.386294 -1.386294 -1.386294 -1.386294
 -1.386294 -1.386294 -1.386294 -1.386294
 -16.351585 -16.351585 -0.000000 -16.351585
 -1.386294 -1.386294 -1.386294 -1.386294
 -1.386294 -1.386294 -1.386294 -1.386294
 -1.386294 -1.386294 -1.386294 -1.386294
 -1.386294 -1.386294 -1.386294 -1.386294
 -1.386294 -1.386294 -1.386294 -1.386294
 -0.885495 -1.690207 -1.450886 -1.779953
 -1.386294 -1.386294 -1.386294 -1.386294
 -1.046264 -1.836909 -1.849030 -1.102459
 -1.246346 -1.292156 -1.924677 -1.231531
 -1.036399 -1.665007 -2.193850 -1.065387
 -1.723705 -1.469472 -1.429466 -1.043805
 -0.892406 -1.579360 -2.145167 -1.319849
 -0.986135 -1.679281 -1.700787 -1.355042
 -0.879478 -1.584745 -1.801809 -1.537117
 -1.535672 -1.430311 -1.581134 -1.079655
 -1.067007 0.000100 0.000100 0.000100
 -2.034590 0.000100 0.000100 0.000100
 -2.107349 0.000100 0.000100 0.000100
 -0.907159 0.000100 0.000100 0.000100
 -0.693148 -2.120261 -1.919591 -1.455287
 -1.152681 -1.645154 -1.558143 -1.270463
 -1.262243 -1.331235 -1.773064 -1.262243
 -1.912386 -1.838278 -2.226042 -0.535756
 -0.708187 -2.007466 -1.806796 -1.565635
 -0.861485 -1.623621 -1.864781 -1.490090
 -1.182697 -1.419084 -1.729236 -1.293922
 -1.392229 -1.797693 -2.490837 -0.687249
 -0.822140 -1.878190 -2.165871 -1.227605
 -1.021653 -1.919589 -1.752536 -1.139435
 -1.170073 -2.961804 -1.980996 -0.693151
 -1.428258 -1.939082 -1.939082 -0.749501
 -0.943504 -1.708108 -2.231354 -1.132746
 -0.942046 -1.679640 -1.679640 -1.438480
 -1.261132 -1.529394 -2.014897 -1.003304
 -1.317302 -2.128229 -1.865866 -0.780160
 -0.919794 -1.967110 -2.254791 -1.031020
 -1.171638 -1.864781 -2.316761 -0.828695
 -0.932822 -1.625965 -1.808285 -1.402823
 -1.555043 -1.615668 -1.823306 -0.847299
 -1.158781 -2.086765 -1.828937 -0.912649
 -1.609437 -1.752536 -1.678429 -0.820983
 -1.352393 -1.352393 -1.662546 -1.227231
 -1.585627 -1.853890 -1.816150 -0.742541
 -13.883173 -13.883173 -13.883173 -0.000003
 -13.473026 -13.473026 -13.473026 -0.000004
 -13.514411 -13.514411 -13.514411 -0.000004
 -14.425279 -14.425279 -14.425279 -0.000002
 -1.386294 -1.386294 -1.386294 -1.386294
 -1.386294 -1.386294 -1.386294 -1.386294
 -1.386294 -1.386294 -1.386294 -1.386294
 -0.764437 -1.290151 -1.350254 -15.287984
 -14.523548 -14.523548 -14.523548 -0.000002
 -13.997835 -13.997835 -13.997835 -0.000002
 -13.937732 -13.937732 -13.937732 -0.000003
 -1.386294 -1.386294 -1.386294 -1.386294
 -1.386294 -1.386294 -1.386294 -1.386294
 -1.386294 -1.386294 -1.386294 -1.386294
 -1.386294 -1.386294 -1.386294 -1.386294
 -1.611734 -2.017198 -2.052290 -0.618057
 -0.752338 -1.757856 -2.268677 -1.374866
 -0.882392 -2.268674 -1.757855 -1.170073
 -1.134982 -1.540444 -1.540444 -1.386294
 -1.904236 -1.848667 -1.796023 -0.639305
 -0.819442 -1.998093 -1.998093 -1.244325
 -1.203974 -1.540444 -1.763586 -1.157454
 -1.157454 -2.169047 -1.609436 -0.990401
 -1.492904 -2.137259 -2.090739 -0.627908
 -1.013455 -1.860751 -2.197221 -0.993253
 -1.609436 -2.014897 -1.386294 -0.875471
 -1.325670 -1.450832 -1.961654 -1.023391
 -1.998094 -1.620801 -1.774951 -0.698814
 -0.936095 -1.852382 -1.791758 -1.257677
 -1.425009 -1.661396 -1.536234 -1.037245
 -1.238375 -1.931517 -1.400893 -1.143065
 -1.670398 -1.791758 -1.929908 -0.693148
 -0.974999 -1.645155 -1.902983 -1.270463
 -0.842681 -2.484895 -1.637607 -1.232144
 -1.137834 -1.412270 -2.054119 -1.178656
 -1.621133 -1.363305 -2.102970 -0.857036
 -0.779477 -1.523053 -2.405437 -1.456362
 -0.704199 -2.208269 -2.025949 -1.332806
 -1.082614 -2.181216 -1.562184 -1.082614
 -1.576648 -1.484275 -1.643339 -0.985284
 -0.705887 -1.766757 -1.766757 -1.804497
 -0.693150 -2.436107 -2.184796 -1.203974
 -0.931560 -1.992425 -1.481604 -1.417066
 -1.169230 -1.938361 -2.110210 -0.857451
 -0.902869 -2.084859 -1.853059 -1.159913
 -0.630630 -2.335365 -1.729236 -1.642226
 -0.946598 -2.125244 -1.565634 -1.260254
 -1.066352 -3.194566 -2.031429 -0.726485
 -14.380827 -14.380827 -14.380827 -0.000002
 -12.948020 -12.948020 -12.948020 -0.000007
 -13.458841 -13.458841 -13.458841 -0.000004
 -14.207556 -14.207556 -14.207556 -0.000002
 -1.386294 -1.386294 -1.386294 -1.386294
 -1.386294 -1.386294 -1.386294 -1.386294
 -1.386294 -1.386294 -1.386294 -1.386294
 -15.287984 -15.287984 -15.287984 -0.000001
 -1.386294 -1.386294 -1.386294 -1.386294
 -1.386294 -1.386294 -1.386294 -1.386294
 -1.386294 -1.386294 -1.386294 -1.386294
 -15.287984 -15.287984 -15.287984 -0.000001
 -1.386294 -1.386294 -1.386294 -1.386294
 -1.386294 -1.386294 -1.386294 -1.386294
 -1.386294 -1.386294 -1.386294 -1.386294
 -15.287984 -15.287984 -15.287984 -0.000001
 -1.386294 -1.386294 -1.386294 -1.386294
 -1.386294 -1.386294 -1.386294 -1.386294
 -1.386294 -1.386294 -1.386294 -1.386294
 -15.287984 -0.000001 -15.287984 -15.287984
 -1.386294 -1.386294 -1.386294 -1.386294
 -0.000001 -15.287984 -15.287984 -15.287984
 -1.386294 -1.386294 -1.386294 -1.386294
 -1.386294 -1.386294 -1.386294 -1.386294
 -15.287984 -15.287984 -0.000001 -15.287984
 -1.386294 -1.386294 -1.386294 -1.386294
 -1.386294 -1.386294 -1.386294 -1.386294
 -1.386294 -1.386294 -1.386294 -1.386294
 -1.386294 -1.386294 -1.386294 -1.386294
 -1.386294 -1.386294 -1.386294 -1.386294
 -0.977776 -1.708194 -2.070308 -1.150389
 -1.386294 -1.386294 -1.386294 -1.386294
 -0.795802 -2.055342 -2.055342 -1.228666
 -1.373716 -1.479076 -1.971549 -0.968252
 -1.442383 -1.810105 -1.810105 -0.829283
 -1.708377 -1.595049 -1.749199 -0.816381
 -0.875470 -1.992428 -1.938361 -1.193923
 -0.719818 -2.251285 -2.028143 -1.286211
 -1.038895 -1.535329 -2.094939 -1.178656
 -1.243603 -1.835652 -2.098015 -0.845256
