 -1.035107 0.000100 0.000100 0.000100
 -1.963094 0.000100 0.000100 0.000100
 -2.092432 0.000100 0.000100 0.000100
 -0.964952 0.000100 0.000100 0.000100
 -0.725647 -2.139339 -2.102971 -1.286765
 -0.990682 -1.616818 -2.273596 -1.117166
 -0.697341 -1.738793 -2.298407 -1.487479
 -1.399937 -1.799922 -2.273210 -0.723411
 -0.716548 -2.025159 -2.323204 -1.267152
 -0.840632 -1.749199 -2.174081 -1.269627
 -0.771620 -1.773066 -2.221090 -1.349253
 -1.475545 -1.953172 -2.049503 -0.691701
 -0.669242 -2.016921 -2.534503 -1.289031
 -1.040277 -1.518312 -2.119085 -1.179539
 -0.918588 -1.534347 -2.293450 -1.257361
 -1.433640 -1.848238 -2.039776 -0.746573
 -0.713824 -1.972172 -2.266412 -1.319031
 -0.824428 -1.681364 -2.293164 -1.292994
 -0.834374 -1.659448 -2.758055 -1.164127
 -1.326533 -1.861590 -2.248363 -0.747378
 -0.719534 -2.122000 -2.274341 -1.236618
 -1.023105 -1.894943 -2.168236 -0.978653
 -0.945203 -1.766182 -2.429473 -1.043183
 -1.308781 -1.745103 -2.100558 -0.837397
 -0.757326 -1.991529 -2.372543 -1.199479
 -0.850777 -1.711716 -2.166451 -1.280934
 -1.098613 -1.697730 -2.142414 -1.004584
 -1.237082 -1.640075 -2.214616 -0.899903
 -0.848645 -1.937867 -2.550252 -1.050014
 -0.985940 -1.631077 -2.355971 -1.089480
 -0.969401 -1.675619 -2.268681 -1.108514
 -1.283346 -1.646252 -2.067465 -0.907295
 -0.896516 -2.009212 -2.620681 -0.954086
 -1.110553 -2.106510 -2.601204 -0.744910
 -0.950371 -2.089802 -2.559803 -0.885832
 -1.321756 -1.714010 -2.480659 -0.756080
 -15.702580 -15.702580 -0.000000 -15.702580
 -14.866334 -14.866334 -0.000001 -14.866334
 -14.220979 -14.220979 -0.000002 -14.220979
 -15.944933 -15.944933 -0.000000 -15.944933
 -1.386294 -1.386294 -1.386294 -1.386294
 -1.386294 -1.386294 -1.386294 -1.386294
 -0.645267 -2.105064 -2.886764 -1.211053
 -1.386294 -1.386294 -1.386294 -1.386294
 -0.553728 -2.338661 -2.457720 -1.414240
 -0.819442 -1.551808 -2.755777 -1.259139
 -0.656781 -2.197220 -2.602681 -1.216396
 -1.044636 -2.123735 -2.297398 -0.848454
 -0.713415 -2.180470 -2.619192 -1.126451
 -0.922863 -1.696052 -2.032523 -1.244068
 -1.063522 -1.828126 -2.821371 -0.833506
 -1.429367 -1.919286 -2.067706 -0.718768
 -0.864667 -2.083422 -2.656425 -0.956837
 -1.072345 -1.680333 -2.276315 -0.997444
 -1.189584 -1.919097 -2.324561 -0.796096
 -1.384935 -1.787686 -2.145523 -0.765060
 -0.886642 -1.930595 -2.947528 -0.940501
 -0.884383 -1.873509 -2.384333 -1.075003
 -1.171885 -2.219201 -2.442343 -0.704077
 -1.431642 -1.887316 -2.145623 -0.708036
 -0.918641 -1.768556 -2.698703 -1.013167
 -1.077559 -1.514773 -2.346068 -1.067196
 -0.957841 -1.889396 -2.374902 -0.988612
 -1.573366 -1.688296 -2.394346 -0.660510
 -0.815162 -1.768386 -3.087667 -1.075239
 -0.939215 -1.632361 -2.369959 -1.139080
 -0.999406 -1.915695 -2.260534 -0.966617
 -1.499864 -1.729787 -2.056781 -0.751513
 -0.716678 -2.206570 -2.972740 -1.048715
 -0.672828 -2.194295 -2.305520 -1.278006
 -0.614367 -2.501431 -2.319111 -1.277661
 -1.167326 -2.058822 -2.299984 -0.774493
 -0.708992 -2.674752 -2.606930 -1.007378
 -0.497404 -3.004775 -2.224621 -1.451434
 -0.756864 -2.522642 -2.522642 -0.993253
 -1.042373 -2.849879 -1.933589 -0.809898
 -15.983421 -15.983421 -15.983421 -0.000000
 -14.022528 -14.022528 -14.022528 -0.000002
 -14.523548 -14.523548 -14.523548 -0.000002
 -15.812929 -15.812929 -15.812929 -0.000000
 -1.386294 -1.386294 -1.386294 -1.386294
 -1.386294 -1.386294 -1.386294 -1.386294
 -1.386294 -1.386294 -1.386294 -1.386294
 -16.779236 -16.779236 -16.779236 -0.000000
 -1.386294 -1.386294 -1.386294 -1.386294
 -1.386294 -1.386294 -1.386294 -1.386294
 -1.386294 -1.386294 -1.386294 -1.386294
 -16.779236 -16.779236 -16.779236 -0.000000
 -1.386294 -1.386294 -1.386294 -1.386294
 -1.386294 -1.386294 -1.386294 -1.386294
 -1.386294 -1.386294 -1.386294 -1.386294
 -16.779236 -16.779236 -16.779236 -0.000000
 -1.386294 -1.386294 -1.386294 -1.386294
 -1.386294 -1.386294 -1.386294 -1.386294
 -1.386294 -1.386294 -1.386294 -1.386294
 -16.779236 -0.000000 -16.779236 -16.779236
 -1.386294 -1.386294 -1.386294 -1.386294
 -0.000000 -16.779236 -16.779236 -16.779236
 -1.386294 -1.386294 -1.386294 -1.386294
 -1.386294 -1.386294 -1.386294 -1.386294
 -16.779236 -16.779236 -0.000000 -16.779236
 -1.386294 -1.386294 -1.386294 -1.386294
 -1.386294 -1.386294 -1.386294 -1.386294
 -1.386294 -1.386294 -1.386294 -1.386294
 -1.386294 -1.386294 -1.386294 -1.386294
 -1.386294 -1.386294 -1.386294 -1.386294
 -0.806166 -1.819503 -1.486677 -1.800575
 -1.386294 -1.386294 -1.386294 -1.386294
 -1.175481 -1.603674 -1.792916 -1.127940
 -1.238534 -1.544700 -2.111805 -0.978709
 -1.176944 -1.428258 -1.987874 -1.154965
 -1.657447 -1.609438 -1.246533 -1.133592
 -0.887819 -1.616684 -1.851256 -1.457352
 -0.947253 -1.609438 -1.841769 -1.371766
 -0.974859 -1.577034 -1.606448 -1.534475
 -1.607874 -1.476298 -1.397309 -1.127186
 -1.183306 0.000100 0.000100 0.000100
 -1.891721 0.000100 0.000100 0.000100
 -1.812862 0.000100 0.000100 0.000100
 -0.968276 0.000100 0.000100 0.000100
 -0.777408 -2.243743 -1.992429 -1.210730
 -1.401798 -1.444358 -1.635413 -1.129865
 -1.034371 -1.714271 -1.740939 -1.240985
 -1.632096 -1.905984 -1.814417 -0.707507
 -0.925058 -2.122759 -1.850826 -1.118764
 -1.198961 -1.655718 -1.859316 -1.044810
 -1.093840 -1.604664 -1.786985 -1.215200
 -1.378064 -1.933589 -1.962577 -0.770439
 -0.924843 -2.048300 -1.599752 -1.300094
 -1.025588 -1.956061 -1.599387 -1.210730
 -1.124321 -1.786695 -1.672285 -1.140069
 -1.644969 -1.710927 -1.870775 -0.750185
 -0.934310 -1.945909 -1.945909 -1.134980
 -0.990780 -1.670681 -1.697349 -1.357024
 -1.115780 -1.547562 -1.567765 -1.382048
 -1.905777 -1.662547 -1.544765 -0.802347
 -0.929714 -1.956633 -1.678430 -1.282535
 -0.946928 -1.835819 -1.863217 -1.212631
 -1.310410 -1.795917 -1.250691 -1.280105
 -1.908419 -1.754268 -1.598264 -0.741488
 -1.027995 -1.721141 -1.566991 -1.367502
 -1.143064 -1.749199 -1.461518 -1.289668
 -1.360222 -1.210282 -1.866157 -1.235925
 -1.939294 -1.671031 -1.559805 -0.780964
 -1.119987 -1.525452 -1.539438 -1.420092
 -1.306830 -1.266008 -1.594512 -1.409109
 -1.274061 -1.504077 -1.803319 -1.098613
 -1.609438 -1.575536 -1.586709 -0.945448
 -1.049822 -1.897119 -1.511457 -1.275069
 -1.198339 -1.836827 -1.576101 -1.102008
 -1.118260 -2.147877 -1.560092 -1.060440
 -1.835078 -1.650156 -1.624513 -0.795465
 -15.085272 -15.085272 -0.000001 -15.085272
 -14.533352 -14.533352 -0.000001 -14.533352
 -14.805054 -14.805054 -0.000001 -14.805054
 -15.348068 -15.348068 -0.000001 -15.348068
 -1.386294 -1.386294 -1.386294 -1.386294
 -1.386294 -1.386294 -1.386294 -1.386294
 -1.009862 -1.757548 -1.780225 -1.221921
 -1.386294 -1.386294 -1.386294 -1.386294
 -0.645470 -2.491295 -1.950165 -1.384173
 -1.130506 -1.600509 -1.851823 -1.144492
 -1.002469 -1.646825 -2.052289 -1.164988
 -1.652340 -2.416437 -1.768412 -0.600466
 -0.676340 -2.328336 -1.952286 -1.377855
 -0.980830 -1.817076 -1.897118 -1.163151
 -1.083345 -1.635413 -1.662081 -1.284016
 -1.725345 -1.787476 -1.787476 -0.719236
 -1.123416 -2.256874 -1.872916 -0.875915
 -1.158905 -2.100945 -1.547562 -1.046788
 -1.138222 -2.069778 -1.690289 -0.997143
 -1.727221 -1.598388 -2.083895 -0.702076
 -0.993252 -1.928960 -1.909542 -1.090102
 -1.011602 -1.493439 -1.935270 -1.319086
 -1.270155 -1.649644 -1.484564 -1.202332
 -1.526056 -1.780948 -1.813738 -0.796095
 -1.074896 -1.520207 -1.919592 -1.226446
 -0.997260 -1.544899 -1.565952 -1.565952
 -1.013930 -1.681758 -1.733051 -1.293101
 -1.584643 -1.382119 -1.865545 -0.943864
 -0.776642 -1.753731 -2.220754 -1.353254
 -0.882390 -2.173372 -1.421386 -1.465188
 -0.996529 -1.628306 -1.755057 -1.340624
 -1.496642 -1.837568 -2.007467 -0.728594
 -0.743652 -2.051984 -1.869663 -1.418941
 -0.839241 -1.772527 -1.638996 -1.590206
 -0.813397 -1.442005 -1.981000 -1.702287
 -1.305699 -1.922212 -1.676377 -0.927141
 -0.821689 -2.310396 -1.764886 -1.238277
 -0.664161 -2.753165 -1.884132 -1.310787
 -0.907159 -2.088656 -1.646825 -1.273621
 -1.177256 -2.351373 -1.945909 -0.790140
 -15.481330 -15.481330 -15.481330 -0.000001
 -14.038657 -14.038657 -14.038657 -0.000002
 -14.566929 -14.566929 -14.566929 -0.000001
 -15.267125 -15.267125 -15.267125 -0.000001
 -1.386294 -1.386294 -1.386294 -1.386294
 -1.386294 -1.386294 -1.386294 -1.386294
 -1.386294 -1.386294 -1.386294 -1.386294
 -16.375061 -16.375061 -16.375061 -0.000000
 -1.386294 -1.386294 -1.386294 -1.386294
 -1.386294 -1.386294 -1.386294 -1.386294
 -1.386294 -1.386294 -1.386294 -1.386294
 -16.375061 -16.375061 -16.375061 -0.000000
 -1.386294 -1.386294 -1.386294 -1.386294
 -1.386294 -1.386294 -1.386294 -1.386294
 -1.386294 -1.386294 -1.386294 -1.386294
 -16.375061 -16.375061 -16.375061 -0.000000
 -1.386294 -1.386294 -1.386294 -1.386294
 -1.386294 -1.386294 -1.386294 -1.386294
 -1.386294 -1.386294 -1.386294 -1.386294
 -16.375061 -0.000000 -16.375061 -16.375061
 -1.386294 -1.386294 -1.386294 -1.386294
 -0.000000 -16.375061 -16.375061 -16.375061
 -1.386294 -1.386294 -1.386294 -1.386294
 -1.386294 -1.386294 -1.386294 -1.386294
 -16.375061 -16.375061 -0.000000 -16.375061
 -1.386294 -1.386294 -1.386294 -1.386294
 -1.386294 -1.386294 -1.386294 -1.386294
 -1.386294 -1.386294 -1.386294 -1.386294
 -1.386294 -1.386294 -1.386294 -1.386294
 -1.386294 -1.386294 -1.386294 -1.386294
 -1.024836 -1.584991 -1.977334 -1.211477
 -1.386294 -1.386294 -1.386294 -1.386294
 -0.642717 -2.268682 -1.849425 -1.544765
 -1.125383 -1.485385 -1.890849 -1.210282
 -1.403196 -1.255560 -1.891547 -1.144335
 -1.571216 -1.945909 -1.271112 -0.997417
 -0.742819 -1.841431 -2.226276 -1.355923
 -0.693148 -2.070137 -2.033770 -1.414732
 -1.024793 -1.775758 -1.875842 -1.143981
 -1.489594 -1.924911 -1.550218 -0.876000
