 -1.083483 0.000100 0.000100 0.000100
 -1.796649 0.000100 0.000100 0.000100
 -2.249160 0.000100 0.000100 0.000100
 -0.940983 0.000100 0.000100 0.000100
 -0.817710 -2.028508 -2.208093 -1.148484
 -0.980830 -1.462667 -2.470305 -1.174986
 -1.092849 -1.439719 -2.208850 -1.145959
 -1.411612 -1.586271 -2.271812 -0.801986
 -0.609410 -2.397894 -2.458519 -1.273475
 -0.901787 -1.669656 -2.146579 -1.241464
 -0.910392 -1.951843 -1.994403 -1.140915
 -1.306507 -1.805137 -2.123590 -0.809271
 -0.679624 -2.027845 -2.334870 -1.328968
 -0.958102 -1.640074 -2.045538 -1.227230
 -1.060252 -1.576467 -1.820089 -1.255560
 -1.459319 -1.727001 -2.167733 -0.743700
 -0.709461 -2.177992 -2.082682 -1.308495
 -1.003303 -1.706601 -2.132684 -1.098613
 -1.002336 -1.869145 -2.191917 -1.002336
 -1.415073 -1.846417 -2.274610 -0.700265
 -0.839664 -1.923181 -2.192310 -1.170071
 -1.061341 -1.730390 -2.209961 -1.002153
 -1.002336 -1.770705 -1.940603 -1.142098
 -1.531683 -1.743441 -2.024853 -0.740454
 -0.698667 -2.126398 -2.539584 -1.188798
 -0.858514 -1.766069 -2.503666 -1.128804
 -1.040626 -1.565635 -2.307570 -1.083798
 -1.331806 -1.803022 -2.263363 -0.760998
 -0.771849 -1.898731 -3.099124 -1.070039
 -0.817790 -1.881615 -2.837122 -1.056542
 -0.985284 -1.643339 -2.813402 -0.985284
 -1.469605 -1.606180 -2.589722 -0.704632
 -0.746471 -2.187224 -2.500095 -1.103650
 -0.985536 -1.911304 -2.815757 -0.869851
 -0.974051 -1.493925 -2.639047 -1.119233
 -1.581099 -1.929405 -2.350618 -0.591121
 -15.541843 -0.000001 -15.541843 -15.541843
 -14.635292 -0.000001 -14.635292 -14.635292
 -14.122998 -0.000002 -14.122998 -14.122998
 -15.782623 -0.000001 -15.782623 -15.782623
 -1.386294 -1.386294 -1.386294 -1.386294
 -0.000000 -16.612793 -16.612793 -16.612793
 -1.386294 -1.386294 -1.386294 -1.386294
 -1.386294 -1.386294 -1.386294 -1.386294
 -0.630516 -2.302585 -2.640277 -1.216243
 -1.386294 -1.386294 -1.386294 -1.386294
 -1.386294 -1.386294 -1.386294 -1.386294
 -1.386294 -1.386294 -1.386294 -1.386294
 -0.813511 -2.071455 -2.677590 -1.016194
 -1.148623 -1.698668 -2.008822 -1.005523
 -1.024505 -2.054121 -2.816253 -0.791884
 -1.342022 -1.895749 -2.379545 -0.701412
 -0.822926 -2.066369 -2.799255 -0.985225
 -0.875469 -2.097139 -2.338300 -1.010506
 -1.208961 -1.953399 -2.332886 -0.770707
 -1.425873 -2.041369 -2.163471 -0.663734
 -0.799890 -2.113771 -2.806917 -0.995742
 -1.047794 -1.886121 -2.407416 -0.897512
 -1.091924 -2.113572 -2.519034 -0.769841
 -1.499902 -1.892944 -2.205627 -0.661573
 -0.740821 -2.191653 -2.820260 -1.044251
 -1.157856 -1.549334 -2.285038 -0.989719
 -0.999522 -2.079439 -2.484901 -0.858941
 -1.599933 -1.515741 -2.589811 -0.686349
 -0.889199 -1.725801 -2.973256 -1.022072
 -0.949952 -1.599039 -2.440604 -1.126883
 -1.090450 -2.095968 -2.858100 -0.726485
 -1.390571 -1.793183 -2.623530 -0.669253
 -0.781497 -2.064842 -2.802439 -1.036259
 -0.592729 -2.093625 -2.430096 -1.444281
 -0.986910 -1.867265 -2.215569 -1.011602
 -1.137833 -2.076596 -2.364278 -0.776281
 -0.635328 -2.796685 -2.899338 -1.037988
 -0.514022 -2.634279 -2.206838 -1.513693
 -0.678550 -2.833204 -2.966733 -0.961412
 -0.958083 -3.102339 -2.090740 -0.803335
 -15.881107 -15.881107 -15.881107 -0.000000
 -13.732133 -13.732133 -13.732133 -0.000003
 -14.180157 -14.180157 -14.180157 -0.000002
 -15.631964 -15.631964 -15.631964 -0.000000
 -1.386294 -1.386294 -1.386294 -1.386294
 -1.386294 -1.386294 -1.386294 -1.386294
 -1.386294 -1.386294 -1.386294 -1.386294
 -16.612793 -16.612793 -16.612793 -0.000000
 -1.386294 -1.386294 -1.386294 -1.386294
 -1.386294 -1.386294 -1.386294 -1.386294
 -1.386294 -1.386294 -1.386294 -1.386294
 -16.612793 -16.612793 -16.612793 -0.000000
 -1.386294 -1.386294 -1.386294 -1.386294
 -1.386294 -1.386294 -1.386294 -1.386294
 -1.386294 -1.386294 -1.386294 -1.386294
 -16.612793 -16.612793 -16.612793 -0.000000
 -1.386294 -1.386294 -1.386294 -1.386294
 -1.386294 -1.386294 -1.386294 -1.386294
 -1.386294 -1.386294 -1.386294 -1.386294
 -16.612793 -0.000000 -16.612793 -16.612793
 -1.386294 -1.386294 -1.386294 -1.386294
 -0.000000 -16.612793 -16.612793 -16.612793
 -1.386294 -1.386294 -1.386294 -1.386294
 -1.386294 -1.386294 -1.386294 -1.386294
 -16.612793 -16.612793 -0.000000 -16.612793
 -1.386294 -1.386294 -1.386294 -1.386294
 -1.386294 -1.386294 -1.386294 -1.386294
 -1.386294 -1.386294 -1.386294 -1.386294
 -1.386294 -1.386294 -1.386294 -1.386294
 -1.386294 -1.386294 -1.386294 -1.386294
 -0.810778 -1.688719 -1.480873 -1.942866
 -1.386294 -1.386294 -1.386294 -1.386294
 -0.996962 -1.804182 -1.937713 -1.132088
 -1.423273 -1.479626 -1.885091 -0.968801
 -1.101297 -1.673083 -1.951286 -1.085297
 -1.609437 -1.547562 -1.332451 -1.128853
 -0.946971 -1.576837 -2.035583 -1.291516
 -0.988410 -1.590206 -1.744357 -1.389536
 -0.929537 -1.671473 -1.712295 -1.440361
 -1.586160 -1.568616 -1.430746 -1.056053
 -1.146906 0.000100 0.000100 0.000100
 -1.840053 0.000100 0.000100 0.000100
 -1.888062 0.000100 0.000100 0.000100
 -0.988302 0.000100 0.000100 0.000100
 -0.844698 -2.212969 -2.018814 -1.114361
 -0.980831 -1.856294 -2.549431 -0.940009
 -0.852780 -1.808285 -2.031426 -1.277661
 -1.832580 -1.576648 -1.678430 -0.805944
 -0.799371 -2.151759 -2.662580 -1.009666
 -0.996335 -1.689478 -1.977158 -1.178656
 -0.802350 -1.495493 -2.114525 -1.575535
 -1.583292 -1.798403 -2.378218 -0.622832
 -0.840131 -1.715597 -2.449562 -1.196805
 -1.129866 -1.776489 -1.689478 -1.129866
 -0.955515 -1.871796 -1.265668 -1.717647
 -1.609437 -1.641186 -1.742968 -0.841068
 -0.741158 -1.961656 -2.079438 -1.355523
 -1.199418 -2.344540 -1.805550 -0.824726
 -1.007643 -2.756822 -1.370546 -1.147404
 -1.567178 -1.602269 -1.889950 -0.823601
 -0.934984 -1.686398 -2.197221 -1.167606
 -0.952011 -1.209839 -2.433600 -1.478101
 -0.878553 -1.609436 -2.382617 -1.229949
 -1.687769 -1.517870 -1.987872 -0.778915
 -0.889522 -1.915371 -1.815288 -1.276294
 -1.330414 -1.470176 -1.826848 -1.064712
 -1.189586 -1.189586 -1.749196 -1.526055
 -1.547562 -1.422399 -1.729883 -0.997517
 -1.003303 -1.843051 -2.148431 -1.026293
 -1.521469 -1.757856 -1.521469 -0.939549
 -1.084015 -1.580449 -1.734599 -1.275069
 -2.079438 -1.673975 -2.079438 -0.575366
 -0.840785 -2.140062 -2.227072 -1.069626
 -1.386294 -1.791757 -1.568615 -0.980831
 -1.712976 -1.402823 -1.277661 -1.220503
 -1.689976 -1.597603 -1.988468 -0.741938
 -13.854735 -0.000003 -13.854735 -13.854735
 -13.500805 -0.000004 -13.500805 -13.500805
 -13.400002 -0.000005 -13.400002 -13.400002
 -14.285517 -0.000002 -14.285517 -14.285517
 -1.386294 -1.386294 -1.386294 -1.386294
 -0.000001 -15.209278 -15.209278 -15.209278
 -1.386294 -1.386294 -1.386294 -1.386294
 -1.386294 -1.386294 -1.386294 -1.386294
 -0.805980 -1.955884 -1.629488 -1.533028
 -1.386294 -1.386294 -1.386294 -1.386294
 -1.386294 -1.386294 -1.386294 -1.386294
 -1.386294 -1.386294 -1.386294 -1.386294
 -0.836249 -1.934859 -2.248515 -1.149906
 -0.952011 -1.845823 -1.845823 -1.209839
 -1.804496 -1.596858 -1.278406 -1.037245
 -1.470176 -1.757856 -1.900956 -0.802348
 -0.883017 -1.754854 -2.251288 -1.176778
 -1.193923 -1.704746 -1.624704 -1.145134
 -1.198697 -2.197217 -1.435084 -1.052094
 -1.953025 -1.729883 -1.652922 -0.714655
 -0.929537 -1.645155 -2.097137 -1.239691
 -1.208961 -1.565634 -2.007463 -1.026641
 -1.289668 -1.595048 -1.595048 -1.143065
 -1.811561 -1.772340 -1.852383 -0.673730
 -0.884687 -2.052287 -1.746907 -1.257361
 -0.929538 -1.622682 -2.384814 -1.152681
 -1.066353 -2.031426 -2.031426 -0.932822
 -1.472727 -1.622258 -2.011721 -0.822140
 -0.755669 -1.838278 -2.803351 -1.169230
 -0.961413 -1.654557 -1.654557 -1.446919
 -1.011603 -1.442383 -1.927886 -1.368276
 -1.333651 -1.596014 -2.163996 -0.870079
 -0.947382 -1.945908 -1.658227 -1.276861
 -0.847300 -1.778854 -1.571216 -1.635754
 -0.650592 -1.882726 -2.036874 -1.631414
 -1.393842 -1.799305 -2.117757 -0.763216
 -0.831551 -2.282378 -1.899388 -1.161792
 -0.587790 -2.533683 -3.044495 -1.147404
 -0.788460 -3.091015 -1.887066 -1.054162
 -1.317827 -2.205126 -2.446286 -0.624681
 -14.304093 -14.304093 -14.304093 -0.000002
 -12.821269 -12.821269 -12.821269 -0.000008
 -13.038991 -13.038991 -13.038991 -0.000007
 -14.266589 -14.266589 -14.266589 -0.000002
 -1.386294 -1.386294 -1.386294 -1.386294
 -1.386294 -1.386294 -1.386294 -1.386294
 -1.386294 -1.386294 -1.386294 -1.386294
 -15.209278 -15.209278 -15.209278 -0.000001
 -1.386294 -1.386294 -1.386294 -1.386294
 -1.386294 -1.386294 -1.386294 -1.386294
 -1.386294 -1.386294 -1.386294 -1.386294
 -15.209278 -15.209278 -15.209278 -0.000001
 -1.386294 -1.386294 -1.386294 -1.386294
 -1.386294 -1.386294 -1.386294 -1.386294
 -1.386294 -1.386294 -1.386294 -1.386294
 -15.209278 -15.209278 -15.209278 -0.000001
 -1.386294 -1.386294 -1.386294 -1.386294
 -1.386294 -1.386294 -1.386294 -1.386294
 -1.386294 -1.386294 -1.386294 -1.386294
 -15.209278 -0.000001 -15.209278 -15.209278
 -1.386294 -1.386294 -1.386294 -1.386294
 -0.000001 -15.209278 -15.209278 -15.209278
 -1.386294 -1.386294 -1.386294 -1.386294
 -1.386294 -1.386294 -1.386294 -1.386294
 -15.209278 -15.209278 -0.000001 -15.209278
 -1.386294 -1.386294 -1.386294 -1.386294
 -1.386294 -1.386294 -1.386294 -1.386294
 -1.386294 -1.386294 -1.386294 -1.386294
 -1.386294 -1.386294 -1.386294 -1.386294
 -1.386294 -1.386294 -1.386294 -1.386294
 -0.839882 -1.809281 -2.127734 -1.254004
 -1.386294 -1.386294 -1.386294 -1.386294
 -0.659247 -1.981000 -2.268680 -1.421386
 -1.098614 -1.791756 -2.110207 -0.970781
 -1.232145 -1.386294 -2.079433 -1.098614
 -1.653889 -2.105871 -1.566878 -0.737601
 -0.666480 -2.432258 -1.701374 -1.531476
 -1.019833 -2.164956 -1.808285 -1.019833
 -0.806479 -1.722764 -2.079434 -1.386294
 -1.493266 -1.669156 -1.749199 -0.884204
