 -1.040343 0.000100 0.000100 0.000100
 -1.752539 0.000100 0.000100 0.000100
 -2.245015 0.000100 0.000100 0.000100
 -1.001284 0.000100 0.000100 0.000100
 -0.849397 -1.890850 -2.160182 -1.183910
 -1.012670 -1.543298 -2.319824 -1.124588
 -0.992554 -1.784789 -2.072470 -1.091644
 -1.581603 -1.562185 -2.181223 -0.751255
 -0.777705 -2.163998 -2.267182 -1.132980
 -1.090644 -1.301953 -2.476935 -1.177656
 -1.072638 -1.558144 -1.932836 -1.195240
 -1.668699 -1.486378 -2.179524 -0.750306
 -0.817851 -1.784886 -2.124101 -1.304661
 -0.897599 -1.708528 -2.535204 -1.102393
 -1.199417 -1.582409 -2.039165 -1.013316
 -1.477644 -1.559137 -2.197224 -0.797627
 -0.678012 -1.970166 -2.391379 -1.341558
 -0.984728 -1.637053 -2.413579 -1.071740
 -1.008229 -2.052771 -2.106838 -0.954162
 -1.175573 -1.779489 -1.981515 -0.955100
 -0.687535 -2.218077 -2.589640 -1.160528
 -0.904731 -1.541996 -2.598045 -1.180984
 -0.820982 -1.875139 -2.525723 -1.118816
 -1.301498 -1.782948 -1.865186 -0.904196
 -0.611974 -2.328656 -2.561278 -1.261997
 -0.894366 -1.675619 -3.115972 -1.022747
 -0.919922 -1.595049 -2.442342 -1.166054
 -1.098612 -1.609438 -2.504449 -0.954652
 -0.498992 -2.299188 -2.850364 -1.449473
 -0.674456 -1.830225 -2.583993 -1.367602
 -0.723302 -1.907068 -2.535670 -1.247825
 -1.019427 -1.887515 -2.175196 -0.983059
 -0.624549 -2.005333 -2.604169 -1.362901
 -0.727834 -1.838278 -2.772582 -1.219241
 -0.665998 -1.646824 -2.494116 -1.555853
 -1.111549 -2.225908 -2.467070 -0.737833
 -15.657647 -0.000001 -15.657647 -15.657647
 -14.414350 -0.000002 -14.414350 -14.414350
 -13.845074 -0.000003 -13.845074 -13.845074
 -15.283386 -0.000001 -15.283386 -15.283386
 -1.386294 -1.386294 -1.386294 -1.386294
 -16.418201 -1.162855 -1.865525 -0.629999
 -1.386294 -1.386294 -1.386294 -1.386294
 -1.386294 -1.386294 -1.386294 -1.386294
 -1.386294 -1.386294 -1.386294 -1.386294
 -0.885950 -1.556369 -2.381442 -1.257514
 -0.911518 -1.941135 -1.941135 -1.167947
 -1.109801 -1.982741 -1.992893 -0.925372
 -0.775212 -2.077423 -2.333355 -1.148312
 -0.977776 -1.646825 -2.206439 -1.136000
 -0.841329 -2.227619 -2.073469 -1.092643
 -1.443202 -1.664096 -2.163748 -0.777455
 -0.806882 -2.249264 -2.734771 -0.958762
 -1.021125 -1.614188 -2.307333 -1.075193
 -1.206243 -1.771556 -2.157216 -0.879560
 -1.425114 -1.922146 -2.085471 -0.715438
 -0.793689 -1.911718 -2.370025 -1.182467
 -0.953431 -1.593933 -2.313053 -1.163151
 -1.098613 -1.838278 -3.091029 -0.771929
 -1.411340 -1.638113 -2.331260 -0.766440
 -0.802347 -2.029010 -3.144148 -0.975099
 -0.972462 -1.734600 -2.427745 -1.029620
 -0.983544 -1.676689 -2.614952 -1.005523
 -1.451214 -1.518466 -2.708048 -0.733970
 -0.789743 -1.897833 -3.373735 -1.016431
 -0.941503 -1.592976 -2.489061 -1.128088
 -1.008666 -1.734599 -3.056337 -0.887305
 -1.439763 -1.687836 -2.410541 -0.716763
 -0.798745 -2.090159 -3.015105 -0.974453
 -0.804622 -1.912711 -2.377015 -1.163995
 -0.738612 -2.553890 -2.708038 -0.973451
 -1.241991 -2.291812 -2.256721 -0.682375
 -0.820107 -2.540255 -2.590265 -0.901971
 -0.706052 -2.747263 -2.564944 -1.006806
 -1.027787 -2.611897 -2.293447 -0.759524
 -1.172040 -2.753305 -2.276382 -0.646467
 -15.464170 -15.464170 -15.464170 -0.000001
 -13.764221 -13.764221 -13.764221 -0.000003
 -13.997835 -13.997835 -13.997835 -0.000002
 -15.631964 -15.631964 -15.631964 -0.000000
 -1.386294 -1.386294 -1.386294 -1.386294
 -1.386294 -1.386294 -1.386294 -1.386294
 -1.386294 -1.386294 -1.386294 -1.386294
 -16.418201 -16.418201 -16.418201 -0.000000
 -1.386294 -1.386294 -1.386294 -1.386294
 -1.386294 -1.386294 -1.386294 -1.386294
 -1.386294 -1.386294 -1.386294 -1.386294
 -16.418201 -16.418201 -16.418201 -0.000000
 -1.386294 -1.386294 -1.386294 -1.386294
 -1.386294 -1.386294 -1.386294 -1.386294
 -1.386294 -1.386294 -1.386294 -1.386294
 -16.418201 -16.418201 -16.418201 -0.000000
 -1.386294 -1.386294 -1.386294 -1.386294
 -1.386294 -1.386294 -1.386294 -1.386294
 -1.386294 -1.386294 -1.386294 -1.386294
 -16.418201 -0.000000 -16.418201 -16.418201
 -1.386294 -1.386294 -1.386294 -1.386294
 -0.000000 -16.418201 -16.418201 -16.418201
 -1.386294 -1.386294 -1.386294 -1.386294
 -1.386294 -1.386294 -1.386294 -1.386294
 -16.418201 -16.418201 -0.000000 -16.418201
 -1.386294 -1.386294 -1.386294 -1.386294
 -1.386294 -1.386294 -1.386294 -1.386294
 -1.386294 -1.386294 -1.386294 -1.386294
 -1.386294 -1.386294 -1.386294 -1.386294
 -1.386294 -1.386294 -1.386294 -1.386294
 -0.876358 -1.744028 -1.414846 -1.796214
 -1.386294 -1.386294 -1.386294 -1.386294
 -1.084478 -1.687111 -1.842865 -1.144116
 -1.229726 -1.613684 -1.750259 -1.094384
 -1.039424 -1.516347 -2.237664 -1.139053
 -1.856297 -1.828126 -1.206954 -0.957299
 -0.934753 -1.585340 -1.921812 -1.362197
 -1.337320 -1.605584 -1.462483 -1.187380
 -1.015921 -1.457753 -1.835819 -1.403686
 -1.688182 -1.501853 -1.406543 -1.057167
 -1.265015 0.000100 0.000100 0.000100
 -1.673022 0.000100 0.000100 0.000100
 -1.847738 0.000100 0.000100 0.000100
 -0.987538 0.000100 0.000100 0.000100
 -1.020525 -1.699684 -1.756842 -1.257852
 -0.904907 -1.579360 -2.041981 -1.348837
 -0.893819 -1.810107 -2.061419 -1.203973
 -1.949763 -2.193384 -1.590389 -0.611923
 -0.861969 -1.926677 -2.032037 -1.200742
 -1.062895 -1.564985 -1.867265 -1.234745
 -1.187166 -1.592630 -1.937469 -1.057114
 -2.174750 -1.401562 -1.684128 -0.788458
 -0.752465 -1.994175 -2.307831 -1.226922
 -1.084627 -1.623622 -1.697729 -1.266948
 -0.916292 -2.135527 -1.368276 -1.481604
 -1.734600 -1.590019 -1.780063 -0.796332
 -0.860603 -1.990961 -1.711377 -1.347413
 -0.950483 -1.734600 -2.006532 -1.195605
 -1.170072 -1.457753 -1.662547 -1.319603
 -1.613684 -1.774952 -1.512588 -0.889121
 -0.831134 -1.805182 -2.014901 -1.321756
 -1.090245 -1.643628 -1.734600 -1.223776
 -1.161626 -1.697142 -1.409461 -1.348837
 -1.769585 -1.455928 -1.823652 -0.832462
 -0.794931 -1.824548 -2.047691 -1.354546
 -1.446919 -1.446919 -1.693778 -1.062508
 -0.928977 -1.688080 -1.783390 -1.377926
 -1.837015 -1.450243 -2.019336 -0.747707
 -0.707333 -2.103194 -1.834931 -1.490091
 -1.292266 -1.372308 -1.820331 -1.171638
 -0.997144 -1.590206 -2.149818 -1.168994
 -1.651997 -1.673976 -2.079440 -0.701516
 -0.804374 -1.932837 -1.902984 -1.351808
 -1.450833 -1.673975 -1.418043 -1.090831
 -1.504077 -1.337023 -1.376244 -1.337023
 -1.504077 -2.125764 -1.731861 -0.730888
 -14.547880 -0.000002 -14.547880 -14.547880
 -13.928843 -0.000003 -13.928843 -13.928843
 -14.100693 -0.000002 -14.100693 -14.100693
 -14.711600 -0.000001 -14.711600 -14.711600
 -1.386294 -1.386294 -1.386294 -1.386294
 -15.758560 -1.322472 -1.306472 -0.770567
 -1.386294 -1.386294 -1.386294 -1.386294
 -1.386294 -1.386294 -1.386294 -1.386294
 -1.386294 -1.386294 -1.386294 -1.386294
 -1.021055 -1.893541 -1.791758 -1.131403
 -0.965082 -1.745239 -1.658227 -1.370546
 -1.487193 -1.603265 -1.603265 -0.990161
 -1.039099 -1.801237 -1.989289 -1.066127
 -1.122711 -1.791758 -1.578185 -1.198696
 -1.245216 -1.550597 -1.838278 -1.076140
 -1.579198 -1.422012 -2.133507 -0.834226
 -0.896586 -1.971099 -1.719785 -1.295972
 -1.022452 -1.676376 -1.843430 -1.220902
 -1.638996 -1.376632 -1.543686 -1.079382
 -1.533930 -1.930344 -1.609437 -0.822765
 -0.688329 -2.241674 -1.931520 -1.400893
 -1.098613 -1.504077 -1.543298 -1.466337
 -1.291679 -1.441210 -1.542992 -1.291679
 -1.642913 -1.581038 -1.664420 -0.887892
 -0.898747 -1.837015 -1.894173 -1.261652
 -1.304465 -1.425825 -2.087221 -1.009666
 -1.075624 -1.724317 -1.864078 -1.122144
 -1.414732 -1.395684 -1.931988 -1.009268
 -0.734344 -1.718292 -2.271675 -1.436880
 -1.071025 -1.497108 -1.967110 -1.225175
 -1.088761 -1.570597 -1.619387 -1.357024
 -1.491174 -1.681217 -1.887069 -0.827298
 -0.956339 -1.597117 -1.878019 -1.345803
 -0.905323 -2.022280 -1.478667 -1.446919
 -1.029621 -1.694594 -1.751752 -1.252764
 -1.325140 -2.224621 -1.906169 -0.739239
 -1.145133 -1.878019 -1.992429 -0.935061
 -1.194841 -2.494116 -2.293447 -0.665998
 -0.878866 -1.774951 -1.826244 -1.369487
 -1.390671 -2.342677 -2.032523 -0.646231
 -14.585621 -14.585621 -14.585621 -0.000001
 -13.687682 -13.687682 -13.687682 -0.000003
 -13.742944 -13.742944 -13.742944 -0.000003
 -14.917452 -14.917452 -14.917452 -0.000001
 -1.386294 -1.386294 -1.386294 -1.386294
 -1.386294 -1.386294 -1.386294 -1.386294
 -1.386294 -1.386294 -1.386294 -1.386294
 -15.758560 -15.758560 -15.758560 -0.000000
 -1.386294 -1.386294 -1.386294 -1.386294
 -1.386294 -1.386294 -1.386294 -1.386294
 -1.386294 -1.386294 -1.386294 -1.386294
 -15.758560 -15.758560 -15.758560 -0.000000
 -1.386294 -1.386294 -1.386294 -1.386294
 -1.386294 -1.386294 -1.386294 -1.386294
 -1.386294 -1.386294 -1.386294 -1.386294
 -15.758560 -15.758560 -15.758560 -0.000000
 -1.386294 -1.386294 -1.386294 -1.386294
 -1.386294 -1.386294 -1.386294 -1.386294
 -1.386294 -1.386294 -1.386294 -1.386294
 -15.758560 -0.000001 -15.758560 -15.758560
 -1.386294 -1.386294 -1.386294 -1.386294
 -0.000001 -15.758560 -15.758560 -15.758560
 -1.386294 -1.386294 -1.386294 -1.386294
 -1.386294 -1.386294 -1.386294 -1.386294
 -15.758560 -15.758560 -0.000000 -15.758560
 -1.386294 -1.386294 -1.386294 -1.386294
 -1.386294 -1.386294 -1.386294 -1.386294
 -1.386294 -1.386294 -1.386294 -1.386294
 -1.386294 -1.386294 -1.386294 -1.386294
 -1.386294 -1.386294 -1.386294 -1.386294
 -0.906312 -1.650379 -2.217485 -1.220343
 -1.386294 -1.386294 -1.386294 -1.386294
 -0.879734 -1.835244 -1.729883 -1.393412
 -1.432104 -1.639742 -1.314321 -1.208961
 -1.072638 -1.765782 -1.932834 -1.072638
 -1.716957 -1.638996 -1.521213 -0.897060
 -0.594413 -2.178530 -1.955387 -1.643014
 -0.812950 -1.824548 -1.562184 -1.684786
 -0.948495 -1.960093 -1.400479 -1.490091
 -1.316090 -2.135529 -1.609437 -0.882769
