 -0.997655 0.000100 0.000100 0.000100
 -2.001369 0.000100 0.000100 0.000100
 -2.142572 0.000100 0.000100 0.000100
 -0.970868 0.000100 0.000100 0.000100
 -0.737873 -2.152969 -2.369640 -1.164056
 -0.993252 -1.804181 -2.160855 -1.050411
 -0.897512 -1.768338 -2.173802 -1.177471
 -1.411574 -1.888833 -2.179756 -0.709432
 -0.615793 -2.002087 -2.447671 -1.434478
 -0.960211 -1.760987 -2.143978 -1.114361
 -0.948209 -1.514603 -2.479681 -1.174736
 -1.397922 -1.839105 -1.985709 -0.783844
 -0.711921 -2.180202 -2.422515 -1.179013
 -0.898900 -1.574951 -2.433611 -1.209838
 -0.881549 -1.992429 -2.069389 -1.129384
 -1.446513 -1.788518 -1.912387 -0.799230
 -0.675806 -2.112036 -2.436532 -1.263020
 -0.890507 -1.927424 -2.412930 -1.037111
 -0.802347 -2.222161 -2.135150 -1.123552
 -1.259023 -1.898681 -2.172569 -0.793149
 -0.718045 -2.141433 -2.406125 -1.188609
 -0.865519 -1.742969 -2.184800 -1.232144
 -0.908038 -2.063001 -2.425904 -0.964391
 -1.265244 -1.864080 -2.038433 -0.838039
 -0.749399 -2.200033 -2.544128 -1.084685
 -0.930334 -1.675305 -2.480927 -1.094637
 -1.028584 -1.796953 -2.127194 -1.028584
 -1.292546 -1.595495 -2.186363 -0.890876
 -0.691680 -2.219496 -2.785891 -1.111916
 -0.909371 -1.925290 -2.527463 -0.990132
 -1.158511 -1.713506 -2.314278 -0.899000
 -1.261937 -1.912973 -2.637535 -0.697724
 -0.810213 -1.892825 -2.740121 -1.078725
 -1.179680 -2.031431 -2.501433 -0.734995
 -1.009666 -1.864078 -2.662580 -0.889522
 -1.490435 -2.005333 -2.272812 -0.621594
 -15.600582 -1.462987 -1.745849 -0.520944
 -14.751605 -1.264598 -1.852383 -0.578420
 -14.214290 -1.366360 -1.477586 -0.660142
 -15.892449 -1.189047 -1.651671 -0.685657
 -1.386294 -1.386294 -1.386294 -1.386294
 -0.000001 -15.406785 -15.406785 -15.406785
 -0.000001 -15.012460 -15.012460 -15.012460
 -0.000000 -16.093803 -16.093803 -16.093803
 -0.573759 -2.503997 -2.830991 -1.217787
 -1.386294 -1.386294 -1.386294 -1.386294
 -1.386294 -1.386294 -1.386294 -1.386294
 -1.386294 -1.386294 -1.386294 -1.386294
 -0.698095 -2.193283 -2.950378 -1.082941
 -0.816046 -1.589235 -2.505520 -1.301553
 -0.999879 -1.667706 -2.360848 -1.052522
 -1.293037 -1.754855 -2.384822 -0.775386
 -0.790582 -2.082097 -2.713368 -1.034406
 -1.184555 -1.852383 -2.833208 -0.737243
 -1.059082 -1.824548 -2.335370 -0.928462
 -1.475906 -2.105337 -2.265680 -0.605385
 -0.786833 -2.202114 -2.660420 -1.009976
 -1.005239 -1.652923 -2.324089 -1.065137
 -1.071584 -2.211015 -2.585705 -0.749501
 -1.477622 -1.950910 -2.453001 -0.609467
 -0.846186 -2.205606 -2.868899 -0.906324
 -1.136353 -1.804181 -2.853999 -0.783532
 -0.994623 -1.848111 -2.585705 -0.923165
 -1.666596 -1.567135 -2.420367 -0.666349
 -0.723112 -2.105610 -2.739916 -1.113483
 -1.014963 -1.477586 -2.170731 -1.219757
 -0.797661 -2.102605 -2.236136 -1.137528
 -1.342526 -1.747991 -2.112634 -0.812443
 -0.668681 -2.208119 -3.103501 -1.100162
 -0.666301 -1.771556 -2.020017 -1.694595
 -0.565096 -2.724573 -2.570424 -1.239195
 -1.267689 -1.686399 -1.971417 -0.931217
 -0.000000 -15.864493 -15.864493 -15.864493
 -0.000001 -14.763302 -14.763302 -14.763302
 -0.000002 -14.380827 -14.380827 -14.380827
 -0.000001 -15.587069 -15.587069 -15.587069
 -0.000000 -16.704771 -16.704771 -16.704771
 -1.386294 -1.386294 -1.386294 -1.386294
 -1.386294 -1.386294 -1.386294 -1.386294
 -1.386294 -1.386294 -1.386294 -1.386294
 -16.704771 -16.704771 -16.704771 -0.000000
 -1.386294 -1.386294 -1.386294 -1.386294
 -1.386294 -1.386294 -1.386294 -1.386294
 -1.386294 -1.386294 -1.386294 -1.386294
 -1.386294 -1.386294 -1.386294 -1.386294
 -1.386294 -1.386294 -1.386294 -1.386294
 -1.386294 -1.386294 -1.386294 -1.386294
 -16.704771 -16.704771 -16.704771 -0.000000
 -1.386294 -1.386294 -1.386294 -1.386294
 -1.386294 -1.386294 -1.386294 -1.386294
 -1.386294 -1.386294 -1.386294 -1.386294
 -16.704771 -16.704771 -16.704771 -0.000000
 -1.386294 -1.386294 -1.386294 -1.386294
 -1.386294 -1.386294 -1.386294 -1.386294
 -1.386294 -1.386294 -1.386294 -1.386294
 -16.704771 -0.000000 -16.704771 -16.704771
 -1.386294 -1.386294 -1.386294 -1.386294
 -0.000000 -16.704771 -16.704771 -16.704771
 -1.386294 -1.386294 -1.386294 -1.386294
 -1.386294 -1.386294 -1.386294 -1.386294
 -16.704771 -16.704771 -0.000000 -16.704771
 -1.386294 -1.386294 -1.386294 -1.386294
 -1.386294 -1.386294 -1.386294 -1.386294
 -1.386294 -1.386294 -1.386294 -1.386294
 -1.386294 -1.386294 -1.386294 -1.386294
 -1.386294 -1.386294 -1.386294 -1.386294
 -0.804831 -1.814258 -1.468564 -1.834948
 -1.386294 -1.386294 -1.386294 -1.386294
 -1.196538 -1.665719 -1.944667 -1.006020
 -1.336367 -1.537038 -1.619729 -1.126296
 -1.128026 -1.461518 -2.074621 -1.143064
 -1.830840 -1.767661 -1.328749 -0.905893
 -0.946750 -1.523260 -1.995100 -1.354796
 -0.882158 -1.825660 -1.758969 -1.375244
 -1.006630 -1.458615 -2.096191 -1.276294
 -1.589235 -1.375365 -1.473163 -1.158452
 -0.975817 0.000100 0.000100 0.000100
 -1.781759 0.000100 0.000100 0.000100
 -2.094631 0.000100 0.000100 0.000100
 -1.103650 0.000100 0.000100 0.000100
 -0.791129 -2.445681 -1.752538 -1.249436
 -1.069200 -1.719784 -1.806794 -1.160171
 -1.406914 -1.945904 -1.812374 -0.800781
 -1.299283 -1.992428 -1.938361 -0.805266
 -0.807341 -2.226420 -1.938740 -1.196805
 -0.733973 -1.966107 -2.525712 -1.203974
 -0.863049 -2.367113 -1.593932 -1.268512
 -1.932209 -2.143517 -1.932209 -0.522388
 -0.872489 -1.953399 -1.853316 -1.260254
 -1.034076 -1.408767 -2.420352 -1.167607
 -1.170073 -1.227231 -1.575535 -1.662545
 -1.343735 -2.085670 -2.085670 -0.711958
 -0.839752 -1.791758 -2.243741 -1.219241
 -0.985819 -1.432104 -2.818379 -1.113652
 -0.824178 -1.478101 -2.097134 -1.558143
 -1.623622 -1.588531 -1.864783 -0.812694
 -0.934984 -2.266213 -1.860751 -1.055128
 -1.246533 -1.897117 -1.609437 -1.014732
 -1.285199 -1.770702 -1.452252 -1.142099
 -1.357307 -1.616817 -2.514753 -0.769521
 -0.869039 -2.047690 -1.987066 -1.156721
 -0.975382 -2.319104 -1.545923 -1.166436
 -1.081807 -1.774949 -1.512587 -1.304949
 -1.453434 -1.818075 -1.818075 -0.817446
 -0.943373 -1.656321 -1.739702 -1.409461
 -1.558143 -1.645154 -1.645154 -0.907560
 -1.446919 -2.022278 -1.654557 -0.818313
 -1.736950 -2.065453 -1.697729 -0.665369
 -0.980831 -1.936338 -2.246490 -0.980831
 -1.252764 -1.504077 -2.063687 -1.007643
 -0.923166 -1.651400 -1.517870 -1.651400
 -1.349023 -1.695298 -2.423533 -0.758531
 -14.054530 -1.233270 -1.260669 -0.855204
 -13.487012 -0.980831 -1.098614 -1.232144
 -13.102169 -1.589233 -0.800781 -1.058609
 -14.220979 -1.059392 -1.514127 -0.836249
 -1.386294 -1.386294 -1.386294 -1.386294
 -0.000002 -14.046625 -14.046625 -14.046625
 -0.000003 -13.955276 -13.955276 -13.955276
 -0.000002 -14.266589 -14.266589 -14.266589
 -0.766097 -2.202261 -1.926008 -1.276922
 -1.386294 -1.386294 -1.386294 -1.386294
 -1.386294 -1.386294 -1.386294 -1.386294
 -1.386294 -1.386294 -1.386294 -1.386294
 -0.666480 -2.387139 -2.224621 -1.250064
 -0.950979 -1.586963 -2.397879 -1.145134
 -1.015923 -1.863214 -1.227231 -1.662545
 -1.490654 -1.819157 -1.876315 -0.777706
 -0.814101 -2.423533 -1.971551 -1.111352
 -0.751420 -2.024375 -2.583980 -1.137080
 -1.227231 -1.662545 -1.662545 -1.116006
 -1.492516 -1.915371 -2.026596 -0.700931
 -0.941428 -1.652922 -2.383806 -1.120119
 -1.041456 -1.734598 -3.238636 -0.840786
 -1.044547 -1.349927 -2.043067 -1.349927
 -2.079439 -1.622682 -1.979356 -0.617163
 -0.902869 -2.224619 -1.936939 -1.071945
 -0.885521 -2.302577 -1.897117 -1.086191
 -1.122145 -2.151752 -1.276294 -1.276294
 -2.104132 -1.767661 -1.698668 -0.645520
 -0.729517 -2.010446 -1.583004 -1.722765
 -0.879252 -1.667704 -1.667704 -1.572395
 -0.782762 -1.850597 -1.945906 -1.415282
 -1.482832 -1.915695 -1.332550 -1.016214
 -0.582286 -2.337672 -1.980999 -1.575536
 -0.916293 -1.791756 -1.791756 -1.321756
 -0.790788 -1.509908 -1.746295 -1.889395
 -1.376992 -1.207094 -1.628305 -1.376992
 -0.000002 -14.352006 -14.352006 -14.352006
 -0.000004 -13.527834 -13.527834 -13.527834
 -0.000005 -13.400002 -13.400002 -13.400002
 -0.000003 -13.664692 -13.664692 -13.664692
 -0.000001 -15.196794 -15.196794 -15.196794
 -1.386294 -1.386294 -1.386294 -1.386294
 -1.386294 -1.386294 -1.386294 -1.386294
 -1.386294 -1.386294 -1.386294 -1.386294
 -15.196794 -15.196794 -15.196794 -0.000001
 -1.386294 -1.386294 -1.386294 -1.386294
 -1.386294 -1.386294 -1.386294 -1.386294
 -1.386294 -1.386294 -1.386294 -1.386294
 -1.386294 -1.386294 -1.386294 -1.386294
 -1.386294 -1.386294 -1.386294 -1.386294
 -1.386294 -1.386294 -1.386294 -1.386294
 -15.196794 -15.196794 -15.196794 -0.000001
 -1.386294 -1.386294 -1.386294 -1.386294
 -1.386294 -1.386294 -1.386294 -1.386294
 -1.386294 -1.386294 -1.386294 -1.386294
 -15.196794 -15.196794 -15.196794 -0.000001
 -1.386294 -1.386294 -1.386294 -1.386294
 -1.386294 -1.386294 -1.386294 -1.386294
 -1.386294 -1.386294 -1.386294 -1.386294
 -15.196794 -0.000001 -15.196794 -15.196794
 -1.386294 -1.386294 -1.386294 -1.386294
 -0.000001 -15.196794 -15.196794 -15.196794
 -1.386294 -1.386294 -1.386294 -1.386294
 -1.386294 -1.386294 -1.386294 -1.386294
 -15.196794 -15.196794 -0.000001 -15.196794
 -1.386294 -1.386294 -1.386294 -1.386294
 -1.386294 -1.386294 -1.386294 -1.386294
 -1.386294 -1.386294 -1.386294 -1.386294
 -1.386294 -1.386294 -1.386294 -1.386294
 -1.386294 -1.386294 -1.386294 -1.386294
 -0.905048 -1.723772 -1.997467 -1.267953
 -1.386294 -1.386294 -1.386294 -1.386294
 -0.847299 -2.085670 -1.785566 -1.274742
 -0.895386 -2.183231 -1.960090 -1.084628
 -0.853493 -1.686396 -2.043067 -1.349927
 -1.673975 -1.673975 -1.774058 -0.786675
 -0.721722 -2.316765 -1.911303 -1.318241
 -0.745336 -2.285768 -1.998090 -1.244325
 -0.924261 -1.745237 -1.945905 -1.252764
 -1.496642 -2.189786 -1.602002 -0.770707
