 -1.090336 0.000100 0.000100 0.000100
 -1.893740 0.000100 0.000100 0.000100
 -2.251291 0.000100 0.000100 0.000100
 -0.896181 0.000100 0.000100 0.000100
 -0.698657 -1.926861 -2.529856 -1.282033
 -1.356081 -1.692552 -2.049226 -0.845256
 -1.072638 -1.791758 -2.097137 -0.998530
 -1.381780 -1.660493 -2.030866 -0.849563
 -0.745429 -2.029757 -2.258015 -1.239447
 -0.921682 -2.006869 -2.517692 -0.949081
 -0.796689 -1.668526 -2.239067 -1.370034
 -1.485592 -1.577611 -2.258781 -0.770706
 -0.716079 -2.428586 -2.320373 -1.124124
 -0.930278 -1.860751 -2.148432 -1.098613
 -1.002470 -2.293447 -1.746907 -1.027787
 -1.349207 -1.958584 -2.133788 -0.731663
 -0.664160 -2.060022 -2.514757 -1.283879
 -1.178656 -1.571697 -1.977160 -1.060873
 -0.944463 -1.840548 -2.003066 -1.147403
 -1.301673 -1.848216 -1.994819 -0.833865
 -0.750448 -2.072203 -2.412528 -1.163635
 -0.886439 -1.773740 -2.540991 -1.080594
 -0.916292 -1.783790 -2.525722 -1.044125
 -1.609438 -1.691676 -2.329252 -0.656968
 -0.721833 -2.225908 -2.529590 -1.119392
 -1.030790 -1.504077 -2.433609 -1.098613
 -0.991193 -1.578978 -1.935651 -1.278875
 -1.479728 -1.623622 -2.029087 -0.812693
 -0.659768 -2.284472 -2.482297 -1.211837
 -0.845489 -1.847639 -2.817034 -1.040549
 -0.693149 -1.757856 -1.980999 -1.662547
 -1.237875 -1.673976 -2.207274 -0.885520
 -0.431295 -2.585105 -2.853368 -1.526500
 -0.919364 -1.659762 -2.695848 -1.068399
 -0.997144 -1.590206 -2.842957 -0.997144
 -0.919027 -1.545924 -2.468644 -1.193103
 -0.000001 -15.505608 -15.505608 -15.505608
 -0.000002 -14.310209 -14.310209 -14.310209
 -0.000004 -13.514411 -13.514411 -13.514411
 -0.000001 -14.924074 -14.924074 -14.924074
 -0.000000 -16.197830 -16.197830 -16.197830
 -1.386294 -1.386294 -1.386294 -1.386294
 -1.386294 -1.386294 -1.386294 -1.386294
 -1.386294 -1.386294 -1.386294 -1.386294
 -16.197830 -1.478102 -2.104688 -0.430712
 -1.386294 -1.386294 -1.386294 -1.386294
 -1.386294 -1.386294 -1.386294 -1.386294
 -1.386294 -1.386294 -1.386294 -1.386294
 -1.386294 -1.386294 -1.386294 -1.386294
 -1.232722 -1.725198 -2.108189 -0.894268
 -1.169230 -1.481604 -3.784159 -0.822360
 -1.288920 -1.992430 -2.337270 -0.710340
 -0.874818 -2.143327 -2.782405 -0.906567
 -1.223776 -1.734600 -2.302582 -0.845340
 -1.118614 -1.842530 -3.005666 -0.764975
 -1.326719 -1.867849 -2.217224 -0.752288
 -0.719581 -2.059354 -2.665488 -1.152197
 -1.067841 -1.578666 -2.436112 -1.014732
 -1.197053 -1.731133 -1.856295 -1.009001
 -1.678134 -1.562823 -2.117500 -0.726906
 -0.722823 -2.279461 -2.656754 -1.072637
 -1.114117 -1.444358 -3.193547 -0.929195
 -0.797509 -2.224619 -2.406939 -1.045970
 -1.744612 -1.470176 -2.246703 -0.714054
 -0.607073 -2.473731 -2.830405 -1.165401
 -0.905982 -1.412543 -2.429473 -1.330865
 -0.507048 -1.769284 -3.378696 -1.644122
 -1.288135 -1.645971 -2.271676 -0.848046
 -0.555718 -2.097459 -3.160350 -1.342619
 -0.681975 -1.923685 -2.137259 -1.468211
 -0.553888 -2.163318 -2.268677 -1.575535
 -1.126011 -1.556794 -1.943210 -1.134380
 -0.000001 -15.458385 -15.458385 -15.458385
 -0.000002 -14.340241 -14.340241 -14.340241
 -0.000003 -13.835317 -13.835317 -13.835317
 -0.000001 -14.897317 -14.897317 -14.897317
 -0.000000 -16.197830 -16.197830 -16.197830
 -1.386294 -1.386294 -1.386294 -1.386294
 -1.386294 -1.386294 -1.386294 -1.386294
 -1.386294 -1.386294 -1.386294 -1.386294
 -16.197830 -16.197830 -16.197830 -0.000000
 -1.386294 -1.386294 -1.386294 -1.386294
 -1.386294 -1.386294 -1.386294 -1.386294
 -1.386294 -1.386294 -1.386294 -1.386294
 -1.386294 -1.386294 -1.386294 -1.386294
 -1.386294 -1.386294 -1.386294 -1.386294
 -1.386294 -1.386294 -1.386294 -1.386294
 -16.197830 -16.197830 -16.197830 -0.000000
 -1.386294 -1.386294 -1.386294 -1.386294
 -1.386294 -1.386294 -1.386294 -1.386294
 -1.386294 -1.386294 -1.386294 -1.386294
 -16.197830 -16.197830 -16.197830 -0.000000
 -1.386294 -1.386294 -1.386294 -1.386294
 -1.386294 -1.386294 -1.386294 -1.386294
 -1.386294 -1.386294 -1.386294 -1.386294
 -16.197830 -0.000000 -16.197830 -16.197830
 -1.386294 -1.386294 -1.386294 -1.386294
 -0.000000 -16.197830 -16.197830 -16.197830
 -1.386294 -1.386294 -1.386294 -1.386294
 -1.386294 -1.386294 -1.386294 -1.386294
 -16.197830 -16.197830 -0.000000 -16.197830
 -1.386294 -1.386294 -1.386294 -1.386294
 -1.386294 -1.386294 -1.386294 -1.386294
 -1.386294 -1.386294 -1.386294 -1.386294
 -1.386294 -1.386294 -1.386294 -1.386294
 -1.386294 -1.386294 -1.386294 -1.386294
 -0.778900 -1.719632 -1.612212 -1.817006
 -1.386294 -1.386294 -1.386294 -1.386294
 -1.171638 -1.945910 -1.974483 -0.895384
 -1.078204 -1.506658 -1.684339 -1.376038
 -1.112599 -1.686398 -1.848917 -1.112599
 -1.559566 -1.951607 -1.278664 -0.996097
 -1.129575 -1.374173 -1.986350 -1.249719
 -0.924707 -1.786187 -1.690877 -1.380723
 -1.211091 -1.304616 -1.681093 -1.407801
 -1.483668 -1.450146 -1.428406 -1.207415
 -0.988862 0.000100 0.000100 0.000100
 -2.055723 0.000100 0.000100 0.000100
 -1.966112 0.000100 0.000100 0.000100
 -1.021652 0.000100 0.000100 0.000100
 -0.725939 -2.134699 -3.433958 -1.006240
 -1.067844 -2.079429 -2.772551 -0.757692
 -0.782764 -1.763583 -1.945902 -1.475905
 -1.455287 -1.364316 -2.420360 -0.862225
 -0.949082 -1.824547 -2.335368 -1.036093
 -0.893821 -2.397879 -1.838274 -1.076142
 -0.693158 -2.890294 -1.504075 -1.504075
 -1.462834 -2.068966 -2.356645 -0.602635
 -0.592506 -2.044752 -2.496732 -1.446919
 -0.632529 -3.465648 -2.772551 -0.980833
 -1.421385 -2.674112 -1.287856 -0.882395
 -1.754017 -1.466337 -1.871800 -0.815751
 -0.851052 -1.780584 -2.186046 -1.230541
 -1.558143 -1.239692 -2.251277 -0.929540
 -1.417066 -1.299284 -1.887062 -1.098615
 -2.302578 -1.455287 -1.934857 -0.649664
 -1.007643 -2.351365 -1.745237 -1.007643
 -1.080915 -1.828123 -1.828123 -1.080915
 -0.693153 -1.673972 -2.772551 -1.386294
 -2.110209 -1.193923 -1.550597 -1.011602
 -0.782762 -2.302577 -1.683544 -1.358124
 -1.041456 -1.446918 -1.985909 -1.292769
 -0.716682 -1.458614 -2.374890 -1.681755
 -1.563975 -1.621133 -1.509908 -0.988613
 -0.481306 -2.409187 -2.090736 -1.780584
 -0.884206 -2.036874 -2.730004 -0.938273
 -0.870832 -1.815285 -1.563974 -1.563974
 -1.386294 -1.568615 -1.711715 -1.018571
 -0.293764 -2.503248 -2.302580 -2.621030
 -0.875473 -2.197211 -2.197211 -1.018573
 -0.539003 -2.197211 -2.484884 -1.504076
 -1.041456 -1.580449 -1.654557 -1.386294
 -0.000002 -14.166170 -14.166170 -14.166170
 -0.000010 -12.644341 -12.644341 -12.644341
 -0.000010 -12.644341 -12.644341 -12.644341
 -0.000006 -13.038990 -13.038990 -13.038990
 -0.000001 -14.731803 -14.731803 -14.731803
 -1.386294 -1.386294 -1.386294 -1.386294
 -1.386294 -1.386294 -1.386294 -1.386294
 -1.386294 -1.386294 -1.386294 -1.386294
 -14.731803 -1.589635 -1.857898 -0.446288
 -1.386294 -1.386294 -1.386294 -1.386294
 -1.386294 -1.386294 -1.386294 -1.386294
 -1.386294 -1.386294 -1.386294 -1.386294
 -1.386294 -1.386294 -1.386294 -1.386294
 -0.796335 -1.852379 -2.833188 -1.098614
 -1.178657 -2.054114 -2.054114 -0.830353
 -1.673976 -2.030649 -2.184799 -0.564316
 -0.996335 -2.382617 -1.871798 -0.955514
 -1.329137 -1.916914 -1.580448 -0.961415
 -1.466336 -0.860208 -2.564915 -1.312187
 -1.883873 -1.394326 -1.995098 -0.767872
 -0.802350 -1.757855 -2.961804 -1.116006
 -1.262243 -1.331235 -1.773064 -1.262243
 -1.280935 -1.280935 -1.386294 -1.637606
 -1.543686 -1.499234 -2.555279 -0.722708
 -1.071585 -2.498689 -1.987870 -0.824726
 -0.907560 -2.097134 -1.558143 -1.335001
 -1.757852 -1.980990 -1.064715 -1.064715
 -1.738269 -2.313628 -1.515127 -0.682220
 -0.832912 -1.931517 -1.836208 -1.343735
 -1.178658 -1.312187 -2.564915 -1.060876
 -0.815753 -2.159475 -1.386294 -1.648656
 -1.200742 -1.862138 -1.590206 -1.079382
 -0.410917 -2.123888 -2.036878 -2.442339
 -0.890977 -2.970375 -1.466336 -1.178657
 -0.854419 -1.652920 -1.365241 -2.058380
 -1.568615 -1.141173 -1.504077 -1.386294
 -0.000003 -13.928843 -13.928843 -13.928843
 -0.000007 -13.017012 -13.017012 -13.017012
 -0.000006 -13.102169 -13.102169 -13.102169
 -0.000007 -12.994539 -12.994539 -12.994539
 -0.000001 -14.731803 -14.731803 -14.731803
 -1.386294 -1.386294 -1.386294 -1.386294
 -1.386294 -1.386294 -1.386294 -1.386294
 -1.386294 -1.386294 -1.386294 -1.386294
 -14.731803 -14.731803 -14.731803 -0.000001
 -1.386294 -1.386294 -1.386294 -1.386294
 -1.386294 -1.386294 -1.386294 -1.386294
 -1.386294 -1.386294 -1.386294 -1.386294
 -1.386294 -1.386294 -1.386294 -1.386294
 -1.386294 -1.386294 -1.386294 -1.386294
 -1.386294 -1.386294 -1.386294 -1.386294
 -14.731803 -14.731803 -14.731803 -0.000001
 -1.386294 -1.386294 -1.386294 -1.386294
 -1.386294 -1.386294 -1.386294 -1.386294
 -1.386294 -1.386294 -1.386294 -1.386294
 -14.731803 -14.731803 -14.731803 -0.000001
 -1.386294 -1.386294 -1.386294 -1.386294
 -1.386294 -1.386294 -1.386294 -1.386294
 -1.386294 -1.386294 -1.386294 -1.386294
 -14.731803 -0.000001 -14.731803 -14.731803
 -1.386294 -1.386294 -1.386294 -1.386294
 -0.000001 -14.731803 -14.731803 -14.731803
 -1.386294 -1.386294 -1.386294 -1.386294
 -1.386294 -1.386294 -1.386294 -1.386294
 -14.731803 -14.731803 -0.000001 -14.731803
 -1.386294 -1.386294 -1.386294 -1.386294
 -1.386294 -1.386294 -1.386294 -1.386294
 -1.386294 -1.386294 -1.386294 -1.386294
 -1.386294 -1.386294 -1.386294 -1.386294
 -1.386294 -1.386294 -1.386294 -1.386294
 -0.717441 -1.737271 -2.263362 -1.461018
 -1.386294 -1.386294 -1.386294 -1.386294
 -0.584515 -2.164960 -2.319109 -1.471816
 -1.011604 -1.586963 -1.838274 -1.299284
 -2.159466 -1.466336 -1.312187 -0.955517
 -1.421385 -2.450992 -1.757855 -0.693151
 -0.504249 -2.217220 -2.823348 -1.479626
 -0.887308 -2.140053 -1.734596 -1.223777
 -1.504076 -1.018573 -1.974072 -1.280935
 -1.730388 -1.971549 -1.373716 -0.843089
