 -0.940462 0.000100 0.000100 0.000100
 -2.122034 0.000100 0.000100 0.000100
 -2.207895 0.000100 0.000100 0.000100
 -0.968023 0.000100 0.000100 0.000100
 -0.591678 -2.183723 -2.660646 -1.331512
 -0.968251 -1.804497 -1.971551 -1.150573
 -0.787080 -1.980999 -2.674141 -1.084914
 -1.581877 -1.773955 -2.209272 -0.663647
 -0.636422 -2.435559 -2.371021 -1.238277
 -0.822907 -1.715386 -2.297305 -1.271455
 -0.880360 -2.104131 -1.921810 -1.148623
 -1.404719 -1.793790 -2.211524 -0.736678
 -0.668779 -2.224148 -2.483009 -1.217345
 -0.866420 -1.838278 -2.280109 -1.145133
 -0.760088 -1.843430 -2.226420 -1.323556
 -1.523126 -1.624221 -2.142164 -0.760345
 -0.656780 -2.232942 -2.411633 -1.256669
 -0.921279 -1.496642 -2.167808 -1.333013
 -1.083687 -1.523053 -2.492448 -1.019149
 -1.394805 -1.624379 -1.982591 -0.873776
 -0.681406 -1.926416 -2.619562 -1.288839
 -1.020651 -1.791759 -2.358152 -0.971861
 -1.064711 -1.798679 -1.980999 -1.044909
 -1.510857 -1.765091 -2.204003 -0.697662
 -0.711879 -2.123705 -2.399958 -1.207415
 -0.957410 -1.714271 -2.712795 -0.995150
 -0.873896 -1.347680 -2.446286 -1.442989
 -1.506095 -1.799856 -2.146132 -0.701245
 -0.624985 -2.265920 -2.440273 -1.295142
 -0.957410 -1.740939 -2.356123 -1.061399
 -0.624681 -1.666132 -2.646955 -1.586090
 -1.360576 -1.895117 -2.053722 -0.765869
 -0.456267 -2.274932 -2.390445 -1.760478
 -0.620578 -1.929908 -2.453154 -1.464546
 -0.510827 -2.197221 -2.266213 -1.686398
 -0.906619 -1.781018 -2.043382 -1.210474
 -0.000001 -15.771372 -15.771372 -15.771372
 -0.000002 -14.375129 -14.375129 -14.375129
 -0.000002 -14.144817 -14.144817 -14.144817
 -0.000001 -14.907435 -14.907435 -14.907435
 -0.000000 -16.394970 -16.394970 -16.394970
 -1.386294 -1.386294 -1.386294 -1.386294
 -1.386294 -1.386294 -1.386294 -1.386294
 -1.386294 -1.386294 -1.386294 -1.386294
 -0.000000 -16.394970 -16.394970 -16.394970
 -1.386294 -1.386294 -1.386294 -1.386294
 -1.386294 -1.386294 -1.386294 -1.386294
 -1.386294 -1.386294 -1.386294 -1.386294
 -0.683340 -2.173994 -3.073754 -1.093319
 -1.386294 -1.386294 -1.386294 -1.386294
 -1.386294 -1.386294 -1.386294 -1.386294
 -1.386294 -1.386294 -1.386294 -1.386294
 -0.777705 -1.936941 -3.100090 -1.045969
 -1.181994 -1.484275 -2.612734 -0.933099
 -1.913645 -1.545923 -4.110780 -0.473292
 -1.303818 -1.828629 -2.284646 -0.763434
 -0.819281 -2.098329 -2.620517 -1.011082
 -1.271632 -1.581786 -1.900239 -1.009268
 -1.521469 -1.757856 -2.163318 -0.704710
 -1.594650 -1.515313 -2.242946 -0.752609
 -0.644358 -2.557475 -2.557475 -1.139434
 -1.336697 -1.592630 -2.328335 -0.829104
 -0.946597 -1.806796 -2.499938 -1.006020
 -1.512308 -1.545924 -2.164963 -0.794670
 -0.664353 -2.090740 -2.730776 -1.215273
 -0.830619 -1.720933 -2.052289 -1.359143
 -0.826680 -1.519825 -2.287076 -1.418043
 -1.456912 -1.440782 -2.006416 -0.926762
 -0.547267 -2.093455 -3.330214 -1.337788
 -0.567747 -1.748187 -2.331332 -1.820508
 -0.494414 -2.176168 -2.240706 -1.770705
 -1.048488 -1.839615 -2.127296 -0.990219
 -0.000001 -15.713131 -15.713131 -15.713131
 -0.000002 -14.452089 -14.452089 -14.452089
 -0.000003 -13.892475 -13.892475 -13.892475
 -0.000001 -15.082459 -15.082459 -15.082459
 -0.000000 -16.394970 -16.394970 -16.394970
 -1.386294 -1.386294 -1.386294 -1.386294
 -1.386294 -1.386294 -1.386294 -1.386294
 -1.386294 -1.386294 -1.386294 -1.386294
 -16.394970 -16.394970 -16.394970 -0.000000
 -1.386294 -1.386294 -1.386294 -1.386294
 -1.386294 -1.386294 -1.386294 -1.386294
 -1.386294 -1.386294 -1.386294 -1.386294
 -1.386294 -1.386294 -1.386294 -1.386294
 -1.386294 -1.386294 -1.386294 -1.386294
 -1.386294 -1.386294 -1.386294 -1.386294
 -16.394970 -16.394970 -16.394970 -0.000000
 -1.386294 -1.386294 -1.386294 -1.386294
 -1.386294 -1.386294 -1.386294 -1.386294
 -1.386294 -1.386294 -1.386294 -1.386294
 -16.394970 -16.394970 -16.394970 -0.000000
 -1.386294 -1.386294 -1.386294 -1.386294
 -1.386294 -1.386294 -1.386294 -1.386294
 -1.386294 -1.386294 -1.386294 -1.386294
 -16.394970 -0.000000 -16.394970 -16.394970
 -1.386294 -1.386294 -1.386294 -1.386294
 -0.000000 -16.394970 -16.394970 -16.394970
 -1.386294 -1.386294 -1.386294 -1.386294
 -1.386294 -1.386294 -1.386294 -1.386294
 -16.394970 -16.394970 -0.000000 -16.394970
 -1.386294 -1.386294 -1.386294 -1.386294
 -1.386294 -1.386294 -1.386294 -1.386294
 -1.386294 -1.386294 -1.386294 -1.386294
 -1.386294 -1.386294 -1.386294 -1.386294
 -1.386294 -1.386294 -1.386294 -1.386294
 -0.781055 -1.772983 -1.532140 -1.856753
 -1.386294 -1.386294 -1.386294 -1.386294
 -1.238788 -1.567292 -1.996854 -1.005412
 -1.206954 -1.460402 -2.010447 -1.094158
 -1.130701 -1.418383 -2.394390 -1.067522
 -1.716957 -1.436056 -1.477728 -1.037417
 -0.988949 -1.351854 -2.004178 -1.450294
 -1.055631 -1.515972 -1.629916 -1.441864
 -1.109483 -1.459156 -1.924517 -1.231372
 -1.703678 -1.310047 -1.445849 -1.162723
 -0.952009 0.000100 0.000100 0.000100
 -2.097140 0.000100 0.000100 0.000100
 -2.762113 0.000100 0.000100 0.000100
 -0.848469 0.000100 0.000100 0.000100
 -0.526095 -3.314165 -3.091026 -1.116962
 -1.252764 -1.358124 -2.169040 -1.070444
 -1.504075 -1.504075 -1.791748 -0.944470
 -2.031429 -1.585145 -1.970805 -0.645140
 -0.583587 -1.914817 -1.988924 -1.845824
 -1.252764 -1.252764 -1.339775 -1.791755
 -0.802353 -1.575534 -2.268664 -1.421385
 -1.834683 -1.734600 -2.581891 -0.530630
 -0.768050 -2.089800 -2.495261 -1.108976
 -0.974562 -1.773064 -2.360842 -1.025855
 -1.386294 -1.974072 -1.637606 -0.875473
 -2.030167 -1.550597 -1.650680 -0.766480
 -1.000174 -1.470176 -2.163318 -1.247033
 -1.365241 -2.058380 -1.452252 -0.959779
 -1.584118 -1.584118 -1.265668 -1.178657
 -1.885283 -1.460402 -1.673975 -0.847299
 -0.832912 -2.036876 -1.749197 -1.343735
 -1.609436 -2.148427 -1.529394 -0.762143
 -1.197704 -1.331235 -1.667704 -1.405342
 -1.638996 -1.499234 -1.801514 -0.873530
 -0.745793 -2.054119 -1.871799 -1.412270
 -1.197704 -1.025855 -2.024375 -1.572395
 -0.906724 -1.386294 -2.005327 -1.553347
 -1.680532 -1.852382 -1.366876 -0.911402
 -0.438258 -2.134699 -2.134699 -2.134699
 -1.352393 -1.863214 -1.495493 -1.015923
 -1.006807 -1.648656 -1.312187 -1.754016
 -1.516347 -2.104129 -1.462280 -0.851373
 -0.336475 -2.415907 -2.521267 -2.153545
 -0.693152 -2.590244 -2.079432 -1.203974
 -0.379494 -3.349861 -1.403994 -3.349861
 -1.152681 -1.440361 -1.440361 -1.558144
 -0.000002 -14.304093 -14.304093 -14.304093
 -0.000009 -12.706860 -12.706860 -12.706860
 -0.000006 -13.038990 -13.038990 -13.038990
 -0.000007 -12.971550 -12.971550 -12.971550
 -0.000001 -14.862831 -14.862831 -14.862831
 -1.386294 -1.386294 -1.386294 -1.386294
 -1.386294 -1.386294 -1.386294 -1.386294
 -1.386294 -1.386294 -1.386294 -1.386294
 -0.000001 -14.862831 -14.862831 -14.862831
 -1.386294 -1.386294 -1.386294 -1.386294
 -1.386294 -1.386294 -1.386294 -1.386294
 -1.386294 -1.386294 -1.386294 -1.386294
 -0.682677 -2.474432 -2.708046 -1.067522
 -1.386294 -1.386294 -1.386294 -1.386294
 -1.386294 -1.386294 -1.386294 -1.386294
 -1.386294 -1.386294 -1.386294 -1.386294
 -0.944463 -1.673975 -3.178040 -0.962481
 -0.980835 -1.386294 -2.484873 -1.232146
 -2.251263 -1.152684 -2.251263 -0.747224
 -2.020015 -1.366092 -2.020015 -0.734822
 -1.246533 -1.817075 -2.302577 -0.798510
 -1.067842 -2.212965 -1.961654 -0.900789
 -1.526054 -1.526054 -1.189587 -1.343735
 -1.937469 -1.274177 -1.635189 -0.964023
 -1.069200 -1.639742 -1.565634 -1.371479
 -1.170073 -1.421385 -1.662545 -1.352393
 -1.077561 -1.652920 -1.904232 -1.142099
 -1.837014 -1.326191 -1.261652 -1.230881
 -0.603919 -2.120258 -2.525717 -1.373049
 -0.857453 -1.550596 -1.992425 -1.481604
 -0.757689 -2.367113 -1.163152 -2.079435
 -1.548812 -1.163152 -1.609437 -1.290985
 -0.563937 -2.674139 -2.355689 -1.319603
 -0.693151 -2.043067 -1.791756 -1.591087
 -0.796335 -2.545514 -1.734598 -1.223777
 -1.067842 -1.673974 -1.163152 -1.856294
 -0.000002 -14.137597 -14.137597 -14.137597
 -0.000010 -12.644341 -12.644341 -12.644341
 -0.000006 -13.102169 -13.102169 -13.102169
 -0.000004 -13.415039 -13.415039 -13.415039
 -0.000001 -14.862831 -14.862831 -14.862831
 -1.386294 -1.386294 -1.386294 -1.386294
 -1.386294 -1.386294 -1.386294 -1.386294
 -1.386294 -1.386294 -1.386294 -1.386294
 -14.862831 -14.862831 -14.862831 -0.000001
 -1.386294 -1.386294 -1.386294 -1.386294
 -1.386294 -1.386294 -1.386294 -1.386294
 -1.386294 -1.386294 -1.386294 -1.386294
 -1.386294 -1.386294 -1.386294 -1.386294
 -1.386294 -1.386294 -1.386294 -1.386294
 -1.386294 -1.386294 -1.386294 -1.386294
 -14.862831 -14.862831 -14.862831 -0.000001
 -1.386294 -1.386294 -1.386294 -1.386294
 -1.386294 -1.386294 -1.386294 -1.386294
 -1.386294 -1.386294 -1.386294 -1.386294
 -14.862831 -14.862831 -14.862831 -0.000001
 -1.386294 -1.386294 -1.386294 -1.386294
 -1.386294 -1.386294 -1.386294 -1.386294
 -1.386294 -1.386294 -1.386294 -1.386294
 -14.862831 -0.000001 -14.862831 -14.862831
 -1.386294 -1.386294 -1.386294 -1.386294
 -0.000001 -14.862831 -14.862831 -14.862831
 -1.386294 -1.386294 -1.386294 -1.386294
 -1.386294 -1.386294 -1.386294 -1.386294
 -14.862831 -14.862831 -0.000001 -14.862831
 -1.386294 -1.386294 -1.386294 -1.386294
 -1.386294 -1.386294 -1.386294 -1.386294
 -1.386294 -1.386294 -1.386294 -1.386294
 -1.386294 -1.386294 -1.386294 -1.386294
 -1.386294 -1.386294 -1.386294 -1.386294
 -0.933991 -1.295780 -2.155980 -1.525355
 -1.386294 -1.386294 -1.386294 -1.386294
 -1.004928 -1.627455 -2.233588 -1.107582
 -1.060873 -1.412270 -2.747256 -1.060873
 -1.417066 -0.931563 -2.397874 -1.299284
 -1.182697 -1.929905 -1.488076 -1.131404
 -0.641856 -2.944423 -2.607957 -1.057371
 -0.965083 -1.840546 -2.351365 -1.007643
 -0.818315 -1.734596 -1.446918 -1.916914
 -1.536867 -1.536867 -1.760009 -0.921683
