 -0.994119 0.000100 0.000100 0.000100
 -1.980537 0.000100 0.000100 0.000100
 -1.591652 0.000100 0.000100 0.000100
 -1.243524 0.000100 0.000100 0.000100
 -0.748144 -2.203935 -1.904954 -1.318417
 -0.628049 -2.362646 -2.005973 -1.436880
 -0.482852 -1.904237 -2.618001 -1.825765
 -1.452838 -1.701534 -1.826697 -0.860982
 -0.712950 -2.017005 -1.658228 -1.680534
 -0.792993 -1.506342 -2.065956 -1.613973
 -0.572312 -1.577832 -1.720933 -2.986593
 -1.401529 -1.483767 -1.502998 -1.188967
 -0.635181 -2.021474 -1.850203 -1.712053
 -0.536086 -2.045992 -2.128230 -1.791759
 -0.386048 -2.010012 -2.140065 -2.679059
 -1.318721 -1.561951 -1.341710 -1.341710
 -0.705239 -1.740226 -15.934174 -1.107062
 -0.757965 -1.865545 -14.686806 -0.976654
 -0.596124 -1.942143 -14.790071 -1.185281
 -1.475906 -1.415282 -14.845132 -0.637578
 -15.807487 -15.807487 -0.000000 -15.807487
 -14.876768 -14.876768 -0.000001 -14.876768
 -1.386294 -1.386294 -1.386294 -1.386294
 -15.597220 -15.597220 -0.000001 -15.597220
 -1.386294 -1.386294 -1.386294 -1.386294
 -1.386294 -1.386294 -1.386294 -1.386294
 -16.598049 -16.598049 -16.598049 -0.000000
 -1.386294 -1.386294 -1.386294 -1.386294
 -1.386294 -1.386294 -1.386294 -1.386294
 -1.386294 -1.386294 -1.386294 -1.386294
 -1.386294 -1.386294 -1.386294 -1.386294
 -0.500157 -4.497332 -1.838633 -1.498831
 -16.097893 -1.415282 -0.918845 -1.026766
 -12.100735 -1.504075 -0.810940 -1.098618
 -14.759418 -1.300581 -0.449211 -2.413579
 -15.099219 -0.940118 -1.029066 -1.378018
 -1.386294 -1.386294 -1.386294 -1.386294
 -15.326234 -15.326234 -0.000001 -15.326234
 -15.749927 -15.749927 -0.000000 -15.749927
 -15.365199 -15.365199 -0.000001 -15.365199
 -1.386294 -1.386294 -1.386294 -1.386294
 -1.386294 -1.386294 -1.386294 -1.386294
 -16.598049 -16.598049 -16.598049 -0.000000
 -1.386294 -1.386294 -1.386294 -1.386294
 -1.386294 -1.386294 -1.386294 -1.386294
 -1.386294 -1.386294 -1.386294 -1.386294
 -1.386294 -1.386294 -1.386294 -1.386294
 -16.598049 -16.598049 -16.598049 -0.000000
 -1.386294 -1.386294 -1.386294 -1.386294
 -1.386294 -1.386294 -1.386294 -1.386294
 -1.386294 -1.386294 -1.386294 -1.386294
 -16.598049 -16.598049 -16.598049 -0.000000
 -1.386294 -1.386294 -1.386294 -1.386294
 -1.386294 -1.386294 -1.386294 -1.386294
 -1.386294 -1.386294 -1.386294 -1.386294
 -16.598049 -16.598049 -16.598049 -0.000000
 -1.386294 -1.386294 -1.386294 -1.386294
 -1.386294 -1.386294 -1.386294 -1.386294
 -1.386294 -1.386294 -1.386294 -1.386294
 -1.710955 -2.145962 -2.350756 -0.499137
 -1.013315 -1.939083 -1.870090 -1.081634
 -0.965082 -2.022869 -2.408530 -0.924260
 -0.959416 -2.092511 -1.669656 -1.186805
 -1.701187 -1.932745 -2.028760 -0.613811
 -1.101752 0.000100 0.000100 0.000100
 -2.043522 0.000100 0.000100 0.000100
 -1.833365 0.000100 0.000100 0.000100
 -0.972159 0.000100 0.000100 0.000100
 -0.827578 -2.124465 -1.860078 -1.245713
 -0.928462 -1.875842 -1.663281 -1.339042
 -1.098613 -1.916922 -1.716251 -1.079195
 -1.672136 -1.921352 -1.814106 -0.687638
 -0.743241 -1.942658 -1.931358 -1.443261
 -1.137079 -1.729582 -1.773067 -1.102393
 -1.383165 -2.299453 -1.873370 -0.702597
 -1.721650 -1.753398 -2.019803 -0.662884
 -0.846159 -1.917264 -2.081152 -1.206826
 -1.329518 -1.424828 -1.844681 -1.088356
 -1.258173 -1.638637 -1.657329 -1.105833
 -1.713337 -1.789131 -1.837528 -0.706393
 -0.900787 -1.904500 -15.509291 -0.810012
 -0.983801 -1.557403 -15.030424 -0.878441
 -1.191536 -1.788352 -14.890514 -0.636748
 -1.731453 -1.754620 -15.816991 -0.430783
 -15.550700 -15.550700 -0.000001 -15.550700
 -15.006399 -15.006399 -0.000001 -15.006399
 -1.386294 -1.386294 -1.386294 -1.386294
 -16.135937 -16.135937 -0.000000 -16.135937
 -1.386294 -1.386294 -1.386294 -1.386294
 -1.386294 -1.386294 -1.386294 -1.386294
 -16.767292 -16.767292 -16.767292 -0.000000
 -1.386294 -1.386294 -1.386294 -1.386294
 -1.386294 -1.386294 -1.386294 -1.386294
 -1.386294 -1.386294 -1.386294 -1.386294
 -1.386294 -1.386294 -1.386294 -1.386294
 -1.739839 -1.782399 -1.662548 -0.762364
 -15.027452 -1.398270 -1.473306 -0.646628
 -14.984893 -1.631416 -0.899355 -0.922522
 -15.104744 -1.735519 -1.603943 -0.473869
 -16.004927 -1.601630 -1.222433 -0.685339
 -1.386294 -1.386294 -1.386294 -1.386294
 -15.176488 -15.176488 -0.000001 -15.176488
 -15.509291 -15.509291 -0.000001 -15.509291
 -16.097893 -16.097893 -0.000000 -16.097893
 -1.386294 -1.386294 -1.386294 -1.386294
 -1.386294 -1.386294 -1.386294 -1.386294
 -16.767292 -16.767292 -16.767292 -0.000000
 -1.386294 -1.386294 -1.386294 -1.386294
 -1.386294 -1.386294 -1.386294 -1.386294
 -1.386294 -1.386294 -1.386294 -1.386294
 -1.386294 -1.386294 -1.386294 -1.386294
 -16.767292 -16.767292 -16.767292 -0.000000
 -1.386294 -1.386294 -1.386294 -1.386294
 -1.386294 -1.386294 -1.386294 -1.386294
 -1.386294 -1.386294 -1.386294 -1.386294
 -16.767292 -16.767292 -16.767292 -0.000000
 -1.386294 -1.386294 -1.386294 -1.386294
 -1.386294 -1.386294 -1.386294 -1.386294
 -1.386294 -1.386294 -1.386294 -1.386294
 -16.767292 -16.767292 -16.767292 -0.000000
 -1.386294 -1.386294 -1.386294 -1.386294
 -1.386294 -1.386294 -1.386294 -1.386294
 -1.386294 -1.386294 -1.386294 -1.386294
 -1.813947 -1.528672 -1.773125 -0.797695
 -0.955512 -2.005332 -1.958813 -1.079564
 -0.904315 -1.724213 -2.116254 -1.216094
 -1.168705 -1.594170 -1.609438 -1.251226
 -1.817613 -1.465950 -1.577472 -0.915711
