 -0.990366 0.000100 0.000100 0.000100
 -1.821534 0.000100 0.000100 0.000100
 -1.928377 0.000100 0.000100 0.000100
 -1.135076 0.000100 0.000100 0.000100
 -0.866450 -2.152924 -2.021896 -1.105605
 -0.877070 -2.035105 -1.849388 -1.217396
 -0.583642 -1.948881 -2.035892 -1.777031
 -1.582946 -1.801200 -1.769197 -0.778574
 -0.959711 -2.028381 -1.888234 -1.096287
 -0.940008 -1.856297 -1.897119 -1.193610
 -0.653256 -1.681758 -2.033978 -1.815289
 -1.193545 -2.043613 -1.603168 -1.005019
 -15.983421 -1.197131 -1.614025 -0.695438
 -15.009435 -0.954906 -1.536413 -0.916291
 -15.158377 -1.194445 -1.404740 -0.794744
 -15.804754 -1.165068 -1.631569 -0.708310
 -1.386294 -1.386294 -1.386294 -1.386294
 -15.810211 -15.810211 -0.000000 -15.810211
 -15.388286 -15.388286 -0.000001 -15.388286
 -16.214315 -16.214315 -0.000000 -16.214315
 -1.386294 -1.386294 -1.386294 -1.386294
 -1.386294 -1.386294 -1.386294 -1.386294
 -16.958801 -16.958801 -0.000000 -16.958801
 -1.386294 -1.386294 -1.386294 -1.386294
 -1.386294 -1.386294 -1.386294 -1.386294
 -1.386294 -1.386294 -1.386294 -1.386294
 -16.958801 -16.958801 -16.958801 -0.000000
 -1.386294 -1.386294 -1.386294 -1.386294
 -1.386294 -1.386294 -1.386294 -1.386294
 -1.386294 -1.386294 -1.386294 -1.386294
 -1.386294 -1.386294 -1.386294 -1.386294
 -0.275391 -4.703933 -2.350297 -1.992718
 -16.683411 -1.293052 -1.072812 -0.958356
 -12.254882 -1.658222 -1.435084 -0.559627
 -14.608505 -1.390830 -0.688633 -1.390830
 -14.966084 -1.566087 -1.324926 -0.643755
 -1.386294 -1.386294 -1.386294 -1.386294
 -15.620516 -15.620516 -0.000001 -15.620516
 -15.897449 -15.897449 -0.000000 -15.897449
 -16.021585 -16.021585 -0.000000 -16.021585
 -1.386294 -1.386294 -1.386294 -1.386294
 -1.386294 -1.386294 -1.386294 -1.386294
 -0.864998 -1.453194 -1.063848 -16.958801
 -1.386294 -1.386294 -1.386294 -1.386294
 -0.935428 -2.288342 -2.121288 -0.951218
 -1.080330 -2.032585 -2.046770 -0.915369
 -1.064211 -2.353878 -1.416754 -1.147278
 -1.386294 -1.386294 -1.386294 -1.386294
 -0.753031 -2.204367 -2.151999 -1.195704
 -1.148623 -2.327275 -1.613511 -0.951455
 -0.918919 -2.030775 -1.708692 -1.242319
 -1.544384 -2.178532 -2.508773 -0.524281
 -0.848123 -2.099442 -2.251910 -1.066941
 -1.106246 -2.016805 -2.204856 -0.853656
 -1.008099 -1.868299 -1.432981 -1.418383
 -1.941761 -2.294303 -2.234285 -0.432864
 -0.890695 -2.072061 -2.387577 -0.989260
 -1.084172 -1.953208 -1.855570 -1.011601
 -0.979661 -2.126127 -1.663505 -1.152680
 -1.805707 -2.082215 -2.082215 -0.533865
 -0.889924 -2.007298 -1.899667 -1.186318
 -1.115825 -2.042585 -2.069253 -0.876152
 -0.929990 -1.751754 -1.771556 -1.339774
 -1.827714 -1.950568 -2.004272 -0.575777
 -1.221463 0.000100 0.000100 0.000100
 -1.701409 0.000100 0.000100 0.000100
 -1.569217 0.000100 0.000100 0.000100
 -1.156558 0.000100 0.000100 0.000100
 -0.994349 -1.865828 -1.618917 -1.283180
 -0.958152 -1.828264 -1.573821 -1.392494
 -1.119773 -1.692192 -1.529673 -1.298561
 -1.753090 -1.712544 -1.302234 -0.982344
 -1.180402 -1.819823 -1.600997 -1.111409
 -1.273534 -1.616982 -1.552304 -1.171497
 -1.280139 -1.354339 -1.664960 -1.292130
 -1.591655 -1.701514 -1.657418 -0.859499
 -17.376841 -1.315315 -1.675777 -0.607984
 -17.077446 -1.079261 -1.609438 -0.776196
 -17.082796 -1.362197 -1.414117 -0.691624
 -17.633003 -1.434250 -1.361328 -0.682433
 -1.386294 -1.386294 -1.386294 -1.386294
 -17.395691 -17.395691 -0.000000 -17.395691
 -17.211695 -17.211695 -0.000000 -17.211695
 -18.024820 -18.024820 0.000000 -18.024820
 -1.386294 -1.386294 -1.386294 -1.386294
 -1.386294 -1.386294 -1.386294 -1.386294
 -18.706160 -18.706160 0.000000 -18.706160
 -1.386294 -1.386294 -1.386294 -1.386294
 -1.386294 -1.386294 -1.386294 -1.386294
 -1.386294 -1.386294 -1.386294 -1.386294
 -18.706160 -18.706160 -18.706160 0.000000
 -1.386294 -1.386294 -1.386294 -1.386294
 -1.386294 -1.386294 -1.386294 -1.386294
 -1.386294 -1.386294 -1.386294 -1.386294
 -1.386294 -1.386294 -1.386294 -1.386294
 -1.705124 -1.757332 -1.503889 -0.859245
 -17.001036 -1.259818 -1.385468 -0.763382
 -16.948830 -1.389349 -1.252327 -0.765882
 -17.202271 -1.580112 -1.113604 -0.764268
 -17.846916 -1.461851 -1.299638 -0.702062
 -1.386294 -1.386294 -1.386294 -1.386294
 -17.272774 -17.272774 -0.000000 -17.272774
 -17.444639 -17.444639 -0.000000 -17.444639
 -17.968596 -17.968596 0.000000 -17.968596
 -1.386294 -1.386294 -1.386294 -1.386294
 -1.386294 -1.386294 -1.386294 -1.386294
 -0.821794 -1.225807 -1.321117 -18.706160
 -1.386294 -1.386294 -1.386294 -1.386294
 -0.941657 -1.926439 -1.674603 -1.283844
 -1.219024 -1.394781 -1.717505 -1.283447
 -1.009209 -1.655556 -1.677928 -1.355779
 -1.386294 -1.386294 -1.386294 -1.386294
 -0.917666 -1.873919 -1.525126 -1.472134
 -1.156289 -1.849436 -1.217948 -1.460218
 -1.238435 -1.597317 -1.352718 -1.389552
 -1.446988 -1.387678 -1.435306 -1.283647
 -0.983743 -1.844805 -1.567626 -1.349017
 -1.226716 -1.472440 -1.789381 -1.170159
 -1.021141 -1.631111 -1.415192 -1.603331
 -1.582369 -1.490301 -1.432466 -1.107186
 -1.108968 -1.708589 -1.731332 -1.164973
 -1.101282 -1.609819 -1.596573 -1.327867
 -1.049178 -1.666943 -1.528141 -1.410536
 -1.456905 -1.662723 -1.502974 -1.035766
 -1.047075 -1.561379 -1.765540 -1.316408
 -1.211432 -1.704151 -1.531725 -1.190267
 -1.113903 -1.663423 -1.535277 -1.321108
 -1.742575 -1.588834 -1.429083 -0.964329
