 -1.015464 0.000100 0.000100 0.000100
 -1.891163 0.000100 0.000100 0.000100
 -1.712070 0.000100 0.000100 0.000100
 -1.182937 0.000100 0.000100 0.000100
 -0.760990 -2.005169 -1.899808 -1.392065
 -0.942885 -1.509617 -1.902659 -1.425736
 -0.553285 -1.582101 -2.574228 -1.943603
 -1.458207 -1.589235 -1.665396 -0.983100
 -0.588201 -2.022168 -1.792794 -1.925438
 -0.652693 -1.634991 -1.843535 -2.070308
 -0.432514 -1.923686 -1.797393 -3.235867
 -1.153201 -1.355523 -1.367718 -1.760988
 -0.441183 -2.378043 -2.076938 -1.975586
 -0.418339 -2.056451 -2.400222 -2.093492
 -0.278872 -2.201658 -2.712482 -2.712482
 -0.855667 -1.563628 -1.984130 -1.477861
 -0.498492 -2.271081 -16.544018 -1.240107
 -0.539502 -2.119085 -14.855788 -1.214630
 -0.330408 -2.394098 -14.782495 -1.660131
 -1.430746 -1.584897 -14.984893 -0.587166
 -16.426315 -16.426315 -0.000000 -16.426315
 -14.852249 -14.852249 -0.000001 -14.852249
 -1.386294 -1.386294 -1.386294 -1.386294
 -15.838383 -15.838383 -0.000000 -15.838383
 -1.386294 -1.386294 -1.386294 -1.386294
 -1.386294 -1.386294 -1.386294 -1.386294
 -16.993147 -16.993147 -16.993147 -0.000000
 -1.386294 -1.386294 -1.386294 -1.386294
 -1.386294 -1.386294 -1.386294 -1.386294
 -1.386294 -1.386294 -1.386294 -1.386294
 -1.386294 -1.386294 -1.386294 -1.386294
 -16.993147 -3.793822 -0.133591 -2.277475
 -1.386294 -1.386294 -1.386294 -1.386294
 -0.000006 -13.199332 -13.199332 -13.199332
 0.000000 -16.859556 -16.859556 -16.859556
 -0.000001 -14.715673 -14.715673 -14.715673
 -16.993147 -16.993147 -0.000000 -16.993147
 -1.386294 -1.386294 -1.386294 -1.386294
 -1.386294 -1.386294 -1.386294 -1.386294
 -1.386294 -1.386294 -1.386294 -1.386294
 -1.386294 -1.386294 -1.386294 -1.386294
 -1.386294 -1.386294 -1.386294 -1.386294
 -0.659941 -1.073503 -1.956807 -16.993147
 -1.386294 -1.386294 -1.386294 -1.386294
 -0.802099 -2.335375 -2.247669 -1.052129
 -0.940984 -2.314854 -2.405238 -0.865760
 -0.720055 -2.088329 -1.748462 -1.535540
 -1.386294 -1.386294 -1.386294 -1.386294
 -0.895848 -2.362969 -2.203004 -0.949001
 -0.887892 -2.274183 -2.315005 -0.949767
 -0.903121 -2.079440 -2.317850 -0.990982
 -1.696556 -2.257775 -2.402606 -0.475424
 -0.913756 -2.250657 -2.238681 -0.949187
 -0.926548 -2.323202 -1.890339 -1.035351
 -0.873818 -1.905418 -2.054949 -1.184873
 -1.777625 -2.524839 -2.399676 -0.415300
 -0.943650 -2.137937 -2.337270 -0.925567
 -1.261384 -2.017050 -2.617821 -0.671916
 -0.809947 -1.823761 -2.010972 -1.347680
 -1.865613 -2.169467 -2.585861 -0.422160
 -0.924134 -2.067018 -2.030651 -1.063306
 -0.952785 -2.183663 -1.991292 -1.007344
 -0.916291 -1.791759 -1.736189 -1.358124
 -1.684649 -2.125052 -1.915331 -0.601899
 -1.126058 0.000100 0.000100 0.000100
 -1.796733 0.000100 0.000100 0.000100
 -1.543394 0.000100 0.000100 0.000100
 -1.216732 0.000100 0.000100 0.000100
 -0.904919 -1.933315 -1.609292 -1.383385
 -0.985589 -1.689481 -1.657587 -1.380046
 -1.059153 -1.779452 -1.685691 -1.206630
 -1.737583 -1.498431 -1.499145 -0.974839
 -0.903865 -1.828226 -1.646825 -1.420308
 -1.040666 -1.638773 -1.632030 -1.358562
 -1.024121 -1.717919 -1.756410 -1.242073
 -1.680218 -1.555104 -1.313996 -1.097348
 -0.964290 -1.788821 -1.773100 -1.266616
 -1.132268 -1.619159 -1.828580 -1.142590
 -1.085100 -1.615926 -1.553916 -1.378298
 -1.759874 -1.352135 -1.661465 -0.969202
 -0.847871 -1.605849 -17.973925 -0.991674
 -0.901672 -1.482341 -17.587351 -1.002382
 -0.963723 -1.577350 -17.469799 -0.886712
 -1.612186 -1.313102 -17.998781 -0.631931
 -18.104050 -18.104050 0.000000 -18.104050
 -17.693563 -17.693563 0.000000 -17.693563
 -1.386294 -1.386294 -1.386294 -1.386294
 -18.320417 -18.320417 0.000000 -18.320417
 -1.386294 -1.386294 -1.386294 -1.386294
 -1.386294 -1.386294 -1.386294 -1.386294
 -19.170444 -19.170444 -19.170444 0.000000
 -1.386294 -1.386294 -1.386294 -1.386294
 -1.386294 -1.386294 -1.386294 -1.386294
 -1.386294 -1.386294 -1.386294 -1.386294
 -1.386294 -1.386294 -1.386294 -1.386294
 -19.170444 -0.971908 -1.039982 -1.316102
 -1.386294 -1.386294 -1.386294 -1.386294
 0.000000 -18.198536 -18.198536 -18.198536
 0.000000 -18.130463 -18.130463 -18.130463
 0.000000 -17.854342 -17.854342 -17.854342
 -19.170444 -19.170444 0.000000 -19.170444
 -1.386294 -1.386294 -1.386294 -1.386294
 -1.386294 -1.386294 -1.386294 -1.386294
 -1.386294 -1.386294 -1.386294 -1.386294
 -1.386294 -1.386294 -1.386294 -1.386294
 -1.386294 -1.386294 -1.386294 -1.386294
 -0.732808 -1.190286 -1.535684 -19.170444
 -1.386294 -1.386294 -1.386294 -1.386294
 -0.819025 -2.029860 -1.708146 -1.400055
 -0.965159 -1.691476 -1.967423 -1.220735
 -1.021359 -1.500791 -1.972371 -1.280802
 -1.386294 -1.386294 -1.386294 -1.386294
 -0.909262 -1.914803 -1.538232 -1.447969
 -1.058990 -1.772722 -1.659572 -1.227230
 -0.950785 -1.766901 -1.655493 -1.379507
 -1.476435 -1.688834 -1.394258 -1.082352
 -0.953783 -1.839712 -1.708669 -1.291896
 -0.976065 -1.840492 -1.674550 -1.283459
 -1.042001 -1.624217 -1.702779 -1.316732
 -1.621528 -1.584013 -1.495956 -0.985590
 -0.977783 -1.750908 -1.737608 -1.293536
 -1.141012 -1.686136 -1.687556 -1.170217
 -1.128996 -1.647880 -1.678692 -1.212116
 -1.657875 -1.594006 -1.444174 -0.993158
 -1.001256 -1.821340 -1.605036 -1.309736
 -1.101629 -1.699741 -1.601687 -1.260954
 -1.116457 -1.536628 -1.690038 -1.298487
 -1.756595 -1.444816 -1.523743 -0.984344
