 -1.112466 0.000100 0.000100 0.000100
 -1.770977 0.000100 0.000100 0.000100
 -1.701134 0.000100 0.000100 0.000100
 -1.143788 0.000100 0.000100 0.000100
 -1.120885 -1.748649 -1.761388 -1.114151
 -0.680463 -1.963077 -2.127379 -1.452252
 -0.828949 -1.617406 -1.791759 -1.617406
 -1.512064 -1.680055 -1.598138 -0.939281
 -1.037244 -1.672571 -1.526478 -1.425009
 -0.932821 -1.565342 -2.000659 -1.338285
 -0.714471 -1.425009 -1.779180 -2.290004
 -1.449269 -1.400479 -1.459319 -1.250418
 -0.753251 -1.754945 -2.367122 -1.337504
 -0.447738 -2.155077 -2.574930 -1.778601
 -0.592891 -1.855570 -2.525725 -1.556328
 -1.773410 -1.386294 -1.606356 -0.968560
 -15.649692 -15.649692 -0.000000 -15.649692
 -14.699280 -14.699280 -0.000001 -14.699280
 -14.253768 -14.253768 -0.000002 -14.253768
 -15.090875 -15.090875 -0.000001 -15.090875
 -1.386294 -1.386294 -1.386294 -1.386294
 -1.386294 -1.386294 -1.386294 -1.386294
 -16.440905 -16.440905 -0.000000 -16.440905
 -1.386294 -1.386294 -1.386294 -1.386294
 -1.386294 -1.386294 -1.386294 -1.386294
 -1.386294 -1.386294 -1.386294 -1.386294
 -16.440905 -16.440905 -16.440905 -0.000000
 -1.386294 -1.386294 -1.386294 -1.386294
 -1.386294 -1.386294 -1.386294 -1.386294
 -1.386294 -1.386294 -1.386294 -1.386294
 -1.386294 -1.386294 -1.386294 -1.386294
 -0.000000 -16.440905 -16.440905 -16.440905
 -0.000000 -16.440905 -16.440905 -16.440905
 -1.386294 -1.386294 -1.386294 -1.386294
 -1.386294 -1.386294 -1.386294 -1.386294
 -1.386294 -1.386294 -1.386294 -1.386294
 -16.440905 -16.440905 -0.000000 -16.440905
 -1.386294 -1.386294 -1.386294 -1.386294
 -1.386294 -1.386294 -1.386294 -1.386294
 -1.386294 -1.386294 -1.386294 -1.386294
 -1.386294 -1.386294 -1.386294 -1.386294
 -1.386294 -1.386294 -1.386294 -1.386294
 -0.000000 -16.440905 -16.440905 -16.440905
 -1.386294 -1.386294 -1.386294 -1.386294
 -0.799232 -2.174317 -1.779525 -1.317060
 -1.386294 -1.386294 -1.386294 -1.386294
 -1.386294 -1.386294 -1.386294 -1.386294
 -1.386294 -1.386294 -1.386294 -1.386294
 -0.840344 -2.168650 -1.931521 -1.173836
 -0.851554 -1.965201 -2.060511 -1.185045
 -0.750559 -1.787476 -1.867518 -1.579837
 -1.142819 -1.770368 -2.358153 -0.876551
 -0.522139 -1.465745 -1.738160 -15.543621
 -0.519411 -1.422852 -1.807263 -14.483342
 -0.676710 -1.247254 -1.587579 -14.408840
 -0.661965 -1.437349 -1.399962 -15.301651
 -1.089563 -1.802203 -2.011661 -1.008036
 -0.974859 -2.284779 -1.982499 -0.959111
 -0.923538 -1.960455 -1.795375 -1.217299
 -1.386294 -1.386294 -1.386294 -1.386294
 -0.916291 -2.110212 -1.847848 -1.135654
 -0.994253 -2.040219 -2.002479 -1.007859
 -1.038894 -1.905702 -1.689480 -1.162126
 -1.328910 -2.226151 -1.814417 -0.767099
 -1.228349 0.000100 0.000100 0.000100
 -1.494616 0.000100 0.000100 0.000100
 -1.680333 0.000100 0.000100 0.000100
 -1.215445 0.000100 0.000100 0.000100
 -0.976511 -2.264357 -1.208312 -1.510591
 -0.611805 -2.468086 -1.592629 -1.774949
 -1.493924 -2.100052 -1.252764 -1.001451
 -1.584119 -1.466337 -1.412270 -1.137834
 -0.980831 -1.644122 -2.280106 -1.110042
 -1.413693 -2.512283 -1.308334 -0.902872
 -1.128467 -1.275069 -1.821609 -1.446919
 -1.475906 -1.609436 -1.475906 -1.070443
 -1.817075 -1.203974 -2.302577 -0.826681
 -1.197704 -1.262243 -1.890845 -1.331235
 -1.120593 -1.343735 -3.135453 -0.995431
 -1.865865 -1.295323 -1.486377 -1.063522
 -13.253399 -13.253399 -0.000005 -13.253399
 -13.514411 -13.514411 -0.000004 -13.514411
 -12.821269 -12.821269 -0.000008 -12.821269
 -13.764221 -13.764221 -0.000003 -13.764221
 -1.386294 -1.386294 -1.386294 -1.386294
 -1.386294 -1.386294 -1.386294 -1.386294
 -14.782495 -14.782495 -0.000001 -14.782495
 -1.386294 -1.386294 -1.386294 -1.386294
 -1.386294 -1.386294 -1.386294 -1.386294
 -1.386294 -1.386294 -1.386294 -1.386294
 -14.782495 -14.782495 -14.782495 -0.000001
 -1.386294 -1.386294 -1.386294 -1.386294
 -1.386294 -1.386294 -1.386294 -1.386294
 -1.386294 -1.386294 -1.386294 -1.386294
 -1.386294 -1.386294 -1.386294 -1.386294
 -0.000001 -14.782495 -14.782495 -14.782495
 -0.000001 -14.782495 -14.782495 -14.782495
 -1.386294 -1.386294 -1.386294 -1.386294
 -1.386294 -1.386294 -1.386294 -1.386294
 -1.386294 -1.386294 -1.386294 -1.386294
 -14.782495 -14.782495 -0.000001 -14.782495
 -1.386294 -1.386294 -1.386294 -1.386294
 -1.386294 -1.386294 -1.386294 -1.386294
 -1.386294 -1.386294 -1.386294 -1.386294
 -1.386294 -1.386294 -1.386294 -1.386294
 -1.386294 -1.386294 -1.386294 -1.386294
 -0.000001 -14.782495 -14.782495 -14.782495
 -1.386294 -1.386294 -1.386294 -1.386294
 -0.844767 -1.908591 -1.660131 -1.461280
 -1.386294 -1.386294 -1.386294 -1.386294
 -1.386294 -1.386294 -1.386294 -1.386294
 -1.386294 -1.386294 -1.386294 -1.386294
 -0.898748 -2.242476 -1.591893 -1.261652
 -1.098615 -1.265668 -1.871796 -1.466336
 -1.139436 -2.813385 -0.820984 -1.714795
 -1.338285 -2.031426 -1.712976 -0.852780
 -0.467811 -1.620487 -1.738269 -13.721204
 -0.961415 -0.581928 -2.833175 -12.736712
 -1.036094 -0.991642 -1.293922 -13.337481
 -0.804375 -1.440361 -1.152681 -13.541079
 -1.029620 -2.128228 -1.504077 -1.198696
 -0.922724 -1.958809 -2.410789 -0.989415
 -1.033017 -2.131620 -1.679640 -1.081807
 -1.386294 -1.386294 -1.386294 -1.386294
 -0.790523 -2.628791 -1.578978 -1.316615
 -0.931563 -1.417066 -1.887062 -1.550595
 -0.609770 -2.442331 -1.882726 -1.526055
 -1.287855 -2.519988 -1.374866 -0.939549
