 -1.117676 0.000100 0.000100 0.000100
 -1.898058 0.000100 0.000100 0.000100
 -1.906133 0.000100 0.000100 0.000100
 -0.982304 0.000100 0.000100 0.000100
 -0.991534 -1.914468 -1.652104 -1.238129
 -0.779915 -1.914244 -1.810704 -1.467231
 -0.813637 -1.569697 -1.802629 -1.693995
 -1.529065 -1.655549 -1.684041 -0.899797
 -1.005363 -1.443944 -1.741778 -1.501102
 -0.765468 -1.499437 -1.986247 -1.746297
 -0.682122 -1.384079 -1.717018 -2.744169
 -1.601666 -1.251464 -1.274453 -1.457705
 -0.481304 -2.118392 -2.586528 -1.679234
 -0.292479 -2.569744 -2.634283 -2.251291
 -0.354969 -2.267355 -2.922760 -1.955920
 -1.316451 -1.382048 -1.890052 -1.109308
 -16.520891 -16.520891 -0.000000 -16.520891
 -14.994166 -14.994166 -0.000001 -14.994166
 -14.557449 -14.557449 -0.000001 -14.557449
 -15.337211 -15.337211 -0.000001 -15.337211
 -1.386294 -1.386294 -1.386294 -1.386294
 -1.386294 -1.386294 -1.386294 -1.386294
 -17.029976 -17.029976 -0.000000 -17.029976
 -1.386294 -1.386294 -1.386294 -1.386294
 -1.386294 -1.386294 -1.386294 -1.386294
 -1.386294 -1.386294 -1.386294 -1.386294
 -17.029976 -17.029976 -17.029976 -0.000000
 -1.386294 -1.386294 -1.386294 -1.386294
 -1.386294 -1.386294 -1.386294 -1.386294
 -1.386294 -1.386294 -1.386294 -1.386294
 -1.386294 -1.386294 -1.386294 -1.386294
 -17.029978 -3.692501 -0.249709 -1.629321
 -1.386294 -1.386294 -1.386294 -1.386294
 -0.000005 -13.337481 -13.337481 -13.337481
 -0.000000 -16.780268 -16.780268 -16.780268
 -0.000001 -15.400657 -15.400657 -15.400657
 -17.029976 -17.029976 -0.000000 -17.029976
 -1.386294 -1.386294 -1.386294 -1.386294
 -1.386294 -1.386294 -1.386294 -1.386294
 -1.386294 -1.386294 -1.386294 -1.386294
 -1.386294 -1.386294 -1.386294 -1.386294
 -1.386294 -1.386294 -1.386294 -1.386294
 0.000000 -17.029976 -17.029976 -17.029976
 -1.386294 -1.386294 -1.386294 -1.386294
 -0.852669 -2.453660 -1.956005 -1.060381
 -1.386294 -1.386294 -1.386294 -1.386294
 -1.386294 -1.386294 -1.386294 -1.386294
 -1.386294 -1.386294 -1.386294 -1.386294
 -0.820638 -2.275619 -2.222034 -1.053464
 -0.996529 -1.869467 -2.881063 -0.866167
 -0.839751 -1.704748 -2.125960 -1.320336
 -1.486256 -2.584867 -2.751921 -0.454807
 -0.914054 -2.305949 -2.305949 -0.916851
 -0.857187 -2.269912 -2.466622 -0.948159
 -0.847299 -1.915137 -1.800727 -1.351203
 -1.741284 -2.538065 -2.398803 -0.423335
 -1.071426 -2.001217 -2.040826 -0.935503
 -1.233954 -2.100763 -1.884540 -0.833332
 -0.995665 -2.020944 -1.667305 -1.173648
 -1.716501 -2.218398 -2.017727 -0.547203
 -1.080179 -2.050409 -1.690127 -1.057604
 -1.003303 -2.445683 -1.990209 -0.891599
 -1.078640 -1.917498 -1.572658 -1.185886
 -1.504077 -2.167593 -1.769454 -0.707451
 -1.201144 0.000100 0.000100 0.000100
 -1.862778 0.000100 0.000100 0.000100
 -1.592584 0.000100 0.000100 0.000100
 -1.077311 0.000100 0.000100 0.000100
 -0.991558 -1.957273 -1.438480 -1.384413
 -1.059252 -1.518783 -1.552685 -1.502254
 -1.112638 -1.678629 -1.268202 -1.592863
 -2.004145 -1.051488 -1.645005 -1.130737
 -1.043153 -1.663844 -1.933764 -1.159492
 -1.488424 -1.995671 -0.811538 -1.638996
 -1.157680 -1.731281 -1.483102 -1.266574
 -1.644761 -1.414899 -1.590103 -1.021411
 -1.241393 -1.769148 -2.048732 -0.887601
 -1.410686 -1.528469 -2.167547 -0.856376
 -1.630152 -2.006961 -2.234351 -0.575112
 -1.821435 -1.469591 -1.615303 -0.893169
 -15.173921 -15.173921 -0.000001 -15.173921
 -15.012460 -15.012460 -0.000001 -15.012460
 -14.727795 -14.727795 -0.000001 -14.727795
 -15.889940 -15.889940 -0.000000 -15.889940
 -1.386294 -1.386294 -1.386294 -1.386294
 -1.386294 -1.386294 -1.386294 -1.386294
 -16.686247 -16.686247 -0.000000 -16.686247
 -1.386294 -1.386294 -1.386294 -1.386294
 -1.386294 -1.386294 -1.386294 -1.386294
 -1.386294 -1.386294 -1.386294 -1.386294
 -16.686247 -16.686247 -16.686247 -0.000000
 -1.386294 -1.386294 -1.386294 -1.386294
 -1.386294 -1.386294 -1.386294 -1.386294
 -1.386294 -1.386294 -1.386294 -1.386294
 -1.386294 -1.386294 -1.386294 -1.386294
 -16.686247 -1.067377 -0.926255 -1.346856
 -1.386294 -1.386294 -1.386294 -1.386294
 -0.000001 -15.618870 -15.618870 -15.618870
 -0.000001 -15.759992 -15.759992 -15.759992
 -0.000001 -15.339392 -15.339392 -15.339392
 -16.686247 -16.686247 -0.000000 -16.686247
 -1.386294 -1.386294 -1.386294 -1.386294
 -1.386294 -1.386294 -1.386294 -1.386294
 -1.386294 -1.386294 -1.386294 -1.386294
 -1.386294 -1.386294 -1.386294 -1.386294
 -1.386294 -1.386294 -1.386294 -1.386294
 -0.000000 -16.686247 -16.686247 -16.686247
 -1.386294 -1.386294 -1.386294 -1.386294
 -0.959713 -1.494492 -1.617973 -1.638175
 -1.386294 -1.386294 -1.386294 -1.386294
 -1.386294 -1.386294 -1.386294 -1.386294
 -1.386294 -1.386294 -1.386294 -1.386294
 -0.917771 -2.016383 -1.485755 -1.422443
 -1.611966 -0.788458 -2.110212 -1.492778
 -1.045749 -1.488485 -1.699050 -1.427116
 -1.633037 -1.468282 -1.520242 -1.033710
 -1.053274 -1.725367 -1.767927 -1.195966
 -1.395684 -1.055177 -2.107878 -1.263333
 -1.146815 -1.624253 -1.446919 -1.386294
 -1.492140 -1.638233 -1.463430 -1.051696
 -1.088760 -1.817839 -1.629438 -1.187606
 -0.834907 -1.899616 -1.819574 -1.368989
 -1.266493 -1.609438 -1.564986 -1.174120
 -1.552489 -1.617028 -1.579640 -0.957783
 -1.317666 -1.877281 -1.528975 -1.014794
 -1.027705 -1.651858 -1.854382 -1.224415
 -1.116312 -1.530746 -1.660423 -1.323951
 -1.666282 -1.694992 -1.305840 -1.031404
