 -1.021397 0.000100 0.000100 0.000100
 -1.846438 0.000100 0.000100 0.000100
 -1.778997 0.000100 0.000100 0.000100
 -1.160585 0.000100 0.000100 0.000100
 -0.771281 -1.956153 -1.947184 -1.372379
 -0.704844 -1.797590 -2.374904 -1.397990
 -0.731934 -1.538635 -2.411573 -1.538635
 -1.549761 -1.651297 -1.682307 -0.891705
 -0.810930 -1.663505 -1.883567 -1.541615
 -0.730888 -1.402295 -2.173693 -1.840549
 -0.575365 -1.426568 -1.845826 -3.232114
 -1.267648 -1.435707 -1.510318 -1.348151
 -0.731056 -1.793950 -1.869070 -1.619333
 -0.462135 -2.205574 -2.224622 -1.885407
 -0.361014 -2.230840 -2.339053 -2.310882
 -1.282831 -1.400614 -1.614188 -1.282831
 -0.784333 -1.914948 -16.225155 -0.925770
 -0.740215 -2.045539 -15.062544 -0.932222
 -0.566854 -2.105416 -14.953345 -1.168292
 -1.509003 -1.678079 -15.219154 -0.524017
 -16.057283 -16.057283 -0.000000 -16.057283
 -14.987994 -14.987994 -0.000001 -14.987994
 -1.386294 -1.386294 -1.386294 -1.386294
 -16.030357 -16.030357 -0.000000 -16.030357
 -1.386294 -1.386294 -1.386294 -1.386294
 -1.386294 -1.386294 -1.386294 -1.386294
 -16.897421 -16.897421 -16.897421 -0.000000
 -1.386294 -1.386294 -1.386294 -1.386294
 -1.386294 -1.386294 -1.386294 -1.386294
 -1.386294 -1.386294 -1.386294 -1.386294
 -1.386294 -1.386294 -1.386294 -1.386294
 0.000000 -16.897421 -16.897421 -16.897421
 0.000000 -16.897421 -16.897421 -16.897421
 -1.386294 -1.386294 -1.386294 -1.386294
 -1.386294 -1.386294 -1.386294 -1.386294
 -1.386294 -1.386294 -1.386294 -1.386294
 -16.897421 -16.897421 -0.000000 -16.897421
 -1.386294 -1.386294 -1.386294 -1.386294
 -1.386294 -1.386294 -1.386294 -1.386294
 -1.386294 -1.386294 -1.386294 -1.386294
 -1.386294 -1.386294 -1.386294 -1.386294
 -1.386294 -1.386294 -1.386294 -1.386294
 -16.897421 -0.384584 -1.141731 -16.897421
 -1.386294 -1.386294 -1.386294 -1.386294
 -1.386294 -1.386294 -1.386294 -1.386294
 -1.380918 -2.024382 -2.278615 -0.665238
 -0.773909 -2.163322 -1.482755 -1.625369
 -1.386294 -1.386294 -1.386294 -1.386294
 -0.974128 -2.076563 -2.160444 -0.962742
 -1.225952 -1.595049 -2.186412 -0.938270
 -0.787813 -2.369274 -1.824548 -1.236763
 -1.649103 -1.998373 -2.120263 -0.593805
 -1.002887 -2.170195 -2.093234 -0.927003
 -1.039189 -1.751754 -2.217842 -1.010751
 -0.807220 -1.857041 -1.931149 -1.375204
 -1.696449 -1.991736 -2.345144 -0.537213
 -0.803548 -2.093581 -2.402585 -1.083132
 -0.921321 -1.788420 -2.404604 -1.065715
 -1.066352 -1.783595 -1.833606 -1.115142
 -1.667305 -2.150156 -2.221616 -0.533846
 -0.835568 -2.041810 -2.201658 -1.120985
 -1.091644 -1.805843 -2.397893 -0.893818
 -0.892861 -1.618096 -1.783175 -1.495493
 -1.603359 -1.986351 -2.112502 -0.614983
 -1.227073 0.000100 0.000100 0.000100
 -1.728835 0.000100 0.000100 0.000100
 -1.584398 0.000100 0.000100 0.000100
 -1.126122 0.000100 0.000100 0.000100
 -0.997662 -1.979864 -1.421819 -1.378736
 -1.121427 -1.911423 -1.570121 -1.144774
 -1.149792 -1.974514 -1.388466 -1.220743
 -1.263798 -1.846741 -1.485728 -1.098612
 -0.827270 -1.894823 -1.765890 -1.421386
 -1.068670 -1.652923 -1.547562 -1.377217
 -1.287854 -1.323194 -1.735879 -1.267235
 -1.306252 -1.748084 -1.540445 -1.076537
 -1.319774 -1.463255 -1.571795 -1.225364
 -1.280000 -1.494775 -1.964778 -1.028686
 -1.158511 -1.541996 -1.719979 -1.227503
 -1.974712 -1.334055 -1.631767 -0.910786
 -0.734429 -1.755654 -15.509291 -1.057202
 -1.036435 -1.519287 -15.483218 -0.852342
 -1.115501 -1.207168 -15.245823 -0.985626
 -1.375768 -1.486378 -15.838383 -0.651691
 -15.865781 -15.865781 -0.000000 -15.865781
 -15.436878 -15.436878 -0.000001 -15.436878
 -1.386294 -1.386294 -1.386294 -1.386294
 -16.082468 -16.082468 -0.000000 -16.082468
 -1.386294 -1.386294 -1.386294 -1.386294
 -1.386294 -1.386294 -1.386294 -1.386294
 -16.928137 -16.928137 -16.928137 -0.000000
 -1.386294 -1.386294 -1.386294 -1.386294
 -1.386294 -1.386294 -1.386294 -1.386294
 -1.386294 -1.386294 -1.386294 -1.386294
 -1.386294 -1.386294 -1.386294 -1.386294
 0.000000 -16.928137 -16.928137 -16.928137
 0.000000 -16.928137 -16.928137 -16.928137
 -1.386294 -1.386294 -1.386294 -1.386294
 -1.386294 -1.386294 -1.386294 -1.386294
 -1.386294 -1.386294 -1.386294 -1.386294
 -16.928137 -16.928137 -0.000000 -16.928137
 -1.386294 -1.386294 -1.386294 -1.386294
 -1.386294 -1.386294 -1.386294 -1.386294
 -1.386294 -1.386294 -1.386294 -1.386294
 -1.386294 -1.386294 -1.386294 -1.386294
 -1.386294 -1.386294 -1.386294 -1.386294
 -16.928137 -0.573389 -0.829224 -16.928137
 -1.386294 -1.386294 -1.386294 -1.386294
 -1.386294 -1.386294 -1.386294 -1.386294
 -1.078299 -1.420822 -2.044540 -1.241774
 -1.059627 -1.646825 -1.723786 -1.264555
 -1.386294 -1.386294 -1.386294 -1.386294
 -1.005781 -1.938158 -1.604263 -1.240517
 -1.174120 -2.161505 -1.650681 -0.957534
 -1.143869 -1.997358 -1.837015 -0.950803
 -1.598610 -1.645863 -1.517385 -0.952716
 -0.928249 -1.848306 -1.636548 -1.375947
 -0.917772 -1.762602 -1.728701 -1.380395
 -0.956411 -1.807614 -1.794009 -1.253887
 -1.285490 -1.605657 -1.550597 -1.169230
 -0.823973 -1.869277 -1.689691 -1.502814
 -1.254027 -1.448815 -1.527067 -1.337023
 -1.250456 -1.548949 -1.485770 -1.291614
 -1.575006 -1.614226 -1.590510 -0.941282
 -0.946866 -1.945910 -1.547002 -1.361397
 -1.112599 -1.737692 -1.777966 -1.119666
 -1.229030 -1.444738 -1.850202 -1.157056
 -1.615668 -1.600164 -1.547718 -0.950246
