 -1.056265 0.000100 0.000100 0.000100
 -1.896272 0.000100 0.000100 0.000100
 -1.701784 0.000100 0.000100 0.000100
 -1.140177 0.000100 0.000100 0.000100
 -0.857102 -1.811464 -1.712092 -1.462280
 -0.632856 -1.710413 -2.342933 -1.649788
 -0.795928 -1.609437 -2.279593 -1.400346
 -1.562797 -2.000419 -1.601512 -0.790582
 -0.971861 -1.847329 -1.618487 -1.325140
 -1.000011 -1.861492 -2.043813 -1.057998
 -0.719959 -1.435084 -1.807759 -2.197222
 -1.632361 -1.484441 -1.271348 -1.212508
 -1.001032 -1.622016 -1.817077 -1.300117
 -0.724753 -1.805182 -2.083894 -1.484275
 -0.839102 -1.415524 -1.909541 -1.731861
 -1.662255 -1.580910 -1.645448 -0.887763
 -1.142415 -2.211612 -1.540445 -1.029620
 -1.333329 -1.762891 -1.227969 -1.302076
 -0.911014 -1.686398 -1.504077 -1.658227
 -2.305609 -1.658983 -0.957932 -1.119987
 -14.933927 -14.933927 -0.000001 -14.933927
 -14.430698 -14.430698 -0.000002 -14.430698
 -15.006399 -15.006399 -0.000001 -15.006399
 -15.093664 -15.093664 -0.000001 -15.093664
 -1.386294 -1.386294 -1.386294 -1.386294
 -1.386294 -1.386294 -1.386294 -1.386294
 -16.282763 -16.282763 -16.282763 -0.000000
 -1.386294 -1.386294 -1.386294 -1.386294
 -1.386294 -1.386294 -1.386294 -1.386294
 -1.386294 -1.386294 -1.386294 -1.386294
 -1.386294 -1.386294 -1.386294 -1.386294
 -0.461726 -3.201219 -16.282763 -1.111417
 -0.000000 -15.821037 -15.821037 -15.821037
 -0.000006 -13.081550 -13.081550 -13.081550
 -1.386294 -1.386294 -1.386294 -1.386294
 -0.000001 -15.171347 -15.171347 -15.171347
 -16.282763 -16.282763 -0.000000 -16.282763
 -1.386294 -1.386294 -1.386294 -1.386294
 -1.386294 -1.386294 -1.386294 -1.386294
 -1.386294 -1.386294 -1.386294 -1.386294
 -1.386294 -1.386294 -1.386294 -1.386294
 -1.386294 -1.386294 -1.386294 -1.386294
 -16.282763 -16.282763 -16.282763 -0.000000
 -1.386294 -1.386294 -1.386294 -1.386294
 -1.386294 -1.386294 -1.386294 -1.386294
 -1.386294 -1.386294 -1.386294 -1.386294
 -1.386294 -1.386294 -1.386294 -1.386294
 -16.282763 -16.282763 -16.282763 -0.000000
 -1.386294 -1.386294 -1.386294 -1.386294
 -1.386294 -1.386294 -1.386294 -1.386294
 -1.386294 -1.386294 -1.386294 -1.386294
 -16.282763 -16.282763 -16.282763 -0.000000
 -1.386294 -1.386294 -1.386294 -1.386294
 -1.386294 -1.386294 -1.386294 -1.386294
 -1.386294 -1.386294 -1.386294 -1.386294
 -16.282763 -16.282763 -16.282763 -0.000000
 -1.386294 -1.386294 -1.386294 -1.386294
 -1.386294 -1.386294 -1.386294 -1.386294
 -1.386294 -1.386294 -1.386294 -1.386294
 -16.282763 -16.282763 -16.282763 -0.000000
 -1.386294 -1.386294 -1.386294 -1.386294
 -1.386294 -1.386294 -1.386294 -1.386294
 -1.386294 -1.386294 -1.386294 -1.386294
 -16.282763 -16.282763 -16.282763 -0.000000
 -1.121086 0.000100 0.000100 0.000100
 -2.132683 0.000100 0.000100 0.000100
 -1.860751 0.000100 0.000100 0.000100
 -0.916292 0.000100 0.000100 0.000100
 -1.011604 -1.704745 -2.397879 -1.011604
 -0.470019 -11.982954 -11.982954 -0.980838
 -1.098617 -1.252765 -1.435084 -1.945896
 -1.791756 -1.909537 -1.504076 -0.770112
 -0.646632 -3.044482 -1.540443 -1.540443
 -0.693156 -2.397863 -1.992415 -1.299284
 -0.965087 -1.945896 -2.351344 -0.965087
 -1.966107 -2.302573 -1.832577 -0.510830
 -0.693151 -2.772564 -2.484890 -1.037990
 -1.791743 -1.386294 -1.386294 -1.098621
 -1.481603 -1.299284 -2.397863 -0.893825
 -1.262243 -1.331235 -1.773064 -1.262243
 -0.737603 -2.219192 -2.730004 -1.056055
 -1.648654 -1.871793 -1.312187 -0.955517
 -0.944470 -2.197197 -2.890294 -0.810940
 -1.167607 -1.860747 -2.708026 -0.762144
 -13.081550 -13.081550 -0.000006 -13.081550
 -12.100735 -12.100735 -0.000017 -12.100735
 -11.849426 -11.849426 -0.000021 -11.849426
 -13.217681 -13.217681 -0.000005 -13.217681
 -1.386294 -1.386294 -1.386294 -1.386294
 -1.386294 -1.386294 -1.386294 -1.386294
 -14.115618 -14.115618 -14.115618 -0.000002
 -1.386294 -1.386294 -1.386294 -1.386294
 -1.386294 -1.386294 -1.386294 -1.386294
 -1.386294 -1.386294 -1.386294 -1.386294
 -1.386294 -1.386294 -1.386294 -1.386294
 -0.993253 -1.321756 -14.115618 -1.013455
 -0.000006 -13.122372 -13.122372 -13.122372
 -0.000008 -12.793870 -12.793870 -12.793870
 -1.386294 -1.386294 -1.386294 -1.386294
 -0.000006 -13.102169 -13.102169 -13.102169
 -14.115618 -14.115618 -0.000002 -14.115618
 -1.386294 -1.386294 -1.386294 -1.386294
 -1.386294 -1.386294 -1.386294 -1.386294
 -1.386294 -1.386294 -1.386294 -1.386294
 -1.386294 -1.386294 -1.386294 -1.386294
 -1.386294 -1.386294 -1.386294 -1.386294
 -14.115618 -14.115618 -14.115618 -0.000002
 -1.386294 -1.386294 -1.386294 -1.386294
 -1.386294 -1.386294 -1.386294 -1.386294
 -1.386294 -1.386294 -1.386294 -1.386294
 -1.386294 -1.386294 -1.386294 -1.386294
 -14.115618 -14.115618 -14.115618 -0.000002
 -1.386294 -1.386294 -1.386294 -1.386294
 -1.386294 -1.386294 -1.386294 -1.386294
 -1.386294 -1.386294 -1.386294 -1.386294
 -14.115618 -14.115618 -14.115618 -0.000002
 -1.386294 -1.386294 -1.386294 -1.386294
 -1.386294 -1.386294 -1.386294 -1.386294
 -1.386294 -1.386294 -1.386294 -1.386294
 -14.115618 -14.115618 -14.115618 -0.000002
 -1.386294 -1.386294 -1.386294 -1.386294
 -1.386294 -1.386294 -1.386294 -1.386294
 -1.386294 -1.386294 -1.386294 -1.386294
 -14.115618 -14.115618 -14.115618 -0.000002
 -1.386294 -1.386294 -1.386294 -1.386294
 -1.386294 -1.386294 -1.386294 -1.386294
 -1.386294 -1.386294 -1.386294 -1.386294
 -14.115618 -14.115618 -14.115618 -0.000002
