 -1.055209 0.000100 0.000100 0.000100
 -1.940141 0.000100 0.000100 0.000100
 -1.678810 0.000100 0.000100 0.000100
 -1.134444 0.000100 0.000100 0.000100
 -1.093088 -1.890677 -1.558145 -1.192953
 -0.777113 -1.689760 -1.726801 -1.726801
 -0.738069 -1.738917 -1.753731 -1.753731
 -1.604950 -1.690605 -1.287854 -1.082255
 -0.964723 -1.389164 -1.366436 -2.166192
 -0.718827 -1.453277 -1.623622 -2.504820
 -0.697543 -1.224653 -1.691676 -3.724589
 -1.454024 -1.048559 -1.155042 -2.293773
 -0.000000 -15.892449 -15.892449 -15.892449
 -0.000001 -15.588767 -15.588767 -15.588767
 -0.000001 -15.444752 -15.444752 -15.444752
 -0.000002 -14.386493 -14.386493 -14.386493
 -16.847574 -16.847574 -0.000000 -16.847574
 -1.386294 -1.386294 -1.386294 -1.386294
 -1.386294 -1.386294 -1.386294 -1.386294
 -1.386294 -1.386294 -1.386294 -1.386294
 -1.386294 -1.386294 -1.386294 -1.386294
 -1.386294 -1.386294 -1.386294 -1.386294
 -16.847574 -16.847574 -0.000000 -16.847574
 -1.386294 -1.386294 -1.386294 -1.386294
 -1.386294 -1.386294 -1.386294 -1.386294
 -1.386294 -1.386294 -1.386294 -1.386294
 -16.847574 -16.847574 -16.847574 -0.000000
 -1.386294 -1.386294 -1.386294 -1.386294
 -1.386294 -1.386294 -1.386294 -1.386294
 -1.386294 -1.386294 -1.386294 -1.386294
 -1.386294 -1.386294 -1.386294 -1.386294
 -0.981794 -3.808591 -1.903893 -0.789229
 -15.865781 -0.999449 -0.458997 -15.865781
 -13.038990 -1.120593 -0.394660 -13.038990
 -14.943683 -1.744357 -0.192079 -14.943683
 -16.058346 -1.188523 -0.363370 -16.058346
 -1.386294 -1.386294 -1.386294 -1.386294
 -15.674930 -15.674930 -0.000000 -15.674930
 -16.477169 -16.477169 -0.000000 -16.477169
 -1.386294 -1.386294 -1.386294 -1.386294
 -1.386294 -1.386294 -1.386294 -1.386294
 -1.386294 -1.386294 -1.386294 -1.386294
 -16.847574 -16.847574 -16.847574 -0.000000
 -1.386294 -1.386294 -1.386294 -1.386294
 -1.386294 -1.386294 -1.386294 -1.386294
 -1.386294 -1.386294 -1.386294 -1.386294
 -1.386294 -1.386294 -1.386294 -1.386294
 -1.532441 -2.127846 -1.710308 -0.725487
 -1.100847 -1.945909 -1.616157 -1.121187
 -0.818041 -2.331332 -2.142091 -1.066738
 -1.106645 -1.919592 -1.520207 -1.190728
 -1.805802 -2.124255 -1.894467 -0.569626
 -0.844864 -1.827111 -2.315464 -1.168651
 -1.007806 -1.700952 -2.276315 -1.050366
 -0.933533 -2.249867 -1.570326 -1.226057
 -1.860909 -2.134604 -1.956923 -0.536340
 -0.881708 -2.008377 -1.799976 -1.250311
 -1.023235 -1.974792 -1.746534 -1.116566
 -1.050327 -1.585004 -1.411340 -1.602395
 -1.608326 -2.147322 -2.013791 -0.598748
 -0.840999 -2.119736 -1.825497 -1.246464
 -1.004584 -1.985411 -1.887773 -1.064007
 -0.989719 -2.137119 -1.549334 -1.210880
 -1.571064 -2.229525 -1.751035 -0.671381
 -1.384721 0.000100 0.000100 0.000100
 -2.010973 0.000100 0.000100 0.000100
 -1.359875 0.000100 0.000100 0.000100
 -1.024280 0.000100 0.000100 0.000100
 -1.079921 -1.977860 -1.156882 -1.572396
 -0.976917 -1.803591 -1.398129 -1.552279
 -1.482832 -2.203375 -0.605115 -2.149308
 -2.097139 -1.579198 -1.579198 -0.765907
 -1.046989 -1.839224 -1.328400 -1.490919
 -1.004204 -1.357024 -1.670680 -1.670680
 -1.526056 -1.420696 -1.836210 -0.963272
 -1.644123 -0.921990 -1.874646 -1.363822
 -0.000002 -14.340241 -14.340241 -14.340241
 -0.000002 -14.346141 -14.346141 -14.346141
 -0.000003 -13.989468 -13.989468 -13.989468
 -0.000002 -14.386493 -14.386493 -14.386493
 -15.663966 -15.663966 -0.000000 -15.663966
 -1.386294 -1.386294 -1.386294 -1.386294
 -1.386294 -1.386294 -1.386294 -1.386294
 -1.386294 -1.386294 -1.386294 -1.386294
 -1.386294 -1.386294 -1.386294 -1.386294
 -1.386294 -1.386294 -1.386294 -1.386294
 -15.663966 -15.663966 -0.000000 -15.663966
 -1.386294 -1.386294 -1.386294 -1.386294
 -1.386294 -1.386294 -1.386294 -1.386294
 -1.386294 -1.386294 -1.386294 -1.386294
 -15.663966 -15.663966 -15.663966 -0.000000
 -1.386294 -1.386294 -1.386294 -1.386294
 -1.386294 -1.386294 -1.386294 -1.386294
 -1.386294 -1.386294 -1.386294 -1.386294
 -1.386294 -1.386294 -1.386294 -1.386294
 -1.028675 -1.744094 -1.868657 -1.160320
 -14.635292 -1.042924 -0.434519 -14.635292
 -13.919874 -0.631995 -0.758288 -13.919874
 -13.795312 -0.896090 -0.524527 -13.795312
 -14.503647 -0.698186 -0.688136 -14.503647
 -1.386294 -1.386294 -1.386294 -1.386294
 -14.837963 -14.837963 -0.000001 -14.837963
 -15.088078 -15.088078 -0.000001 -15.088078
 -1.386294 -1.386294 -1.386294 -1.386294
 -1.386294 -1.386294 -1.386294 -1.386294
 -1.386294 -1.386294 -1.386294 -1.386294
 -15.663966 -15.663966 -15.663966 -0.000000
 -1.386294 -1.386294 -1.386294 -1.386294
 -1.386294 -1.386294 -1.386294 -1.386294
 -1.386294 -1.386294 -1.386294 -1.386294
 -1.386294 -1.386294 -1.386294 -1.386294
 -1.024280 -1.700034 -1.442990 -1.504865
 -1.765783 -1.845826 -0.728866 -1.668145
 -1.040019 -2.045537 -1.198243 -1.534714
 -1.226446 -1.427116 -1.643339 -1.297063
 -1.770705 -1.547562 -1.514772 -0.923409
 -0.902869 -2.106838 -1.629916 -1.283641
 -1.296438 -1.328187 -1.717650 -1.265667
 -1.494368 -1.857273 -0.845674 -1.659448
 -1.704747 -1.773740 -1.442384 -0.886439
 -0.889858 -1.722766 -1.435084 -1.756667
 -1.225613 -1.646824 -1.290151 -1.433251
 -1.710413 -1.205858 -2.085105 -0.927655
 -1.732760 -1.348349 -1.587579 -1.024110
 -1.116962 -1.887068 -1.671957 -1.098613
 -0.890146 -1.972755 -1.759182 -1.279611
 -1.222227 -1.768769 -1.458615 -1.196251
 -0.929537 -2.068968 -1.720663 -1.203973
