 -1.144276 0.000100 0.000100 0.000100
 -1.943249 0.000100 0.000100 0.000100
 -1.682675 0.000100 0.000100 0.000100
 -1.042898 0.000100 0.000100 0.000100
 -0.912116 -1.852122 -1.692273 -1.357426
 -0.745666 -1.844276 -1.969439 -1.478818
 -0.852089 -1.660919 -1.760010 -1.553674
 -1.365714 -1.543600 -1.411176 -1.247108
 -0.899104 -1.773675 -2.002209 -1.243680
 -0.689518 -1.855570 -1.927891 -1.627787
 -0.703369 -1.592630 -1.679642 -2.160613
 -1.313306 -1.578587 -1.238505 -1.448225
 -0.703032 -2.122999 -1.740630 -1.561429
 -0.619560 -2.005852 -2.320932 -1.473636
 -0.604352 -1.784641 -2.200800 -1.742969
 -1.568616 -1.642724 -1.722766 -0.868352
 -1.006414 -2.451301 -1.035282 -1.644211
 -1.126012 -2.569460 -0.797508 -1.906169
 -0.927465 -2.197222 -0.985284 -2.120262
 -2.508810 -2.508810 -0.567522 -1.308070
 -15.292561 -15.292561 -0.000001 -15.292561
 -14.085541 -14.085541 -0.000002 -14.085541
 -15.670245 -15.670245 -0.000000 -15.670245
 -14.890514 -14.890514 -0.000001 -14.890514
 -1.386294 -1.386294 -1.386294 -1.386294
 -1.386294 -1.386294 -1.386294 -1.386294
 -16.524227 -16.524227 -16.524227 -0.000000
 -1.386294 -1.386294 -1.386294 -1.386294
 -1.386294 -1.386294 -1.386294 -1.386294
 -1.386294 -1.386294 -1.386294 -1.386294
 -1.386294 -1.386294 -1.386294 -1.386294
 -16.524227 -16.524227 -0.000000 -16.524227
 -1.386294 -1.386294 -1.386294 -1.386294
 -1.386294 -1.386294 -1.386294 -1.386294
 -0.000000 -16.524227 -16.524227 -16.524227
 -1.386294 -1.386294 -1.386294 -1.386294
 -16.524227 -16.524227 -0.000000 -16.524227
 -1.386294 -1.386294 -1.386294 -1.386294
 -1.386294 -1.386294 -1.386294 -1.386294
 -1.386294 -1.386294 -1.386294 -1.386294
 -1.386294 -1.386294 -1.386294 -1.386294
 -1.386294 -1.386294 -1.386294 -1.386294
 -16.524227 -16.524227 -16.524227 -0.000000
 -1.386294 -1.386294 -1.386294 -1.386294
 -1.386294 -1.386294 -1.386294 -1.386294
 -1.386294 -1.386294 -1.386294 -1.386294
 -1.386294 -1.386294 -1.386294 -1.386294
 -16.524227 -16.524227 -0.000000 -16.524227
 -1.386294 -1.386294 -1.386294 -1.386294
 -1.386294 -1.386294 -1.386294 -1.386294
 -0.879340 -2.214020 -1.583787 -1.307534
 -1.386294 -1.386294 -1.386294 -1.386294
 -0.836125 -2.229853 -2.015705 -1.121341
 -1.039424 -1.964370 -2.391812 -0.880360
 -1.095371 -1.945909 -1.555712 -1.165752
 -1.729687 -1.963301 -1.895479 -0.631075
 -0.822428 -1.957910 -2.160146 -1.190152
 -1.174736 -1.956435 -1.851075 -0.934786
 -0.816527 -1.650445 -1.561498 -1.856297
 -1.667706 -2.024381 -1.973737 -0.615615
 -0.884095 -2.098017 -1.888297 -1.161925
 -1.179803 -1.983296 -1.600305 -1.040690
 -1.126784 -1.819929 -1.349927 -1.367945
 -1.597400 -2.015768 -1.848714 -0.679402
 -1.285003 0.000100 0.000100 0.000100
 -1.817467 0.000100 0.000100 0.000100
 -1.533700 0.000100 0.000100 0.000100
 -1.063696 0.000100 0.000100 0.000100
 -1.107830 -1.746907 -1.513294 -1.290151
 -0.940009 -1.961654 -1.519825 -1.386294
 -0.976917 -1.803591 -2.140061 -1.075357
 -1.654557 -1.734600 -1.545359 -0.869605
 -0.827881 -2.140062 -1.643628 -1.377926
 -1.624704 -1.299284 -1.193923 -1.481604
 -1.252764 -1.704746 -1.778854 -1.011603
 -1.245216 -1.515506 -1.386294 -1.417066
 -1.190728 -1.995098 -1.609437 -1.021652
 -0.985285 -1.678429 -2.238039 -1.098614
 -1.230541 -1.849576 -1.269761 -1.310583
 -1.881369 -1.358124 -1.157454 -1.286665
 -1.071214 -1.848916 -1.637608 -1.185624
 -1.098614 -1.141173 -2.079436 -1.504077
 -1.076873 -1.871799 -1.945907 -1.014353
 -1.516347 -1.676689 -1.593308 -0.940984
 -13.989468 -13.989468 -0.000003 -13.989468
 -13.554151 -13.554151 -0.000004 -13.554151
 -13.429854 -13.429854 -0.000004 -13.429854
 -14.077878 -14.077878 -0.000002 -14.077878
 -1.386294 -1.386294 -1.386294 -1.386294
 -1.386294 -1.386294 -1.386294 -1.386294
 -15.186692 -15.186692 -15.186692 -0.000001
 -1.386294 -1.386294 -1.386294 -1.386294
 -1.386294 -1.386294 -1.386294 -1.386294
 -1.386294 -1.386294 -1.386294 -1.386294
 -1.386294 -1.386294 -1.386294 -1.386294
 -15.186692 -15.186692 -0.000001 -15.186692
 -1.386294 -1.386294 -1.386294 -1.386294
 -1.386294 -1.386294 -1.386294 -1.386294
 -0.000001 -15.186692 -15.186692 -15.186692
 -1.386294 -1.386294 -1.386294 -1.386294
 -15.186692 -15.186692 -0.000001 -15.186692
 -1.386294 -1.386294 -1.386294 -1.386294
 -1.386294 -1.386294 -1.386294 -1.386294
 -1.386294 -1.386294 -1.386294 -1.386294
 -1.386294 -1.386294 -1.386294 -1.386294
 -1.386294 -1.386294 -1.386294 -1.386294
 -15.186692 -15.186692 -15.186692 -0.000001
 -1.386294 -1.386294 -1.386294 -1.386294
 -1.386294 -1.386294 -1.386294 -1.386294
 -1.386294 -1.386294 -1.386294 -1.386294
 -1.386294 -1.386294 -1.386294 -1.386294
 -15.186692 -15.186692 -0.000001 -15.186692
 -1.386294 -1.386294 -1.386294 -1.386294
 -1.386294 -1.386294 -1.386294 -1.386294
 -1.205666 -2.006058 -1.240153 -1.285003
 -1.386294 -1.386294 -1.386294 -1.386294
 -1.244325 -1.679641 -1.215337 -1.474847
 -1.572395 -1.667704 -1.262243 -1.137080
 -1.125281 -1.335001 -1.600703 -1.558144
 -1.513294 -1.695614 -1.194841 -1.225613
 -0.949868 -1.527944 -1.773066 -1.485385
 -1.315677 -1.271226 -1.573505 -1.410987
 -1.052522 -1.367602 -1.773066 -1.485385
 -1.660730 -1.309334 -1.347074 -1.272966
 -0.827881 -1.834683 -1.945908 -1.345136
 -1.171184 -1.966110 -1.309334 -1.272966
 -1.278406 -1.324926 -1.661396 -1.324926
 -1.999395 -1.473305 -1.306252 -1.009001
