 -1.133327 0.000100 0.000100 0.000100
 -1.642228 0.000100 0.000100 0.000100
 -1.816886 0.000100 0.000100 0.000100
 -1.133327 0.000100 0.000100 0.000100
 -1.015462 -1.845184 -1.542374 -1.324650
 -0.867806 -1.735669 -1.553348 -1.648658
 -0.584739 -1.718196 -1.784154 -2.349466
 -1.489730 -1.533405 -1.361555 -1.195658
 -0.950370 -1.213179 -1.424828 -2.582279
 -0.560461 -1.500704 -1.840211 -3.051296
 -0.698813 -1.347508 -1.414950 -15.079638
 -1.305442 -0.984345 -1.221672 -2.804674
 -0.000001 -15.722087 -15.722087 -15.722087
 -0.000001 -15.369436 -15.369436 -15.369436
 -0.000001 -15.163585 -15.163585 -15.163585
 -0.000004 -13.604795 -13.604795 -13.604795
 -16.595572 -16.595572 -0.000000 -16.595572
 -1.386294 -1.386294 -1.386294 -1.386294
 -1.386294 -1.386294 -1.386294 -1.386294
 -1.386294 -1.386294 -1.386294 -1.386294
 -1.386294 -1.386294 -1.386294 -1.386294
 -1.386294 -1.386294 -1.386294 -1.386294
 -16.595572 -16.595572 -0.000000 -16.595572
 -1.386294 -1.386294 -1.386294 -1.386294
 -1.386294 -1.386294 -1.386294 -1.386294
 -1.386294 -1.386294 -1.386294 -1.386294
 -16.595572 -16.595572 -16.595572 -0.000000
 -1.386294 -1.386294 -1.386294 -1.386294
 -1.386294 -1.386294 -1.386294 -1.386294
 -1.386294 -1.386294 -1.386294 -1.386294
 -1.386294 -1.386294 -1.386294 -1.386294
 -16.595572 -16.595572 -16.595572 -0.000000
 -1.386294 -1.386294 -1.386294 -1.386294
 -1.386294 -1.386294 -1.386294 -1.386294
 -1.386294 -1.386294 -1.386294 -1.386294
 -16.595572 -16.595572 -16.595572 -0.000000
 -1.386294 -1.386294 -1.386294 -1.386294
 -1.386294 -1.386294 -1.386294 -1.386294
 -1.386294 -1.386294 -1.386294 -1.386294
 -16.595572 -16.595572 -0.000000 -16.595572
 -1.386294 -1.386294 -1.386294 -1.386294
 -1.386294 -1.386294 -1.386294 -1.386294
 -16.595572 -16.595572 -16.595572 -0.000000
 -1.386294 -1.386294 -1.386294 -1.386294
 -1.386294 -1.386294 -1.386294 -1.386294
 -1.386294 -1.386294 -1.386294 -1.386294
 -1.386294 -1.386294 -1.386294 -1.386294
 -1.493587 -2.267237 -1.458305 -0.822787
 -1.173146 -1.902659 -1.484925 -1.155446
 -0.913302 -2.345401 -1.716795 -1.129010
 -1.029086 -1.919592 -1.570217 -1.244795
 -1.694909 -2.085107 -1.545164 -0.736444
 -0.975576 -2.355899 -2.016032 -0.928784
 -0.942452 -2.065454 -1.960093 -1.070833
 -0.949081 -2.003240 -1.657495 -1.246915
 -1.806501 -1.739491 -1.767662 -0.714512
 -0.871749 -2.542429 -1.761176 -1.104843
 -0.918536 -2.362646 -1.769585 -1.089684
 -0.884000 -2.060319 -1.625002 -1.337320
 -1.718756 -2.267653 -1.799517 -0.594611
 -0.795486 -2.290978 -2.052568 -1.142357
 -1.043553 -1.810806 -2.235687 -0.974560
 -0.860528 -1.993624 -1.870011 -1.249185
 -1.721555 -2.215573 -2.215573 -0.505788
 -1.710081 0.000100 0.000100 0.000100
 -1.869145 0.000100 0.000100 0.000100
 -1.572880 0.000100 0.000100 0.000100
 -0.782096 0.000100 0.000100 0.000100
 -0.818315 -2.140053 -1.446918 -1.580448
 -0.882395 -1.757852 -1.757852 -1.421385
 -1.717647 -1.466336 -1.360977 -1.098615
 -1.621133 -1.889395 -1.815287 -0.716680
 -1.159238 -1.292769 -1.985909 -1.292769
 -0.725943 -1.488076 -2.740803 -1.488076
 -1.213024 -1.413693 -1.819153 -1.213024
 -1.595048 -0.976012 -1.749197 -1.400893
 -0.000005 -13.235699 -13.235699 -13.235699
 -0.000005 -13.235699 -13.235699 -13.235699
 -0.000011 -12.506192 -12.506192 -12.506192
 -0.000006 -13.102169 -13.102169 -13.102169
 -14.446784 -14.446784 -0.000002 -14.446784
 -1.386294 -1.386294 -1.386294 -1.386294
 -1.386294 -1.386294 -1.386294 -1.386294
 -1.386294 -1.386294 -1.386294 -1.386294
 -1.386294 -1.386294 -1.386294 -1.386294
 -1.386294 -1.386294 -1.386294 -1.386294
 -14.446784 -14.446784 -0.000002 -14.446784
 -1.386294 -1.386294 -1.386294 -1.386294
 -1.386294 -1.386294 -1.386294 -1.386294
 -1.386294 -1.386294 -1.386294 -1.386294
 -14.446784 -14.446784 -14.446784 -0.000002
 -1.386294 -1.386294 -1.386294 -1.386294
 -1.386294 -1.386294 -1.386294 -1.386294
 -1.386294 -1.386294 -1.386294 -1.386294
 -1.386294 -1.386294 -1.386294 -1.386294
 -14.446784 -14.446784 -14.446784 -0.000002
 -1.386294 -1.386294 -1.386294 -1.386294
 -1.386294 -1.386294 -1.386294 -1.386294
 -1.386294 -1.386294 -1.386294 -1.386294
 -14.446784 -14.446784 -14.446784 -0.000002
 -1.386294 -1.386294 -1.386294 -1.386294
 -1.386294 -1.386294 -1.386294 -1.386294
 -1.386294 -1.386294 -1.386294 -1.386294
 -14.446784 -14.446784 -0.000002 -14.446784
 -1.386294 -1.386294 -1.386294 -1.386294
 -1.386294 -1.386294 -1.386294 -1.386294
 -14.446784 -14.446784 -14.446784 -0.000002
 -1.386294 -1.386294 -1.386294 -1.386294
 -1.386294 -1.386294 -1.386294 -1.386294
 -1.386294 -1.386294 -1.386294 -1.386294
 -1.386294 -1.386294 -1.386294 -1.386294
 -1.344622 -1.940603 -1.344622 -1.093308
 -1.183772 -1.812374 -1.493924 -1.183772
 -1.216398 -12.506192 -1.349927 -0.810937
 -1.119233 -2.100052 -1.812374 -0.947384
 -1.840546 -1.745237 -1.745237 -0.709151
 -0.896091 -2.100052 -1.694593 -1.252764
 -0.916297 -1.832572 -1.832572 -1.272967
 -1.126014 -1.665004 -1.665004 -1.213024
 -1.510591 -1.778854 -1.571216 -0.909820
 -1.133100 -1.679640 -1.369487 -1.438480
 -0.762146 -3.401111 -2.014891 -1.003306
 -1.280935 -0.944466 -2.890333 -1.280935
 -1.504077 -1.504077 -1.578184 -1.052094
 -0.747218 -1.740463 -1.963604 -1.558143
 -1.386294 -1.897113 -1.609435 -0.916295
 -0.753777 -1.916914 -2.427727 -1.223777
 -1.645154 -1.845823 -1.558143 -0.824179
