 -1.249782 0.000100 0.000100 0.000100
 -1.708736 0.000100 0.000100 0.000100
 -1.665719 0.000100 0.000100 0.000100
 -1.069198 0.000100 0.000100 0.000100
 -0.926763 -1.711716 -1.791759 -1.358895
 -0.999315 -1.770018 -1.985129 -1.126470
 -0.758389 -1.663504 -2.111528 -1.509354
 -1.595049 -1.783101 -1.366208 -0.983732
 -1.084014 -1.434496 -1.877701 -1.307157
 -0.845417 -1.808853 -1.957272 -1.326002
 -0.693148 -1.386294 -2.036880 -2.123891
 -1.373222 -1.542640 -1.335001 -1.310309
 -0.738610 -1.954278 -1.934859 -1.443453
 -0.561882 -2.140064 -2.453720 -1.486140
 -0.744151 -1.866291 -1.732760 -1.643148
 -1.432618 -1.504077 -1.779489 -0.993252
 -0.961411 -2.220108 -1.156836 -1.636962
 -1.137079 -2.429842 -0.820410 -1.890849
 -0.795427 -2.261759 -1.232144 -1.878769
 -2.264843 -2.228475 -0.626209 -1.371027
 -14.953345 -14.953345 -0.000001 -14.953345
 -13.864305 -13.864305 -0.000003 -13.864305
 -15.176488 -15.176488 -0.000001 -15.176488
 -14.498610 -14.498610 -0.000002 -14.498610
 -1.386294 -1.386294 -1.386294 -1.386294
 -1.386294 -1.386294 -1.386294 -1.386294
 -16.123083 -16.123083 -16.123083 -0.000000
 -1.386294 -1.386294 -1.386294 -1.386294
 -1.386294 -1.386294 -1.386294 -1.386294
 -1.386294 -1.386294 -1.386294 -1.386294
 -1.386294 -1.386294 -1.386294 -1.386294
 -16.123083 -16.123083 -0.000000 -16.123083
 -1.386294 -1.386294 -1.386294 -1.386294
 -1.386294 -1.386294 -1.386294 -1.386294
 -0.000000 -16.123083 -16.123083 -16.123083
 -1.386294 -1.386294 -1.386294 -1.386294
 -16.123083 -16.123083 -0.000000 -16.123083
 -1.386294 -1.386294 -1.386294 -1.386294
 -1.386294 -1.386294 -1.386294 -1.386294
 -1.386294 -1.386294 -1.386294 -1.386294
 -1.386294 -1.386294 -1.386294 -1.386294
 -1.386294 -1.386294 -1.386294 -1.386294
 -16.123083 -16.123083 -16.123083 -0.000000
 -1.386294 -1.386294 -1.386294 -1.386294
 -1.386294 -1.386294 -1.386294 -1.386294
 -1.386294 -1.386294 -1.386294 -1.386294
 -1.386294 -1.386294 -1.386294 -1.386294
 -16.123083 -0.000000 -16.123083 -16.123083
 -1.386294 -1.386294 -1.386294 -1.386294
 -0.860654 -2.446834 -1.812876 -1.116685
 -1.386294 -1.386294 -1.386294 -1.386294
 -1.386294 -1.386294 -1.386294 -1.386294
 -1.041454 -1.877701 -1.941215 -1.048143
 -1.098613 -1.521469 -1.900956 -1.207812
 -0.865761 -2.327274 -1.634130 -1.249719
 -1.365241 -1.924856 -2.034857 -0.759106
 -0.960948 -2.167547 -1.834842 -1.068937
 -0.854079 -1.778335 -2.599311 -1.105393
 -0.784440 -2.059505 -1.507438 -1.636650
 -1.739934 -1.997763 -1.770706 -0.656590
 -0.897942 -2.169824 -1.848917 -1.136353
 -1.335001 -1.523053 -1.999975 -0.958525
 -1.038354 -1.823306 -1.823306 -1.130161
 -1.667965 -2.087223 -1.709929 -0.680311
 -1.085190 0.000100 0.000100 0.000100
 -1.665007 0.000100 0.000100 0.000100
 -1.665007 0.000100 0.000100 0.000100
 -1.259543 0.000100 0.000100 0.000100
 -0.941610 -1.347074 -1.714797 -1.771955
 -0.729518 -1.945905 -1.945905 -1.460402
 -1.134982 -1.540444 -1.460402 -1.460402
 -1.540444 -1.945907 -1.386294 -0.934311
 -1.257677 -1.446919 -1.366876 -1.489478
 -0.764609 -2.268674 -1.662545 -1.421385
 -1.049824 -1.897115 -1.696447 -1.149907
 -2.251285 -1.111859 -1.386294 -1.152681
 -0.946145 -1.957741 -1.498212 -1.398129
 -1.760985 -1.593932 -2.079435 -0.693150
 -1.260254 -1.639742 -1.496642 -1.208961
 -1.742967 -1.163152 -1.897117 -1.014732
 -0.630236 -2.397886 -2.552034 -1.208312
 -1.147404 -1.435084 -2.351365 -1.052094
 -0.770112 -1.686396 -2.379534 -1.349927
 -2.140062 -1.533930 -2.140062 -0.599623
 -13.795312 -13.795312 -0.000003 -13.795312
 -13.199332 -13.199332 -0.000006 -13.199332
 -12.577650 -12.577650 -0.000010 -12.577650
 -13.955276 -13.955276 -0.000003 -13.955276
 -1.386294 -1.386294 -1.386294 -1.386294
 -1.386294 -1.386294 -1.386294 -1.386294
 -14.900702 -14.900702 -14.900702 -0.000001
 -1.386294 -1.386294 -1.386294 -1.386294
 -1.386294 -1.386294 -1.386294 -1.386294
 -1.386294 -1.386294 -1.386294 -1.386294
 -1.386294 -1.386294 -1.386294 -1.386294
 -14.900702 -14.900702 -0.000001 -14.900702
 -1.386294 -1.386294 -1.386294 -1.386294
 -1.386294 -1.386294 -1.386294 -1.386294
 -0.000001 -14.900702 -14.900702 -14.900702
 -1.386294 -1.386294 -1.386294 -1.386294
 -14.900702 -14.900702 -0.000001 -14.900702
 -1.386294 -1.386294 -1.386294 -1.386294
 -1.386294 -1.386294 -1.386294 -1.386294
 -1.386294 -1.386294 -1.386294 -1.386294
 -1.386294 -1.386294 -1.386294 -1.386294
 -1.386294 -1.386294 -1.386294 -1.386294
 -14.900702 -14.900702 -14.900702 -0.000001
 -1.386294 -1.386294 -1.386294 -1.386294
 -1.386294 -1.386294 -1.386294 -1.386294
 -1.386294 -1.386294 -1.386294 -1.386294
 -1.386294 -1.386294 -1.386294 -1.386294
 -14.900702 -0.000001 -14.900702 -14.900702
 -1.386294 -1.386294 -1.386294 -1.386294
 -1.115649 -1.798538 -1.720067 -1.115649
 -1.386294 -1.386294 -1.386294 -1.386294
 -1.386294 -1.386294 -1.386294 -1.386294
 -0.937126 -1.530188 -1.684338 -1.578978
 -1.001451 -1.406913 -1.812374 -1.493924
 -1.025855 -1.667704 -1.890845 -1.197704
 -2.089800 -1.278875 -1.741496 -0.861141
 -1.064712 -1.900956 -1.330414 -1.421386
 -1.304057 -1.540444 -1.304057 -1.415282
 -0.987389 -1.852379 -1.629238 -1.292769
 -1.838277 -0.950978 -1.432814 -1.532897
 -0.880361 -2.008820 -1.516347 -1.462280
 -0.916293 -1.415282 -2.302577 -1.358124
 -1.071585 -1.805550 -1.517870 -1.294728
 -1.490090 -1.777771 -1.697728 -0.861485
