 -0.982278 0.000100 0.000100 0.000100
 -1.796113 0.000100 0.000100 0.000100
 -1.760119 0.000100 0.000100 0.000100
 -1.246268 0.000100 0.000100 0.000100
 -0.824361 -1.922973 -1.907224 -1.321176
 -0.708980 -2.033396 -2.419056 -1.244941
 -0.693148 -1.527067 -2.152771 -1.791758
 -1.525452 -1.724580 -1.568012 -0.926922
 -0.701997 -1.748649 -1.814032 -1.787363
 -0.493435 -1.845825 -2.155979 -2.155979
 -0.568325 -1.569772 -1.569772 -4.054648
 -1.119793 -1.454432 -1.392300 -1.652258
 -0.650284 -1.795415 -1.701105 -2.043595
 -0.555142 -2.039874 -2.074965 -1.769585
 -0.421879 -2.074799 -2.038432 -2.426196
 -1.154702 -1.550597 -1.522426 -1.368276
 -0.637088 -1.875929 -15.618870 -1.145839
 -0.785167 -1.593088 -14.414350 -1.076873
 -0.429183 -1.961657 -14.467838 -1.568616
 -1.670062 -1.351609 -14.346141 -0.592505
 -15.540062 -15.540062 -0.000001 -15.540062
 -14.513647 -14.513647 -0.000002 -14.513647
 -1.386294 -1.386294 -1.386294 -1.386294
 -15.173921 -15.173921 -0.000001 -15.173921
 -1.386294 -1.386294 -1.386294 -1.386294
 -1.386294 -1.386294 -1.386294 -1.386294
 -16.258728 -16.258728 -16.258728 -0.000000
 -1.386294 -1.386294 -1.386294 -1.386294
 -1.386294 -1.386294 -1.386294 -1.386294
 -1.386294 -1.386294 -1.386294 -1.386294
 -1.386294 -1.386294 -1.386294 -1.386294
 -0.411129 -4.340330 -1.998530 -1.668489
 -15.847599 -1.646825 -1.084299 -0.756725
 -11.918417 -1.609431 -0.916301 -0.916301
 -14.260199 -1.386294 -0.583949 -1.648658
 -14.590240 -1.488077 -1.319454 -0.679418
 -1.386294 -1.386294 -1.386294 -1.386294
 -14.682612 -14.682612 -0.000001 -14.682612
 -15.224056 -15.224056 -0.000001 -15.224056
 -15.432918 -15.432918 -0.000001 -15.432918
 -1.386294 -1.386294 -1.386294 -1.386294
 -1.386294 -1.386294 -1.386294 -1.386294
 -16.258728 -16.258728 -16.258728 -0.000000
 -1.386294 -1.386294 -1.386294 -1.386294
 -1.386294 -1.386294 -1.386294 -1.386294
 -1.386294 -1.386294 -1.386294 -1.386294
 -1.386294 -1.386294 -1.386294 -1.386294
 -16.258728 -16.258728 -16.258728 -0.000000
 -1.386294 -1.386294 -1.386294 -1.386294
 -1.386294 -1.386294 -1.386294 -1.386294
 -1.386294 -1.386294 -1.386294 -1.386294
 -0.893528 -1.289485 -1.153984 -16.258728
 -0.990072 -1.864398 -2.896759 -0.871655
 -0.938621 -1.648028 -2.463063 -1.104942
 -0.831808 -1.982379 -1.962576 -1.250012
 -1.386294 -1.386294 -1.386294 -1.386294
 -0.826366 -2.173439 -2.030338 -1.147950
 -1.087802 -1.501363 -2.730023 -0.980830
 -0.693149 -1.699950 -2.079438 -1.648657
 -1.463058 -1.963301 -2.509844 -0.603676
 -0.812771 -2.297693 -1.884132 -1.190986
 -0.881404 -1.951843 -2.296682 -1.069456
 -0.920538 -1.474847 -1.998093 -1.438480
 -1.765784 -2.044955 -2.011618 -0.569534
 -1.237017 0.000100 0.000100 0.000100
 -1.721462 0.000100 0.000100 0.000100
 -1.573247 0.000100 0.000100 0.000100
 -1.128321 0.000100 0.000100 0.000100
 -0.886956 -1.955065 -1.955065 -1.187503
 -0.886177 -1.834062 -1.774163 -1.353314
 -1.085938 -1.703898 -1.614553 -1.267756
 -1.604003 -1.628696 -1.609438 -0.909502
 -0.972628 -1.748663 -1.703406 -1.324849
 -1.006968 -1.529157 -1.746366 -1.412433
 -1.264763 -1.777939 -1.704251 -1.002941
 -1.749063 -1.606172 -1.459815 -0.933616
 -0.932068 -1.748748 -1.773268 -1.337533
 -1.139551 -1.649405 -1.630174 -1.231078
 -1.091476 -1.705196 -1.423690 -1.419980
 -1.717181 -1.471660 -1.548716 -0.971900
 -0.885287 -1.792348 -16.648136 -0.865513
 -0.866903 -1.480172 -16.227846 -1.043697
 -0.901591 -1.586191 -16.256117 -0.943218
 -1.684177 -1.338285 -16.653419 -0.594012
 -16.787462 -16.787462 -0.000000 -16.787462
 -16.316946 -16.316946 -0.000000 -16.316946
 -1.386294 -1.386294 -1.386294 -1.386294
 -17.033587 -17.033587 -0.000000 -17.033587
 -1.386294 -1.386294 -1.386294 -1.386294
 -1.386294 -1.386294 -1.386294 -1.386294
 -17.853460 -17.853460 -17.853460 -0.000000
 -1.386294 -1.386294 -1.386294 -1.386294
 -1.386294 -1.386294 -1.386294 -1.386294
 -1.386294 -1.386294 -1.386294 -1.386294
 -1.386294 -1.386294 -1.386294 -1.386294
 -1.720477 -1.633712 -1.762737 -0.789128
 -16.132984 -1.519966 -1.519966 -0.575255
 -16.219749 -1.487948 -1.085153 -0.829392
 -16.090725 -1.649275 -1.495889 -0.538263
 -17.064333 -1.573597 -1.241952 -0.685413
 -1.386294 -1.386294 -1.386294 -1.386294
 -16.294567 -16.294567 -0.000000 -16.294567
 -16.561499 -16.561499 -0.000000 -16.561499
 -17.189680 -17.189680 -0.000000 -17.189680
 -1.386294 -1.386294 -1.386294 -1.386294
 -1.386294 -1.386294 -1.386294 -1.386294
 -17.853460 -17.853460 -17.853460 -0.000000
 -1.386294 -1.386294 -1.386294 -1.386294
 -1.386294 -1.386294 -1.386294 -1.386294
 -1.386294 -1.386294 -1.386294 -1.386294
 -1.386294 -1.386294 -1.386294 -1.386294
 -17.853460 -17.853460 -17.853460 -0.000000
 -1.386294 -1.386294 -1.386294 -1.386294
 -1.386294 -1.386294 -1.386294 -1.386294
 -1.386294 -1.386294 -1.386294 -1.386294
 -1.251089 -1.078882 -0.983949 -17.853460
 -1.189496 -1.623711 -1.907234 -1.049910
 -1.061448 -1.678134 -1.780413 -1.208131
 -1.231066 -1.563347 -1.532302 -1.263910
 -1.386294 -1.386294 -1.386294 -1.386294
 -0.926171 -1.919848 -1.682250 -1.304352
 -1.079229 -1.741445 -1.706529 -1.192767
 -0.937510 -1.819484 -1.920836 -1.204624
 -1.481949 -1.547161 -1.670349 -0.989472
 -1.000123 -1.924381 -1.624950 -1.240367
 -1.094600 -1.827569 -1.579733 -1.209011
 -1.177668 -1.622354 -1.427610 -1.367712
 -1.770074 -1.564913 -1.403873 -0.981017
