 -0.974895 0.000100 0.000100 0.000100
 -1.842113 0.000100 0.000100 0.000100
 -1.743820 0.000100 0.000100 0.000100
 -1.239826 0.000100 0.000100 0.000100
 -0.844016 -1.774163 -2.150973 -1.258698
 -0.839504 -1.647720 -2.316767 -1.283755
 -0.680463 -1.452252 -2.240707 -1.876065
 -1.729472 -1.348459 -1.938227 -0.869830
 -0.705269 -1.879866 -1.906534 -1.585627
 -0.641501 -1.551102 -2.148938 -1.931874
 -0.517058 -1.615668 -1.785566 -3.289631
 -1.192431 -1.401332 -1.411485 -1.577611
 -0.691517 -1.803244 -1.896576 -1.690977
 -0.505845 -2.121511 -2.003728 -1.949661
 -0.334751 -1.920376 -2.556362 -2.807675
 -1.303603 -1.457753 -1.554917 -1.257083
 -0.833053 -1.710503 -15.757127 -0.955799
 -0.763435 -1.871801 -14.608505 -0.967346
 -0.468980 -1.776491 -14.483342 -1.584120
 -1.831499 -1.252763 -14.652760 -0.590388
 -15.547167 -15.547167 -0.000001 -15.547167
 -14.767170 -14.767170 -0.000001 -14.767170
 -1.386294 -1.386294 -1.386294 -1.386294
 -15.464170 -15.464170 -0.000001 -15.464170
 -1.386294 -1.386294 -1.386294 -1.386294
 -1.386294 -1.386294 -1.386294 -1.386294
 -16.413746 -16.413746 -16.413746 -0.000000
 -1.386294 -1.386294 -1.386294 -1.386294
 -1.386294 -1.386294 -1.386294 -1.386294
 -1.386294 -1.386294 -1.386294 -1.386294
 -1.386294 -1.386294 -1.386294 -1.386294
 -0.000000 -16.413746 -16.413746 -16.413746
 -0.000000 -16.413746 -16.413746 -16.413746
 -1.386294 -1.386294 -1.386294 -1.386294
 -1.386294 -1.386294 -1.386294 -1.386294
 -1.386294 -1.386294 -1.386294 -1.386294
 -16.413746 -16.413746 -0.000000 -16.413746
 -1.386294 -1.386294 -1.386294 -1.386294
 -1.386294 -1.386294 -1.386294 -1.386294
 -1.386294 -1.386294 -1.386294 -1.386294
 -1.386294 -1.386294 -1.386294 -1.386294
 -1.386294 -1.386294 -1.386294 -1.386294
 -0.000000 -16.413746 -16.413746 -16.413746
 -1.386294 -1.386294 -1.386294 -1.386294
 -1.057076 -2.424281 -2.186125 -0.794877
 -1.386294 -1.386294 -1.386294 -1.386294
 -1.386294 -1.386294 -1.386294 -1.386294
 -1.386294 -1.386294 -1.386294 -1.386294
 -0.987274 -2.085885 -3.150593 -0.775692
 -1.041455 -1.834683 -3.392807 -0.790141
 -1.256080 -1.926236 -3.918637 -0.598441
 -1.717181 -2.825008 -4.010625 -0.297062
 -15.118424 -15.118424 -15.118424 -0.000001
 -14.115618 -14.115618 -14.115618 -0.000002
 -12.847937 -12.847937 -12.847937 -0.000008
 -15.898696 -15.898696 -15.898696 -0.000000
 -1.386294 -1.386294 -1.386294 -1.386294
 -1.386294 -1.386294 -1.386294 -1.386294
 -1.386294 -1.386294 -1.386294 -1.386294
 -1.685953 -2.010448 -2.219799 -0.558315
 -1.160744 -2.051715 -2.150155 -0.816973
 -0.958851 -1.860751 -2.014901 -1.115420
 -0.809221 -1.848111 -2.039165 -1.320045
 -1.641145 -2.020118 -1.972262 -0.626498
 -1.130134 0.000100 0.000100 0.000100
 -1.900416 0.000100 0.000100 0.000100
 -1.696321 0.000100 0.000100 0.000100
 -1.066687 0.000100 0.000100 0.000100
 -0.933913 -2.298225 -1.521699 -1.244068
 -0.974561 -2.098486 -1.890848 -1.052522
 -0.975715 -2.159481 -1.466337 -1.284016
 -1.402824 -2.501433 -1.605348 -0.752237
 -0.871294 -1.812901 -1.692273 -1.451112
 -0.966845 -1.372308 -2.470909 -1.266948
 -1.215534 -1.421386 -1.980999 -1.126587
 -1.246875 -2.170037 -1.511982 -0.972987
 -1.288369 -1.258955 -1.829499 -1.273554
 -1.428495 -1.905417 -1.158205 -1.212272
 -1.578185 -1.578185 -1.540444 -0.986135
 -1.560430 -1.418780 -2.344546 -0.793953
 -0.847299 -1.791758 -14.334307 -0.904457
 -0.953106 -1.853890 -14.322330 -0.781256
 -0.916292 -1.461018 -14.038657 -0.999673
 -1.410587 -1.629640 -14.731803 -0.579819
 -14.719730 -14.719730 -0.000001 -14.719730
 -14.093145 -14.093145 -0.000002 -14.093145
 -1.386294 -1.386294 -1.386294 -1.386294
 -15.009435 -15.009435 -0.000001 -15.009435
 -1.386294 -1.386294 -1.386294 -1.386294
 -1.386294 -1.386294 -1.386294 -1.386294
 -15.774197 -15.774197 -15.774197 -0.000000
 -1.386294 -1.386294 -1.386294 -1.386294
 -1.386294 -1.386294 -1.386294 -1.386294
 -1.386294 -1.386294 -1.386294 -1.386294
 -1.386294 -1.386294 -1.386294 -1.386294
 -0.000001 -15.774197 -15.774197 -15.774197
 -0.000001 -15.774197 -15.774197 -15.774197
 -1.386294 -1.386294 -1.386294 -1.386294
 -1.386294 -1.386294 -1.386294 -1.386294
 -1.386294 -1.386294 -1.386294 -1.386294
 -15.774197 -15.774197 -0.000000 -15.774197
 -1.386294 -1.386294 -1.386294 -1.386294
 -1.386294 -1.386294 -1.386294 -1.386294
 -1.386294 -1.386294 -1.386294 -1.386294
 -1.386294 -1.386294 -1.386294 -1.386294
 -1.386294 -1.386294 -1.386294 -1.386294
 -0.000001 -15.774197 -15.774197 -15.774197
 -1.386294 -1.386294 -1.386294 -1.386294
 -0.900895 -2.133038 -1.854325 -1.143321
 -1.386294 -1.386294 -1.386294 -1.386294
 -1.386294 -1.386294 -1.386294 -1.386294
 -1.386294 -1.386294 -1.386294 -1.386294
 -0.980830 -1.949387 -1.673976 -1.220309
 -1.486377 -1.722765 -1.658227 -0.904458
 -1.275543 -1.665007 -1.876315 -0.971862
 -1.450243 -1.865186 -1.731655 -0.835568
 -14.562201 -14.562201 -14.562201 -0.000001
 -13.928843 -13.928843 -13.928843 -0.000003
 -14.054530 -14.054530 -14.054530 -0.000002
 -14.767170 -14.767170 -14.767170 -0.000001
 -1.386294 -1.386294 -1.386294 -1.386294
 -1.386294 -1.386294 -1.386294 -1.386294
 -1.386294 -1.386294 -1.386294 -1.386294
 -1.735541 -1.573423 -1.482451 -0.943455
 -0.936495 -1.609437 -3.036541 -1.021652
 -0.983100 -1.899388 -1.732335 -1.206243
 -1.417843 -1.497885 -1.343735 -1.297215
 -1.613067 -1.595049 -1.728580 -0.866811
