 -1.017624 0.000100 0.000100 0.000100
 -1.683591 0.000100 0.000100 0.000100
 -1.966029 0.000100 0.000100 0.000100
 -1.162097 0.000100 0.000100 0.000100
 -1.040374 -1.970521 -1.881574 -1.035797
 -0.768470 -1.952238 -2.045328 -1.328085
 -0.680674 -1.738793 -2.180625 -1.584643
 -1.526806 -1.780586 -1.544197 -0.914420
 -0.979723 -1.805137 -2.005808 -1.122143
 -0.880807 -1.908591 -2.045792 -1.177705
 -0.707747 -1.559958 -1.982813 -1.836210
 -1.118238 -1.795299 -1.656463 -1.151208
 -15.696502 -1.070060 -1.544518 -0.812838
 -14.880222 -0.951383 -1.542746 -0.916291
 -14.774862 -1.233787 -1.453646 -0.744240
 -15.424950 -1.203973 -1.443923 -0.767871
 -1.386294 -1.386294 -1.386294 -1.386294
 -15.543621 -15.543621 -0.000001 -15.543621
 -15.153141 -15.153141 -0.000001 -15.153141
 -15.847599 -15.847599 -0.000000 -15.847599
 -1.386294 -1.386294 -1.386294 -1.386294
 -1.386294 -1.386294 -1.386294 -1.386294
 -16.652834 -16.652834 -0.000000 -16.652834
 -1.386294 -1.386294 -1.386294 -1.386294
 -1.386294 -1.386294 -1.386294 -1.386294
 -1.386294 -1.386294 -1.386294 -1.386294
 -16.652834 -16.652834 -16.652834 -0.000000
 -1.386294 -1.386294 -1.386294 -1.386294
 -1.386294 -1.386294 -1.386294 -1.386294
 -1.386294 -1.386294 -1.386294 -1.386294
 -1.386294 -1.386294 -1.386294 -1.386294
 -0.574519 -4.446756 -2.159289 -1.171504
 -16.078316 -1.811728 -0.869038 -0.874013
 -12.206093 -1.203976 -1.386294 -0.798517
 -14.493546 -1.727855 -0.601074 -1.294220
 -15.481330 -1.749200 -1.508814 -0.502668
 -1.386294 -1.386294 -1.386294 -1.386294
 -14.880222 -14.880222 -0.000001 -14.880222
 -15.660811 -15.660811 -0.000000 -15.660811
 -15.874750 -15.874750 -0.000000 -15.874750
 -1.386294 -1.386294 -1.386294 -1.386294
 -1.386294 -1.386294 -1.386294 -1.386294
 -16.652834 -16.652834 -16.652834 -0.000000
 -1.386294 -1.386294 -1.386294 -1.386294
 -1.386294 -1.386294 -1.386294 -1.386294
 -1.386294 -1.386294 -1.386294 -1.386294
 -1.386294 -1.386294 -1.386294 -1.386294
 -0.877228 -1.548090 -0.990444 -16.652834
 -1.088802 -1.659990 -1.777773 -1.189987
 -0.857451 -2.110212 -2.023201 -1.132229
 -1.053886 -2.009397 -1.607862 -1.148744
 -1.386294 -1.386294 -1.386294 -1.386294
 -0.851651 -1.920185 -2.449702 -1.077661
 -1.001239 -1.550597 -2.531423 -1.076140
 -0.834946 -1.998095 -2.354769 -1.091856
 -1.476375 -2.219952 -2.060887 -0.624404
 -0.931180 -2.149137 -1.748379 -1.154323
 -1.102719 -1.833606 -2.239069 -0.912201
 -1.184555 -1.422226 -1.639290 -1.351609
 -1.748834 -1.953246 -2.097141 -0.577316
 -0.851371 -2.191144 -2.138035 -1.068580
 -1.106710 -2.079440 -1.875842 -0.938718
 -1.160744 -1.906534 -1.646251 -1.063106
 -1.708935 -2.122122 -1.772448 -0.636299
 -1.240409 0.000100 0.000100 0.000100
 -1.657538 0.000100 0.000100 0.000100
 -1.504275 0.000100 0.000100 0.000100
 -1.210837 0.000100 0.000100 0.000100
 -1.104084 -1.915014 -1.515741 -1.198983
 -1.156136 -1.584897 -1.574846 -1.297215
 -1.336067 -1.554156 -1.597081 -1.129273
 -1.728878 -1.685075 -1.289180 -1.017246
 -1.335888 -1.892698 -1.527239 -0.996211
 -1.253837 -1.787476 -1.452838 -1.160579
 -1.470347 -1.492990 -1.331235 -1.268321
 -1.582574 -1.613158 -1.442289 -1.024681
 -15.625438 -1.431490 -1.871802 -0.498895
 -15.367320 -1.146344 -1.657169 -0.710242
 -15.608936 -1.228111 -1.735155 -0.633404
 -15.955577 -1.427116 -1.451931 -0.642678
 -1.386294 -1.386294 -1.386294 -1.386294
 -15.726534 -15.726534 -0.000000 -15.726534
 -15.402703 -15.402703 -0.000001 -15.402703
 -16.432177 -16.432177 -0.000000 -16.432177
 -1.386294 -1.386294 -1.386294 -1.386294
 -1.386294 -1.386294 -1.386294 -1.386294
 -17.047895 -17.047895 -0.000000 -17.047895
 -1.386294 -1.386294 -1.386294 -1.386294
 -1.386294 -1.386294 -1.386294 -1.386294
 -1.386294 -1.386294 -1.386294 -1.386294
 -17.047895 -17.047895 -17.047895 -0.000000
 -1.386294 -1.386294 -1.386294 -1.386294
 -1.386294 -1.386294 -1.386294 -1.386294
 -1.386294 -1.386294 -1.386294 -1.386294
 -1.386294 -1.386294 -1.386294 -1.386294
 -1.730531 -1.589511 -1.564677 -0.892503
 -15.317364 -1.472294 -1.194368 -0.759916
 -15.458384 -1.083257 -1.250831 -0.980185
 -15.483218 -1.762017 -1.275665 -0.599554
 -16.155392 -1.431622 -1.460254 -0.636953
 -1.386294 -1.386294 -1.386294 -1.386294
 -15.635210 -15.635210 -0.000000 -15.635210
 -15.722086 -15.722086 -0.000000 -15.722086
 -16.336428 -16.336428 -0.000000 -16.336428
 -1.386294 -1.386294 -1.386294 -1.386294
 -1.386294 -1.386294 -1.386294 -1.386294
 -17.047895 -17.047895 -17.047895 -0.000000
 -1.386294 -1.386294 -1.386294 -1.386294
 -1.386294 -1.386294 -1.386294 -1.386294
 -1.386294 -1.386294 -1.386294 -1.386294
 -1.386294 -1.386294 -1.386294 -1.386294
 -1.179543 -1.147955 -0.980040 -17.047895
 -1.364706 -1.634130 -1.426902 -1.173214
 -1.054810 -2.104631 -1.337741 -1.318961
 -1.397929 -1.505656 -1.255395 -1.402193
 -1.386294 -1.386294 -1.386294 -1.386294
 -1.077822 -1.711070 -1.608038 -1.277578
 -1.116118 -1.489007 -1.690746 -1.337608
 -1.054746 -1.557024 -1.557024 -1.468831
 -1.519412 -1.412728 -1.371906 -1.258577
 -1.155468 -1.744071 -1.550781 -1.209989
 -0.929290 -1.741389 -1.594785 -1.483081
 -1.174985 -1.236354 -1.693779 -1.528264
 -1.663090 -1.407411 -1.395290 -1.145986
 -0.814252 -1.683750 -2.030272 -1.426895
 -1.042359 -1.720238 -1.447824 -1.455546
 -1.078484 -1.583889 -1.658690 -1.330575
 -1.520242 -1.830397 -1.513598 -0.914107
