 -1.035410 0.000100 0.000100 0.000100
 -1.770057 0.000100 0.000100 0.000100
 -1.619302 0.000100 0.000100 0.000100
 -1.285332 0.000100 0.000100 0.000100
 -0.794001 -1.836654 -1.944285 -1.404342
 -0.724131 -1.880312 -2.252986 -1.356242
 -0.611984 -1.663343 -2.076529 -1.945909
 -1.435502 -1.683064 -1.628406 -0.967694
 -0.669843 -1.995671 -1.768454 -1.705442
 -0.730888 -1.742488 -1.822530 -1.704747
 -0.610704 -1.467640 -1.807507 -2.772584
 -1.381937 -1.399481 -1.229030 -1.562521
 -0.488450 -2.210365 -1.789152 -2.210365
 -0.441833 -2.136964 -2.163632 -2.085671
 -0.343994 -2.111654 -2.383587 -2.553485
 -1.108765 -1.650680 -1.274892 -1.616194
 -0.555218 -2.157853 -16.138878 -1.169636
 -0.627479 -1.932425 -14.608505 -1.135483
 -0.487296 -2.108428 -14.845132 -1.330725
 -1.304056 -1.633535 -14.557449 -0.628610
 -16.048746 -16.048746 -0.000000 -16.048746
 -14.626443 -14.626443 -0.000001 -14.626443
 -1.386294 -1.386294 -1.386294 -1.386294
 -15.562970 -15.562970 -0.000001 -15.562970
 -1.386294 -1.386294 -1.386294 -1.386294
 -1.386294 -1.386294 -1.386294 -1.386294
 -16.667372 -16.667372 -16.667372 -0.000000
 -1.386294 -1.386294 -1.386294 -1.386294
 -1.386294 -1.386294 -1.386294 -1.386294
 -1.386294 -1.386294 -1.386294 -1.386294
 -1.386294 -1.386294 -1.386294 -1.386294
 -0.516810 -4.321534 -1.873536 -1.440875
 -16.150564 -1.455426 -1.309011 -0.699947
 -12.345852 -1.526054 -0.938276 -0.938276
 -14.793839 -1.201470 -0.771313 -1.440361
 -15.226499 -1.212136 -1.561810 -0.707890
 -1.386294 -1.386294 -1.386294 -1.386294
 -15.315134 -15.315134 -0.000001 -15.315134
 -15.418931 -15.418931 -0.000001 -15.418931
 -15.878570 -15.878570 -0.000000 -15.878570
 -1.386294 -1.386294 -1.386294 -1.386294
 -1.386294 -1.386294 -1.386294 -1.386294
 -16.667372 -16.667372 -16.667372 -0.000000
 -1.386294 -1.386294 -1.386294 -1.386294
 -1.386294 -1.386294 -1.386294 -1.386294
 -1.386294 -1.386294 -1.386294 -1.386294
 -1.386294 -1.386294 -1.386294 -1.386294
 -1.017682 -1.465568 -0.897417 -16.667374
 -1.121230 -1.814377 -1.643560 -1.146046
 -0.855666 -2.380545 -2.040220 -1.042705
 -1.117198 -2.048755 -1.490711 -1.143515
 -1.386294 -1.386294 -1.386294 -1.386294
 -0.745747 -2.262093 -2.453984 -1.092023
 -0.905480 -1.609437 -2.799016 -1.094274
 -0.787856 -2.141572 -2.627078 -1.034451
 -1.591893 -2.032760 -2.162438 -0.597033
 -0.800919 -1.885832 -1.982163 -1.340901
 -1.098613 -1.791759 -2.106839 -0.971861
 -0.809320 -1.865370 -1.747587 -1.488077
 -1.711825 -1.938882 -2.157135 -0.579920
 -0.784544 -2.012232 -2.202585 -1.205757
 -1.145680 -1.757857 -2.268681 -0.901082
 -0.997260 -1.678430 -1.778513 -1.288966
 -1.725397 -2.018559 -2.266738 -0.535458
 -1.246259 0.000100 0.000100 0.000100
 -1.733319 0.000100 0.000100 0.000100
 -1.584267 0.000100 0.000100 0.000100
 -1.106767 0.000100 0.000100 0.000100
 -0.909539 -1.841971 -1.796669 -1.298521
 -0.996179 -1.683587 -1.760891 -1.297867
 -1.067071 -1.618405 -1.742414 -1.263463
 -1.711444 -1.672132 -1.508631 -0.890778
 -1.022288 -1.847889 -1.528653 -1.324889
 -1.059980 -1.661018 -1.439239 -1.485083
 -1.282943 -1.728099 -1.633817 -1.049894
 -1.699050 -1.630164 -1.206173 -1.133500
 -0.949506 -1.704501 -1.774788 -1.340613
 -1.073301 -1.598512 -1.532196 -1.427683
 -1.234853 -1.635678 -1.601545 -1.162455
 -1.606072 -1.548558 -1.431783 -1.055872
 -0.804712 -1.896029 -17.976423 -0.909763
 -0.819578 -1.474127 -17.555559 -1.107440
 -0.938650 -1.832467 -17.596741 -0.801120
 -1.307475 -1.523739 -17.957375 -0.670208
 -18.215008 -18.215008 0.000000 -18.215008
 -17.504391 -17.504391 -0.000000 -17.504391
 -1.386294 -1.386294 -1.386294 -1.386294
 -18.333052 -18.333052 0.000000 -18.333052
 -1.386294 -1.386294 -1.386294 -1.386294
 -1.386294 -1.386294 -1.386294 -1.386294
 -19.176897 -19.176897 -19.176897 0.000000
 -1.386294 -1.386294 -1.386294 -1.386294
 -1.386294 -1.386294 -1.386294 -1.386294
 -1.386294 -1.386294 -1.386294 -1.386294
 -1.386294 -1.386294 -1.386294 -1.386294
 -1.676766 -1.692199 -1.673507 -0.817985
 -17.500132 -1.522447 -1.353448 -0.647267
 -17.484697 -1.344840 -1.207890 -0.819637
 -17.503389 -1.704123 -1.548990 -0.501526
 -18.358912 -1.487044 -1.313783 -0.682882
 -1.386294 -1.386294 -1.386294 -1.386294
 -17.674765 -17.674765 0.000000 -17.674765
 -17.836746 -17.836746 0.000000 -17.836746
 -18.514353 -18.514353 0.000000 -18.514353
 -1.386294 -1.386294 -1.386294 -1.386294
 -1.386294 -1.386294 -1.386294 -1.386294
 -19.176897 -19.176897 -19.176897 0.000000
 -1.386294 -1.386294 -1.386294 -1.386294
 -1.386294 -1.386294 -1.386294 -1.386294
 -1.386294 -1.386294 -1.386294 -1.386294
 -1.386294 -1.386294 -1.386294 -1.386294
 -1.092668 -1.246749 -0.974869 -19.176897
 -1.289115 -1.726329 -1.404804 -1.200200
 -1.081128 -1.830216 -1.507513 -1.276729
 -1.265915 -1.725558 -1.473079 -1.168841
 -1.386294 -1.386294 -1.386294 -1.386294
 -0.986603 -1.822491 -1.573031 -1.354328
 -0.985545 -1.646489 -1.916488 -1.248564
 -1.086766 -1.804157 -1.811546 -1.094581
 -1.566478 -1.683885 -1.308821 -1.092339
 -1.018764 -1.756550 -1.638097 -1.302063
 -1.149552 -1.594781 -1.604083 -1.275846
 -1.299055 -1.547860 -1.722264 -1.091101
 -1.766295 -1.385522 -1.470516 -1.052584
 -1.023646 -1.813141 -1.746918 -1.193144
 -1.185054 -1.683270 -1.718835 -1.110999
 -1.102086 -1.616630 -1.655804 -1.278994
 -1.616891 -1.675847 -1.457736 -0.963453
