 -1.114231 0.000100 0.000100 0.000100
 -1.989699 0.000100 0.000100 0.000100
 -1.769226 0.000100 0.000100 0.000100
 -1.008870 0.000100 0.000100 0.000100
 -0.930277 -1.775230 -1.758969 -1.332227
 -0.747957 -2.302581 -1.832580 -1.321756
 -0.849083 -1.567547 -1.647589 -1.765372
 -1.491655 -1.817077 -1.427116 -0.987519
 -0.904610 -1.743342 -1.758380 -1.394158
 -0.693148 -1.791758 -2.101912 -1.555370
 -0.730536 -1.452669 -1.646825 -2.388760
 -1.373716 -1.411937 -1.451677 -1.313091
 -0.806290 -1.801105 -1.859092 -1.458615
 -0.620311 -2.014901 -2.371575 -1.445808
 -0.764244 -1.852383 -1.985914 -1.426300
 -1.446919 -1.429219 -1.861352 -0.994934
 -1.083639 -2.738685 -0.935878 -1.586007
 -1.042332 -2.607962 -0.792678 -2.111528
 -0.767759 -2.465483 -1.098613 -2.140063
 -2.143519 -2.032294 -0.570015 -1.680896
 -15.006399 -15.006399 -0.000001 -15.006399
 -13.764221 -13.764221 -0.000003 -13.764221
 -15.390358 -15.390358 -0.000001 -15.390358
 -14.457367 -14.457367 -0.000002 -14.457367
 -1.386294 -1.386294 -1.386294 -1.386294
 -1.386294 -1.386294 -1.386294 -1.386294
 -16.210674 -16.210674 -16.210674 -0.000000
 -1.386294 -1.386294 -1.386294 -1.386294
 -1.386294 -1.386294 -1.386294 -1.386294
 -1.386294 -1.386294 -1.386294 -1.386294
 -1.386294 -1.386294 -1.386294 -1.386294
 -16.210676 -16.210676 -0.000000 -16.210676
 -1.386294 -1.386294 -1.386294 -1.386294
 -1.386294 -1.386294 -1.386294 -1.386294
 -0.000000 -16.210676 -16.210676 -16.210676
 -1.386294 -1.386294 -1.386294 -1.386294
 -16.210676 -16.210676 -0.000000 -16.210676
 -1.386294 -1.386294 -1.386294 -1.386294
 -1.386294 -1.386294 -1.386294 -1.386294
 -1.386294 -1.386294 -1.386294 -1.386294
 -1.386294 -1.386294 -1.386294 -1.386294
 -1.386294 -1.386294 -1.386294 -1.386294
 -16.210674 -16.210674 -16.210674 -0.000000
 -1.386294 -1.386294 -1.386294 -1.386294
 -1.386294 -1.386294 -1.386294 -1.386294
 -1.386294 -1.386294 -1.386294 -1.386294
 -1.386294 -1.386294 -1.386294 -1.386294
 -0.000000 -16.210676 -16.210676 -16.210676
 -1.060163 -1.829850 -1.474882 -1.330454
 -1.386294 -1.386294 -1.386294 -1.386294
 -1.386294 -1.386294 -1.386294 -1.386294
 -1.386294 -1.386294 -1.386294 -1.386294
 -0.476340 -1.509354 -1.845826 -15.150513
 -0.443098 -1.456912 -2.079439 -14.380827
 -0.657919 -1.320760 -1.536469 -14.735795
 -0.613636 -1.365816 -1.592343 -14.880222
 -0.991367 -1.850028 -2.012547 -1.084561
 -1.083687 -2.086987 -2.287657 -0.829907
 -0.784364 -1.807263 -1.466337 -1.905702
 -1.386294 -1.386294 -1.386294 -1.386294
 -0.874987 -1.985226 -1.765598 -1.292080
 -0.978812 -2.161504 -2.110211 -0.947063
 -1.085955 -1.724040 -1.920750 -1.085955
 -1.431757 -1.954278 -2.197223 -0.676618
 -1.183278 0.000100 0.000100 0.000100
 -1.710298 0.000100 0.000100 0.000100
 -1.730917 0.000100 0.000100 0.000100
 -1.091260 0.000100 0.000100 0.000100
 -0.984855 -1.779781 -1.474401 -1.474401
 -1.119233 -1.589233 -1.945904 -1.119233
 -1.473305 -1.568614 -1.306252 -1.232145
 -1.178656 -2.025949 -1.466337 -1.109663
 -1.235472 -1.815287 -1.158511 -1.458615
 -0.995431 -2.219192 -1.263693 -1.430746
 -0.916293 -1.696447 -1.897115 -1.321756
 -1.536234 -1.596858 -1.536234 -1.002154
 -1.283347 -1.474401 -1.646250 -1.199966
 -1.631414 -2.036874 -1.749196 -0.693152
 -1.417066 -1.356442 -1.992425 -1.011603
 -1.386294 -1.335001 -1.845824 -1.111859
 -1.069200 -1.639742 -1.806794 -1.208961
 -1.131404 -1.488076 -2.181216 -1.082614
 -1.241714 -1.860747 -1.408767 -1.167607
 -1.578978 -2.009758 -1.483668 -0.837043
 -13.541079 -13.541079 -0.000004 -13.541079
 -13.060496 -13.060496 -0.000006 -13.060496
 -13.142174 -13.142174 -0.000006 -13.142174
 -13.785055 -13.785055 -0.000003 -13.785055
 -1.386294 -1.386294 -1.386294 -1.386294
 -1.386294 -1.386294 -1.386294 -1.386294
 -14.812461 -14.812461 -14.812461 -0.000001
 -1.386294 -1.386294 -1.386294 -1.386294
 -1.386294 -1.386294 -1.386294 -1.386294
 -1.386294 -1.386294 -1.386294 -1.386294
 -1.386294 -1.386294 -1.386294 -1.386294
 -14.812461 -14.812461 -0.000001 -14.812461
 -1.386294 -1.386294 -1.386294 -1.386294
 -1.386294 -1.386294 -1.386294 -1.386294
 -0.000001 -14.812461 -14.812461 -14.812461
 -1.386294 -1.386294 -1.386294 -1.386294
 -14.812461 -14.812461 -0.000001 -14.812461
 -1.386294 -1.386294 -1.386294 -1.386294
 -1.386294 -1.386294 -1.386294 -1.386294
 -1.386294 -1.386294 -1.386294 -1.386294
 -1.386294 -1.386294 -1.386294 -1.386294
 -1.386294 -1.386294 -1.386294 -1.386294
 -14.812461 -14.812461 -14.812461 -0.000001
 -1.386294 -1.386294 -1.386294 -1.386294
 -1.386294 -1.386294 -1.386294 -1.386294
 -1.386294 -1.386294 -1.386294 -1.386294
 -1.386294 -1.386294 -1.386294 -1.386294
 -0.000001 -14.812461 -14.812461 -14.812461
 -1.258314 -1.412464 -1.991200 -1.091260
 -1.386294 -1.386294 -1.386294 -1.386294
 -1.386294 -1.386294 -1.386294 -1.386294
 -1.386294 -1.386294 -1.386294 -1.386294
 -0.760289 -1.252764 -1.399366 -13.554151
 -0.634310 -1.624704 -1.299284 -13.400002
 -0.838334 -1.413693 -1.126014 -12.821269
 -1.143565 -0.899943 -1.291984 -13.721204
 -0.861771 -2.188637 -2.114529 -1.064712
 -1.303407 -1.504077 -1.621859 -1.175574
 -1.413693 -1.308333 -1.359626 -1.470851
 -1.386294 -1.386294 -1.386294 -1.386294
 -0.905119 -1.923684 -1.492904 -1.492904
 -1.041456 -2.545514 -1.041456 -1.533929
 -1.001451 -1.945904 -2.793183 -0.847301
 -1.410987 -1.362197 -1.921809 -1.039425
