 -1.086582 0.000100 0.000100 0.000100
 -1.863891 0.000100 0.000100 0.000100
 -1.779729 0.000100 0.000100 0.000100
 -1.082108 0.000100 0.000100 0.000100
 -1.012723 -1.989444 -1.756513 -1.116713
 -0.769134 -1.712091 -2.104132 -1.451809
 -0.874573 -1.823652 -1.693599 -1.436880
 -1.698074 -1.509673 -1.460402 -1.011043
 -1.163151 -1.625774 -1.764360 -1.141172
 -1.120306 -1.462054 -1.813451 -1.276651
 -0.713599 -1.520404 -1.771718 -2.108189
 -1.401037 -1.451809 -1.527521 -1.195876
 -0.929074 -1.676288 -2.357164 -1.129096
 -0.610182 -1.859763 -2.447548 -1.539292
 -0.792582 -1.686398 -2.234963 -1.365927
 -1.800198 -1.345136 -1.800198 -0.894130
 -15.418931 -15.418931 -0.000001 -15.418931
 -14.786291 -14.786291 -0.000001 -14.786291
 -14.227623 -14.227623 -0.000002 -14.227623
 -15.226499 -15.226499 -0.000001 -15.226499
 -1.386294 -1.386294 -1.386294 -1.386294
 -1.386294 -1.386294 -1.386294 -1.386294
 -16.397242 -16.397242 -0.000000 -16.397242
 -1.386294 -1.386294 -1.386294 -1.386294
 -1.386294 -1.386294 -1.386294 -1.386294
 -1.386294 -1.386294 -1.386294 -1.386294
 -16.397242 -16.397242 -16.397242 -0.000000
 -1.386294 -1.386294 -1.386294 -1.386294
 -1.386294 -1.386294 -1.386294 -1.386294
 -1.386294 -1.386294 -1.386294 -1.386294
 -1.386294 -1.386294 -1.386294 -1.386294
 -0.000000 -16.397242 -16.397242 -16.397242
 -0.000000 -16.397242 -16.397242 -16.397242
 -1.386294 -1.386294 -1.386294 -1.386294
 -1.386294 -1.386294 -1.386294 -1.386294
 -1.386294 -1.386294 -1.386294 -1.386294
 -16.397242 -16.397242 -0.000000 -16.397242
 -1.386294 -1.386294 -1.386294 -1.386294
 -1.386294 -1.386294 -1.386294 -1.386294
 -1.386294 -1.386294 -1.386294 -1.386294
 -1.386294 -1.386294 -1.386294 -1.386294
 -1.386294 -1.386294 -1.386294 -1.386294
 -0.000000 -16.397242 -16.397242 -16.397242
 -1.386294 -1.386294 -1.386294 -1.386294
 -1.032043 -2.407777 -2.010751 -0.867933
 -1.386294 -1.386294 -1.386294 -1.386294
 -1.386294 -1.386294 -1.386294 -1.386294
 -1.386294 -1.386294 -1.386294 -1.386294
 -0.984374 -2.203613 -3.159122 -0.747687
 -1.090245 -1.945908 -3.169669 -0.736074
 -1.538563 -1.679641 -3.096698 -0.591183
 -1.609438 -2.951669 -3.610912 -0.327504
 -15.110239 -15.110239 -15.110239 -0.000001
 -14.085541 -14.085541 -14.085541 -0.000002
 -13.081550 -13.081550 -13.081550 -0.000006
 -15.867067 -15.867067 -15.867067 -0.000000
 -1.386294 -1.386294 -1.386294 -1.386294
 -1.386294 -1.386294 -1.386294 -1.386294
 -1.386294 -1.386294 -1.386294 -1.386294
 -1.592190 -2.169621 -2.045237 -0.592488
 -1.051417 -2.375833 -1.857041 -0.912581
 -0.768786 -2.126905 -2.021545 -1.256080
 -0.952010 -2.006167 -1.530745 -1.335001
 -1.610807 -1.979293 -1.681758 -0.742211
 -1.201267 0.000100 0.000100 0.000100
 -1.767660 0.000100 0.000100 0.000100
 -1.634130 0.000100 0.000100 0.000100
 -1.098613 0.000100 0.000100 0.000100
 -0.838334 -2.917731 -1.308334 -1.413693
 -0.847306 -3.044441 -1.945896 -0.965087
 -1.098616 -2.079425 -2.484873 -0.780166
 -1.921806 -2.614936 -1.516346 -0.578083
 -0.830353 -2.277252 -1.584118 -1.360977
 -1.504072 -1.098623 -2.197169 -1.098623
 -2.079425 -1.232146 -2.079425 -0.780166
 -2.833188 -1.446918 -2.322376 -0.497843
 -1.609434 -1.021656 -1.427116 -1.609434
 -1.312187 -2.159466 -2.564915 -0.619047
 -0.887312 -2.140040 -1.734591 -1.223779
 -2.061416 -2.215564 -1.299284 -0.711500
 -12.468452 -12.468452 -0.000012 -12.468452
 -12.206093 -12.206093 -0.000015 -12.206093
 -12.468452 -12.468452 -0.000012 -12.468452
 -13.142174 -13.142174 -0.000006 -13.142174
 -1.386294 -1.386294 -1.386294 -1.386294
 -1.386294 -1.386294 -1.386294 -1.386294
 -14.022528 -14.022528 -0.000002 -14.022528
 -1.386294 -1.386294 -1.386294 -1.386294
 -1.386294 -1.386294 -1.386294 -1.386294
 -1.386294 -1.386294 -1.386294 -1.386294
 -14.022528 -14.022528 -14.022528 -0.000002
 -1.386294 -1.386294 -1.386294 -1.386294
 -1.386294 -1.386294 -1.386294 -1.386294
 -1.386294 -1.386294 -1.386294 -1.386294
 -1.386294 -1.386294 -1.386294 -1.386294
 -0.000002 -14.022528 -14.022528 -14.022528
 -0.000002 -14.022528 -14.022528 -14.022528
 -1.386294 -1.386294 -1.386294 -1.386294
 -1.386294 -1.386294 -1.386294 -1.386294
 -1.386294 -1.386294 -1.386294 -1.386294
 -14.022528 -14.022528 -0.000002 -14.022528
 -1.386294 -1.386294 -1.386294 -1.386294
 -1.386294 -1.386294 -1.386294 -1.386294
 -1.386294 -1.386294 -1.386294 -1.386294
 -1.386294 -1.386294 -1.386294 -1.386294
 -1.386294 -1.386294 -1.386294 -1.386294
 -0.000002 -14.022528 -14.022528 -14.022528
 -1.386294 -1.386294 -1.386294 -1.386294
 -1.123306 -1.816450 -1.285824 -1.444888
 -1.386294 -1.386294 -1.386294 -1.386294
 -1.386294 -1.386294 -1.386294 -1.386294
 -1.386294 -1.386294 -1.386294 -1.386294
 -0.744445 -3.688789 -1.609435 -1.203974
 -2.302555 -12.206093 -1.609433 -0.356688
 -1.223777 -1.446918 -1.916914 -1.128468
 -2.268664 -2.268664 -1.287856 -0.659253
 -12.736712 -12.736712 -12.736712 -0.000009
 -11.695280 -11.695280 -11.695280 -0.000025
 -12.429233 -12.429233 -12.429233 -0.000012
 -13.161592 -13.161592 -13.161592 -0.000006
 -1.386294 -1.386294 -1.386294 -1.386294
 -1.386294 -1.386294 -1.386294 -1.386294
 -1.386294 -1.386294 -1.386294 -1.386294
 -1.634130 -1.676689 -1.410987 -0.983544
 -1.232146 -2.079425 -1.386294 -1.098616
 -1.189587 -1.526054 -1.189587 -1.749192
 -1.791753 -2.014891 -0.628616 -1.791753
 -2.730005 -2.730005 -1.430746 -0.461351
