 -1.052751 0.000100 0.000100 0.000100
 -1.758857 0.000100 0.000100 0.000100
 -2.045573 0.000100 0.000100 0.000100
 -1.051321 0.000100 0.000100 0.000100
 -0.907744 -1.895690 -1.666849 -1.356694
 -0.628609 -1.911718 -1.783101 -1.892300
 -0.681631 -1.397945 -1.795627 -2.512302
 -1.691268 -1.623827 -1.445135 -0.960094
 -0.800653 -1.351108 -1.524955 -2.598565
 -0.660178 -1.461692 -1.576468 -3.107939
 -0.703249 -1.313623 -1.453852 -5.986353
 -1.443566 -0.987892 -1.131786 -2.672229
 -0.000000 -15.932971 -15.932971 -15.932971
 -0.000001 -15.559481 -15.559481 -15.559481
 -0.000001 -15.410851 -15.410851 -15.410851
 -0.000003 -13.883173 -13.883173 -13.883173
 -16.812742 -16.812742 -0.000000 -16.812742
 -1.386294 -1.386294 -1.386294 -1.386294
 -1.386294 -1.386294 -1.386294 -1.386294
 -1.386294 -1.386294 -1.386294 -1.386294
 -1.386294 -1.386294 -1.386294 -1.386294
 -1.386294 -1.386294 -1.386294 -1.386294
 -16.812742 -16.812742 -0.000000 -16.812742
 -1.386294 -1.386294 -1.386294 -1.386294
 -1.386294 -1.386294 -1.386294 -1.386294
 -1.386294 -1.386294 -1.386294 -1.386294
 -16.812742 -16.812742 -16.812742 -0.000000
 -1.386294 -1.386294 -1.386294 -1.386294
 -1.386294 -1.386294 -1.386294 -1.386294
 -1.386294 -1.386294 -1.386294 -1.386294
 -1.386294 -1.386294 -1.386294 -1.386294
 -16.812742 -3.220374 -1.322006 -0.366062
 -1.386294 -1.386294 -1.386294 -1.386294
 -13.592372 -1.163152 -1.491654 -0.771111
 -15.490737 -1.509711 -0.603643 -1.460114
 -16.446680 -1.829167 -1.468018 -0.495820
 -1.386294 -1.386294 -1.386294 -1.386294
 -15.112975 -15.112975 -0.000001 -15.112975
 -15.656061 -15.656061 -0.000000 -15.656061
 -16.125072 -16.125072 -0.000000 -16.125072
 -1.386294 -1.386294 -1.386294 -1.386294
 -1.386294 -1.386294 -1.386294 -1.386294
 -0.658314 -1.466836 -1.379825 -16.812742
 -1.386294 -1.386294 -1.386294 -1.386294
 -0.737511 -2.338916 -2.061285 -1.210746
 -1.017571 -2.128231 -1.887069 -0.999767
 -0.793231 -2.145038 -1.700787 -1.394262
 -1.386294 -1.386294 -1.386294 -1.386294
 -0.742611 -2.303707 -2.091864 -1.201357
 -1.048488 -2.230479 -2.147098 -0.855117
 -0.847298 -1.771556 -1.694595 -1.524696
 -1.599553 -2.229186 -2.140893 -0.557136
 -0.946184 -2.311999 -2.185248 -0.915622
 -1.081145 -2.380424 -1.869601 -0.881656
 -0.773191 -1.799481 -1.628856 -1.732040
 -1.793060 -2.455435 -2.288381 -0.436501
 -0.884288 -2.231967 -2.144955 -1.014451
 -1.069625 -2.140064 -1.762771 -1.000633
 -0.849990 -1.875842 -1.824548 -1.354546
 -1.760211 -2.352978 -2.168786 -0.480313
 -0.876485 -2.356463 -1.870956 -1.093549
 -0.961057 -2.288852 -1.824548 -1.036093
 -0.972987 -2.010972 -1.753144 -1.155308
 -1.765539 -2.261975 -2.042922 -0.519007
 -1.241386 0.000100 0.000100 0.000100
 -1.827365 0.000100 0.000100 0.000100
 -1.662815 0.000100 0.000100 0.000100
 -1.020054 0.000100 0.000100 0.000100
 -0.938018 -1.807723 -1.342039 -1.696861
 -1.005522 -1.655184 -1.346449 -1.698669
 -1.116004 -1.908680 -1.181245 -1.526746
 -1.943194 -1.445107 -1.418540 -0.970308
 -0.856878 -1.679330 -1.531333 -1.755800
 -1.043736 -1.259624 -1.535330 -1.905703
 -1.009427 -1.583654 -1.442575 -1.639743
 -1.796797 -0.898856 -1.649161 -1.448491
 -0.000000 -16.120094 -16.120094 -16.120094
 -0.000000 -15.917203 -15.917203 -15.917203
 -0.000001 -15.699546 -15.699546 -15.699546
 -0.000001 -15.575092 -15.575092 -15.575092
 -17.236183 -17.236183 -0.000000 -17.236183
 -1.386294 -1.386294 -1.386294 -1.386294
 -1.386294 -1.386294 -1.386294 -1.386294
 -1.386294 -1.386294 -1.386294 -1.386294
 -1.386294 -1.386294 -1.386294 -1.386294
 -1.386294 -1.386294 -1.386294 -1.386294
 -17.236183 -17.236183 -0.000000 -17.236183
 -1.386294 -1.386294 -1.386294 -1.386294
 -1.386294 -1.386294 -1.386294 -1.386294
 -1.386294 -1.386294 -1.386294 -1.386294
 -17.236183 -17.236183 -17.236183 -0.000000
 -1.386294 -1.386294 -1.386294 -1.386294
 -1.386294 -1.386294 -1.386294 -1.386294
 -1.386294 -1.386294 -1.386294 -1.386294
 -1.386294 -1.386294 -1.386294 -1.386294
 -17.236183 -1.523053 -1.173601 -0.749287
 -1.386294 -1.386294 -1.386294 -1.386294
 -15.713131 -1.304293 -1.026327 -0.993402
 -16.062584 -1.445071 -1.463171 -0.629667
 -16.486897 -1.357663 -1.215100 -0.807306
 -1.386294 -1.386294 -1.386294 -1.386294
 -15.864493 -15.864493 -0.000000 -15.864493
 -15.998186 -15.998186 -0.000000 -15.998186
 -16.451708 -16.451708 -0.000000 -16.451708
 -1.386294 -1.386294 -1.386294 -1.386294
 -1.386294 -1.386294 -1.386294 -1.386294
 -0.832909 -1.186367 -1.347501 -17.236183
 -1.386294 -1.386294 -1.386294 -1.386294
 -0.964423 -1.894617 -1.424613 -1.479201
 -1.166153 -1.587203 -1.298213 -1.556273
 -1.091094 -1.674396 -1.530848 -1.345623
 -1.386294 -1.386294 -1.386294 -1.386294
 -0.920997 -1.889325 -1.572567 -1.413902
 -1.076634 -1.609438 -1.600221 -1.357095
 -1.090612 -1.278527 -1.540891 -1.764035
 -1.584297 -1.362534 -1.443037 -1.195055
 -0.935397 -1.861891 -1.545771 -1.431108
 -1.242181 -1.247458 -1.685184 -1.432959
 -1.049605 -1.553210 -1.643497 -1.406280
 -1.519054 -1.494662 -1.441864 -1.138590
 -0.967261 -1.735968 -1.690506 -1.350073
 -1.115680 -1.640690 -1.609438 -1.278475
 -1.092362 -1.583141 -1.461126 -1.481604
 -1.525050 -1.628486 -1.410484 -1.072540
 -1.023255 -1.600212 -1.595123 -1.444604
 -1.124588 -1.717651 -1.496414 -1.302708
 -0.962592 -1.597242 -1.700921 -1.456164
 -1.709459 -1.575928 -1.709459 -0.841050
