 -1.093907 0.000100 0.000100 0.000100
 -1.798069 0.000100 0.000100 0.000100
 -1.754718 0.000100 0.000100 0.000100
 -1.119264 0.000100 0.000100 0.000100
 -0.938444 -2.065455 -1.815513 -1.141785
 -0.821269 -2.066861 -1.644868 -1.425009
 -0.815486 -1.791759 -1.756041 -1.522426
 -1.507293 -1.672372 -1.478719 -1.014012
 -0.958786 -1.621396 -1.732622 -1.417995
 -0.745699 -1.505785 -1.942502 -1.830024
 -0.693148 -1.442806 -1.836710 -2.259566
 -1.206282 -1.515387 -1.342294 -1.515387
 -0.685200 -2.017566 -2.253288 -1.354878
 -0.383804 -2.257392 -2.522084 -2.011259
 -0.538225 -1.962258 -2.447765 -1.665007
 -1.650260 -1.570217 -1.866482 -0.808933
 -16.063641 -16.063641 -0.000000 -16.063641
 -14.819814 -14.819814 -0.000001 -14.819814
 -14.518610 -14.518610 -0.000002 -14.518610
 -15.396550 -15.396550 -0.000001 -15.396550
 -1.386294 -1.386294 -1.386294 -1.386294
 -1.386294 -1.386294 -1.386294 -1.386294
 -16.764151 -16.764151 -0.000000 -16.764151
 -1.386294 -1.386294 -1.386294 -1.386294
 -1.386294 -1.386294 -1.386294 -1.386294
 -1.386294 -1.386294 -1.386294 -1.386294
 -16.764151 -16.764151 -16.764151 -0.000000
 -1.386294 -1.386294 -1.386294 -1.386294
 -1.386294 -1.386294 -1.386294 -1.386294
 -1.386294 -1.386294 -1.386294 -1.386294
 -1.386294 -1.386294 -1.386294 -1.386294
 -0.562634 -4.221603 -1.079920 -2.577077
 -0.000000 -16.201517 -16.201517 -16.201517
 -0.000011 -12.542559 -12.542559 -12.542559
 -0.000001 -15.684232 -15.684232 -15.684232
 -0.000002 -14.187077 -14.187077 -14.187077
 -16.764151 -16.764151 -0.000000 -16.764151
 -1.386294 -1.386294 -1.386294 -1.386294
 -1.386294 -1.386294 -1.386294 -1.386294
 -1.386294 -1.386294 -1.386294 -1.386294
 -1.386294 -1.386294 -1.386294 -1.386294
 -1.386294 -1.386294 -1.386294 -1.386294
 -16.764151 -16.764151 -0.000000 -16.764151
 -1.386294 -1.386294 -1.386294 -1.386294
 -1.386294 -1.386294 -1.386294 -1.386294
 -1.386294 -1.386294 -1.386294 -1.386294
 -0.864212 -1.937040 -1.597973 -1.460241
 -1.386294 -1.386294 -1.386294 -1.386294
 -0.831666 -2.700614 -1.776944 -1.113650
 -1.174120 -2.438715 -1.810108 -0.820981
 -0.820039 -2.588539 -1.456028 -1.381126
 -2.104585 -2.761363 -2.086236 -0.369985
 -0.863103 -2.729522 -1.728549 -1.092561
 -1.349927 -2.197221 -2.340321 -0.628610
 -0.982877 -2.002707 -1.597242 -1.243603
 -1.865477 -2.250657 -2.215150 -0.460908
 -0.880148 -2.018499 -1.991831 -1.152081
 -1.109483 -1.888150 -2.084859 -0.929897
 -0.969079 -2.004320 -1.690663 -1.199256
 -1.773822 -2.169336 -2.353640 -0.476359
 -1.014794 -1.830761 -1.842190 -1.143313
 -0.941503 -1.847210 -1.929448 -1.180732
 -1.005239 -1.933224 -1.285198 -1.547562
 -1.772690 -1.987534 -1.892976 -0.611625
 -1.214145 0.000100 0.000100 0.000100
 -1.848360 0.000100 0.000100 0.000100
 -1.637338 0.000100 0.000100 0.000100
 -1.046845 0.000100 0.000100 0.000100
 -1.141033 -1.939540 -1.327363 -1.303552
 -1.305326 -2.020943 -1.160745 -1.261840
 -1.088904 -1.990804 -1.279959 -1.391184
 -1.835965 -1.819158 -1.482686 -0.795510
 -1.076873 -1.802809 -1.677646 -1.178655
 -1.193278 -1.952381 -1.711220 -0.982983
 -1.250953 -1.631416 -1.316336 -1.386294
 -1.314638 -1.747059 -1.763588 -0.952659
 -1.315387 -1.939540 -1.483523 -1.018816
 -1.648658 -1.291984 -1.985129 -0.927341
 -1.410048 -1.960093 -1.353959 -1.030559
 -1.895194 -1.612332 -1.427598 -0.890612
 -14.617514 -14.617514 -0.000001 -14.617514
 -14.478201 -14.478201 -0.000002 -14.478201
 -14.665663 -14.665663 -0.000001 -14.665663
 -15.209278 -15.209278 -0.000001 -15.209278
 -1.386294 -1.386294 -1.386294 -1.386294
 -1.386294 -1.386294 -1.386294 -1.386294
 -16.170689 -16.170689 -0.000000 -16.170689
 -1.386294 -1.386294 -1.386294 -1.386294
 -1.386294 -1.386294 -1.386294 -1.386294
 -1.386294 -1.386294 -1.386294 -1.386294
 -16.170689 -16.170689 -16.170689 -0.000000
 -1.386294 -1.386294 -1.386294 -1.386294
 -1.386294 -1.386294 -1.386294 -1.386294
 -1.386294 -1.386294 -1.386294 -1.386294
 -1.386294 -1.386294 -1.386294 -1.386294
 -1.891443 -1.236763 -1.204606 -1.350876
 -0.000002 -14.279247 -14.279247 -14.279247
 -0.000001 -14.933927 -14.933927 -14.933927
 -0.000001 -14.966084 -14.966084 -14.966084
 -0.000001 -14.819814 -14.819814 -14.819814
 -16.170689 -16.170689 -0.000000 -16.170689
 -1.386294 -1.386294 -1.386294 -1.386294
 -1.386294 -1.386294 -1.386294 -1.386294
 -1.386294 -1.386294 -1.386294 -1.386294
 -1.386294 -1.386294 -1.386294 -1.386294
 -1.386294 -1.386294 -1.386294 -1.386294
 -16.170689 -16.170689 -0.000000 -16.170689
 -1.386294 -1.386294 -1.386294 -1.386294
 -1.386294 -1.386294 -1.386294 -1.386294
 -1.386294 -1.386294 -1.386294 -1.386294
 -1.088230 -1.411272 -1.734601 -1.415170
 -1.386294 -1.386294 -1.386294 -1.386294
 -0.989316 -2.065454 -1.609438 -1.199289
 -1.405941 -1.811406 -2.115087 -0.753286
 -0.935288 -2.134702 -1.464546 -1.354546
 -1.418043 -2.212971 -1.227690 -1.034318
 -1.062895 -1.655958 -1.495027 -1.429645
 -1.182312 -2.086765 -1.309063 -1.206409
 -1.089563 -1.810108 -1.282754 -1.501807
 -1.474545 -1.574628 -1.700669 -0.963720
 -0.995803 -2.011722 -1.272056 -1.529885
 -0.900787 -1.702147 -1.673976 -1.496295
 -1.107016 -1.787583 -1.365590 -1.398926
 -1.069903 -1.801515 -1.782097 -1.128171
 -1.141746 -1.703429 -1.237056 -1.568088
 -0.980830 -2.079439 -1.756667 -1.116631
 -0.957201 -1.596859 -1.779180 -1.407617
 -1.814232 -1.471287 -1.455287 -0.983302
