 -1.039253 0.000100 0.000100 0.000100
 -1.840880 0.000100 0.000100 0.000100
 -1.700213 0.000100 0.000100 0.000100
 -1.187579 0.000100 0.000100 0.000100
 -0.806850 -1.677096 -2.051789 -1.434150
 -0.850777 -1.646577 -2.367120 -1.250162
 -0.644573 -1.409179 -2.402427 -1.964174
 -1.479980 -1.410987 -1.921812 -0.962037
 -0.725374 -1.764646 -1.855030 -1.670459
 -0.681719 -1.594228 -1.953601 -1.900958
 -0.479575 -1.623136 -1.945908 -3.198659
 -1.200938 -1.200938 -1.606403 -1.621670
 -0.702263 -1.823098 -1.811925 -1.716615
 -0.512100 -1.930757 -2.012995 -2.102607
 -0.353794 -2.069389 -2.580212 -2.343825
 -1.232862 -1.509115 -1.464663 -1.361479
 -0.799040 -1.855979 -15.651287 -0.931558
 -0.756327 -2.020016 -14.488457 -0.921407
 -0.620578 -1.760010 -14.436090 -1.236763
 -1.519115 -1.614425 -14.513647 -0.541132
 -15.460317 -15.460317 -0.000001 -15.460317
 -14.488457 -14.488457 -0.000002 -14.488457
 -1.386294 -1.386294 -1.386294 -1.386294
 -15.416917 -15.416917 -0.000001 -15.416917
 -1.386294 -1.386294 -1.386294 -1.386294
 -1.386294 -1.386294 -1.386294 -1.386294
 -16.308716 -16.308716 -16.308716 -0.000000
 -1.386294 -1.386294 -1.386294 -1.386294
 -1.386294 -1.386294 -1.386294 -1.386294
 -1.386294 -1.386294 -1.386294 -1.386294
 -1.386294 -1.386294 -1.386294 -1.386294
 -0.000000 -16.308716 -16.308716 -16.308716
 -0.000000 -16.308716 -16.308716 -16.308716
 -1.386294 -1.386294 -1.386294 -1.386294
 -1.386294 -1.386294 -1.386294 -1.386294
 -1.386294 -1.386294 -1.386294 -1.386294
 -16.308716 -16.308716 -0.000000 -16.308716
 -1.386294 -1.386294 -1.386294 -1.386294
 -1.386294 -1.386294 -1.386294 -1.386294
 -1.386294 -1.386294 -1.386294 -1.386294
 -1.386294 -1.386294 -1.386294 -1.386294
 -1.386294 -1.386294 -1.386294 -1.386294
 -0.000000 -16.308716 -16.308716 -16.308716
 -1.386294 -1.386294 -1.386294 -1.386294
 -0.897867 -2.054950 -2.238563 -1.027638
 -1.386294 -1.386294 -1.386294 -1.386294
 -1.386294 -1.386294 -1.386294 -1.386294
 -1.386294 -1.386294 -1.386294 -1.386294
 -0.749471 -2.193175 -2.393845 -1.125336
 -0.949081 -1.907929 -2.047690 -1.092182
 -0.569355 -1.915371 -2.374901 -1.640936
 -1.291614 -1.866045 -2.669538 -0.690841
 -0.460564 -1.492801 -1.935653 -15.394490
 -0.567268 -1.293204 -1.841769 -14.310209
 -0.453323 -1.581786 -1.839613 -13.883173
 -0.645827 -1.417617 -1.454658 -15.328439
 -1.061030 -1.779074 -2.515145 -0.905709
 -0.983163 -2.360153 -2.222003 -0.860202
 -1.112406 -1.833723 -2.253575 -0.900436
 -1.386294 -1.386294 -1.386294 -1.386294
 -0.865589 -2.135348 -2.077079 -1.091545
 -0.921832 -1.764509 -2.365280 -1.087624
 -0.880890 -2.070469 -1.819157 -1.213023
 -1.344745 -2.045674 -2.077423 -0.723919
 -1.094274 0.000100 0.000100 0.000100
 -1.911719 0.000100 0.000100 0.000100
 -1.738543 0.000100 0.000100 0.000100
 -1.074071 0.000100 0.000100 0.000100
 -0.914437 -1.945910 -1.801079 -1.233470
 -0.928976 -1.540445 -1.808708 -1.483286
 -1.070736 -2.090097 -1.620095 -1.091570
 -1.253673 -1.821281 -1.609438 -1.042060
 -0.661731 -1.965606 -2.030988 -1.547562
 -1.086778 -1.597603 -1.522096 -1.418555
 -0.863299 -1.812378 -1.833431 -1.366092
 -1.190728 -1.980501 -1.560647 -1.055553
 -1.362051 -1.456164 -1.743846 -1.090973
 -1.319734 -1.558144 -1.725198 -1.066738
 -1.320867 -1.418847 -1.900684 -1.074007
 -1.657066 -1.438812 -1.707076 -0.939822
 -0.682943 -2.181956 -15.176488 -0.962201
 -1.049059 -1.661576 -15.134597 -0.776762
 -0.791340 -1.843431 -14.837963 -0.945490
 -1.444282 -1.393362 -15.552463 -0.661949
 -15.587068 -15.587068 -0.000001 -15.587068
 -14.914124 -14.914124 -0.000001 -14.914124
 -1.386294 -1.386294 -1.386294 -1.386294
 -15.792366 -15.792366 -0.000000 -15.792366
 -1.386294 -1.386294 -1.386294 -1.386294
 -1.386294 -1.386294 -1.386294 -1.386294
 -16.594330 -16.594330 -16.594330 -0.000000
 -1.386294 -1.386294 -1.386294 -1.386294
 -1.386294 -1.386294 -1.386294 -1.386294
 -1.386294 -1.386294 -1.386294 -1.386294
 -1.386294 -1.386294 -1.386294 -1.386294
 -0.000000 -16.594330 -16.594330 -16.594330
 -0.000000 -16.594330 -16.594330 -16.594330
 -1.386294 -1.386294 -1.386294 -1.386294
 -1.386294 -1.386294 -1.386294 -1.386294
 -1.386294 -1.386294 -1.386294 -1.386294
 -16.594330 -16.594330 -0.000000 -16.594330
 -1.386294 -1.386294 -1.386294 -1.386294
 -1.386294 -1.386294 -1.386294 -1.386294
 -1.386294 -1.386294 -1.386294 -1.386294
 -1.386294 -1.386294 -1.386294 -1.386294
 -1.386294 -1.386294 -1.386294 -1.386294
 -0.000000 -16.594330 -16.594330 -16.594330
 -1.386294 -1.386294 -1.386294 -1.386294
 -0.778692 -1.990362 -1.763589 -1.457063
 -1.386294 -1.386294 -1.386294 -1.386294
 -1.386294 -1.386294 -1.386294 -1.386294
 -1.386294 -1.386294 -1.386294 -1.386294
 -0.846396 -1.801277 -1.536394 -1.656538
 -1.076140 -1.730065 -2.026330 -1.049823
 -0.910871 -1.882730 -1.813738 -1.263692
 -1.636466 -1.508085 -1.692819 -0.916291
 -0.472786 -1.602517 -1.740987 -15.566449
 -0.619040 -1.273965 -1.704747 -14.866334
 -0.775954 -1.366621 -1.256080 -14.920769
 -0.853295 -1.427490 -1.096373 -15.310660
 -0.898050 -1.787020 -1.999581 -1.238612
 -1.144381 -1.797036 -1.677491 -1.111858
 -1.048351 -1.817870 -1.741497 -1.165215
 -1.386294 -1.386294 -1.386294 -1.386294
 -1.021651 -1.931021 -1.506580 -1.297063
 -1.033372 -1.803058 -1.826048 -1.144598
 -0.958679 -1.772189 -1.621366 -1.390255
 -1.550014 -1.550014 -1.672617 -0.947382
