 -1.169181 0.000100 0.000100 0.000100
 -1.993098 0.000100 0.000100 0.000100
 -1.558646 0.000100 0.000100 0.000100
 -1.070943 0.000100 0.000100 0.000100
 -1.027043 -1.729239 -1.729239 -1.247936
 -0.818312 -2.022280 -2.079439 -1.199083
 -0.741938 -1.850599 -2.302582 -1.321756
 -1.586315 -1.707676 -1.600704 -0.886051
 -1.036092 -2.118309 -1.569202 -1.149752
 -0.819900 -1.945908 -2.032919 -1.252763
 -0.656781 -1.653608 -1.504077 -2.689694
 -1.527280 -1.877936 -1.433251 -0.937930
 -0.881200 -2.096732 -1.683545 -1.283222
 -0.976274 -1.764729 -1.582409 -1.400088
 -0.778843 -1.749199 -2.288193 -1.325386
 -1.880312 -1.482283 -1.755149 -0.804174
 -0.693148 -2.461648 -2.165383 -1.203973
 -0.893169 -2.743762 -1.064127 -1.707675
 -0.735968 -1.939938 -1.562645 -1.785788
 -1.897119 -1.779336 -1.006148 -1.153201
 -15.118424 -15.118424 -0.000001 -15.118424
 -13.981029 -13.981029 -0.000003 -13.981029
 -14.731803 -14.731803 -0.000001 -14.731803
 -14.778687 -14.778687 -0.000001 -14.778687
 -1.386294 -1.386294 -1.386294 -1.386294
 -1.386294 -1.386294 -1.386294 -1.386294
 -16.116095 -16.116095 -16.116095 -0.000000
 -1.386294 -1.386294 -1.386294 -1.386294
 -1.386294 -1.386294 -1.386294 -1.386294
 -1.386294 -1.386294 -1.386294 -1.386294
 -1.386294 -1.386294 -1.386294 -1.386294
 -16.116095 -16.116095 -0.000000 -16.116095
 -1.386294 -1.386294 -1.386294 -1.386294
 -1.386294 -1.386294 -1.386294 -1.386294
 -0.000000 -16.116095 -16.116095 -16.116095
 -1.386294 -1.386294 -1.386294 -1.386294
 -16.116095 -16.116095 -0.000000 -16.116095
 -1.386294 -1.386294 -1.386294 -1.386294
 -1.386294 -1.386294 -1.386294 -1.386294
 -1.386294 -1.386294 -1.386294 -1.386294
 -1.386294 -1.386294 -1.386294 -1.386294
 -1.386294 -1.386294 -1.386294 -1.386294
 -16.116095 -16.116095 -16.116095 -0.000000
 -1.386294 -1.386294 -1.386294 -1.386294
 -1.386294 -1.386294 -1.386294 -1.386294
 -1.386294 -1.386294 -1.386294 -1.386294
 -1.386294 -1.386294 -1.386294 -1.386294
 -16.116095 -16.116095 -16.116095 -0.000000
 -1.386294 -1.386294 -1.386294 -1.386294
 -1.386294 -1.386294 -1.386294 -1.386294
 -1.386294 -1.386294 -1.386294 -1.386294
 -16.116095 -16.116095 -16.116095 -0.000000
 -1.386294 -1.386294 -1.386294 -1.386294
 -1.386294 -1.386294 -1.386294 -1.386294
 -1.386294 -1.386294 -1.386294 -1.386294
 -16.116095 -16.116095 -16.116095 -0.000000
 -1.386294 -1.386294 -1.386294 -1.386294
 -1.386294 -1.386294 -1.386294 -1.386294
 -1.386294 -1.386294 -1.386294 -1.386294
 -16.116095 -16.116095 -16.116095 -0.000000
 -1.386294 -1.386294 -1.386294 -1.386294
 -1.386294 -1.386294 -1.386294 -1.386294
 -1.386294 -1.386294 -1.386294 -1.386294
 -16.116095 -16.116095 -16.116095 -0.000000
 -1.056055 0.000100 0.000100 0.000100
 -2.442331 0.000100 0.000100 0.000100
 -1.526055 0.000100 0.000100 0.000100
 -1.056055 0.000100 0.000100 0.000100
 -0.980838 -1.163156 -11.982954 -1.163156
 -1.386294 -10.596735 -10.596735 -0.287749
 -0.693167 -2.302525 -2.302525 -1.203979
 -1.163156 -2.079417 -1.673968 -0.980838
 -0.435333 -2.140040 -2.833137 -1.734591
 -2.079391 -2.079391 -0.693172 -1.386294
 -0.693197 -10.596735 -1.386294 -1.386294
 -1.446918 -2.833137 -1.734591 -0.636001
 -0.587799 -12.100735 -2.890294 -0.944470
 -0.693197 -10.596735 -10.596735 -0.693197
 -0.810950 -2.197169 -2.197169 -1.098623
 -2.707977 -2.707977 -0.916301 -0.762152
 -1.446918 -1.223779 -1.734591 -1.223779
 -0.693247 -9.903687 -9.903687 -0.693247
 -0.693172 -2.079391 -1.386294 -2.079391
 -2.944360 -1.558141 -1.558141 -0.641865
 -11.512965 -11.512965 -0.000030 -11.512965
 -11.512965 -11.512965 -0.000030 -11.512965
 -11.407610 -11.407610 -0.000033 -11.407610
 -12.043577 -12.043577 -0.000018 -12.043577
 -1.386294 -1.386294 -1.386294 -1.386294
 -1.386294 -1.386294 -1.386294 -1.386294
 -13.038991 -13.038991 -13.038991 -0.000007
 -1.386294 -1.386294 -1.386294 -1.386294
 -1.386294 -1.386294 -1.386294 -1.386294
 -1.386294 -1.386294 -1.386294 -1.386294
 -1.386294 -1.386294 -1.386294 -1.386294
 -13.038990 -13.038990 -0.000006 -13.038990
 -1.386294 -1.386294 -1.386294 -1.386294
 -1.386294 -1.386294 -1.386294 -1.386294
 -0.000006 -13.038990 -13.038990 -13.038990
 -1.386294 -1.386294 -1.386294 -1.386294
 -13.038990 -13.038990 -0.000006 -13.038990
 -1.386294 -1.386294 -1.386294 -1.386294
 -1.386294 -1.386294 -1.386294 -1.386294
 -1.386294 -1.386294 -1.386294 -1.386294
 -1.386294 -1.386294 -1.386294 -1.386294
 -1.386294 -1.386294 -1.386294 -1.386294
 -13.038991 -13.038991 -13.038991 -0.000007
 -1.386294 -1.386294 -1.386294 -1.386294
 -1.386294 -1.386294 -1.386294 -1.386294
 -1.386294 -1.386294 -1.386294 -1.386294
 -1.386294 -1.386294 -1.386294 -1.386294
 -13.038991 -13.038991 -13.038991 -0.000007
 -1.386294 -1.386294 -1.386294 -1.386294
 -1.386294 -1.386294 -1.386294 -1.386294
 -1.386294 -1.386294 -1.386294 -1.386294
 -13.038991 -13.038991 -13.038991 -0.000007
 -1.386294 -1.386294 -1.386294 -1.386294
 -1.386294 -1.386294 -1.386294 -1.386294
 -1.386294 -1.386294 -1.386294 -1.386294
 -13.038991 -13.038991 -13.038991 -0.000007
 -1.386294 -1.386294 -1.386294 -1.386294
 -1.386294 -1.386294 -1.386294 -1.386294
 -1.386294 -1.386294 -1.386294 -1.386294
 -13.038991 -13.038991 -13.038991 -0.000007
 -1.386294 -1.386294 -1.386294 -1.386294
 -1.386294 -1.386294 -1.386294 -1.386294
 -1.386294 -1.386294 -1.386294 -1.386294
 -13.038991 -13.038991 -13.038991 -0.000007
