 -0.978391 0.000100 0.000100 0.000100
 -1.810651 0.000100 0.000100 0.000100
 -1.650124 0.000100 0.000100 0.000100
 -1.314863 0.000100 0.000100 0.000100
 -0.757975 -1.953514 -1.879952 -1.439640
 -0.814669 -1.678964 -1.971099 -1.463852
 -0.680516 -1.297167 -2.186686 -2.225152
 -1.488294 -1.474960 -1.721555 -1.003302
 -0.622621 -2.008915 -1.702748 -1.916322
 -0.633249 -1.697572 -1.731861 -2.215916
 -0.609766 -1.659587 -1.659587 -2.575876
 -1.212272 -1.401282 -1.449401 -1.507389
 -0.415309 -2.185370 -2.223984 -2.126529
 -0.452956 -2.284646 -2.083976 -1.980435
 -0.324462 -2.203493 -2.367122 -2.618436
 -0.993805 -1.717256 -1.628964 -1.369856
 -0.519757 -2.190093 -16.547928 -1.226120
 -0.689764 -2.023412 -14.897317 -1.004845
 -0.439599 -2.059506 -14.907435 -1.477586
 -1.239137 -1.942865 -15.003355 -0.567268
 -16.417459 -16.417459 -0.000000 -16.417459
 -14.900702 -14.900702 -0.000001 -14.900702
 -1.386294 -1.386294 -1.386294 -1.386294
 -15.911072 -15.911072 -0.000000 -15.911072
 -1.386294 -1.386294 -1.386294 -1.386294
 -1.386294 -1.386294 -1.386294 -1.386294
 -17.017445 -17.017445 -17.017445 -0.000000
 -1.386294 -1.386294 -1.386294 -1.386294
 -1.386294 -1.386294 -1.386294 -1.386294
 -1.386294 -1.386294 -1.386294 -1.386294
 -1.386294 -1.386294 -1.386294 -1.386294
 -0.344888 -3.956954 -2.099993 -1.896307
 -16.672556 -1.335346 -1.176217 -0.847489
 -13.060496 -1.452252 -1.142099 -0.805629
 -14.917452 -1.548227 -0.737298 -1.174511
 -15.121139 -1.783662 -1.183409 -0.642939
 -1.386294 -1.386294 -1.386294 -1.386294
 -15.598903 -15.598903 -0.000001 -15.598903
 -15.906139 -15.906139 -0.000000 -15.906139
 -16.170689 -16.170689 -0.000000 -16.170689
 -1.386294 -1.386294 -1.386294 -1.386294
 -1.386294 -1.386294 -1.386294 -1.386294
 -0.739784 -1.479167 -1.220932 -17.017445
 -1.386294 -1.386294 -1.386294 -1.386294
 -0.916717 -2.545531 -1.979723 -0.958072
 -1.102190 -2.138281 -2.051270 -0.864105
 -1.048838 -2.131824 -1.549219 -1.143754
 -1.386294 -1.386294 -1.386294 -1.386294
 -0.772091 -2.167954 -2.148906 -1.181133
 -1.078328 -2.164962 -1.859581 -0.943292
 -0.917581 -1.990713 -1.917953 -1.148821
 -1.703114 -2.205986 -2.267230 -0.503943
 -0.868945 -2.024035 -2.161506 -1.098612
 -0.919794 -2.045073 -2.072472 -1.060872
 -0.846173 -1.840211 -1.883696 -1.346554
 -1.940217 -2.230109 -2.382786 -0.420806
 -0.883632 -2.221916 -2.299878 -0.972732
 -1.159237 -1.734601 -2.010012 -0.978653
 -0.890974 -2.313633 -1.780830 -1.132135
 -1.797913 -2.260536 -2.211346 -0.477216
 -0.804541 -2.147213 -2.065296 -1.174036
 -1.070442 -1.873589 -1.921216 -1.029620
 -0.902402 -1.743968 -1.743968 -1.407497
 -1.850600 -2.000304 -2.147234 -0.526352
 -1.170318 0.000100 0.000100 0.000100
 -1.748997 0.000100 0.000100 0.000100
 -1.483662 0.000100 0.000100 0.000100
 -1.241406 0.000100 0.000100 0.000100
 -0.827248 -1.910794 -1.757531 -1.417513
 -0.954722 -1.709678 -1.646294 -1.421325
 -0.935614 -1.727209 -1.604144 -1.474848
 -1.689210 -1.566798 -1.541554 -0.935030
 -0.880434 -1.890560 -1.550300 -1.504062
 -0.987496 -1.604172 -1.545163 -1.545719
 -1.104658 -1.602242 -1.655097 -1.286783
 -1.613596 -1.595738 -1.406801 -1.040875
 -0.887184 -1.750513 -1.742439 -1.429583
 -1.008969 -1.705579 -1.573428 -1.400779
 -1.049538 -1.598669 -1.484629 -1.508920
 -1.711586 -1.407515 -1.531777 -1.025774
 -0.790806 -1.817715 -19.553019 -0.956788
 -0.849091 -1.503577 -19.061270 -1.050214
 -0.861813 -1.643259 -19.075348 -0.956447
 -1.601373 -1.349365 -19.354380 -0.618085
 -19.686134 -19.686134 0.000000 -19.686134
 -19.092503 -19.092503 0.000000 -19.092503
 -1.386294 -1.386294 -1.386294 -1.386294
 -19.798540 -19.798540 0.000000 -19.798540
 -1.386294 -1.386294 -1.386294 -1.386294
 -1.386294 -1.386294 -1.386294 -1.386294
 -20.668694 -20.668694 -20.668694 0.000000
 -1.386294 -1.386294 -1.386294 -1.386294
 -1.386294 -1.386294 -1.386294 -1.386294
 -1.386294 -1.386294 -1.386294 -1.386294
 -1.386294 -1.386294 -1.386294 -1.386294
 -1.718444 -1.599236 -1.671062 -0.842676
 -18.950249 -1.299381 -1.380540 -0.742638
 -19.069458 -1.506328 -1.039896 -0.856170
 -18.997631 -1.437806 -1.275914 -0.726960
 -19.826017 -1.487524 -1.170581 -0.768125
 -1.386294 -1.386294 -1.386294 -1.386294
 -19.223221 -19.223221 0.000000 -19.223221
 -19.473249 -19.473249 0.000000 -19.473249
 -19.896061 -19.896061 0.000000 -19.896061
 -1.386294 -1.386294 -1.386294 -1.386294
 -1.386294 -1.386294 -1.386294 -1.386294
 -0.771101 -1.257766 -1.373544 -20.668694
 -1.386294 -1.386294 -1.386294 -1.386294
 -0.887349 -1.982252 -1.626224 -1.371111
 -1.091505 -1.564190 -1.730276 -1.280867
 -0.909785 -1.608021 -1.844160 -1.431512
 -1.386294 -1.386294 -1.386294 -1.386294
 -0.865055 -2.001164 -1.591544 -1.426354
 -1.043216 -1.902478 -1.440443 -1.340713
 -1.101995 -1.600800 -1.571508 -1.353535
 -1.601575 -1.562378 -1.346280 -1.112981
 -0.884926 -1.863553 -1.765929 -1.342825
 -1.056592 -1.600408 -1.757508 -1.279871
 -1.037661 -1.567507 -1.616230 -1.433356
 -1.523017 -1.607015 -1.585392 -0.976587
 -1.052492 -1.672909 -1.659769 -1.298100
 -1.132395 -1.727595 -1.641880 -1.182823
 -1.091338 -1.642520 -1.595668 -1.316887
 -1.785155 -1.548218 -1.475420 -0.939253
 -0.997251 -1.786402 -1.679363 -1.283547
 -1.093512 -1.761804 -1.632161 -1.211599
 -1.121139 -1.608870 -1.567139 -1.326756
 -1.627475 -1.573399 -1.494309 -0.989313
