 -1.066825 0.000100 0.000100 0.000100
 -1.785567 0.000100 0.000100 0.000100
 -1.647417 0.000100 0.000100 0.000100
 -1.218572 0.000100 0.000100 0.000100
 -0.870428 -1.711994 -1.986430 -1.333558
 -0.715621 -1.860751 -2.266213 -1.378914
 -0.566090 -1.642227 -2.153050 -2.098984
 -1.560247 -1.483286 -1.975762 -0.857151
 -0.805477 -1.609437 -1.817077 -1.657447
 -0.739361 -1.676128 -1.824548 -1.747587
 -0.523857 -1.862138 -1.638996 -2.842957
 -1.330606 -1.330606 -1.841430 -1.162271
 -0.591938 -2.109473 -1.695911 -1.951844
 -0.586605 -2.357306 -1.871801 -1.633391
 -0.379492 -1.799305 -2.693116 -2.492448
 -1.321756 -1.495027 -1.154702 -1.640209
 -0.702810 -1.782189 -15.241027 -1.089043
 -0.548900 -2.188637 -13.963934 -1.170072
 -0.493088 -1.636650 -14.214290 -1.636650
 -1.987066 -1.264934 -14.030625 -0.543617
 -15.153141 -15.153141 -0.000001 -15.153141
 -14.200776 -14.200776 -0.000002 -14.200776
 -1.386294 -1.386294 -1.386294 -1.386294
 -14.834359 -14.834359 -0.000001 -14.834359
 -1.386294 -1.386294 -1.386294 -1.386294
 -1.386294 -1.386294 -1.386294 -1.386294
 -15.901183 -15.901183 -15.901183 -0.000000
 -1.386294 -1.386294 -1.386294 -1.386294
 -1.386294 -1.386294 -1.386294 -1.386294
 -1.386294 -1.386294 -1.386294 -1.386294
 -1.386294 -1.386294 -1.386294 -1.386294
 -0.361122 -4.744918 -2.158242 -1.721029
 -15.540062 -1.469908 -1.279865 -0.709320
 -11.156307 -11.156307 -0.336509 -1.252770
 -13.742944 -1.131403 -0.562310 -2.230009
 -14.180157 -1.256242 -1.208614 -0.875470
 -1.386294 -1.386294 -1.386294 -1.386294
 -14.508659 -14.508659 -0.000002 -14.508659
 -14.759418 -14.759418 -0.000001 -14.759418
 -15.062544 -15.062544 -0.000001 -15.062544
 -1.386294 -1.386294 -1.386294 -1.386294
 -1.386294 -1.386294 -1.386294 -1.386294
 -15.901183 -15.901183 -15.901183 -0.000000
 -1.386294 -1.386294 -1.386294 -1.386294
 -1.386294 -1.386294 -1.386294 -1.386294
 -1.386294 -1.386294 -1.386294 -1.386294
 -1.386294 -1.386294 -1.386294 -1.386294
 -15.901183 -15.901183 -15.901183 -0.000000
 -1.386294 -1.386294 -1.386294 -1.386294
 -1.386294 -1.386294 -1.386294 -1.386294
 -1.386294 -1.386294 -1.386294 -1.386294
 -15.901183 -15.901183 -15.901183 -0.000000
 -1.386294 -1.386294 -1.386294 -1.386294
 -1.386294 -1.386294 -1.386294 -1.386294
 -1.386294 -1.386294 -1.386294 -1.386294
 -0.841518 -1.024416 -1.560943 -15.901183
 -1.104393 -2.265804 -2.185762 -0.793080
 -1.166617 -1.905226 -2.447548 -0.791230
 -0.652563 -1.834061 -1.797693 -1.871801
 -1.386294 -1.386294 -1.386294 -1.386294
 -0.797371 -2.278973 -2.096652 -1.126296
 -0.999879 -1.890848 -2.024378 -1.052522
 -0.808218 -2.036878 -2.123888 -1.189585
 -1.379945 -2.223031 -2.315404 -0.613595
 -1.256069 0.000100 0.000100 0.000100
 -1.804571 0.000100 0.000100 0.000100
 -1.648376 0.000100 0.000100 0.000100
 -1.026325 0.000100 0.000100 0.000100
 -0.835230 -2.009125 -2.021547 -1.205077
 -1.092898 -1.511266 -1.866087 -1.239952
 -0.993988 -1.821612 -1.968215 -1.113428
 -1.485824 -1.862633 -1.656585 -0.849493
 -0.948132 -1.909542 -1.741749 -1.240728
 -1.152680 -1.864518 -1.504077 -1.180851
 -1.513046 -1.846819 -1.828126 -0.773687
 -1.673527 -1.702726 -1.590721 -0.852259
 -0.942777 -1.721755 -2.015746 -1.209045
 -1.125046 -1.749199 -1.931521 -1.031360
 -1.376442 -1.376442 -1.458120 -1.337976
 -1.730757 -1.647376 -1.674404 -0.814467
 -0.988290 -1.857327 -15.578528 -0.751416
 -1.031535 -1.460770 -15.245823 -0.887987
 -1.027995 -1.736409 -15.121138 -0.763303
 -1.723566 -1.686931 -15.831746 -0.451795
 -15.659230 -15.659230 -0.000000 -15.659230
 -15.181603 -15.181603 -0.000001 -15.181603
 -1.386294 -1.386294 -1.386294 -1.386294
 -16.210676 -16.210676 -0.000000 -16.210676
 -1.386294 -1.386294 -1.386294 -1.386294
 -1.386294 -1.386294 -1.386294 -1.386294
 -16.869984 -16.869984 -16.869984 -0.000000
 -1.386294 -1.386294 -1.386294 -1.386294
 -1.386294 -1.386294 -1.386294 -1.386294
 -1.386294 -1.386294 -1.386294 -1.386294
 -1.386294 -1.386294 -1.386294 -1.386294
 -1.790346 -1.614638 -1.784712 -0.762949
 -15.079638 -1.694909 -1.315420 -0.601439
 -15.255346 -1.381566 -1.021125 -0.945139
 -15.085272 -1.584471 -1.640824 -0.508955
 -16.107035 -1.471744 -1.339866 -0.676104
 -1.386294 -1.386294 -1.386294 -1.386294
 -15.365199 -15.365199 -0.000001 -15.365199
 -15.564712 -15.564712 -0.000001 -15.564712
 -16.190416 -16.190416 -0.000000 -16.190416
 -1.386294 -1.386294 -1.386294 -1.386294
 -1.386294 -1.386294 -1.386294 -1.386294
 -16.869984 -16.869984 -16.869984 -0.000000
 -1.386294 -1.386294 -1.386294 -1.386294
 -1.386294 -1.386294 -1.386294 -1.386294
 -1.386294 -1.386294 -1.386294 -1.386294
 -1.386294 -1.386294 -1.386294 -1.386294
 -16.869984 -16.869984 -16.869984 -0.000000
 -1.386294 -1.386294 -1.386294 -1.386294
 -1.386294 -1.386294 -1.386294 -1.386294
 -1.386294 -1.386294 -1.386294 -1.386294
 -16.869984 -16.869984 -16.869984 -0.000000
 -1.386294 -1.386294 -1.386294 -1.386294
 -1.386294 -1.386294 -1.386294 -1.386294
 -1.386294 -1.386294 -1.386294 -1.386294
 -1.319284 -0.902711 -1.117171 -16.869984
 -1.120004 -1.569674 -2.077679 -1.077669
 -0.951798 -1.669336 -1.952911 -1.259764
 -1.239167 -1.454876 -1.615218 -1.279782
 -1.386294 -1.386294 -1.386294 -1.386294
 -0.872687 -2.133818 -1.649216 -1.303470
 -1.247123 -1.337720 -1.800850 -1.255028
 -1.110771 -1.831826 -1.597425 -1.177146
 -1.633535 -1.562918 -1.547880 -0.960923
