 -1.068733 0.000100 0.000100 0.000100
 -1.785534 0.000100 0.000100 0.000100
 -1.738773 0.000100 0.000100 0.000100
 -1.161190 0.000100 0.000100 0.000100
 -1.191070 -1.733735 -1.378532 -1.318514
 -0.736633 -2.100945 -1.802454 -1.452252
 -0.772345 -1.727855 -1.645617 -1.786695
 -1.749912 -1.641278 -1.216395 -1.090102
 -0.963342 -1.383513 -1.526613 -1.894338
 -0.703511 -1.376038 -1.656940 -2.782945
 -0.879924 -1.179582 -1.349927 -3.988966
 -1.434414 -0.996614 -1.231186 -2.295894
 -0.000001 -15.241027 -15.241027 -15.241027
 -0.000001 -15.015476 -15.015476 -15.015476
 -0.000001 -14.816144 -14.816144 -14.816144
 -0.000003 -13.825465 -13.825465 -13.825465
 -16.232317 -16.232317 -0.000000 -16.232317
 -1.386294 -1.386294 -1.386294 -1.386294
 -1.386294 -1.386294 -1.386294 -1.386294
 -1.386294 -1.386294 -1.386294 -1.386294
 -1.386294 -1.386294 -1.386294 -1.386294
 -1.386294 -1.386294 -1.386294 -1.386294
 -16.232317 -16.232317 -0.000000 -16.232317
 -1.386294 -1.386294 -1.386294 -1.386294
 -1.386294 -1.386294 -1.386294 -1.386294
 -1.386294 -1.386294 -1.386294 -1.386294
 -16.232317 -16.232317 -16.232317 -0.000000
 -1.386294 -1.386294 -1.386294 -1.386294
 -1.386294 -1.386294 -1.386294 -1.386294
 -1.386294 -1.386294 -1.386294 -1.386294
 -1.386294 -1.386294 -1.386294 -1.386294
 -0.000000 -16.232317 -16.232317 -16.232317
 -16.232317 -1.537179 -0.939758 -0.930667
 -1.386294 -1.386294 -1.386294 -1.386294
 -1.386294 -1.386294 -1.386294 -1.386294
 -1.386294 -1.386294 -1.386294 -1.386294
 -1.386294 -1.386294 -1.386294 -1.386294
 -14.695139 -14.695139 -0.000001 -14.695139
 -15.292561 -15.292561 -0.000001 -15.292561
 -15.301651 -15.301651 -0.000001 -15.301651
 -1.386294 -1.386294 -1.386294 -1.386294
 -1.386294 -1.386294 -1.386294 -1.386294
 -16.232317 -0.655506 -0.732261 -16.232317
 -1.386294 -1.386294 -1.386294 -1.386294
 -1.386294 -1.386294 -1.386294 -1.386294
 -0.902639 -2.048982 -1.866660 -1.167974
 -1.189849 -2.130832 -1.598367 -0.981448
 -1.386294 -1.386294 -1.386294 -1.386294
 -0.873471 -2.141316 -1.948412 -1.131652
 -1.533276 -2.226420 -1.715597 -0.700369
 -1.044810 -2.035207 -1.422104 -1.285972
 -1.493688 -2.186834 -2.284472 -0.577398
 -0.829516 -2.177587 -1.934641 -1.184337
 -1.137528 -2.102605 -1.656321 -1.003997
 -0.881404 -2.421844 -1.416327 -1.368699
 -1.671131 -2.410797 -1.791759 -0.587787
 -0.934823 -2.085106 -1.861963 -1.115707
 -0.898748 -1.954796 -2.242476 -1.063827
 -1.178655 -1.717651 -1.559427 -1.195462
 -1.759602 -2.197223 -2.197223 -0.501430
 -0.920932 -1.909542 -1.888922 -1.195776
 -1.091787 -1.848111 -2.150390 -0.940556
 -1.008462 -1.977860 -1.603168 -1.218757
 -1.603359 -1.964372 -1.854673 -0.689091
 -1.374995 0.000100 0.000100 0.000100
 -1.744594 0.000100 0.000100 0.000100
 -1.294088 0.000100 0.000100 0.000100
 -1.209671 0.000100 0.000100 0.000100
 -1.310583 -1.923685 -1.249958 -1.211492
 -1.027996 -1.721141 -1.027996 -2.247231
 -1.966852 -2.084634 -0.608731 -1.651772
 -1.881370 -1.881370 -1.113001 -1.003303
 -1.210618 -1.551543 -1.881784 -1.085455
 -1.243194 -1.243194 -1.699950 -1.425515
 -2.098202 -1.346216 -1.957124 -0.742682
 -1.934859 -1.034074 -1.408767 -1.364316
 -0.000002 -14.108183 -14.108183 -14.108183
 -0.000002 -14.488457 -14.488457 -14.488457
 -0.000002 -14.030625 -14.030625 -14.030625
 -0.000001 -14.731803 -14.731803 -14.731803
 -15.767119 -15.767119 -0.000000 -15.767119
 -1.386294 -1.386294 -1.386294 -1.386294
 -1.386294 -1.386294 -1.386294 -1.386294
 -1.386294 -1.386294 -1.386294 -1.386294
 -1.386294 -1.386294 -1.386294 -1.386294
 -1.386294 -1.386294 -1.386294 -1.386294
 -15.767119 -15.767119 -0.000000 -15.767119
 -1.386294 -1.386294 -1.386294 -1.386294
 -1.386294 -1.386294 -1.386294 -1.386294
 -1.386294 -1.386294 -1.386294 -1.386294
 -15.767119 -15.767119 -15.767119 -0.000000
 -1.386294 -1.386294 -1.386294 -1.386294
 -1.386294 -1.386294 -1.386294 -1.386294
 -1.386294 -1.386294 -1.386294 -1.386294
 -1.386294 -1.386294 -1.386294 -1.386294
 -0.000001 -15.767119 -15.767119 -15.767119
 -15.767119 -1.893339 -0.593199 -1.214444
 -1.386294 -1.386294 -1.386294 -1.386294
 -1.386294 -1.386294 -1.386294 -1.386294
 -1.386294 -1.386294 -1.386294 -1.386294
 -1.386294 -1.386294 -1.386294 -1.386294
 -13.873783 -13.873783 -0.000003 -13.873783
 -15.173921 -15.173921 -0.000001 -15.173921
 -14.552676 -14.552676 -0.000001 -14.552676
 -1.386294 -1.386294 -1.386294 -1.386294
 -1.386294 -1.386294 -1.386294 -1.386294
 -15.767119 -0.318454 -1.299283 -15.767119
 -1.386294 -1.386294 -1.386294 -1.386294
 -1.386294 -1.386294 -1.386294 -1.386294
 -0.511477 -2.431661 -1.749688 -1.975644
 -1.067841 -1.646577 -1.890198 -1.163151
 -1.386294 -1.386294 -1.386294 -1.386294
 -1.455670 -1.490762 -1.326459 -1.286849
 -1.462280 -1.921809 -1.187844 -1.148624
 -1.551808 -1.403389 -1.726161 -1.009486
 -0.983378 -2.310243 -1.617100 -1.113998
 -1.098613 -2.197222 -0.973450 -1.727220
 -1.238375 -1.669156 -0.800121 -2.624661
 -1.229641 -2.433609 -0.784956 -1.809458
 -1.345286 -2.235141 -0.827344 -1.632968
 -1.065197 -1.638996 -1.590206 -1.357584
 -0.996831 -1.945907 -1.486377 -1.339775
 -1.505734 -1.244519 -1.881785 -1.085455
 -1.422662 -1.774058 -1.885283 -0.826680
 -1.103728 -2.233589 -1.217672 -1.326871
 -0.745108 -1.536234 -1.884540 -1.843718
 -1.082613 -1.775758 -1.524444 -1.293921
 -0.845825 -1.954798 -1.924026 -1.261652
