 -1.144623 0.000100 0.000100 0.000100
 -2.068792 0.000100 0.000100 0.000100
 -1.727489 0.000100 0.000100 0.000100
 -0.973953 0.000100 0.000100 0.000100
 -1.288135 -1.634411 -1.372931 -1.288135
 -0.971458 -1.414950 -1.918052 -1.462577
 -0.738330 -1.733263 -1.667305 -1.853890
 -1.665818 -1.636259 -1.329346 -1.045242
 -1.093735 -1.251541 -1.378986 -2.062470
 -0.689544 -1.480883 -1.513143 -2.984954
 -0.769618 -1.276038 -1.443092 -3.840974
 -1.300140 -1.029106 -1.245080 -2.497841
 -0.000001 -15.488863 -15.488863 -15.488863
 -0.000001 -15.226499 -15.226499 -15.226499
 -0.000001 -15.076810 -15.076810 -15.076810
 -0.000003 -13.864305 -13.864305 -13.864305
 -16.455282 -16.455282 -0.000000 -16.455282
 -1.386294 -1.386294 -1.386294 -1.386294
 -1.386294 -1.386294 -1.386294 -1.386294
 -1.386294 -1.386294 -1.386294 -1.386294
 -1.386294 -1.386294 -1.386294 -1.386294
 -1.386294 -1.386294 -1.386294 -1.386294
 -16.455282 -16.455282 -0.000000 -16.455282
 -1.386294 -1.386294 -1.386294 -1.386294
 -1.386294 -1.386294 -1.386294 -1.386294
 -1.386294 -1.386294 -1.386294 -1.386294
 -16.455282 -16.455282 -16.455282 -0.000000
 -1.386294 -1.386294 -1.386294 -1.386294
 -1.386294 -1.386294 -1.386294 -1.386294
 -1.386294 -1.386294 -1.386294 -1.386294
 -1.386294 -1.386294 -1.386294 -1.386294
 -0.940493 -3.912734 -0.740654 -2.182346
 -0.000001 -15.514791 -15.514791 -15.514791
 -0.000011 -12.542559 -12.542559 -12.542559
 -0.000001 -15.714629 -15.714629 -15.714629
 -0.000002 -14.272938 -14.272938 -14.272938
 -16.455282 -16.455282 -0.000000 -16.455282
 -1.386294 -1.386294 -1.386294 -1.386294
 -1.386294 -1.386294 -1.386294 -1.386294
 -1.386294 -1.386294 -1.386294 -1.386294
 -1.386294 -1.386294 -1.386294 -1.386294
 -1.386294 -1.386294 -1.386294 -1.386294
 -16.455282 -0.000000 -16.455282 -16.455282
 -1.386294 -1.386294 -1.386294 -1.386294
 -1.386294 -1.386294 -1.386294 -1.386294
 -0.985360 -1.961738 -2.132954 -1.000775
 -1.386294 -1.386294 -1.386294 -1.386294
 -1.386294 -1.386294 -1.386294 -1.386294
 -1.089098 -2.132446 -1.737792 -0.996891
 -1.006538 -1.915907 -2.238679 -0.965716
 -1.001115 -2.339395 -1.448426 -1.199965
 -1.507968 -2.039474 -1.887457 -0.698990
 -0.965968 -2.240708 -1.652923 -1.134717
 -1.048182 -2.163320 -2.068011 -0.896376
 -0.995429 -2.260023 -1.526056 -1.175400
 -1.689190 -2.021895 -1.945910 -0.616057
 -0.893549 -1.929102 -1.963004 -1.187166
 -0.815487 -2.540991 -1.927890 -1.098613
 -0.895238 -1.876065 -1.721915 -1.348712
 -1.676246 -2.172034 -1.854938 -0.611536
 -0.945738 -1.977658 -1.685952 -1.244981
 -0.907805 -2.079439 -1.673976 -1.258461
 -0.968560 -1.909541 -1.504077 -1.386294
 -1.675760 -2.170837 -2.012232 -0.570819
 -1.261332 0.000100 0.000100 0.000100
 -1.768149 0.000100 0.000100 0.000100
 -1.728928 0.000100 0.000100 0.000100
 -0.998042 0.000100 0.000100 0.000100
 -1.051546 -1.528468 -1.585626 -1.474401
 -1.139436 -1.347074 -1.272967 -1.966107
 -1.553347 -1.648656 -1.312187 -1.118032
 -1.791758 -1.686398 -1.504077 -0.853491
 -0.936771 -1.413693 -1.665006 -1.739113
 -0.975382 -0.815040 -2.724561 -2.164956
 -1.461517 -1.669155 -1.189585 -1.289668
 -1.849576 -0.877720 -1.598264 -1.492904
 -0.000004 -13.617064 -13.617064 -13.617064
 -0.000003 -13.764221 -13.764221 -13.764221
 -0.000005 -13.253399 -13.253399 -13.253399
 -0.000005 -13.287885 -13.287885 -13.287885
 -14.890514 -14.890514 -0.000001 -14.890514
 -1.386294 -1.386294 -1.386294 -1.386294
 -1.386294 -1.386294 -1.386294 -1.386294
 -1.386294 -1.386294 -1.386294 -1.386294
 -1.386294 -1.386294 -1.386294 -1.386294
 -1.386294 -1.386294 -1.386294 -1.386294
 -14.890514 -14.890514 -0.000001 -14.890514
 -1.386294 -1.386294 -1.386294 -1.386294
 -1.386294 -1.386294 -1.386294 -1.386294
 -1.386294 -1.386294 -1.386294 -1.386294
 -14.890514 -14.890514 -14.890514 -0.000001
 -1.386294 -1.386294 -1.386294 -1.386294
 -1.386294 -1.386294 -1.386294 -1.386294
 -1.386294 -1.386294 -1.386294 -1.386294
 -1.386294 -1.386294 -1.386294 -1.386294
 -1.654820 -1.115825 -1.273453 -1.602635
 -0.000005 -13.235699 -13.235699 -13.235699
 -0.000003 -13.774693 -13.774693 -13.774693
 -0.000004 -13.617064 -13.617064 -13.617064
 -0.000005 -13.287885 -13.287885 -13.287885
 -14.890514 -14.890514 -0.000001 -14.890514
 -1.386294 -1.386294 -1.386294 -1.386294
 -1.386294 -1.386294 -1.386294 -1.386294
 -1.386294 -1.386294 -1.386294 -1.386294
 -1.386294 -1.386294 -1.386294 -1.386294
 -1.386294 -1.386294 -1.386294 -1.386294
 -14.890514 -0.000001 -14.890514 -14.890514
 -1.386294 -1.386294 -1.386294 -1.386294
 -1.386294 -1.386294 -1.386294 -1.386294
 -0.935241 -1.619729 -1.830024 -1.389713
 -1.386294 -1.386294 -1.386294 -1.386294
 -1.386294 -1.386294 -1.386294 -1.386294
 -1.056054 -1.700408 -1.279197 -1.653889
 -0.969403 -1.863214 -1.980996 -1.116006
 -1.452252 -1.547561 -1.016937 -1.652920
 -1.725508 -1.457246 -1.400088 -1.071585
 -1.235472 -1.815287 -0.899001 -1.969437
 -1.558143 -1.270463 -1.209839 -1.558143
 -0.950194 -1.678429 -1.427116 -1.678429
 -1.484274 -2.238039 -1.609437 -0.762142
 -0.984855 -1.853888 -1.528468 -1.374318
 -0.955514 -1.648656 -1.871797 -1.312187
 -1.184556 -1.957741 -1.498212 -1.110448
 -1.346021 -1.582408 -1.725508 -1.032364
 -0.980831 -1.925288 -1.519825 -1.345473
 -1.203974 -1.609436 -1.347074 -1.427116
 -0.728242 -2.268674 -1.352393 -1.863214
 -1.849576 -1.492904 -1.121342 -1.230541
