 -1.109339 0.000100 0.000100 0.000100
 -1.808386 0.000100 0.000100 0.000100
 -1.808386 0.000100 0.000100 0.000100
 -1.071817 0.000100 0.000100 0.000100
 -1.066772 -1.821612 -1.318086 -1.485140
 -0.799166 -1.695911 -1.695911 -1.695911
 -0.773191 -1.834061 -1.633391 -1.695911
 -1.788930 -1.447627 -1.423817 -1.030187
 -1.036919 -1.245216 -1.417066 -2.161505
 -0.559617 -1.493925 -1.910818 -2.880212
 -0.709955 -1.203973 -1.673976 -3.871183
 -1.485385 -0.775709 -1.390075 -2.746512
 -0.000001 -15.219154 -15.219154 -15.219154
 -0.000001 -15.018484 -15.018484 -15.018484
 -0.000001 -14.603970 -14.603970 -14.603970
 -0.000004 -13.473026 -13.473026 -13.473026
 -16.148624 -16.148624 -0.000000 -16.148624
 -1.386294 -1.386294 -1.386294 -1.386294
 -1.386294 -1.386294 -1.386294 -1.386294
 -1.386294 -1.386294 -1.386294 -1.386294
 -1.386294 -1.386294 -1.386294 -1.386294
 -1.386294 -1.386294 -1.386294 -1.386294
 -16.148624 -16.148624 -0.000000 -16.148624
 -1.386294 -1.386294 -1.386294 -1.386294
 -1.386294 -1.386294 -1.386294 -1.386294
 -1.386294 -1.386294 -1.386294 -1.386294
 -16.148624 -16.148624 -16.148624 -0.000000
 -1.386294 -1.386294 -1.386294 -1.386294
 -1.386294 -1.386294 -1.386294 -1.386294
 -1.386294 -1.386294 -1.386294 -1.386294
 -1.386294 -1.386294 -1.386294 -1.386294
 -0.232646 -3.570986 -1.717929 -16.148624
 -15.915980 -15.915980 -15.915980 -0.000000
 -12.577650 -12.577650 -12.577650 -0.000010
 -14.430698 -14.430698 -14.430698 -0.000002
 -1.386294 -1.386294 -1.386294 -1.386294
 -1.386294 -1.386294 -1.386294 -1.386294
 -1.386294 -1.386294 -1.386294 -1.386294
 -1.386294 -1.386294 -1.386294 -1.386294
 -16.148624 -16.148624 -0.000000 -16.148624
 -1.386294 -1.386294 -1.386294 -1.386294
 -1.386294 -1.386294 -1.386294 -1.386294
 -16.148624 -16.148624 -16.148624 -0.000000
 -1.386294 -1.386294 -1.386294 -1.386294
 -1.386294 -1.386294 -1.386294 -1.386294
 -1.386294 -1.386294 -1.386294 -1.386294
 -1.386294 -1.386294 -1.386294 -1.386294
 -1.347298 -2.256153 -1.625078 -0.824602
 -1.160170 -1.980068 -1.659161 -1.026639
 -1.044546 -2.736210 -1.909540 -0.831985
 -1.123552 -2.055108 -1.786844 -0.969401
 -1.636345 -2.124697 -1.706963 -0.684337
 -0.956962 -2.009482 -2.065051 -1.035434
 -0.949082 -1.929907 -2.181220 -1.036093
 -0.905422 -1.951388 -1.683125 -1.317666
 -1.650446 -2.192769 -1.870686 -0.611732
 -1.048913 -2.138474 -1.779100 -1.013195
 -1.003997 -1.984823 -2.102605 -0.983378
 -1.092056 -1.845825 -1.622682 -1.173733
 -1.438316 -2.181223 -1.868351 -0.702407
 -0.883191 -2.105416 -1.830979 -1.189126
 -0.980830 -2.079438 -2.143976 -0.960211
 -1.001115 -2.116253 -1.556639 -1.199965
 -1.446919 -2.081796 -1.657640 -0.799816
 -1.297347 0.000100 0.000100 0.000100
 -1.928618 0.000100 0.000100 0.000100
 -1.666254 0.000100 0.000100 0.000100
 -0.935367 0.000100 0.000100 0.000100
 -0.736634 -1.978342 -1.770704 -1.547562
 -0.693151 -1.832577 -1.832577 -1.714795
 -1.038895 -2.382617 -0.842185 -2.094939
 -1.647177 -1.686398 -1.321756 -1.034075
 -0.827881 -1.945908 -1.834683 -1.345136
 -1.006807 -1.648656 -1.871797 -1.243194
 -1.341843 -1.586964 -1.769284 -1.011602
 -1.670061 -0.976917 -1.803591 -1.307157
 -0.000003 -13.910825 -13.910825 -13.910825
 -0.000004 -13.554151 -13.554151 -13.554151
 -0.000005 -13.235699 -13.235699 -13.235699
 -0.000003 -13.825465 -13.825465 -13.825465
 -15.050983 -15.050983 -0.000001 -15.050983
 -1.386294 -1.386294 -1.386294 -1.386294
 -1.386294 -1.386294 -1.386294 -1.386294
 -1.386294 -1.386294 -1.386294 -1.386294
 -1.386294 -1.386294 -1.386294 -1.386294
 -1.386294 -1.386294 -1.386294 -1.386294
 -15.050983 -15.050983 -0.000001 -15.050983
 -1.386294 -1.386294 -1.386294 -1.386294
 -1.386294 -1.386294 -1.386294 -1.386294
 -1.386294 -1.386294 -1.386294 -1.386294
 -15.050983 -15.050983 -15.050983 -0.000001
 -1.386294 -1.386294 -1.386294 -1.386294
 -1.386294 -1.386294 -1.386294 -1.386294
 -1.386294 -1.386294 -1.386294 -1.386294
 -1.386294 -1.386294 -1.386294 -1.386294
 -0.810204 -1.550182 -1.069957 -15.050983
 -14.240781 -14.240781 -14.240781 -0.000002
 -13.500805 -13.500805 -13.500805 -0.000004
 -13.981029 -13.981029 -13.981029 -0.000003
 -1.386294 -1.386294 -1.386294 -1.386294
 -1.386294 -1.386294 -1.386294 -1.386294
 -1.386294 -1.386294 -1.386294 -1.386294
 -1.386294 -1.386294 -1.386294 -1.386294
 -15.050983 -15.050983 -0.000001 -15.050983
 -1.386294 -1.386294 -1.386294 -1.386294
 -1.386294 -1.386294 -1.386294 -1.386294
 -15.050983 -15.050983 -15.050983 -0.000001
 -1.386294 -1.386294 -1.386294 -1.386294
 -1.386294 -1.386294 -1.386294 -1.386294
 -1.386294 -1.386294 -1.386294 -1.386294
 -1.386294 -1.386294 -1.386294 -1.386294
 -1.235472 -1.780198 -1.397990 -1.225521
 -1.660730 -1.469676 -1.108664 -1.386294
 -1.227231 -1.575535 -1.757855 -1.116006
 -1.552279 -1.307157 -1.398129 -1.307157
 -2.050167 -1.282916 -1.437066 -1.031603
 -0.837399 -1.639742 -2.007463 -1.432104
 -1.196252 -1.235472 -1.746295 -1.458615
 -1.110042 -2.174746 -0.866421 -1.992426
 -1.543686 -1.690289 -1.138222 -1.267434
 -0.712197 -2.024378 -1.890848 -1.485385
 -1.160171 -1.902103 -1.432104 -1.208961
 -1.652922 -0.987948 -1.770704 -1.324419
 -1.252764 -1.571216 -1.510591 -1.252764
 -0.835569 -1.837014 -1.682864 -1.508512
 -0.883503 -1.484274 -1.832578 -1.609437
 -1.178656 -1.689478 -1.535329 -1.229949
 -1.045125 -1.738269 -1.871799 -1.143565
