 -1.062245 0.000100 0.000100 0.000100
 -1.749457 0.000100 0.000100 0.000100
 -1.680859 0.000100 0.000100 0.000100
 -1.223364 0.000100 0.000100 0.000100
 -0.889858 -2.032920 -2.032920 -1.116631
 -0.812412 -1.834061 -1.834061 -1.441019
 -0.755847 -1.797299 -2.020441 -1.460827
 -1.630640 -1.894791 -1.612940 -0.788458
 -1.001763 -1.918052 -1.826245 -1.124365
 -0.875470 -2.484901 -2.197221 -0.944463
 -0.667173 -1.691675 -2.133506 -1.691675
 -1.241952 -2.060978 -1.417843 -1.074072
 -15.099219 -1.084857 -1.714490 -0.729823
 -14.100693 -1.019149 -1.671472 -0.796006
 -14.340241 -1.392229 -1.574550 -0.608111
 -14.943683 -1.118221 -1.707989 -0.709461
 -1.386294 -1.386294 -1.386294 -1.386294
 -14.956545 -14.956545 -0.000001 -14.956545
 -14.408839 -14.408839 -0.000002 -14.408839
 -15.379952 -15.379952 -0.000001 -15.379952
 -1.386294 -1.386294 -1.386294 -1.386294
 -1.386294 -1.386294 -1.386294 -1.386294
 -16.089697 -16.089697 -0.000000 -16.089697
 -1.386294 -1.386294 -1.386294 -1.386294
 -1.386294 -1.386294 -1.386294 -1.386294
 -1.386294 -1.386294 -1.386294 -1.386294
 -16.089697 -16.089697 -16.089697 -0.000000
 -1.386294 -1.386294 -1.386294 -1.386294
 -1.386294 -1.386294 -1.386294 -1.386294
 -1.386294 -1.386294 -1.386294 -1.386294
 -1.386294 -1.386294 -1.386294 -1.386294
 -0.619775 -4.240292 -2.004158 -1.162328
 -15.469923 -1.664461 -0.971315 -0.839047
 -11.849426 -0.847310 -1.252766 -1.252766
 -14.085541 -1.656321 -0.480750 -1.656321
 -14.927369 -1.785201 -1.184428 -0.641855
 -1.386294 -1.386294 -1.386294 -1.386294
 -14.408839 -14.408839 -0.000002 -14.408839
 -15.139931 -15.139931 -0.000001 -15.139931
 -15.238620 -15.238620 -0.000001 -15.238620
 -1.386294 -1.386294 -1.386294 -1.386294
 -1.386294 -1.386294 -1.386294 -1.386294
 -16.089697 -16.089697 -16.089697 -0.000000
 -1.386294 -1.386294 -1.386294 -1.386294
 -1.386294 -1.386294 -1.386294 -1.386294
 -1.386294 -1.386294 -1.386294 -1.386294
 -1.386294 -1.386294 -1.386294 -1.386294
 -16.089697 -16.089697 -16.089697 -0.000000
 -1.386294 -1.386294 -1.386294 -1.386294
 -1.386294 -1.386294 -1.386294 -1.386294
 -1.386294 -1.386294 -1.386294 -1.386294
 -0.846270 -1.311011 -1.199183 -16.089697
 -1.070242 -1.874202 -2.449565 -0.874031
 -0.823413 -2.390288 -2.390288 -0.973225
 -0.892681 -1.808971 -1.728928 -1.389713
 -1.386294 -1.386294 -1.386294 -1.386294
 -0.835028 -2.297306 -2.022870 -1.098612
 -1.128466 -2.079439 -2.715422 -0.723002
 -0.748209 -2.010446 -1.627455 -1.627455
 -1.569772 -1.914612 -2.157558 -0.636953
 -0.880889 -2.046941 -1.782790 -1.243794
 -1.011602 -2.087737 -1.851350 -1.034591
 -0.684918 -1.962575 -2.087737 -1.463586
 -1.693476 -1.994951 -1.794281 -0.665817
 -1.118815 0.000100 0.000100 0.000100
 -1.714798 0.000100 0.000100 0.000100
 -1.742969 0.000100 0.000100 0.000100
 -1.144656 0.000100 0.000100 0.000100
 -1.183770 -1.844126 -1.614552 -1.088460
 -1.126784 -2.043070 -1.386294 -1.216396
 -1.219974 -1.820745 -1.435084 -1.188225
 -1.491073 -1.563394 -1.725912 -0.948209
 -1.518981 -1.797693 -1.603538 -0.881404
 -1.292769 -1.580450 -2.060020 -0.936095
 -1.190728 -1.427116 -1.692818 -1.301953
 -1.556920 -1.604548 -1.734600 -0.887304
 -14.193950 -1.133460 -1.939082 -0.626899
 -13.997835 -1.491655 -1.529395 -0.582801
 -13.873783 -1.137079 -1.527944 -0.771621
 -14.639688 -1.209838 -1.440361 -0.765907
 -1.386294 -1.386294 -1.386294 -1.386294
 -14.380827 -14.380827 -0.000002 -14.380827
 -14.030625 -14.030625 -0.000002 -14.030625
 -14.914124 -14.914124 -0.000001 -14.914124
 -1.386294 -1.386294 -1.386294 -1.386294
 -1.386294 -1.386294 -1.386294 -1.386294
 -15.607271 -15.607271 -0.000001 -15.607271
 -1.386294 -1.386294 -1.386294 -1.386294
 -1.386294 -1.386294 -1.386294 -1.386294
 -1.386294 -1.386294 -1.386294 -1.386294
 -15.607271 -15.607271 -15.607271 -0.000001
 -1.386294 -1.386294 -1.386294 -1.386294
 -1.386294 -1.386294 -1.386294 -1.386294
 -1.386294 -1.386294 -1.386294 -1.386294
 -1.386294 -1.386294 -1.386294 -1.386294
 -1.853634 -1.568616 -1.576648 -0.847854
 -13.753639 -1.365241 -1.176000 -0.829724
 -14.038657 -1.190728 -1.301953 -0.858023
 -14.030625 -1.642227 -1.684786 -0.476478
 -14.759418 -1.637053 -1.329569 -0.614603
 -1.386294 -1.386294 -1.386294 -1.386294
 -14.122998 -14.122998 -0.000002 -14.122998
 -14.247295 -14.247295 -0.000002 -14.247295
 -14.946914 -14.946914 -0.000001 -14.946914
 -1.386294 -1.386294 -1.386294 -1.386294
 -1.386294 -1.386294 -1.386294 -1.386294
 -15.607271 -15.607271 -15.607271 -0.000001
 -1.386294 -1.386294 -1.386294 -1.386294
 -1.386294 -1.386294 -1.386294 -1.386294
 -1.386294 -1.386294 -1.386294 -1.386294
 -1.386294 -1.386294 -1.386294 -1.386294
 -15.607271 -15.607271 -15.607271 -0.000001
 -1.386294 -1.386294 -1.386294 -1.386294
 -1.386294 -1.386294 -1.386294 -1.386294
 -1.386294 -1.386294 -1.386294 -1.386294
 -1.267031 -1.030954 -1.017033 -15.607270
 -1.122566 -1.633391 -1.695911 -1.217876
 -1.061911 -1.652403 -1.434150 -1.494775
 -1.221014 -1.488077 -1.467874 -1.390913
 -1.386294 -1.386294 -1.386294 -1.386294
 -0.868242 -2.171645 -1.736329 -1.237339
 -1.098613 -1.593308 -2.039593 -1.098613
 -0.931559 -1.838278 -1.356441 -1.663925
 -1.310309 -1.468532 -1.805003 -1.092056
 -1.165946 -1.904901 -1.400346 -1.227504
 -1.108369 -1.690289 -1.801514 -1.138222
 -1.433251 -1.918757 -1.433251 -0.977777
 -1.895194 -1.464412 -1.346629 -1.026158
