 -1.057649 0.000100 0.000100 0.000100
 -1.746722 0.000100 0.000100 0.000100
 -1.933934 0.000100 0.000100 0.000100
 -1.097196 0.000100 0.000100 0.000100
 -0.979470 -1.812378 -2.100060 -1.082418
 -0.717841 -1.949982 -2.008823 -1.444888
 -0.645292 -1.629240 -2.182623 -1.791759
 -1.520129 -1.590510 -1.580147 -0.990072
 -1.088932 -1.951763 -1.965557 -0.964109
 -0.982159 -1.999091 -1.999091 -1.036817
 -0.766173 -1.372308 -2.142414 -1.805943
 -1.274947 -1.836631 -1.593401 -1.027313
 -15.398605 -1.058366 -1.897804 -0.687006
 -14.648421 -0.995429 -1.566878 -0.863369
 -14.599414 -1.214685 -1.538924 -0.716244
 -15.373656 -1.100720 -1.620020 -0.756143
 -1.386294 -1.386294 -1.386294 -1.386294
 -15.377858 -15.377858 -0.000001 -15.377858
 -14.778687 -14.778687 -0.000001 -14.778687
 -15.720599 -15.720599 -0.000000 -15.720599
 -1.386294 -1.386294 -1.386294 -1.386294
 -1.386294 -1.386294 -1.386294 -1.386294
 -16.462395 -16.462395 -0.000000 -16.462395
 -1.386294 -1.386294 -1.386294 -1.386294
 -1.386294 -1.386294 -1.386294 -1.386294
 -1.386294 -1.386294 -1.386294 -1.386294
 -16.462395 -16.462395 -16.462395 -0.000000
 -1.386294 -1.386294 -1.386294 -1.386294
 -1.386294 -1.386294 -1.386294 -1.386294
 -1.386294 -1.386294 -1.386294 -1.386294
 -1.386294 -1.386294 -1.386294 -1.386294
 -0.617421 -4.612990 -0.943956 -2.786145
 -0.000000 -15.844975 -15.844975 -15.844975
 -0.000021 -11.849426 -11.849426 -11.849426
 -0.000001 -15.518439 -15.518439 -15.518439
 -0.000003 -13.676253 -13.676253 -13.676253
 -16.462395 -16.462395 -0.000000 -16.462395
 -1.386294 -1.386294 -1.386294 -1.386294
 -1.386294 -1.386294 -1.386294 -1.386294
 -1.386294 -1.386294 -1.386294 -1.386294
 -1.386294 -1.386294 -1.386294 -1.386294
 -1.386294 -1.386294 -1.386294 -1.386294
 -16.462395 -0.000000 -16.462395 -16.462395
 -1.386294 -1.386294 -1.386294 -1.386294
 -1.386294 -1.386294 -1.386294 -1.386294
 -1.051545 -2.170649 -2.010307 -0.909933
 -1.386294 -1.386294 -1.386294 -1.386294
 -1.386294 -1.386294 -1.386294 -1.386294
 -1.176629 -1.896443 -1.806059 -0.974763
 -1.074072 -1.749199 -2.248188 -0.970531
 -1.198696 -1.745239 -1.413106 -1.271455
 -1.546331 -2.122613 -1.923280 -0.651762
 -1.109056 -1.910191 -2.169052 -0.896998
 -1.036540 -1.879218 -2.479989 -0.894366
 -0.982299 -1.711377 -1.574802 -1.435966
 -1.636650 -2.127560 -2.046435 -0.585106
 -1.014731 -1.913926 -1.984131 -1.042705
 -1.021652 -2.040219 -2.040219 -0.967585
 -0.813637 -2.001478 -1.693995 -1.436166
 -1.785390 -2.082641 -2.190854 -0.517772
 -0.883421 -2.172772 -1.767308 -1.197394
 -0.987947 -2.240707 -1.940603 -0.973763
 -0.813637 -1.962258 -1.665007 -1.482686
 -1.569247 -1.997701 -1.908754 -0.677498
 -1.189727 0.000100 0.000100 0.000100
 -1.681008 0.000100 0.000100 0.000100
 -1.608437 0.000100 0.000100 0.000100
 -1.173414 0.000100 0.000100 0.000100
 -1.286211 -1.765783 -1.298187 -1.274377
 -0.991641 -1.893541 -1.614828 -1.274503
 -1.272966 -1.272966 -1.537117 -1.491655
 -1.707989 -1.389536 -1.470661 -1.079381
 -1.248997 -1.866157 -1.667706 -0.994763
 -1.469472 -1.697730 -1.750373 -0.883956
 -1.328187 -1.563501 -1.466337 -1.221215
 -1.616431 -1.747459 -1.516347 -0.897309
 -14.707510 -1.140460 -1.913648 -0.629635
 -14.397728 -1.060252 -1.891547 -0.687577
 -14.528462 -1.275069 -1.680533 -0.626773
 -15.129235 -1.131402 -1.601406 -0.742745
 -1.386294 -1.386294 -1.386294 -1.386294
 -14.969243 -14.969243 -0.000001 -14.969243
 -14.380827 -14.380827 -0.000002 -14.380827
 -15.436878 -15.436878 -0.000001 -15.436878
 -1.386294 -1.386294 -1.386294 -1.386294
 -1.386294 -1.386294 -1.386294 -1.386294
 -16.117096 -16.117096 -0.000000 -16.117096
 -1.386294 -1.386294 -1.386294 -1.386294
 -1.386294 -1.386294 -1.386294 -1.386294
 -1.386294 -1.386294 -1.386294 -1.386294
 -16.117096 -16.117096 -16.117096 -0.000000
 -1.386294 -1.386294 -1.386294 -1.386294
 -1.386294 -1.386294 -1.386294 -1.386294
 -1.386294 -1.386294 -1.386294 -1.386294
 -1.386294 -1.386294 -1.386294 -1.386294
 -1.936941 -1.092624 -1.107662 -1.659731
 -0.000002 -14.180157 -14.180157 -14.180157
 -0.000001 -15.024472 -15.024472 -15.024472
 -0.000001 -15.009434 -15.009434 -15.009434
 -0.000002 -14.457367 -14.457367 -14.457367
 -16.117096 -16.117096 -0.000000 -16.117096
 -1.386294 -1.386294 -1.386294 -1.386294
 -1.386294 -1.386294 -1.386294 -1.386294
 -1.386294 -1.386294 -1.386294 -1.386294
 -1.386294 -1.386294 -1.386294 -1.386294
 -1.386294 -1.386294 -1.386294 -1.386294
 -16.117096 -0.000000 -16.117096 -16.117096
 -1.386294 -1.386294 -1.386294 -1.386294
 -1.386294 -1.386294 -1.386294 -1.386294
 -1.113741 -1.536117 -1.889475 -1.186443
 -1.386294 -1.386294 -1.386294 -1.386294
 -1.386294 -1.386294 -1.386294 -1.386294
 -0.925480 -1.964371 -1.423566 -1.502554
 -0.951798 -2.003341 -1.419394 -1.438812
 -0.906407 -1.881784 -1.406362 -1.616082
 -1.712978 -1.363603 -1.095339 -1.471816
 -1.113927 -1.753006 -1.341710 -1.439349
 -1.043350 -1.769286 -1.532897 -1.341843
 -1.203973 -1.573070 -1.555370 -1.267689
 -1.748084 -1.519825 -1.192139 -1.192139
 -1.044909 -1.699589 -1.738055 -1.239064
 -0.980830 -2.121999 -1.568616 -1.214444
 -1.098613 -1.756252 -1.312760 -1.492101
 -1.806797 -1.678963 -1.172147 -1.080128
 -0.903090 -1.815289 -1.681758 -1.403045
 -0.955512 -1.871801 -1.546379 -1.392229
 -1.053981 -1.656155 -1.495813 -1.441746
 -1.878770 -1.488573 -1.400281 -0.980830
