 -1.183265 0.000100 0.000100 0.000100
 -1.791759 0.000100 0.000100 0.000100
 -1.759808 0.000100 0.000100 0.000100
 -1.035699 0.000100 0.000100 0.000100
 -1.156811 -2.034528 -1.585004 -1.050327
 -0.642505 -2.041218 -1.741115 -1.778855
 -0.764840 -1.890849 -1.667706 -1.634916
 -1.603359 -1.698669 -1.350362 -1.030840
 -0.900291 -1.182696 -1.562185 -2.558516
 -0.774374 -1.422399 -1.652922 -2.240706
 -0.832410 -1.021652 -1.687399 -3.912000
 -1.717651 -0.734275 -1.404779 -2.351373
 -0.000001 -15.000301 -15.000301 -15.000301
 -0.000001 -15.015476 -15.015476 -15.015476
 -0.000002 -14.488457 -14.488457 -14.488457
 -0.000004 -13.444452 -13.444452 -13.444452
 -16.039053 -16.039053 -0.000000 -16.039053
 -1.386294 -1.386294 -1.386294 -1.386294
 -1.386294 -1.386294 -1.386294 -1.386294
 -1.386294 -1.386294 -1.386294 -1.386294
 -1.386294 -1.386294 -1.386294 -1.386294
 -1.386294 -1.386294 -1.386294 -1.386294
 -16.039053 -16.039053 -0.000000 -16.039053
 -1.386294 -1.386294 -1.386294 -1.386294
 -1.386294 -1.386294 -1.386294 -1.386294
 -1.386294 -1.386294 -1.386294 -1.386294
 -16.039053 -16.039053 -16.039053 -0.000000
 -1.386294 -1.386294 -1.386294 -1.386294
 -1.386294 -1.386294 -1.386294 -1.386294
 -1.386294 -1.386294 -1.386294 -1.386294
 -1.386294 -1.386294 -1.386294 -1.386294
 -0.000000 -16.039053 -16.039053 -16.039053
 -16.039053 -1.778856 -1.035699 -0.741938
 -1.386294 -1.386294 -1.386294 -1.386294
 -1.386294 -1.386294 -1.386294 -1.386294
 -1.386294 -1.386294 -1.386294 -1.386294
 -1.386294 -1.386294 -1.386294 -1.386294
 -14.260199 -14.260199 -0.000002 -14.260199
 -15.003355 -15.003355 -0.000001 -15.003355
 -15.297116 -15.297116 -0.000001 -15.297116
 -1.386294 -1.386294 -1.386294 -1.386294
 -1.386294 -1.386294 -1.386294 -1.386294
 -0.000000 -16.039053 -16.039053 -16.039053
 -1.386294 -1.386294 -1.386294 -1.386294
 -0.907134 -2.243744 -1.968899 -1.047969
 -1.386294 -1.386294 -1.386294 -1.386294
 -1.386294 -1.386294 -1.386294 -1.386294
 -1.386294 -1.386294 -1.386294 -1.386294
 -0.815633 -2.092936 -2.283991 -1.101297
 -0.823769 -2.975514 -2.187067 -0.921407
 -1.009666 -2.151759 -2.374901 -0.852480
 -1.361903 -2.225394 -2.379544 -0.610260
 -0.881404 -2.185458 -2.038855 -1.069456
 -0.951560 -2.217220 -2.417889 -0.877452
 -0.873275 -1.871799 -1.945907 -1.252764
 -1.645617 -2.421001 -2.105149 -0.516766
 -1.147573 -1.851530 -2.016610 -0.935241
 -1.119233 -1.694594 -2.100057 -1.001450
 -1.022627 -1.600703 -1.440361 -1.600703
 -1.619030 -2.209228 -1.848216 -0.626225
 -0.995665 -2.051715 -2.259354 -0.922334
 -1.335001 -1.845825 -2.057133 -0.796006
 -1.119666 -1.925289 -1.306252 -1.358895
 -1.709785 -2.035207 -1.752345 -0.663443
 -1.301642 0.000100 0.000100 0.000100
 -2.090097 0.000100 0.000100 0.000100
 -1.795299 0.000100 0.000100 0.000100
 -0.825166 0.000100 0.000100 0.000100
 -1.124931 -1.778854 -1.124931 -1.704746
 -0.610915 -2.456714 -1.358124 -2.169040
 -1.211092 -2.240698 -1.211092 -1.211092
 -1.729238 -1.929907 -1.386294 -0.849991
 -0.948041 -1.609437 -1.742967 -1.437587
 -1.360977 -1.265668 -2.277252 -1.024507
 -1.373716 -1.373716 -2.066858 -1.002154
 -2.363202 -0.704984 -2.140061 -1.223776
 -0.000004 -13.444452 -13.444452 -13.444452
 -0.000003 -13.698981 -13.698981 -13.698981
 -0.000008 -12.847937 -12.847937 -12.847937
 -0.000003 -13.676253 -13.676253 -13.676253
 -14.855788 -14.855788 -0.000001 -14.855788
 -1.386294 -1.386294 -1.386294 -1.386294
 -1.386294 -1.386294 -1.386294 -1.386294
 -1.386294 -1.386294 -1.386294 -1.386294
 -1.386294 -1.386294 -1.386294 -1.386294
 -1.386294 -1.386294 -1.386294 -1.386294
 -14.855788 -14.855788 -0.000001 -14.855788
 -1.386294 -1.386294 -1.386294 -1.386294
 -1.386294 -1.386294 -1.386294 -1.386294
 -1.386294 -1.386294 -1.386294 -1.386294
 -14.855788 -14.855788 -14.855788 -0.000001
 -1.386294 -1.386294 -1.386294 -1.386294
 -1.386294 -1.386294 -1.386294 -1.386294
 -1.386294 -1.386294 -1.386294 -1.386294
 -1.386294 -1.386294 -1.386294 -1.386294
 -0.000001 -14.855788 -14.855788 -14.855788
 -14.855788 -1.411340 -1.455792 -0.648235
 -1.386294 -1.386294 -1.386294 -1.386294
 -1.386294 -1.386294 -1.386294 -1.386294
 -1.386294 -1.386294 -1.386294 -1.386294
 -1.386294 -1.386294 -1.386294 -1.386294
 -13.444452 -13.444452 -0.000004 -13.444452
 -13.400002 -13.400002 -0.000005 -13.400002
 -14.207556 -14.207556 -0.000002 -14.207556
 -1.386294 -1.386294 -1.386294 -1.386294
 -1.386294 -1.386294 -1.386294 -1.386294
 -0.000001 -14.855788 -14.855788 -14.855788
 -1.386294 -1.386294 -1.386294 -1.386294
 -0.963316 -1.795299 -1.518312 -1.455792
 -1.386294 -1.386294 -1.386294 -1.386294
 -1.386294 -1.386294 -1.386294 -1.386294
 -1.386294 -1.386294 -1.386294 -1.386294
 -1.098613 -2.379540 -1.504077 -1.044546
 -1.016937 -1.770702 -1.652920 -1.285199
 -1.354546 -1.354546 -1.354546 -1.488076
 -1.417066 -1.624704 -1.356442 -1.193923
 -0.753774 -1.803591 -2.140061 -1.398129
 -1.077561 -1.452252 -1.770702 -1.365241
 -1.193923 -1.791756 -1.992425 -0.931560
 -1.351609 -1.877699 -1.552279 -0.976917
 -0.823769 -2.100057 -1.751752 -1.326871
 -0.847301 -2.282371 -1.945904 -1.119233
 -1.321756 -1.167607 -1.609436 -1.504076
 -1.109663 -1.945907 -1.738269 -1.045125
 -1.197704 -1.773066 -1.485385 -1.197704
 -1.219242 -1.076142 -2.174741 -1.386294
 -1.252764 -1.694593 -1.589233 -1.119234
 -1.435084 -1.252764 -1.722765 -1.211942
