 -1.026527 0.000100 0.000100 0.000100
 -1.847849 0.000100 0.000100 0.000100
 -1.856433 0.000100 0.000100 0.000100
 -1.114906 0.000100 0.000100 0.000100
 -0.869472 -2.405441 -2.028147 -1.024370
 -0.701732 -2.410796 -1.989584 -1.280934
 -0.563936 -2.227859 -2.188639 -1.554917
 -1.733917 -2.127820 -1.553535 -0.707626
 -1.004445 -2.032105 -1.928115 -1.029261
 -1.016548 -2.133506 -1.805003 -1.034897
 -0.751071 -1.453434 -2.110211 -1.753538
 -1.257361 -2.038105 -1.646825 -0.934810
 -15.469923 -1.289768 -1.505991 -0.687428
 -14.585621 -1.084819 -1.637608 -0.760159
 -14.686806 -1.172399 -1.812901 -0.640182
 -15.438852 -1.122566 -1.546380 -0.773190
 -1.386294 -1.386294 -1.386294 -1.386294
 -15.332834 -15.332834 -0.000001 -15.332834
 -14.930654 -14.930654 -0.000001 -14.930654
 -15.795133 -15.795133 -0.000000 -15.795133
 -1.386294 -1.386294 -1.386294 -1.386294
 -1.386294 -1.386294 -1.386294 -1.386294
 -16.513512 -16.513512 -0.000000 -16.513512
 -1.386294 -1.386294 -1.386294 -1.386294
 -1.386294 -1.386294 -1.386294 -1.386294
 -1.386294 -1.386294 -1.386294 -1.386294
 -16.513510 -16.513510 -16.513510 -0.000000
 -1.386294 -1.386294 -1.386294 -1.386294
 -1.386294 -1.386294 -1.386294 -1.386294
 -1.386294 -1.386294 -1.386294 -1.386294
 -1.386294 -1.386294 -1.386294 -1.386294
 -0.767929 -4.125113 -1.994902 -0.957534
 -15.745583 -1.511361 -1.001852 -0.886267
 -12.388411 -0.780166 -1.386294 -1.232146
 -14.518610 -1.724748 -0.425467 -1.781906
 -15.555978 -1.447796 -1.027517 -0.898899
 -1.386294 -1.386294 -1.386294 -1.386294
 -15.018484 -15.018484 -0.000001 -15.018484
 -15.598903 -15.598903 -0.000001 -15.598903
 -15.532907 -15.532907 -0.000001 -15.532907
 -1.386294 -1.386294 -1.386294 -1.386294
 -1.386294 -1.386294 -1.386294 -1.386294
 -16.513510 -16.513510 -16.513510 -0.000000
 -1.386294 -1.386294 -1.386294 -1.386294
 -1.386294 -1.386294 -1.386294 -1.386294
 -1.386294 -1.386294 -1.386294 -1.386294
 -1.386294 -1.386294 -1.386294 -1.386294
 -16.513510 -16.513510 -16.513510 -0.000000
 -1.386294 -1.386294 -1.386294 -1.386294
 -1.386294 -1.386294 -1.386294 -1.386294
 -1.386294 -1.386294 -1.386294 -1.386294
 -16.513510 -16.513510 -16.513510 -0.000000
 -1.386294 -1.386294 -1.386294 -1.386294
 -1.386294 -1.386294 -1.386294 -1.386294
 -1.386294 -1.386294 -1.386294 -1.386294
 -1.985050 -2.203303 -2.312737 -0.425874
 -1.014055 -2.427745 -1.884132 -0.923672
 -1.074515 -2.008822 -2.266650 -0.865761
 -0.713768 -2.282378 -1.658227 -1.524696
 -1.821050 -2.073275 -2.213856 -0.505684
 -0.839898 -2.482123 -1.788977 -1.147124
 -0.899484 -2.180415 -2.131625 -1.017267
 -0.847299 -1.945909 -1.770018 -1.353859
 -1.638540 -2.188139 -1.846696 -0.623894
 -1.220220 0.000100 0.000100 0.000100
 -1.966476 0.000100 0.000100 0.000100
 -1.617100 0.000100 0.000100 0.000100
 -1.003997 0.000100 0.000100 0.000100
 -1.090029 -2.450999 -1.457753 -1.064712
 -1.174121 -1.442383 -1.174121 -1.927886
 -1.137834 -1.717649 -1.791757 -1.098614
 -1.473305 -1.791758 -2.136597 -0.721319
 -1.440361 -1.558144 -1.740465 -0.974999
 -1.277661 -1.712976 -1.402823 -1.220503
 -1.531476 -1.596014 -1.213024 -1.259543
 -1.673975 -2.079439 -1.711716 -0.679355
 -13.676253 -1.470176 -1.421386 -0.637269
 -13.429854 -1.128467 -1.446919 -0.818313
 -13.629186 -1.423108 -1.528468 -0.612181
 -14.253768 -1.642227 -1.488077 -0.543617
 -1.386294 -1.386294 -1.386294 -1.386294
 -13.732133 -13.732133 -0.000003 -13.732133
 -13.710155 -13.710155 -0.000003 -13.710155
 -14.562201 -14.562201 -0.000001 -14.562201
 -1.386294 -1.386294 -1.386294 -1.386294
 -1.386294 -1.386294 -1.386294 -1.386294
 -15.184151 -15.184151 -0.000001 -15.184151
 -1.386294 -1.386294 -1.386294 -1.386294
 -1.386294 -1.386294 -1.386294 -1.386294
 -1.386294 -1.386294 -1.386294 -1.386294
 -15.184151 -15.184151 -15.184151 -0.000001
 -1.386294 -1.386294 -1.386294 -1.386294
 -1.386294 -1.386294 -1.386294 -1.386294
 -1.386294 -1.386294 -1.386294 -1.386294
 -1.386294 -1.386294 -1.386294 -1.386294
 -1.507901 -1.507901 -1.579360 -1.046556
 -13.676253 -1.207812 -1.031922 -1.064712
 -13.676253 -1.207812 -0.854992 -1.287855
 -13.604795 -1.561235 -1.450010 -0.587789
 -14.137597 -1.526056 -1.166054 -0.752868
 -1.386294 -1.386294 -1.386294 -1.386294
 -13.805464 -13.805464 -0.000003 -13.805464
 -14.077878 -14.077878 -0.000002 -14.077878
 -14.310209 -14.310209 -0.000002 -14.310209
 -1.386294 -1.386294 -1.386294 -1.386294
 -1.386294 -1.386294 -1.386294 -1.386294
 -15.184151 -15.184151 -15.184151 -0.000001
 -1.386294 -1.386294 -1.386294 -1.386294
 -1.386294 -1.386294 -1.386294 -1.386294
 -1.386294 -1.386294 -1.386294 -1.386294
 -1.386294 -1.386294 -1.386294 -1.386294
 -15.184151 -15.184151 -15.184151 -0.000001
 -1.386294 -1.386294 -1.386294 -1.386294
 -1.386294 -1.386294 -1.386294 -1.386294
 -1.386294 -1.386294 -1.386294 -1.386294
 -15.184151 -15.184151 -15.184151 -0.000001
 -1.386294 -1.386294 -1.386294 -1.386294
 -1.386294 -1.386294 -1.386294 -1.386294
 -1.386294 -1.386294 -1.386294 -1.386294
 -2.003517 -1.630004 -1.579360 -0.769803
 -0.974562 -1.485384 -1.890845 -1.405342
 -1.011603 -1.510591 -2.264357 -1.165753
 -1.216396 -1.909539 -1.175574 -1.398717
 -1.802808 -1.442806 -1.836710 -0.821981
 -0.753774 -2.545523 -1.916920 -1.190986
 -1.029621 -1.791757 -1.486377 -1.386294
 -0.952660 -2.051265 -1.252764 -1.609436
 -1.587776 -1.552685 -1.454245 -1.048781
