 -1.040202 0.000100 0.000100 0.000100
 -1.782405 0.000100 0.000100 0.000100
 -1.738682 0.000100 0.000100 0.000100
 -1.195239 0.000100 0.000100 0.000100
 -0.646386 -1.770705 -2.266026 -1.598855
 -0.744736 -1.855180 -2.297011 -1.316185
 -0.567671 -1.647589 -2.012231 -2.235373
 -1.470486 -1.405104 -1.967888 -0.954270
 -0.493658 -2.041219 -1.646928 -2.701575
 -0.596521 -1.695132 -1.898730 -2.154663
 -0.701054 -1.625310 -1.548350 -2.359275
 -1.247182 -1.286922 -1.371479 -1.699166
 -0.272867 -2.206596 -2.988294 -2.546463
 -0.327378 -2.238678 -2.510611 -2.392828
 -0.289235 -2.074799 -2.731575 -2.805683
 -0.841569 -1.618095 -2.450999 -1.257083
 -0.454617 -2.664340 -15.844975 -1.218533
 -0.619041 -2.469633 -14.077878 -0.975715
 -0.443496 -2.412922 -13.415039 -1.314321
 -1.572396 -1.718999 -13.873783 -0.489054
 -15.636829 -15.636829 -0.000000 -15.636829
 -13.698981 -13.698981 -0.000003 -13.698981
 -1.386294 -1.386294 -1.386294 -1.386294
 -15.088078 -15.088078 -0.000001 -15.088078
 -1.386294 -1.386294 -1.386294 -1.386294
 -1.386294 -1.386294 -1.386294 -1.386294
 -16.180132 -16.180132 -16.180132 -0.000000
 -1.386294 -1.386294 -1.386294 -1.386294
 -1.386294 -1.386294 -1.386294 -1.386294
 -1.386294 -1.386294 -1.386294 -1.386294
 -1.386294 -1.386294 -1.386294 -1.386294
 -0.000000 -16.180132 -16.180132 -16.180132
 -16.180132 -1.276059 -1.484994 -0.704490
 -1.386294 -1.386294 -1.386294 -1.386294
 -1.386294 -1.386294 -1.386294 -1.386294
 -1.386294 -1.386294 -1.386294 -1.386294
 -1.386294 -1.386294 -1.386294 -1.386294
 -0.803384 -2.167370 -14.904074 -0.826198
 -0.656484 -2.349300 -14.695139 -0.952198
 -1.050366 -2.222249 -15.475642 -0.612812
 -1.399962 -2.179286 -1.684590 -0.788005
 -1.403994 -2.171245 -1.740465 -0.765908
 -1.386294 -1.386294 -1.386294 -1.386294
 -2.087346 -2.380332 -1.741845 -0.497141
 -0.967585 -2.162821 -1.832580 -1.064211
 -0.962812 -2.397889 -2.135527 -0.893819
 -1.191831 -2.419056 -2.479681 -0.647104
 -1.545788 -2.174396 -2.084784 -0.599939
 -1.017531 -2.224622 -2.745917 -0.763106
 -0.907558 -2.171245 -2.656748 -0.886052
 -0.732064 -1.984823 -2.477296 -1.211636
 -1.716286 -2.100698 -2.452918 -0.491261
 -0.974399 -2.181223 -2.369274 -0.876760
 -1.059998 -1.708692 -2.898266 -0.873896
 -0.863495 -2.221610 -2.472921 -0.953106
 -1.673976 -2.124561 -2.427747 -0.502892
 -0.693148 -2.561596 -2.329795 -1.122383
 -0.805266 -1.704747 -2.685569 -1.193923
 -0.927342 -2.208269 -2.313628 -0.927342
 -1.681988 -1.940400 -2.153974 -0.589999
 -0.887718 -2.059354 -2.082343 -1.089954
 -0.778142 -2.072058 -2.708042 -1.055128
 -0.829281 -2.215569 -1.756040 -1.266494
 -1.526478 -1.870747 -2.209963 -0.655876
 -1.163137 0.000100 0.000100 0.000100
 -1.723145 0.000100 0.000100 0.000100
 -1.714169 0.000100 0.000100 0.000100
 -1.112067 0.000100 0.000100 0.000100
 -0.849128 -2.034561 -1.828824 -1.269856
 -1.033685 -1.886462 -1.903412 -1.068161
 -1.082140 -1.833407 -1.642365 -1.178497
 -1.537612 -1.746928 -1.739783 -0.831859
 -0.933215 -1.858881 -1.717044 -1.304643
 -1.018181 -1.635963 -1.756666 -1.304292
 -1.161314 -1.772327 -1.764157 -1.062307
 -1.279094 -1.745308 -1.675605 -1.021861
 -1.037599 -1.302991 -2.002311 -1.431480
 -1.034333 -1.683637 -1.645477 -1.324564
 -1.086089 -1.651524 -1.591452 -1.320212
 -1.532564 -1.568994 -1.650573 -0.957570
 -0.829832 -1.873579 -19.679369 -0.890856
 -0.885694 -1.581894 -19.355165 -0.962369
 -0.840926 -1.794610 -19.115078 -0.910068
 -1.506042 -1.584800 -19.633692 -0.556477
 -19.854622 -19.854622 0.000000 -19.854622
 -19.156120 -19.156120 0.000000 -19.156120
 -1.386294 -1.386294 -1.386294 -1.386294
 -20.059910 -20.059910 0.000000 -20.059910
 -1.386294 -1.386294 -1.386294 -1.386294
 -1.386294 -1.386294 -1.386294 -1.386294
 -20.857166 -20.857166 -20.857166 0.000000
 -1.386294 -1.386294 -1.386294 -1.386294
 -1.386294 -1.386294 -1.386294 -1.386294
 -1.386294 -1.386294 -1.386294 -1.386294
 -1.386294 -1.386294 -1.386294 -1.386294
 0.000000 -20.857166 -20.857166 -20.857166
 -20.857166 -1.211535 -1.367097 -0.804270
 -1.386294 -1.386294 -1.386294 -1.386294
 -1.386294 -1.386294 -1.386294 -1.386294
 -1.386294 -1.386294 -1.386294 -1.386294
 -1.386294 -1.386294 -1.386294 -1.386294
 -0.885341 -1.475081 -19.645632 -1.025363
 -0.895604 -1.580215 -19.490070 -0.952674
 -1.367777 -1.491933 -20.052896 -0.653176
 -1.012275 -1.805688 -1.887645 -1.136878
 -1.083194 -1.602268 -1.716940 -1.271419
 -1.386294 -1.386294 -1.386294 -1.386294
 -1.725046 -1.557122 -1.666376 -0.862364
 -0.999812 -1.703059 -1.811644 -1.249876
 -1.118166 -1.551557 -1.704816 -1.275119
 -1.166160 -1.622486 -1.707717 -1.171982
 -1.675426 -1.559889 -1.681476 -0.875837
 -0.922753 -1.885700 -1.940417 -1.180225
 -1.035438 -1.715162 -1.917612 -1.145587
 -1.064014 -1.747814 -1.653196 -1.240151
 -1.538813 -1.674968 -1.676500 -0.889107
 -0.928679 -1.855705 -1.796663 -1.263261
 -0.997059 -1.686248 -1.899899 -1.216585
 -1.077311 -1.737549 -1.743507 -1.175603
 -1.478803 -1.701777 -1.641070 -0.926448
 -1.000387 -1.722319 -1.764708 -1.264520
 -1.009951 -1.741041 -1.636831 -1.324899
 -1.067690 -1.698237 -1.626721 -1.285113
 -1.538101 -1.637068 -1.517702 -0.990349
 -0.949801 -1.804791 -1.742837 -1.295905
 -0.998570 -1.722633 -1.798052 -1.246958
 -1.060027 -1.652371 -1.703898 -1.273017
 -1.526062 -1.643289 -1.604929 -0.945815
