 -1.097837 0.000100 0.000100 0.000100
 -1.963125 0.000100 0.000100 0.000100
 -1.883507 0.000100 0.000100 0.000100
 -0.983678 0.000100 0.000100 0.000100
 -1.053150 -1.707076 -1.632968 -1.293101
 -0.779657 -2.107452 -1.866291 -1.327296
 -0.778306 -1.540445 -1.982276 -1.667196
 -1.582824 -1.712036 -1.310410 -1.065957
 -0.933018 -1.096246 -1.534146 -2.866948
 -0.751592 -1.274839 -1.696052 -2.725667
 -0.782528 -1.117375 -1.551660 -5.594613
 -1.606731 -0.712300 -1.444888 -2.614957
 -0.000001 -15.365199 -15.365199 -15.365199
 -0.000001 -15.371549 -15.371549 -15.371549
 -0.000001 -14.834359 -14.834359 -14.834359
 -0.000004 -13.415039 -13.415039 -13.415039
 -16.371964 -16.371964 -0.000000 -16.371964
 -1.386294 -1.386294 -1.386294 -1.386294
 -1.386294 -1.386294 -1.386294 -1.386294
 -1.386294 -1.386294 -1.386294 -1.386294
 -1.386294 -1.386294 -1.386294 -1.386294
 -1.386294 -1.386294 -1.386294 -1.386294
 -16.371964 -16.371964 -0.000000 -16.371964
 -1.386294 -1.386294 -1.386294 -1.386294
 -1.386294 -1.386294 -1.386294 -1.386294
 -1.386294 -1.386294 -1.386294 -1.386294
 -16.371964 -16.371964 -16.371964 -0.000000
 -1.386294 -1.386294 -1.386294 -1.386294
 -1.386294 -1.386294 -1.386294 -1.386294
 -1.386294 -1.386294 -1.386294 -1.386294
 -1.386294 -1.386294 -1.386294 -1.386294
 -0.000000 -16.371964 -16.371964 -16.371964
 -0.000000 -16.371964 -16.371964 -16.371964
 -1.386294 -1.386294 -1.386294 -1.386294
 -1.386294 -1.386294 -1.386294 -1.386294
 -1.386294 -1.386294 -1.386294 -1.386294
 -0.719082 -2.086448 -16.371964 -0.945016
 -1.386294 -1.386294 -1.386294 -1.386294
 -1.386294 -1.386294 -1.386294 -1.386294
 -1.386294 -1.386294 -1.386294 -1.386294
 -0.949479 -1.942730 -2.592391 -0.929112
 -0.980830 -2.302581 -2.184799 -0.885520
 -1.386294 -1.386294 -1.386294 -1.386294
 -1.388292 -2.387963 -2.750868 -0.519513
 -0.871738 -2.107878 -2.562613 -0.959257
 -1.195240 -1.932836 -2.384819 -0.775386
 -1.207416 -1.396657 -2.782939 -0.937126
 -1.884132 -2.212039 -2.545530 -0.415318
 -15.059667 -15.059667 -15.059667 -0.000001
 -14.316288 -14.316288 -14.316288 -0.000002
 -13.825465 -13.825465 -13.825465 -0.000003
 -15.726534 -15.726534 -15.726534 -0.000000
 -1.386294 -1.386294 -1.386294 -1.386294
 -1.386294 -1.386294 -1.386294 -1.386294
 -1.386294 -1.386294 -1.386294 -1.386294
 -0.788302 -1.393301 -1.213587 -16.371964
 -1.055200 -2.003871 -1.895983 -1.002682
 -0.819562 -2.054748 -1.876500 -1.279685
 -0.727680 -2.163844 -1.699539 -1.517218
 -1.386294 -1.386294 -1.386294 -1.386294
 -0.747424 -2.321632 -2.083221 -1.191473
 -0.769134 -2.055342 -2.266650 -1.187844
 -0.810931 -2.113841 -1.669157 -1.400893
 -1.316615 -2.247432 -2.110857 -0.682891
 -1.518859 0.000100 0.000100 0.000100
 -2.161743 0.000100 0.000100 0.000100
 -2.050518 0.000100 0.000100 0.000100
 -0.621300 0.000100 0.000100 0.000100
 -1.108976 -1.802120 -1.207416 -1.578978
 -0.936096 -1.629238 -2.140057 -1.223777
 -1.152681 -1.963604 -1.047321 -1.645154
 -2.294214 -1.622123 -1.916921 -0.589470
 -0.987948 -1.770704 -1.770704 -1.247458
 -1.621859 -0.960464 -1.504077 -1.621859
 -1.609437 -1.321756 -1.408767 -1.241714
 -1.923685 -0.596817 -2.237342 -1.626435
 -0.000003 -13.764221 -13.764221 -13.764221
 -0.000002 -14.340241 -14.340241 -14.340241
 -0.000004 -13.527834 -13.527834 -13.527834
 -0.000003 -13.854735 -13.854735 -13.854735
 -15.303911 -15.303911 -0.000001 -15.303911
 -1.386294 -1.386294 -1.386294 -1.386294
 -1.386294 -1.386294 -1.386294 -1.386294
 -1.386294 -1.386294 -1.386294 -1.386294
 -1.386294 -1.386294 -1.386294 -1.386294
 -1.386294 -1.386294 -1.386294 -1.386294
 -15.303911 -15.303911 -0.000001 -15.303911
 -1.386294 -1.386294 -1.386294 -1.386294
 -1.386294 -1.386294 -1.386294 -1.386294
 -1.386294 -1.386294 -1.386294 -1.386294
 -15.303911 -15.303911 -15.303911 -0.000001
 -1.386294 -1.386294 -1.386294 -1.386294
 -1.386294 -1.386294 -1.386294 -1.386294
 -1.386294 -1.386294 -1.386294 -1.386294
 -1.386294 -1.386294 -1.386294 -1.386294
 -0.000001 -15.303911 -15.303911 -15.303911
 -0.000001 -15.303911 -15.303911 -15.303911
 -1.386294 -1.386294 -1.386294 -1.386294
 -1.386294 -1.386294 -1.386294 -1.386294
 -1.386294 -1.386294 -1.386294 -1.386294
 -0.940278 -1.265256 -15.303911 -1.116836
 -1.386294 -1.386294 -1.386294 -1.386294
 -1.386294 -1.386294 -1.386294 -1.386294
 -1.386294 -1.386294 -1.386294 -1.386294
 -0.849227 -1.464412 -2.262917 -1.439719
 -0.916292 -1.570217 -2.120260 -1.301953
 -1.386294 -1.386294 -1.386294 -1.386294
 -1.480226 -1.575536 -2.204142 -0.787080
 -0.793567 -1.724040 -2.060511 -1.418660
 -1.098613 -1.619908 -1.791757 -1.197053
 -1.252764 -1.252764 -1.812374 -1.326871
 -1.422399 -2.115544 -2.004318 -0.686081
 -14.227623 -14.227623 -14.227623 -0.000002
 -13.567055 -13.567055 -13.567055 -0.000004
 -13.353481 -13.353481 -13.353481 -0.000005
 -14.227623 -14.227623 -14.227623 -0.000002
 -1.386294 -1.386294 -1.386294 -1.386294
 -1.386294 -1.386294 -1.386294 -1.386294
 -1.386294 -1.386294 -1.386294 -1.386294
 -1.030975 -1.218373 -1.056617 -15.303911
 -1.037244 -1.661397 -1.695298 -1.301395
 -1.046557 -1.441210 -1.617100 -1.542992
 -0.976510 -1.571216 -1.481604 -1.669656
 -1.386294 -1.386294 -1.386294 -1.386294
 -0.784715 -1.856297 -2.079439 -1.337504
 -1.006240 -1.824547 -1.588160 -1.313724
 -1.098613 -1.555370 -1.666595 -1.321756
 -1.309334 -1.660730 -1.966110 -0.916292
