 -0.989755 0.000100 0.000100 0.000100
 -1.750724 0.000100 0.000100 0.000100
 -2.182857 0.000100 0.000100 0.000100
 -1.073047 0.000100 0.000100 0.000100
 -0.927625 -1.941820 -1.724407 -1.263062
 -0.765907 -1.818427 -1.645155 -1.715773
 -0.305866 -1.819157 -2.512300 -3.898569
 -1.700303 -1.522055 -1.574423 -0.936539
 -0.819127 -1.259932 -1.467017 -3.103359
 -0.646231 -1.426389 -1.562521 -3.641948
 -0.581031 -1.274177 -1.937470 -4.077514
 -1.473814 -0.938891 -1.068349 -3.315577
 -0.000001 -15.520260 -15.520260 -15.520260
 -0.000001 -15.201806 -15.201806 -15.201806
 -0.000001 -14.972393 -14.972393 -14.972393
 -0.000007 -13.017012 -13.017012 -13.017012
 -16.390411 -16.390411 -0.000000 -16.390411
 -1.386294 -1.386294 -1.386294 -1.386294
 -1.386294 -1.386294 -1.386294 -1.386294
 -1.386294 -1.386294 -1.386294 -1.386294
 -1.386294 -1.386294 -1.386294 -1.386294
 -1.386294 -1.386294 -1.386294 -1.386294
 -16.390411 -16.390411 -0.000000 -16.390411
 -1.386294 -1.386294 -1.386294 -1.386294
 -1.386294 -1.386294 -1.386294 -1.386294
 -1.386294 -1.386294 -1.386294 -1.386294
 -16.390411 -16.390411 -16.390411 -0.000000
 -1.386294 -1.386294 -1.386294 -1.386294
 -1.386294 -1.386294 -1.386294 -1.386294
 -1.386294 -1.386294 -1.386294 -1.386294
 -1.386294 -1.386294 -1.386294 -1.386294
 -16.390411 -16.390411 -16.390411 -0.000000
 -1.386294 -1.386294 -1.386294 -1.386294
 -1.386294 -1.386294 -1.386294 -1.386294
 -1.386294 -1.386294 -1.386294 -1.386294
 -16.390411 -16.390411 -16.390411 -0.000000
 -1.386294 -1.386294 -1.386294 -1.386294
 -1.386294 -1.386294 -1.386294 -1.386294
 -1.386294 -1.386294 -1.386294 -1.386294
 -1.545280 -1.861950 -16.390411 -0.459850
 -1.080913 -1.897119 -2.079440 -0.952659
 -0.840784 -1.916921 -2.322385 -1.128466
 -1.386294 -1.386294 -1.386294 -1.386294
 -1.891906 -2.220410 -1.984021 -0.505612
 -0.802847 -2.362802 -1.968899 -1.145132
 -0.928714 -1.829498 -2.315004 -1.062245
 -0.825835 -2.296682 -2.421844 -0.986765
 -1.282122 -2.236563 -2.013420 -0.729405
 -0.819607 -2.424153 -1.933034 -1.120447
 -0.750307 -2.136597 -2.025372 -1.280934
 -0.895175 -2.055342 -1.841769 -1.187844
 -1.690096 -2.217728 -2.046770 -0.549063
 -0.811500 -2.277836 -2.192678 -1.073864
 -0.995429 -1.791758 -2.094037 -1.077107
 -0.749660 -1.945909 -1.945909 -1.419817
 -1.732197 -2.256721 -2.239626 -0.491165
 -0.740776 -2.235142 -2.192583 -1.188588
 -1.034897 -2.079439 -1.888385 -0.998530
 -0.812588 -1.649983 -2.244688 -1.353718
 -1.819733 -2.158335 -2.285490 -0.476924
 -0.852869 -2.302584 -2.069962 -1.056648
 -1.003868 -2.085670 -2.085670 -0.954271
 -0.589159 -2.039165 -2.150390 -1.616310
 -1.738590 -2.029514 -1.862460 -0.620748
 -1.270823 0.000100 0.000100 0.000100
 -1.814542 0.000100 0.000100 0.000100
 -1.724409 0.000100 0.000100 0.000100
 -0.972310 0.000100 0.000100 0.000100
 -0.955636 -1.864671 -1.479491 -1.457869
 -1.161651 -1.628919 -1.586132 -1.251157
 -1.395148 -1.994064 -1.172796 -1.182335
 -1.811340 -1.638005 -1.472047 -0.884932
 -0.815721 -1.775414 -1.748541 -1.540665
 -1.097605 -1.538431 -1.701226 -1.312474
 -1.261561 -1.824403 -1.754506 -0.961074
 -1.545508 -1.307251 -1.584323 -1.167489
 -0.000000 -16.696955 -16.696955 -16.696955
 -0.000000 -16.292889 -16.292889 -16.292889
 -0.000000 -16.177307 -16.177307 -16.177307
 -0.000000 -16.643415 -16.643415 -16.643415
 -17.863287 -17.863287 0.000000 -17.863287
 -1.386294 -1.386294 -1.386294 -1.386294
 -1.386294 -1.386294 -1.386294 -1.386294
 -1.386294 -1.386294 -1.386294 -1.386294
 -1.386294 -1.386294 -1.386294 -1.386294
 -1.386294 -1.386294 -1.386294 -1.386294
 -17.863287 -17.863287 0.000000 -17.863287
 -1.386294 -1.386294 -1.386294 -1.386294
 -1.386294 -1.386294 -1.386294 -1.386294
 -1.386294 -1.386294 -1.386294 -1.386294
 -17.863287 -17.863287 -17.863287 -0.000000
 -1.386294 -1.386294 -1.386294 -1.386294
 -1.386294 -1.386294 -1.386294 -1.386294
 -1.386294 -1.386294 -1.386294 -1.386294
 -1.386294 -1.386294 -1.386294 -1.386294
 -17.863287 -17.863287 -17.863287 -0.000000
 -1.386294 -1.386294 -1.386294 -1.386294
 -1.386294 -1.386294 -1.386294 -1.386294
 -1.386294 -1.386294 -1.386294 -1.386294
 -17.863287 -17.863287 -17.863287 -0.000000
 -1.386294 -1.386294 -1.386294 -1.386294
 -1.386294 -1.386294 -1.386294 -1.386294
 -1.386294 -1.386294 -1.386294 -1.386294
 -1.615919 -1.473639 -17.863287 -0.558263
 -1.274976 -1.709151 -1.356855 -1.265586
 -1.028705 -1.555290 -1.927034 -1.252382
 -1.386294 -1.386294 -1.386294 -1.386294
 -1.754324 -1.539327 -1.709489 -0.840506
 -0.924820 -2.012321 -1.586801 -1.327496
 -0.975783 -1.841899 -1.698444 -1.267201
 -1.207383 -1.783437 -1.144204 -1.539517
 -1.474427 -1.785146 -1.545196 -0.941487
 -0.885468 -2.017141 -1.565156 -1.404913
 -0.954627 -1.796194 -1.865187 -1.223333
 -1.103285 -1.342958 -1.638608 -1.546941
 -1.585122 -1.738807 -1.517620 -0.916005
 -0.860930 -1.989051 -1.772177 -1.307692
 -1.160632 -1.954678 -1.850688 -0.946820
 -1.167169 -1.551844 -1.576845 -1.308333
 -1.596412 -1.718248 -1.623239 -0.865743
 -0.824551 -1.980173 -1.870423 -1.311319
 -0.966139 -1.848296 -1.631887 -1.322814
 -1.116909 -1.812975 -1.461577 -1.281316
 -1.631532 -1.860678 -1.691825 -0.766535
 -0.838263 -2.084258 -1.831514 -1.262420
 -0.983518 -1.679747 -1.717487 -1.346808
 -1.032073 -1.719943 -1.634248 -1.310975
 -1.310258 -1.838576 -1.775264 -0.911883
