 -1.025050 0.000100 0.000100 0.000100
 -1.791759 0.000100 0.000100 0.000100
 -1.811028 0.000100 0.000100 0.000100
 -1.167742 0.000100 0.000100 0.000100
 -0.805625 -1.739934 -2.292002 -1.285198
 -0.797661 -1.718196 -2.432847 -1.264280
 -0.636422 -1.329569 -2.910013 -1.885513
 -1.456164 -1.438772 -1.987669 -0.934867
 -0.549187 -1.738371 -1.702331 -2.740838
 -0.495788 -1.508633 -2.333355 -2.621036
 -0.506695 -2.036880 -1.584896 -2.778812
 -1.442050 -0.855284 -1.432918 -2.304755
 -0.000000 -15.850217 -15.850217 -15.850217
 -0.000001 -15.199303 -15.199303 -15.199303
 -0.000001 -14.873302 -14.873302 -14.873302
 -0.000002 -13.997835 -13.997835 -13.997835
 -0.555490 -2.172718 -16.570444 -1.163660
 -1.386294 -1.386294 -1.386294 -1.386294
 -1.386294 -1.386294 -1.386294 -1.386294
 -1.386294 -1.386294 -1.386294 -1.386294
 -16.014956 -16.014956 -0.000000 -16.014956
 -14.397728 -14.397728 -0.000002 -14.397728
 -1.386294 -1.386294 -1.386294 -1.386294
 -15.406785 -15.406785 -0.000001 -15.406785
 -1.386294 -1.386294 -1.386294 -1.386294
 -1.386294 -1.386294 -1.386294 -1.386294
 -16.570444 -16.570444 -16.570444 -0.000000
 -1.386294 -1.386294 -1.386294 -1.386294
 -1.386294 -1.386294 -1.386294 -1.386294
 -1.386294 -1.386294 -1.386294 -1.386294
 -1.386294 -1.386294 -1.386294 -1.386294
 -0.000000 -16.570444 -16.570444 -16.570444
 -0.000000 -16.570444 -16.570444 -16.570444
 -1.386294 -1.386294 -1.386294 -1.386294
 -1.386294 -1.386294 -1.386294 -1.386294
 -1.386294 -1.386294 -1.386294 -1.386294
 -0.860317 -2.128995 -16.570444 -0.780853
 -1.386294 -1.386294 -1.386294 -1.386294
 -1.386294 -1.386294 -1.386294 -1.386294
 -1.386294 -1.386294 -1.386294 -1.386294
 -1.083687 -2.251291 -2.439343 -0.756784
 -1.170666 -2.095612 -2.095612 -0.812269
 -1.386294 -1.386294 -1.386294 -1.386294
 -1.290984 -2.148434 -2.501713 -0.641715
 -0.887601 -1.927371 -2.649505 -0.988482
 -0.956643 -2.231708 -1.843944 -1.049016
 -1.180443 -1.850598 -2.233588 -0.847299
 -1.576398 -2.294862 -2.185663 -0.544549
 -1.020704 -2.218776 -2.258781 -0.852286
 -0.993252 -1.983649 -2.602685 -0.872300
 -0.940984 -2.055342 -2.155425 -1.005523
 -1.629640 -2.076778 -2.594720 -0.504181
 -0.938764 -2.238045 -2.371576 -0.894312
 -0.940008 -1.856297 -2.424278 -1.009001
 -0.849717 -2.094037 -1.982812 -1.166054
 -1.690955 -2.049588 -2.357072 -0.523959
 -0.880746 -2.115159 -2.190666 -1.041089
 -1.006538 -1.699684 -2.105148 -1.108817
 -0.871556 -1.811561 -2.391376 -1.118415
 -1.566008 -2.006453 -2.246732 -0.596177
 -0.851430 -2.123705 -2.009761 -1.140724
 -0.878213 -1.778153 -2.170194 -1.199417
 -0.805066 -2.191357 -2.302582 -1.075356
 -1.466815 -2.082310 -1.903828 -0.701781
 -1.036172 0.000100 0.000100 0.000100
 -1.936561 0.000100 0.000100 0.000100
 -1.804685 0.000100 0.000100 0.000100
 -1.089263 0.000100 0.000100 0.000100
 -0.707101 -2.068539 -1.781676 -1.550213
 -0.887449 -1.830675 -1.691603 -1.411547
 -0.996110 -1.925163 -1.378298 -1.457456
 -1.511850 -1.595361 -1.545036 -1.012365
 -0.620346 -1.947103 -1.881086 -1.788981
 -0.939696 -1.395036 -1.707041 -1.714646
 -1.044216 -1.901666 -1.671650 -1.168683
 -1.281747 -1.367251 -1.498811 -1.409580
 0.000000 -17.830271 -17.830271 -17.830271
 0.000000 -17.075912 -17.075912 -17.075912
 0.000000 -17.033987 -17.033987 -17.033987
 0.000000 -17.210354 -17.210354 -17.210354
 -0.815804 -1.840095 -18.730148 -0.919010
 -1.386294 -1.386294 -1.386294 -1.386294
 -1.386294 -1.386294 -1.386294 -1.386294
 -1.386294 -1.386294 -1.386294 -1.386294
 -17.914345 -17.914345 0.000000 -17.914345
 -16.890055 -16.890055 -0.000000 -16.890055
 -1.386294 -1.386294 -1.386294 -1.386294
 -17.811140 -17.811140 0.000000 -17.811140
 -1.386294 -1.386294 -1.386294 -1.386294
 -1.386294 -1.386294 -1.386294 -1.386294
 -18.730148 -18.730148 -18.730148 0.000000
 -1.386294 -1.386294 -1.386294 -1.386294
 -1.386294 -1.386294 -1.386294 -1.386294
 -1.386294 -1.386294 -1.386294 -1.386294
 -1.386294 -1.386294 -1.386294 -1.386294
 0.000000 -18.730148 -18.730148 -18.730148
 0.000000 -18.730148 -18.730148 -18.730148
 -1.386294 -1.386294 -1.386294 -1.386294
 -1.386294 -1.386294 -1.386294 -1.386294
 -1.386294 -1.386294 -1.386294 -1.386294
 -0.761710 -1.735335 -18.730148 -1.030603
 -1.386294 -1.386294 -1.386294 -1.386294
 -1.386294 -1.386294 -1.386294 -1.386294
 -1.386294 -1.386294 -1.386294 -1.386294
 -0.807243 -1.943555 -2.016397 -1.281626
 -0.937530 -1.800537 -2.028731 -1.165734
 -1.386294 -1.386294 -1.386294 -1.386294
 -1.442558 -1.792171 -1.716125 -0.873907
 -0.848719 -1.905543 -1.982067 -1.253473
 -1.050227 -1.823417 -1.674291 -1.199889
 -1.066726 -1.749936 -1.697655 -1.207415
 -1.552549 -1.828518 -1.637106 -0.836790
 -0.917510 -1.978567 -2.046530 -1.099499
 -1.025829 -1.777503 -1.902849 -1.129181
 -1.084144 -1.841407 -1.783648 -1.093056
 -1.566455 -1.770355 -1.806581 -0.783666
 -0.876347 -1.965025 -1.890446 -1.229147
 -0.957190 -1.799243 -1.842415 -1.230414
 -1.016477 -1.938158 -1.742414 -1.142357
 -1.490914 -1.771934 -1.716895 -0.855181
 -0.888569 -1.931189 -1.882036 -1.232713
 -0.981457 -1.750260 -1.654703 -1.345698
 -1.025134 -1.689224 -1.758387 -1.257844
 -1.497420 -1.675391 -1.613901 -0.941739
 -0.851656 -1.897783 -1.985600 -1.251437
 -0.912429 -1.730882 -1.857502 -1.327036
 -0.905622 -1.791759 -1.923877 -1.262297
 -1.476107 -1.769501 -1.731162 -0.858074
