 -1.075623 0.000100 0.000100 0.000100
 -1.969440 0.000100 0.000100 0.000100
 -1.677140 0.000100 0.000100 0.000100
 -1.101200 0.000100 0.000100 0.000100
 -0.925169 -1.974080 -1.974080 -1.121602
 -0.783532 -1.755391 -1.829498 -1.561235
 -0.707069 -2.084059 -2.161019 -1.319454
 -1.781450 -1.751144 -1.478500 -0.843850
 -0.905187 -2.047692 -1.708477 -1.254004
 -0.927655 -1.742162 -1.649788 -1.438480
 -0.595030 -1.604296 -2.009760 -2.176813
 -1.601716 -1.458615 -1.458615 -1.098613
 -0.882190 -1.941136 -1.876598 -1.239691
 -0.823988 -1.830225 -1.830225 -1.424761
 -0.670974 -1.769585 -2.039874 -1.669502
 -1.602965 -1.540445 -1.481604 -1.029620
 -1.114576 -1.948174 -1.381780 -1.279126
 -1.299283 -1.992429 -1.054161 -1.417066
 -1.188860 -1.817467 -1.275871 -1.371181
 -2.043073 -1.737692 -1.053356 -1.062245
 -14.917452 -14.917452 -0.000001 -14.917452
 -14.397728 -14.397728 -0.000002 -14.397728
 -15.062544 -15.062544 -0.000001 -15.062544
 -15.018484 -15.018484 -0.000001 -15.018484
 -1.386294 -1.386294 -1.386294 -1.386294
 -1.386294 -1.386294 -1.386294 -1.386294
 -16.267378 -16.267378 -16.267378 -0.000000
 -1.386294 -1.386294 -1.386294 -1.386294
 -1.386294 -1.386294 -1.386294 -1.386294
 -1.386294 -1.386294 -1.386294 -1.386294
 -1.386294 -1.386294 -1.386294 -1.386294
 -0.439634 -3.165215 -16.267378 -1.159883
 -0.000000 -15.827744 -15.827744 -15.827744
 -0.000006 -13.102169 -13.102169 -13.102169
 -1.386294 -1.386294 -1.386294 -1.386294
 -0.000001 -15.107495 -15.107495 -15.107495
 -16.267378 -16.267378 -0.000000 -16.267378
 -1.386294 -1.386294 -1.386294 -1.386294
 -1.386294 -1.386294 -1.386294 -1.386294
 -1.386294 -1.386294 -1.386294 -1.386294
 -1.386294 -1.386294 -1.386294 -1.386294
 -1.386294 -1.386294 -1.386294 -1.386294
 -16.267378 -16.267378 -16.267378 -0.000000
 -1.386294 -1.386294 -1.386294 -1.386294
 -1.386294 -1.386294 -1.386294 -1.386294
 -1.386294 -1.386294 -1.386294 -1.386294
 -1.386294 -1.386294 -1.386294 -1.386294
 -16.267378 -16.267378 -16.267378 -0.000000
 -1.386294 -1.386294 -1.386294 -1.386294
 -1.386294 -1.386294 -1.386294 -1.386294
 -1.386294 -1.386294 -1.386294 -1.386294
 -16.267378 -16.267378 -16.267378 -0.000000
 -1.386294 -1.386294 -1.386294 -1.386294
 -1.386294 -1.386294 -1.386294 -1.386294
 -1.386294 -1.386294 -1.386294 -1.386294
 -16.267378 -16.267378 -16.267378 -0.000000
 -1.386294 -1.386294 -1.386294 -1.386294
 -1.386294 -1.386294 -1.386294 -1.386294
 -1.386294 -1.386294 -1.386294 -1.386294
 -16.267378 -16.267378 -16.267378 -0.000000
 -1.386294 -1.386294 -1.386294 -1.386294
 -1.386294 -1.386294 -1.386294 -1.386294
 -1.386294 -1.386294 -1.386294 -1.386294
 -0.906434 -1.462326 -1.009665 -16.267378
 -1.126943 0.000100 0.000100 0.000100
 -1.855180 0.000100 0.000100 0.000100
 -1.721649 0.000100 0.000100 0.000100
 -1.076513 0.000100 0.000100 0.000100
 -0.534086 -2.674130 -2.450992 -1.352393
 -1.386294 -1.540443 -1.386294 -1.252765
 -1.067844 -1.386294 -1.673972 -1.519824
 -2.164956 -1.712976 -2.031426 -0.555530
 -0.676344 -2.978899 -1.880309 -1.244325
 -1.064715 -1.757852 -12.577650 -0.728245
 -1.466336 -1.466336 -1.871793 -0.955517
 -1.871798 -1.871798 -1.871798 -0.619042
 -0.980832 -1.540444 -2.233583 -1.192140
 -1.386294 -1.386294 -1.568613 -1.232146
 -1.749192 -2.036866 -1.749192 -0.650597
 -2.028143 -1.335001 -2.251285 -0.693150
 -1.228667 -2.614936 -2.327262 -0.622535
 -0.880363 -2.327262 -2.104124 -1.005525
 -0.737607 -2.442314 -2.442314 -1.056058
 -1.413693 -2.001475 -1.819155 -0.777707
 -13.270790 -13.270790 -0.000005 -13.270790
 -12.154800 -12.154800 -0.000016 -12.154800
 -12.345852 -12.345852 -0.000013 -12.345852
 -13.579793 -13.579793 -0.000004 -13.579793
 -1.386294 -1.386294 -1.386294 -1.386294
 -1.386294 -1.386294 -1.386294 -1.386294
 -14.397728 -14.397728 -14.397728 -0.000002
 -1.386294 -1.386294 -1.386294 -1.386294
 -1.386294 -1.386294 -1.386294 -1.386294
 -1.386294 -1.386294 -1.386294 -1.386294
 -1.386294 -1.386294 -1.386294 -1.386294
 -1.380723 -0.910721 -14.397728 -1.060252
 -0.000007 -13.017012 -13.017012 -13.017012
 -0.000004 -13.487012 -13.487012 -13.487012
 -1.386294 -1.386294 -1.386294 -1.386294
 -0.000005 -13.337481 -13.337481 -13.337481
 -14.397728 -14.397728 -0.000002 -14.397728
 -1.386294 -1.386294 -1.386294 -1.386294
 -1.386294 -1.386294 -1.386294 -1.386294
 -1.386294 -1.386294 -1.386294 -1.386294
 -1.386294 -1.386294 -1.386294 -1.386294
 -1.386294 -1.386294 -1.386294 -1.386294
 -14.397728 -14.397728 -14.397728 -0.000002
 -1.386294 -1.386294 -1.386294 -1.386294
 -1.386294 -1.386294 -1.386294 -1.386294
 -1.386294 -1.386294 -1.386294 -1.386294
 -1.386294 -1.386294 -1.386294 -1.386294
 -14.397728 -14.397728 -14.397728 -0.000002
 -1.386294 -1.386294 -1.386294 -1.386294
 -1.386294 -1.386294 -1.386294 -1.386294
 -1.386294 -1.386294 -1.386294 -1.386294
 -14.397728 -14.397728 -14.397728 -0.000002
 -1.386294 -1.386294 -1.386294 -1.386294
 -1.386294 -1.386294 -1.386294 -1.386294
 -1.386294 -1.386294 -1.386294 -1.386294
 -14.397728 -14.397728 -14.397728 -0.000002
 -1.386294 -1.386294 -1.386294 -1.386294
 -1.386294 -1.386294 -1.386294 -1.386294
 -1.386294 -1.386294 -1.386294 -1.386294
 -14.397728 -14.397728 -14.397728 -0.000002
 -1.386294 -1.386294 -1.386294 -1.386294
 -1.386294 -1.386294 -1.386294 -1.386294
 -1.386294 -1.386294 -1.386294 -1.386294
 -1.236143 -1.093042 -0.982694 -14.397729
