 -0.955274 0.000100 0.000100 0.000100
 -1.697366 0.000100 0.000100 0.000100
 -2.117501 0.000100 0.000100 0.000100
 -1.165406 0.000100 0.000100 0.000100
 -0.869631 -1.793301 -2.184973 -1.197318
 -0.763529 -2.177992 -2.095754 -1.211553
 -0.594708 -1.624326 -2.094328 -2.055108
 -1.436987 -1.858581 -1.834484 -0.805716
 -0.905628 -1.818138 -2.074857 -1.178272
 -0.935339 -1.647904 -2.247523 -1.173011
 -0.631455 -1.266493 -2.135529 -2.685573
 -1.277661 -1.842190 -1.607618 -1.014794
 -15.668679 -1.087700 -1.904461 -0.665325
 -14.933927 -1.079195 -1.504077 -0.825746
 -14.715673 -0.951455 -1.655183 -0.860941
 -15.418931 -1.096602 -1.665295 -0.740530
 -1.386294 -1.386294 -1.386294 -1.386294
 -15.573369 -15.573369 -0.000001 -15.573369
 -14.927369 -14.927369 -0.000001 -14.927369
 -15.898696 -15.898696 -0.000000 -15.898696
 -1.386294 -1.386294 -1.386294 -1.386294
 -1.386294 -1.386294 -1.386294 -1.386294
 -16.641048 -16.641048 -0.000000 -16.641048
 -1.386294 -1.386294 -1.386294 -1.386294
 -1.386294 -1.386294 -1.386294 -1.386294
 -1.386294 -1.386294 -1.386294 -1.386294
 -16.641048 -16.641048 -16.641048 -0.000000
 -1.386294 -1.386294 -1.386294 -1.386294
 -1.386294 -1.386294 -1.386294 -1.386294
 -1.386294 -1.386294 -1.386294 -1.386294
 -1.386294 -1.386294 -1.386294 -1.386294
 -0.000000 -16.641048 -16.641048 -16.641048
 -0.000000 -16.641048 -16.641048 -16.641048
 -1.386294 -1.386294 -1.386294 -1.386294
 -1.386294 -1.386294 -1.386294 -1.386294
 -1.386294 -1.386294 -1.386294 -1.386294
 -0.980237 -2.069415 -16.641048 -0.696116
 -1.386294 -1.386294 -1.386294 -1.386294
 -1.386294 -1.386294 -1.386294 -1.386294
 -1.386294 -1.386294 -1.386294 -1.386294
 -15.660811 -15.660811 -15.660811 -0.000000
 -14.571634 -14.571634 -14.571634 -0.000001
 -1.386294 -1.386294 -1.386294 -1.386294
 -15.944933 -15.944933 -15.944933 -0.000000
 -1.386294 -1.386294 -1.386294 -1.386294
 -1.386294 -1.386294 -1.386294 -1.386294
 -1.386294 -1.386294 -1.386294 -1.386294
 -1.480065 -2.260223 -2.226700 -0.579522
 -1.114361 -2.212972 -2.395293 -0.752146
 -0.866420 -1.951607 -2.226042 -1.110041
 -0.834560 -2.025951 -1.985129 -1.215023
 -1.573070 -2.206794 -2.197224 -0.559616
 -0.840305 -2.193022 -2.334672 -1.021652
 -1.038894 -1.807263 -2.633937 -0.890974
 -0.784120 -2.270494 -1.780948 -1.302913
 -1.656129 -2.071073 -2.294216 -0.540885
 -0.845366 -2.089159 -2.240709 -1.077559
 -0.809736 -1.845826 -2.164278 -1.264797
 -0.808078 -2.073741 -2.331569 -1.104344
 -1.561011 -1.904783 -2.071836 -0.663070
 -0.794930 -2.075863 -2.134703 -1.188561
 -0.952973 -1.852913 -1.800269 -1.229726
 -0.996334 -1.746638 -2.014901 -1.129865
 -1.511266 -2.204413 -1.838688 -0.673289
 -1.128731 0.000100 0.000100 0.000100
 -1.984245 0.000100 0.000100 0.000100
 -2.089944 0.000100 0.000100 0.000100
 -0.878566 0.000100 0.000100 0.000100
 -0.867747 -2.036451 -2.046401 -1.138143
 -1.113927 -1.945909 -1.668923 -1.077559
 -1.547225 -1.596015 -1.427680 -1.065387
 -2.018935 -2.065455 -1.736951 -0.572016
 -1.238534 -1.614226 -1.953903 -0.995803
 -1.636753 -1.684006 -1.493653 -0.928340
 -1.366876 -1.580450 -1.301737 -1.319919
 -1.657495 -1.546000 -2.126473 -0.740180
 -15.512960 -1.160956 -1.658228 -0.700500
 -15.402703 -0.840505 -1.915696 -0.864487
 -15.194278 -0.953499 -1.764428 -0.813453
 -16.078316 -1.315015 -1.933500 -0.532920
 -1.386294 -1.386294 -1.386294 -1.386294
 -15.886164 -15.886164 -0.000000 -15.886164
 -15.158377 -15.158377 -0.000001 -15.158377
 -16.314486 -16.314486 -0.000000 -16.314486
 -1.386294 -1.386294 -1.386294 -1.386294
 -1.386294 -1.386294 -1.386294 -1.386294
 -16.990644 -16.990644 -0.000000 -16.990644
 -1.386294 -1.386294 -1.386294 -1.386294
 -1.386294 -1.386294 -1.386294 -1.386294
 -1.386294 -1.386294 -1.386294 -1.386294
 -16.990644 -16.990644 -16.990644 -0.000000
 -1.386294 -1.386294 -1.386294 -1.386294
 -1.386294 -1.386294 -1.386294 -1.386294
 -1.386294 -1.386294 -1.386294 -1.386294
 -1.386294 -1.386294 -1.386294 -1.386294
 0.000000 -16.990643 -16.990643 -16.990643
 0.000000 -16.990643 -16.990643 -16.990643
 -1.386294 -1.386294 -1.386294 -1.386294
 -1.386294 -1.386294 -1.386294 -1.386294
 -1.386294 -1.386294 -1.386294 -1.386294
 -0.961379 -1.691258 -16.990644 -0.836216
 -1.386294 -1.386294 -1.386294 -1.386294
 -1.386294 -1.386294 -1.386294 -1.386294
 -1.386294 -1.386294 -1.386294 -1.386294
 -16.029264 -16.029264 -16.029264 -0.000000
 -15.299386 -15.299386 -15.299386 -0.000001
 -1.386294 -1.386294 -1.386294 -1.386294
 -16.154428 -16.154428 -16.154428 -0.000000
 -1.386294 -1.386294 -1.386294 -1.386294
 -1.386294 -1.386294 -1.386294 -1.386294
 -1.386294 -1.386294 -1.386294 -1.386294
 -1.771490 -1.716518 -1.744822 -0.743276
 -1.156783 -1.760317 -2.096789 -0.939909
 -1.013929 -2.038433 -1.381654 -1.363305
 -1.353350 -1.381521 -1.704748 -1.175669
 -1.943277 -1.638865 -1.360274 -0.901463
 -0.876551 -1.864620 -2.056288 -1.200974
 -1.057437 -1.671031 -1.769876 -1.223333
 -1.288568 -1.171551 -1.660131 -1.494616
 -1.663182 -1.547446 -1.563975 -0.945792
 -0.838240 -1.930229 -1.725068 -1.409551
 -1.191797 -1.049546 -1.866016 -1.652923
 -0.996528 -1.405163 -1.755058 -1.548263
 -1.585784 -1.452252 -1.535140 -1.062055
 -0.906598 -1.973561 -1.771193 -1.248228
 -0.832022 -2.029214 -1.413299 -1.660450
 -1.043350 -1.810108 -1.501807 -1.341843
 -1.488077 -1.775759 -1.524445 -0.949081
