 -1.090593 0.000100 0.000100 0.000100
 -1.957789 0.000100 0.000100 0.000100
 -2.008482 0.000100 0.000100 0.000100
 -0.945152 0.000100 0.000100 0.000100
 -0.934019 -2.095544 -1.603068 -1.263201
 -0.853656 -1.908591 -1.640328 -1.461280
 -0.579819 -1.478409 -1.966112 -2.631085
 -1.554353 -1.694442 -1.472804 -0.978989
 -0.748410 -1.252763 -1.707825 -2.814946
 -0.818311 -1.180290 -1.734600 -2.588088
 -0.687871 -1.198696 -1.686399 -4.548576
 -1.378747 -1.011601 -1.115805 -2.867896
 -0.000000 -15.851523 -15.851523 -15.851523
 -0.000001 -15.583661 -15.583661 -15.583661
 -0.000001 -15.238620 -15.238620 -15.238620
 -0.000003 -13.774693 -13.774693 -13.774693
 -16.740284 -16.740284 -0.000000 -16.740284
 -1.386294 -1.386294 -1.386294 -1.386294
 -1.386294 -1.386294 -1.386294 -1.386294
 -1.386294 -1.386294 -1.386294 -1.386294
 -1.386294 -1.386294 -1.386294 -1.386294
 -1.386294 -1.386294 -1.386294 -1.386294
 -16.740284 -16.740284 -0.000000 -16.740284
 -1.386294 -1.386294 -1.386294 -1.386294
 -1.386294 -1.386294 -1.386294 -1.386294
 -1.386294 -1.386294 -1.386294 -1.386294
 -16.740284 -16.740284 -16.740284 -0.000000
 -1.386294 -1.386294 -1.386294 -1.386294
 -1.386294 -1.386294 -1.386294 -1.386294
 -1.386294 -1.386294 -1.386294 -1.386294
 -1.386294 -1.386294 -1.386294 -1.386294
 -16.740284 -2.546336 -0.081610 -16.740284
 -1.386294 -1.386294 -1.386294 -1.386294
 -0.735113 -1.987872 -2.904155 -1.112406
 -0.361596 -1.879989 -2.513860 -2.660841
 -1.386294 -1.386294 -1.386294 -1.386294
 -0.640828 -2.093761 -16.353958 -1.050048
 -0.959776 -2.115545 -14.852249 -0.700265
 -0.699974 -1.301553 -14.200776 -1.464072
 -1.689976 -1.211941 -14.334307 -0.658057
 -1.187798 -2.025194 -2.278975 -0.774898
 -1.102190 -1.850599 -1.997202 -0.980830
 -1.386294 -1.386294 -1.386294 -1.386294
 -2.056968 -2.200069 -2.162328 -0.436481
 -0.639197 -2.068415 -2.614958 -1.299283
 -0.918394 -1.975762 -2.006533 -1.115562
 -0.842525 -1.845826 -2.164278 -1.215200
 -1.198805 -2.307779 -2.528322 -0.655522
 -0.976172 -1.996171 -2.093545 -1.010201
 -1.058339 -2.170194 -2.130973 -0.867284
 -0.717540 -2.020943 -2.067463 -1.374318
 -1.711314 -2.074219 -2.334502 -0.516075
 -0.969078 -2.191919 -2.257516 -0.905709
 -1.111192 -2.113341 -2.046650 -0.865519
 -0.864998 -2.084236 -1.786985 -1.247990
 -1.916922 -2.338516 -2.191359 -0.438961
 -0.801587 -2.334715 -2.052149 -1.120591
 -1.078810 -2.040219 -1.931020 -0.954513
 -0.808661 -2.174750 -1.756041 -1.316090
 -1.600936 -2.124184 -1.818803 -0.660599
 -0.924053 -2.207587 -2.035736 -1.014613
 -1.137079 -1.890849 -1.549923 -1.151894
 -0.789162 -1.911304 -1.736951 -1.505839
 -1.635246 -2.070563 -1.655048 -0.717649
 -1.168368 0.000100 0.000100 0.000100
 -1.896832 0.000100 0.000100 0.000100
 -1.757789 0.000100 0.000100 0.000100
 -1.003328 0.000100 0.000100 0.000100
 -1.187228 -1.754782 -1.116776 -1.636523
 -1.177790 -1.516262 -1.129060 -1.902646
 -1.095939 -1.731706 -1.189250 -1.690959
 -1.848400 -1.468910 -1.266067 -1.107462
 -0.779320 -1.693896 -1.509944 -1.991006
 -1.073187 -1.236445 -1.517906 -1.907185
 -1.024020 -1.845764 -1.104281 -1.887183
 -1.889323 -0.870394 -1.596798 -1.480627
 0.000000 -17.868687 -17.868687 -17.868687
 0.000000 -17.595600 -17.595600 -17.595600
 0.000000 -17.584818 -17.584818 -17.584818
 0.000000 -17.168917 -17.168917 -17.168917
 -18.970823 -18.970823 0.000000 -18.970823
 -1.386294 -1.386294 -1.386294 -1.386294
 -1.386294 -1.386294 -1.386294 -1.386294
 -1.386294 -1.386294 -1.386294 -1.386294
 -1.386294 -1.386294 -1.386294 -1.386294
 -1.386294 -1.386294 -1.386294 -1.386294
 -18.970823 -18.970823 0.000000 -18.970823
 -1.386294 -1.386294 -1.386294 -1.386294
 -1.386294 -1.386294 -1.386294 -1.386294
 -1.386294 -1.386294 -1.386294 -1.386294
 -18.970823 -18.970823 -18.970823 0.000000
 -1.386294 -1.386294 -1.386294 -1.386294
 -1.386294 -1.386294 -1.386294 -1.386294
 -1.386294 -1.386294 -1.386294 -1.386294
 -1.386294 -1.386294 -1.386294 -1.386294
 -18.970823 -0.870348 -0.542670 -18.970823
 -1.386294 -1.386294 -1.386294 -1.386294
 -1.043545 -1.786813 -1.617042 -1.266493
 -1.314216 -1.708477 -1.236763 -1.347646
 -1.386294 -1.386294 -1.386294 -1.386294
 -0.772588 -1.520260 -17.778986 -1.140908
 -0.905172 -1.356809 -17.230282 -1.084571
 -0.721488 -1.475849 -17.591944 -1.253909
 -1.429227 -1.096470 -17.657969 -0.852242
 -1.070321 -1.665318 -1.366207 -1.546939
 -1.135128 -1.543717 -1.451160 -1.466486
 -1.386294 -1.386294 -1.386294 -1.386294
 -1.768648 -1.226369 -1.315050 -1.318188
 -0.936819 -1.762138 -1.735915 -1.346261
 -1.139091 -1.535633 -1.440639 -1.479312
 -1.222597 -1.603331 -1.221826 -1.562464
 -1.633154 -1.553881 -1.323833 -1.117341
 -0.968573 -1.716676 -1.849755 -1.260763
 -1.054312 -1.631159 -1.818239 -1.225694
 -0.994614 -1.666681 -1.752429 -1.317111
 -1.474948 -1.559273 -1.614414 -1.016351
 -1.176143 -1.731829 -1.294207 -1.425210
 -1.117327 -1.711349 -1.497520 -1.314753
 -1.170925 -1.606438 -1.506751 -1.317925
 -1.772260 -1.499310 -1.209276 -1.176507
 -0.992122 -1.685845 -1.651905 -1.377379
 -1.141057 -1.620701 -1.492212 -1.355246
 -1.236641 -1.610097 -1.217906 -1.542130
 -1.591302 -1.538390 -1.381835 -1.107161
 -0.967976 -1.831749 -1.702203 -1.281091
 -1.052842 -1.820798 -1.494582 -1.328718
 -0.941431 -1.651863 -1.861708 -1.336243
 -1.670131 -1.443055 -1.493231 -1.047177
