 -1.003017 0.000100 0.000100 0.000100
 -1.665306 0.000100 0.000100 0.000100
 -2.084679 0.000100 0.000100 0.000100
 -1.140218 0.000100 0.000100 0.000100
 -0.863574 -1.749912 -2.099585 -1.265666
 -0.841789 -1.643148 -2.559435 -1.209513
 -0.808833 -1.252763 -2.381222 -1.734600
 -1.518892 -1.680533 -1.753293 -0.863773
 -0.659054 -1.839105 -2.349929 -1.476991
 -0.512611 -1.935270 -2.523054 -1.734600
 -0.668658 -1.394593 -2.397889 -1.905417
 -1.118613 -1.382999 -2.102813 -1.202873
 -15.324023 -0.926297 -1.368750 -1.051087
 -14.446784 -0.932378 -1.304616 -1.093308
 -13.774693 -0.714203 -1.232144 -1.519825
 -14.608505 -1.094098 -1.287289 -0.943816
 -1.386294 -1.386294 -1.386294 -1.386294
 -0.836660 -2.012232 -15.134597 -0.836660
 -0.517384 -2.044755 -14.751605 -1.292768
 -1.475525 -1.767661 -15.003355 -0.509811
 -15.173921 -15.173921 -0.000001 -15.173921
 -14.144817 -14.144817 -0.000002 -14.144817
 -1.386294 -1.386294 -1.386294 -1.386294
 -15.271798 -15.271798 -0.000001 -15.271798
 -1.386294 -1.386294 -1.386294 -1.386294
 -1.386294 -1.386294 -1.386294 -1.386294
 -16.074144 -16.074144 -16.074144 -0.000000
 -1.386294 -1.386294 -1.386294 -1.386294
 -1.386294 -1.386294 -1.386294 -1.386294
 -1.386294 -1.386294 -1.386294 -1.386294
 -1.386294 -1.386294 -1.386294 -1.386294
 -0.000000 -16.074144 -16.074144 -16.074144
 -0.000000 -16.074144 -16.074144 -16.074144
 -1.386294 -1.386294 -1.386294 -1.386294
 -1.386294 -1.386294 -1.386294 -1.386294
 -1.386294 -1.386294 -1.386294 -1.386294
 -0.830717 -2.248682 -16.074144 -0.779304
 -1.386294 -1.386294 -1.386294 -1.386294
 -1.386294 -1.386294 -1.386294 -1.386294
 -1.386294 -1.386294 -1.386294 -1.386294
 -1.135247 -2.226422 -2.855029 -0.667111
 -1.396245 -1.781905 -3.516479 -0.589771
 -1.386294 -1.386294 -1.386294 -1.386294
 -1.232469 -2.300308 -2.618761 -0.624914
 -0.880359 -2.104133 -2.663746 -0.932095
 -1.262242 -1.890848 -1.955386 -0.856778
 -1.187167 -1.304949 -2.285768 -1.133100
 -1.445435 -2.374409 -2.273314 -0.565077
 -1.060872 -1.992429 -2.520495 -0.827679
 -0.952010 -2.251287 -2.097137 -0.952010
 -0.949082 -1.824547 -2.453150 -1.006240
 -1.721044 -2.096833 -2.355694 -0.505095
 -1.046556 -2.134356 -2.477299 -0.806171
 -1.050985 -2.173123 -2.173123 -0.860942
 -0.825077 -2.090736 -2.291405 -1.087440
 -1.526056 -2.329868 -2.085671 -0.577898
 -1.098613 -2.165474 -2.020293 -0.869038
 -0.971169 -1.543686 -2.688808 -1.079382
 -0.965082 -1.709520 -2.351369 -1.070442
 -1.498772 -1.770706 -2.163748 -0.710315
 -0.726178 -2.222818 -2.291811 -1.181366
 -0.952901 -1.734600 -1.852383 -1.269238
 -0.750307 -1.848916 -2.284230 -1.314836
 -1.538061 -2.030537 -2.067578 -0.639709
 -1.141234 0.000100 0.000100 0.000100
 -1.745952 0.000100 0.000100 0.000100
 -1.898440 0.000100 0.000100 0.000100
 -1.031998 0.000100 0.000100 0.000100
 -0.864017 -2.102087 -1.919653 -1.172231
 -1.137319 -2.033761 -1.957014 -0.898450
 -1.216858 -1.770838 -1.711554 -1.041102
 -1.626622 -1.844692 -1.829346 -0.723988
 -0.979100 -1.868347 -1.829320 -1.172960
 -1.100635 -1.722914 -1.687538 -1.191318
 -1.248029 -1.562433 -1.916685 -1.032233
 -1.260633 -1.841057 -1.868771 -0.907424
 -18.610888 -0.842404 -1.707066 -0.946933
 -17.969852 -1.032417 -1.508876 -0.861101
 -17.916996 -1.040902 -1.479720 -0.869496
 -18.711931 -1.215574 -1.573545 -0.700874
 -1.386294 -1.386294 -1.386294 -1.386294
 -0.958786 -1.569028 -18.726694 -0.895521
 -0.948468 -1.732539 -18.166176 -0.830500
 -1.459775 -1.551763 -18.924904 -0.587279
 -18.607574 -18.607574 0.000000 -18.607574
 -18.160225 -18.160225 0.000000 -18.160225
 -1.386294 -1.386294 -1.386294 -1.386294
 -19.015553 -19.015553 0.000000 -19.015553
 -1.386294 -1.386294 -1.386294 -1.386294
 -1.386294 -1.386294 -1.386294 -1.386294
 -19.752783 -19.752783 -19.752783 0.000000
 -1.386294 -1.386294 -1.386294 -1.386294
 -1.386294 -1.386294 -1.386294 -1.386294
 -1.386294 -1.386294 -1.386294 -1.386294
 -1.386294 -1.386294 -1.386294 -1.386294
 0.000000 -19.752783 -19.752783 -19.752783
 0.000000 -19.752783 -19.752783 -19.752783
 -1.386294 -1.386294 -1.386294 -1.386294
 -1.386294 -1.386294 -1.386294 -1.386294
 -1.386294 -1.386294 -1.386294 -1.386294
 -0.763895 -1.713802 -19.752783 -1.038537
 -1.386294 -1.386294 -1.386294 -1.386294
 -1.386294 -1.386294 -1.386294 -1.386294
 -1.386294 -1.386294 -1.386294 -1.386294
 -0.809897 -2.059862 -2.075540 -1.196879
 -1.157746 -1.501517 -2.065911 -1.089717
 -1.386294 -1.386294 -1.386294 -1.386294
 -1.507925 -1.723184 -1.746426 -0.853931
 -0.930230 -1.848968 -2.068932 -1.133772
 -1.262707 -1.332150 -1.861796 -1.211299
 -1.157520 -1.713180 -1.609253 -1.186110
 -1.642128 -1.592268 -1.770912 -0.837500
 -0.966574 -1.893299 -2.056028 -1.075637
 -1.173065 -1.801180 -1.715266 -1.062580
 -1.117615 -1.736508 -1.704580 -1.155316
 -1.651386 -1.730912 -1.772522 -0.773947
 -0.932409 -2.016172 -1.911016 -1.123004
 -0.982677 -1.745844 -1.794135 -1.255535
 -0.958886 -1.882241 -1.741219 -1.240896
 -1.469510 -1.755987 -1.627639 -0.914212
 -0.982798 -1.546472 -1.875609 -1.349084
 -1.010517 -1.685498 -1.710101 -1.310186
 -1.037943 -1.678084 -1.668375 -1.307362
 -1.506554 -1.661228 -1.568400 -0.967470
 -0.866601 -1.856848 -1.929235 -1.279420
 -0.839036 -1.817791 -1.865298 -1.383741
 -1.040900 -1.668690 -1.750972 -1.256093
 -1.459162 -1.702192 -1.713681 -0.903660
