 -0.999878 0.000100 0.000100 0.000100
 -1.879551 0.000100 0.000100 0.000100
 -1.998739 0.000100 0.000100 0.000100
 -1.067373 0.000100 0.000100 0.000100
 -0.986283 -2.149433 -1.595549 -1.178655
 -0.799758 -1.885945 -1.716047 -1.518222
 -0.608249 -1.566087 -2.172220 -2.018070
 -1.789268 -1.599512 -1.440084 -0.931367
 -0.838012 -1.203125 -1.519462 -3.029366
 -0.637154 -1.423632 -1.514604 -4.559078
 -0.755390 -1.102932 -1.618096 -14.657080
 -1.403586 -0.860721 -1.347074 -2.639054
 -0.000001 -15.354527 -15.354527 -15.354527
 -0.000001 -15.173921 -15.173921 -15.173921
 -0.000001 -14.790071 -14.790071 -14.790071
 -0.000006 -13.038990 -13.038990 -13.038990
 -16.271675 -16.271675 -0.000000 -16.271675
 -1.386294 -1.386294 -1.386294 -1.386294
 -1.386294 -1.386294 -1.386294 -1.386294
 -1.386294 -1.386294 -1.386294 -1.386294
 -1.386294 -1.386294 -1.386294 -1.386294
 -1.386294 -1.386294 -1.386294 -1.386294
 -16.271675 -16.271675 -0.000000 -16.271675
 -1.386294 -1.386294 -1.386294 -1.386294
 -1.386294 -1.386294 -1.386294 -1.386294
 -1.386294 -1.386294 -1.386294 -1.386294
 -16.271675 -16.271675 -16.271675 -0.000000
 -1.386294 -1.386294 -1.386294 -1.386294
 -1.386294 -1.386294 -1.386294 -1.386294
 -1.386294 -1.386294 -1.386294 -1.386294
 -1.386294 -1.386294 -1.386294 -1.386294
 -0.000000 -16.271675 -16.271675 -16.271675
 -16.271675 -16.271675 -0.000000 -16.271675
 -1.386294 -1.386294 -1.386294 -1.386294
 -1.386294 -1.386294 -1.386294 -1.386294
 -1.386294 -1.386294 -1.386294 -1.386294
 -1.386294 -1.386294 -1.386294 -1.386294
 -1.386294 -1.386294 -1.386294 -1.386294
 -0.592084 -1.695358 -16.271675 -1.334487
 -1.386294 -1.386294 -1.386294 -1.386294
 -0.955822 -2.206570 -1.673460 -1.146240
 -1.340624 -1.677096 -1.453953 -1.146469
 -1.386294 -1.386294 -1.386294 -1.386294
 -1.775603 -2.325648 -1.855646 -0.550699
 -0.745032 -2.137260 -2.264011 -1.192800
 -0.854416 -2.309698 -1.770705 -1.187560
 -0.970232 -1.987873 -1.778153 -1.154966
 -1.474519 -1.950364 -2.217426 -0.653927
 -0.880784 -2.290607 -2.417359 -0.928412
 -0.762141 -2.931184 -2.371573 -0.950193
 -0.727754 -1.994698 -1.623136 -1.694595
 -1.585497 -2.206073 -2.380426 -0.523386
 -0.931180 -2.368765 -1.999019 -0.975916
 -0.937345 -2.708041 -1.791758 -0.980830
 -0.852779 -1.668526 -2.319109 -1.248673
 -1.625002 -1.959515 -2.155630 -0.604529
 -0.826283 -2.277958 -2.127676 -1.076694
 -0.930476 -2.122611 -1.864783 -1.105680
 -0.947382 -2.045991 -1.658227 -1.229233
 -1.640936 -2.168568 -1.876658 -0.618486
 -0.847298 -2.045000 -1.855758 -1.252763
 -1.054161 -1.747306 -1.747306 -1.193923
 -0.843430 -1.851656 -1.650986 -1.509908
 -1.542484 -2.171092 -1.642567 -0.736859
 -1.204234 0.000100 0.000100 0.000100
 -1.981785 0.000100 0.000100 0.000100
 -1.667472 0.000100 0.000100 0.000100
 -0.984752 0.000100 0.000100 0.000100
 -1.144014 -1.904983 -1.194445 -1.470698
 -0.880025 -1.769286 -1.432814 -1.736496
 -1.053981 -1.901277 -1.194338 -1.613595
 -1.701608 -1.736699 -1.476169 -0.884313
 -0.885354 -1.791759 -1.520607 -1.598568
 -1.189584 -1.173836 -1.931520 -1.420696
 -1.363037 -1.639291 -1.398129 -1.194217
 -2.135952 -0.797288 -1.738270 -1.364554
 -0.000001 -15.050983 -15.050983 -15.050983
 -0.000001 -15.082459 -15.082459 -15.082459
 -0.000001 -14.763302 -14.763302 -14.763302
 -0.000001 -14.978662 -14.978662 -14.978662
 -16.362610 -16.362610 -0.000000 -16.362610
 -1.386294 -1.386294 -1.386294 -1.386294
 -1.386294 -1.386294 -1.386294 -1.386294
 -1.386294 -1.386294 -1.386294 -1.386294
 -1.386294 -1.386294 -1.386294 -1.386294
 -1.386294 -1.386294 -1.386294 -1.386294
 -16.362610 -16.362610 -0.000000 -16.362610
 -1.386294 -1.386294 -1.386294 -1.386294
 -1.386294 -1.386294 -1.386294 -1.386294
 -1.386294 -1.386294 -1.386294 -1.386294
 -16.362610 -16.362610 -16.362610 -0.000000
 -1.386294 -1.386294 -1.386294 -1.386294
 -1.386294 -1.386294 -1.386294 -1.386294
 -1.386294 -1.386294 -1.386294 -1.386294
 -1.386294 -1.386294 -1.386294 -1.386294
 -0.000000 -16.362610 -16.362610 -16.362610
 -16.362610 -16.362610 -0.000000 -16.362610
 -1.386294 -1.386294 -1.386294 -1.386294
 -1.386294 -1.386294 -1.386294 -1.386294
 -1.386294 -1.386294 -1.386294 -1.386294
 -1.386294 -1.386294 -1.386294 -1.386294
 -1.386294 -1.386294 -1.386294 -1.386294
 -0.770453 -1.568773 -16.362610 -1.112014
 -1.386294 -1.386294 -1.386294 -1.386294
 -1.058806 -1.506619 -1.718377 -1.377870
 -1.061708 -1.456362 -2.251290 -1.152680
 -1.386294 -1.386294 -1.386294 -1.386294
 -1.367426 -1.529395 -1.749795 -1.036309
 -0.932511 -1.827027 -1.458120 -1.547067
 -0.758626 -2.183237 -1.842311 -1.344909
 -1.272276 -1.595049 -1.205585 -1.526056
 -1.468084 -1.575973 -1.468084 -1.101234
 -0.851111 -1.819538 -1.892563 -1.346020
 -0.820148 -1.858133 -2.293450 -1.194841
 -1.051307 -1.754403 -1.754403 -1.189090
 -1.448426 -1.514675 -2.020944 -0.885155
 -1.092140 -1.845105 -1.560854 -1.215584
 -0.875469 -1.622683 -1.873996 -1.459054
 -1.233715 -1.648658 -1.291984 -1.419817
 -1.647178 -1.769780 -1.267689 -1.034074
 -1.037525 -1.708692 -1.378451 -1.548350
 -1.259543 -1.765090 -1.197985 -1.413693
 -1.201723 -1.683026 -1.531476 -1.213023
 -1.686399 -1.672214 -1.280934 -1.052093
 -0.747838 -1.926491 -2.140065 -1.334441
 -0.973702 -1.924677 -1.644375 -1.261384
 -0.870661 -1.556639 -1.913314 -1.501070
 -1.554629 -1.581658 -1.406210 -1.084626
