 -1.114789 0.000100 0.000100 0.000100
 -2.047853 0.000100 0.000100 0.000100
 -1.644048 0.000100 0.000100 0.000100
 -1.050372 0.000100 0.000100 0.000100
 -0.958255 -1.945910 -1.973689 -1.094706
 -0.946597 -1.565635 -2.125249 -1.260254
 -0.703165 -1.664058 -2.180748 -1.596236
 -1.480504 -1.970052 -1.736437 -0.783333
 -0.996181 -1.679476 -1.761154 -1.300503
 -0.786042 -1.987067 -1.929909 -1.339042
 -0.612080 -1.889739 -1.587459 -2.280604
 -1.483837 -1.643467 -1.339099 -1.146195
 -0.777074 -1.860241 -1.815289 -1.505868
 -0.753316 -1.681302 -2.211929 -1.454245
 -0.748267 -1.539394 -2.095339 -1.664557
 -1.592426 -1.357307 -1.568616 -1.105993
 -0.758225 -2.253717 -2.021385 -1.224099
 -0.722514 -2.274055 -1.357766 -1.868591
 -0.756327 -2.004749 -1.569432 -1.672616
 -1.996790 -1.699539 -0.937400 -1.238505
 -15.620516 -15.620516 -0.000001 -15.620516
 -14.508659 -14.508659 -0.000002 -14.508659
 -15.104744 -15.104744 -0.000001 -15.104744
 -15.168766 -15.168766 -0.000001 -15.168766
 -1.386294 -1.386294 -1.386294 -1.386294
 -1.386294 -1.386294 -1.386294 -1.386294
 -16.561499 -16.561499 -16.561499 -0.000000
 -1.386294 -1.386294 -1.386294 -1.386294
 -1.386294 -1.386294 -1.386294 -1.386294
 -1.386294 -1.386294 -1.386294 -1.386294
 -1.386294 -1.386294 -1.386294 -1.386294
 -16.561499 -16.561499 -0.000000 -16.561499
 -1.386294 -1.386294 -1.386294 -1.386294
 -1.386294 -1.386294 -1.386294 -1.386294
 -0.000000 -16.561499 -16.561499 -16.561499
 -1.386294 -1.386294 -1.386294 -1.386294
 -16.561499 -16.561499 -0.000000 -16.561499
 -1.386294 -1.386294 -1.386294 -1.386294
 -1.386294 -1.386294 -1.386294 -1.386294
 -1.386294 -1.386294 -1.386294 -1.386294
 -1.386294 -1.386294 -1.386294 -1.386294
 -1.386294 -1.386294 -1.386294 -1.386294
 -16.561499 -16.561499 -16.561499 -0.000000
 -1.386294 -1.386294 -1.386294 -1.386294
 -1.386294 -1.386294 -1.386294 -1.386294
 -1.386294 -1.386294 -1.386294 -1.386294
 -1.386294 -1.386294 -1.386294 -1.386294
 -16.561499 -16.561499 -16.561499 -0.000000
 -1.386294 -1.386294 -1.386294 -1.386294
 -1.386294 -1.386294 -1.386294 -1.386294
 -1.386294 -1.386294 -1.386294 -1.386294
 -16.561499 -16.561499 -16.561499 -0.000000
 -1.386294 -1.386294 -1.386294 -1.386294
 -1.386294 -1.386294 -1.386294 -1.386294
 -1.386294 -1.386294 -1.386294 -1.386294
 -16.561499 -16.561499 -16.561499 -0.000000
 -1.386294 -1.386294 -1.386294 -1.386294
 -1.386294 -1.386294 -1.386294 -1.386294
 -1.386294 -1.386294 -1.386294 -1.386294
 -0.984688 -1.158796 -1.162894 -16.561499
 -0.968308 -2.035736 -1.935653 -1.063166
 -0.840505 -2.241118 -1.901902 -1.161925
 -0.870144 -2.217971 -1.515435 -1.376080
 -1.386294 -1.386294 -1.386294 -1.386294
 -1.013620 0.000100 0.000100 0.000100
 -2.517690 0.000100 0.000100 0.000100
 -2.255328 0.000100 0.000100 0.000100
 -0.794931 0.000100 0.000100 0.000100
 -0.810934 -1.727217 -1.860747 -1.504076
 -11.512965 -2.302525 -0.916306 -0.693167
 -0.619056 -1.466334 -11.775321 -1.466334
 -1.627455 -1.540444 -1.722764 -0.889860
 -0.804377 -1.845820 -1.845820 -1.440361
 -0.875475 -1.568613 -12.388411 -0.980835
 -0.847306 -1.658222 -1.658222 -1.658222
 -1.410987 -1.767657 -2.327262 -0.717845
 -1.120593 -1.263693 -3.135453 -1.056055
 -0.893825 -12.301401 -1.481603 -1.011607
 -0.693161 -2.638986 -11.849426 -0.847310
 -1.791755 -1.339775 -1.945903 -0.847302
 -0.804377 -1.845820 -2.944399 -1.072640
 -1.427116 -2.525695 -1.832572 -0.653935
 -0.955522 -1.466334 -11.775321 -0.955522
 -2.261751 -1.791755 -1.306252 -0.780162
 -12.706860 -12.706860 -0.000009 -12.706860
 -12.154800 -12.154800 -0.000016 -12.154800
 -12.154800 -12.154800 -0.000016 -12.154800
 -13.180640 -13.180640 -0.000006 -13.180640
 -1.386294 -1.386294 -1.386294 -1.386294
 -1.386294 -1.386294 -1.386294 -1.386294
 -14.030625 -14.030625 -14.030625 -0.000002
 -1.386294 -1.386294 -1.386294 -1.386294
 -1.386294 -1.386294 -1.386294 -1.386294
 -1.386294 -1.386294 -1.386294 -1.386294
 -1.386294 -1.386294 -1.386294 -1.386294
 -14.030625 -14.030625 -0.000002 -14.030625
 -1.386294 -1.386294 -1.386294 -1.386294
 -1.386294 -1.386294 -1.386294 -1.386294
 -0.000002 -14.030625 -14.030625 -14.030625
 -1.386294 -1.386294 -1.386294 -1.386294
 -14.030625 -14.030625 -0.000002 -14.030625
 -1.386294 -1.386294 -1.386294 -1.386294
 -1.386294 -1.386294 -1.386294 -1.386294
 -1.386294 -1.386294 -1.386294 -1.386294
 -1.386294 -1.386294 -1.386294 -1.386294
 -1.386294 -1.386294 -1.386294 -1.386294
 -14.030625 -14.030625 -14.030625 -0.000002
 -1.386294 -1.386294 -1.386294 -1.386294
 -1.386294 -1.386294 -1.386294 -1.386294
 -1.386294 -1.386294 -1.386294 -1.386294
 -1.386294 -1.386294 -1.386294 -1.386294
 -14.030625 -14.030625 -14.030625 -0.000002
 -1.386294 -1.386294 -1.386294 -1.386294
 -1.386294 -1.386294 -1.386294 -1.386294
 -1.386294 -1.386294 -1.386294 -1.386294
 -14.030625 -14.030625 -14.030625 -0.000002
 -1.386294 -1.386294 -1.386294 -1.386294
 -1.386294 -1.386294 -1.386294 -1.386294
 -1.386294 -1.386294 -1.386294 -1.386294
 -14.030625 -14.030625 -14.030625 -0.000002
 -1.386294 -1.386294 -1.386294 -1.386294
 -1.386294 -1.386294 -1.386294 -1.386294
 -1.386294 -1.386294 -1.386294 -1.386294
 -1.236763 -0.812950 -1.323774 -14.030625
 -1.098615 -1.637606 -1.185626 -1.791754
 -0.788461 -1.927886 -2.621021 -1.116963
 -1.193925 -1.887062 -2.110200 -0.857455
 -1.386294 -1.386294 -1.386294 -1.386294
