 -1.039824 0.000100 0.000100 0.000100
 -1.846438 0.000100 0.000100 0.000100
 -2.028760 0.000100 0.000100 0.000100
 -1.029497 0.000100 0.000100 0.000100
 -1.007716 -1.837785 -1.715183 -1.217910
 -0.957840 -1.724318 -1.563975 -1.475422
 -0.625707 -1.541996 -2.235141 -1.936649
 -1.502366 -1.435427 -1.525714 -1.133459
 -0.781634 -1.377326 -1.482686 -2.763618
 -0.624361 -1.487193 -1.683307 -2.944434
 -0.726154 -1.085709 -1.741115 -5.730001
 -1.563728 -0.745731 -1.424892 -2.580660
 -0.000001 -15.717619 -15.717619 -15.717619
 -0.000001 -15.483218 -15.483218 -15.483218
 -0.000001 -15.062544 -15.062544 -15.062544
 -0.000003 -13.676253 -13.676253 -13.676253
 -16.609739 -16.609739 -0.000000 -16.609739
 -1.386294 -1.386294 -1.386294 -1.386294
 -1.386294 -1.386294 -1.386294 -1.386294
 -1.386294 -1.386294 -1.386294 -1.386294
 -1.386294 -1.386294 -1.386294 -1.386294
 -1.386294 -1.386294 -1.386294 -1.386294
 -16.609739 -16.609739 -0.000000 -16.609739
 -1.386294 -1.386294 -1.386294 -1.386294
 -1.386294 -1.386294 -1.386294 -1.386294
 -1.386294 -1.386294 -1.386294 -1.386294
 -16.609739 -16.609739 -16.609739 -0.000000
 -1.386294 -1.386294 -1.386294 -1.386294
 -1.386294 -1.386294 -1.386294 -1.386294
 -1.386294 -1.386294 -1.386294 -1.386294
 -1.386294 -1.386294 -1.386294 -1.386294
 -0.000000 -16.609739 -16.609739 -16.609739
 -16.609739 -16.609739 -16.609739 -0.000000
 -1.386294 -1.386294 -1.386294 -1.386294
 -1.386294 -1.386294 -1.386294 -1.386294
 -1.386294 -1.386294 -1.386294 -1.386294
 -1.386294 -1.386294 -1.386294 -1.386294
 -1.386294 -1.386294 -1.386294 -1.386294
 -1.386294 -1.386294 -1.386294 -1.386294
 -16.609739 -16.609739 -16.609739 -0.000000
 -1.386294 -1.386294 -1.386294 -1.386294
 -1.386294 -1.386294 -1.386294 -1.386294
 -1.386294 -1.386294 -1.386294 -1.386294
 -1.659605 -1.983297 -2.061860 -0.607054
 -1.165082 -1.788549 -2.102206 -0.919512
 -0.743272 -1.832580 -2.048803 -1.445808
 -0.993733 -2.246493 -1.903550 -0.980830
 -1.464468 -1.996553 -2.021659 -0.692026
 -0.860388 -2.404073 -2.256437 -0.962518
 -0.760287 -2.351372 -2.075120 -1.165752
 -0.721319 -2.284233 -2.117180 -1.232144
 -1.582695 -2.109856 -2.030719 -0.612337
 -0.856816 -2.325945 -1.976570 -1.081006
 -0.904797 -1.857453 -2.108767 -1.145959
 -0.869427 -2.110211 -1.704747 -1.280934
 -1.562075 -2.208702 -1.842977 -0.649875
 -0.792548 -2.397894 -2.130832 -1.085709
 -0.827460 -2.164961 -2.031430 -1.149044
 -0.832503 -2.247233 -1.867744 -1.187844
 -1.446544 -2.283281 -1.928079 -0.659246
 -0.793231 -2.663153 -2.072661 -1.044008
 -1.005523 -2.155425 -2.209491 -0.895175
 -0.952825 -2.039874 -1.823652 -1.130506
 -1.515506 -2.188174 -2.061422 -0.614504
 -1.316466 0.000100 0.000100 0.000100
 -2.261955 0.000100 0.000100 0.000100
 -1.555015 0.000100 0.000100 0.000100
 -0.875662 0.000100 0.000100 0.000100
 -0.900234 -1.866420 -1.584570 -1.453234
 -1.018571 -1.637608 -1.280934 -1.791758
 -1.477049 -2.211015 -1.214685 -1.007046
 -1.625774 -1.791759 -1.649585 -0.810931
 -0.815296 -1.970602 -1.670498 -1.469827
 -1.067841 -1.609437 -1.609437 -1.361602
 -1.028769 -1.848667 -1.698385 -1.196906
 -1.777773 -1.266948 -2.158545 -0.835166
 -0.000001 -14.997239 -14.997239 -14.997239
 -0.000002 -14.552676 -14.552676 -14.552676
 -0.000002 -14.346141 -14.346141 -14.346141
 -0.000001 -15.015476 -15.015476 -15.015476
 -16.154428 -16.154428 -0.000000 -16.154428
 -1.386294 -1.386294 -1.386294 -1.386294
 -1.386294 -1.386294 -1.386294 -1.386294
 -1.386294 -1.386294 -1.386294 -1.386294
 -1.386294 -1.386294 -1.386294 -1.386294
 -1.386294 -1.386294 -1.386294 -1.386294
 -16.154428 -16.154428 -0.000000 -16.154428
 -1.386294 -1.386294 -1.386294 -1.386294
 -1.386294 -1.386294 -1.386294 -1.386294
 -1.386294 -1.386294 -1.386294 -1.386294
 -16.154428 -16.154428 -16.154428 -0.000000
 -1.386294 -1.386294 -1.386294 -1.386294
 -1.386294 -1.386294 -1.386294 -1.386294
 -1.386294 -1.386294 -1.386294 -1.386294
 -1.386294 -1.386294 -1.386294 -1.386294
 -0.000000 -16.154428 -16.154428 -16.154428
 -16.154428 -16.154428 -16.154428 -0.000000
 -1.386294 -1.386294 -1.386294 -1.386294
 -1.386294 -1.386294 -1.386294 -1.386294
 -1.386294 -1.386294 -1.386294 -1.386294
 -1.386294 -1.386294 -1.386294 -1.386294
 -1.386294 -1.386294 -1.386294 -1.386294
 -1.386294 -1.386294 -1.386294 -1.386294
 -16.154428 -16.154428 -16.154428 -0.000000
 -1.386294 -1.386294 -1.386294 -1.386294
 -1.386294 -1.386294 -1.386294 -1.386294
 -1.386294 -1.386294 -1.386294 -1.386294
 -1.762303 -1.438756 -1.702340 -0.894354
 -1.087440 -1.444114 -1.849578 -1.310583
 -1.086491 -1.462280 -1.655183 -1.427794
 -1.007641 -1.874450 -1.309922 -1.552867
 -1.680285 -1.538874 -1.643014 -0.902239
 -0.894200 -1.802122 -1.889133 -1.291297
 -0.934725 -2.056865 -1.805552 -1.154966
 -1.210404 -1.782189 -1.103432 -1.599868
 -1.461126 -1.936549 -1.434458 -0.953007
 -0.732017 -1.721008 -2.047692 -1.555216
 -1.085955 -1.590509 -1.529885 -1.418660
 -1.139435 -1.678430 -1.609437 -1.226446
 -1.559738 -1.575005 -1.431905 -1.067262
 -0.828693 -1.811674 -1.864784 -1.406210
 -1.171183 -1.609437 -1.537117 -1.290984
 -1.227824 -1.822530 -1.481604 -1.145133
 -1.372308 -1.659990 -1.505839 -1.095098
 -0.966523 -1.999176 -1.430484 -1.406673
 -0.784120 -1.847639 -1.919097 -1.430746
 -1.079381 -1.690289 -1.267433 -1.638996
 -1.560647 -1.752538 -1.347074 -1.030954
