 -1.050152 0.000100 0.000100 0.000100
 -1.616390 0.000100 0.000100 0.000100
 -2.081753 0.000100 0.000100 0.000100
 -1.118438 0.000100 0.000100 0.000100
 -0.934610 -2.050170 -2.247995 -0.986345
 -0.957841 -1.969439 -1.889396 -1.122143
 -0.639082 -1.546636 -2.043070 -2.043070
 -1.656462 -1.656462 -1.981884 -0.732793
 -0.822826 -2.224622 -2.135010 -1.095240
 -0.722136 -1.897118 -2.233588 -1.358124
 -0.405467 -1.618487 -2.144577 -4.016336
 -0.944910 -1.670846 -1.936549 -1.276555
 -15.191755 -1.106217 -1.854279 -0.668209
 -14.115618 -1.013455 -1.686398 -0.794402
 -13.901692 -1.107830 -1.194841 -1.002470
 -14.630877 -1.215843 -1.636345 -0.675604
 -1.386294 -1.386294 -1.386294 -1.386294
 -14.855788 -14.855788 -0.000001 -14.855788
 -14.310209 -14.310209 -0.000002 -14.310209
 -15.248212 -15.248212 -0.000001 -15.248212
 -1.386294 -1.386294 -1.386294 -1.386294
 -1.386294 -1.386294 -1.386294 -1.386294
 -15.974226 -15.974226 -0.000000 -15.974226
 -1.386294 -1.386294 -1.386294 -1.386294
 -1.386294 -1.386294 -1.386294 -1.386294
 -1.386294 -1.386294 -1.386294 -1.386294
 -15.974226 -15.974226 -15.974226 -0.000000
 -1.386294 -1.386294 -1.386294 -1.386294
 -1.386294 -1.386294 -1.386294 -1.386294
 -1.386294 -1.386294 -1.386294 -1.386294
 -1.386294 -1.386294 -1.386294 -1.386294
 -0.000000 -15.974226 -15.974226 -15.974226
 -15.974226 -0.581800 -0.818464 -15.974226
 -1.386294 -1.386294 -1.386294 -1.386294
 -1.386294 -1.386294 -1.386294 -1.386294
 -1.386294 -1.386294 -1.386294 -1.386294
 -1.386294 -1.386294 -1.386294 -1.386294
 -0.820793 -2.310883 -15.392426 -0.774913
 -0.607883 -1.786537 -15.155762 -1.244940
 -1.386294 -1.386294 -1.386294 -1.386294
 -1.230449 -2.235969 -1.711899 -0.866484
 -1.163152 -2.320598 -1.774058 -0.868353
 -1.386294 -1.386294 -1.386294 -1.386294
 -1.782790 -2.550043 -1.389302 -0.684179
 -0.855117 -2.107877 -2.070137 -1.117481
 -0.940985 -2.327270 -3.713527 -0.717842
 -1.397594 -2.186049 -1.962906 -0.693148
 -1.564542 -2.121113 -2.333674 -0.555162
 -0.882725 -1.991091 -2.684235 -0.963577
 -0.808460 -2.130209 -3.005666 -0.951560
 -0.884204 -1.956836 -1.956836 -1.189585
 -1.367602 -2.178531 -2.466213 -0.602997
 -0.974050 -2.020017 -2.100060 -1.001449
 -1.089311 -1.537334 -2.593379 -0.983951
 -0.766175 -1.864781 -2.316761 -1.266948
 -1.522003 -2.338763 -2.287470 -0.538272
 -0.715963 -2.086987 -2.492451 -1.189047
 -0.948331 -1.936939 -2.763609 -0.902869
 -0.984500 -1.738269 -1.802807 -1.252764
 -1.709785 -2.115250 -2.248781 -0.522621
 -0.930732 -1.781063 -1.917639 -1.236763
 -0.966189 -1.682864 -1.954796 -1.230881
 -0.740777 -1.681757 -1.889395 -1.681757
 -1.617200 -1.786618 -2.247432 -0.637996
 -1.134079 0.000100 0.000100 0.000100
 -1.734358 0.000100 0.000100 0.000100
 -1.788851 0.000100 0.000100 0.000100
 -1.094771 0.000100 0.000100 0.000100
 -1.070873 -1.818297 -1.736111 -1.143240
 -1.114052 -1.864463 -1.784128 -1.053111
 -1.237939 -1.758107 -1.607573 -1.086858
 -1.535174 -1.741150 -1.672630 -0.863910
 -1.184707 -1.732322 -1.593712 -1.157977
 -1.385050 -1.322379 -1.674392 -1.218187
 -1.211212 -1.705603 -1.573640 -1.160876
 -1.205700 -1.909470 -1.712691 -0.988917
 -17.153059 -1.007347 -1.781510 -0.762648
 -16.679424 -1.373259 -1.318481 -0.735682
 -16.736519 -1.631776 -1.151154 -0.717140
 -17.278116 -1.446370 -1.388177 -0.663497
 -1.386294 -1.386294 -1.386294 -1.386294
 -17.068209 -17.068209 -0.000000 -17.068209
 -16.962246 -16.962246 -0.000000 -16.962246
 -17.666084 -17.666084 0.000000 -17.666084
 -1.386294 -1.386294 -1.386294 -1.386294
 -1.386294 -1.386294 -1.386294 -1.386294
 -18.381315 -18.381315 0.000000 -18.381315
 -1.386294 -1.386294 -1.386294 -1.386294
 -1.386294 -1.386294 -1.386294 -1.386294
 -1.386294 -1.386294 -1.386294 -1.386294
 -18.381315 -18.381315 -18.381315 0.000000
 -1.386294 -1.386294 -1.386294 -1.386294
 -1.386294 -1.386294 -1.386294 -1.386294
 -1.386294 -1.386294 -1.386294 -1.386294
 -1.386294 -1.386294 -1.386294 -1.386294
 0.000000 -18.381315 -18.381315 -18.381315
 -18.381315 -0.583324 -0.816537 -18.381315
 -1.386294 -1.386294 -1.386294 -1.386294
 -1.386294 -1.386294 -1.386294 -1.386294
 -1.386294 -1.386294 -1.386294 -1.386294
 -1.386294 -1.386294 -1.386294 -1.386294
 -1.005932 -1.398484 -17.797993 -0.948491
 -0.851149 -1.454716 -17.564779 -1.079959
 -1.386294 -1.386294 -1.386294 -1.386294
 -1.007307 -1.856298 -1.678223 -1.231539
 -1.133303 -1.654459 -1.595296 -1.258824
 -1.386294 -1.386294 -1.386294 -1.386294
 -1.863881 -1.700356 -1.196710 -1.021304
 -1.076764 -1.587589 -1.704000 -1.298535
 -1.185841 -1.543632 -1.430204 -1.420278
 -1.499177 -1.841667 -1.647677 -0.854170
 -1.846047 -1.493565 -1.388940 -0.999048
 -1.005577 -1.776871 -1.811962 -1.198433
 -0.920943 -1.843080 -1.997774 -1.178011
 -1.210264 -1.747874 -1.420146 -1.251558
 -1.087741 -1.774421 -1.825424 -1.101740
 -1.118224 -1.837298 -1.341596 -1.376483
 -1.020141 -1.704748 -1.677901 -1.306109
 -1.179553 -1.672383 -1.486882 -1.277590
 -1.481336 -1.683649 -1.297047 -1.159531
 -1.058627 -1.615734 -1.669801 -1.324112
 -1.156327 -1.565551 -1.545970 -1.334529
 -1.261454 -1.832687 -1.192362 -1.373294
 -1.638941 -1.430103 -1.463360 -1.093408
 -0.973017 -1.757784 -1.751408 -1.286982
 -1.120968 -1.817275 -1.741135 -1.089910
 -0.993252 -1.766642 -1.585627 -1.370797
 -1.619831 -1.671518 -1.448767 -0.969568
