 -1.092333 0.000100 0.000100 0.000100
 -1.757700 0.000100 0.000100 0.000100
 -2.005108 0.000100 0.000100 0.000100
 -1.028675 0.000100 0.000100 0.000100
 -1.112797 -1.697730 -1.763979 -1.149165
 -0.716244 -1.955083 -1.778153 -1.604882
 -0.675757 -1.809458 -1.586315 -2.097139
 -1.574802 -1.473706 -1.512927 -1.068241
 -0.882974 -1.139143 -1.640282 -2.625134
 -0.594449 -1.341662 -1.901277 -3.287563
 -0.633725 -1.281751 -1.672616 -5.501160
 -1.375121 -0.739133 -1.584471 -2.739433
 -0.000001 -15.483218 -15.483218 -15.483218
 -0.000001 -15.292561 -15.292561 -15.292561
 -0.000001 -14.682612 -14.682612 -14.682612
 -0.000005 -13.369229 -13.369229 -13.369229
 -16.357113 -16.357113 -0.000000 -16.357113
 -1.386294 -1.386294 -1.386294 -1.386294
 -1.386294 -1.386294 -1.386294 -1.386294
 -1.386294 -1.386294 -1.386294 -1.386294
 -1.386294 -1.386294 -1.386294 -1.386294
 -1.386294 -1.386294 -1.386294 -1.386294
 -16.357113 -16.357113 -0.000000 -16.357113
 -1.386294 -1.386294 -1.386294 -1.386294
 -1.386294 -1.386294 -1.386294 -1.386294
 -1.386294 -1.386294 -1.386294 -1.386294
 -16.357113 -16.357113 -16.357113 -0.000000
 -1.386294 -1.386294 -1.386294 -1.386294
 -1.386294 -1.386294 -1.386294 -1.386294
 -1.386294 -1.386294 -1.386294 -1.386294
 -1.386294 -1.386294 -1.386294 -1.386294
 -0.000000 -16.357113 -16.357113 -16.357113
 -16.357113 -16.357113 -16.357113 -0.000000
 -1.386294 -1.386294 -1.386294 -1.386294
 -1.386294 -1.386294 -1.386294 -1.386294
 -1.386294 -1.386294 -1.386294 -1.386294
 -1.386294 -1.386294 -1.386294 -1.386294
 -1.386294 -1.386294 -1.386294 -1.386294
 -1.386294 -1.386294 -1.386294 -1.386294
 -0.360055 -1.196130 -16.357113 -16.357113
 -1.277329 -1.645053 -1.926904 -0.960717
 -1.067841 -1.907591 -1.581194 -1.197052
 -1.386294 -1.386294 -1.386294 -1.386294
 -1.386294 -1.386294 -1.386294 -1.386294
 -0.988777 -1.912184 -2.199865 -0.995894
 -0.907558 -1.932837 -2.596128 -0.974999
 -1.132846 -1.936339 -2.159482 -0.871631
 -1.332806 -2.009423 -2.862198 -0.606869
 -1.084428 -1.997203 -2.302584 -0.852869
 -0.958851 -1.860751 -2.553895 -0.958851
 -0.759524 -2.388757 -1.695614 -1.359143
 -1.576131 -2.340736 -2.186585 -0.536708
 -0.911014 -2.271331 -2.063692 -1.000421
 -1.112127 -1.959422 -2.113572 -0.893073
 -0.823601 -2.044100 -2.044100 -1.196805
 -1.536040 -2.184066 -2.229186 -0.571692
 -0.994528 -2.210060 -2.333674 -0.859274
 -1.133460 -1.764729 -2.498694 -0.856473
 -0.814293 -2.008212 -2.008212 -1.242747
 -1.667706 -2.325135 -1.937370 -0.563053
 -0.877645 -2.170412 -2.244520 -1.010243
 -0.817852 -2.032292 -2.143517 -1.170072
 -0.832261 -1.818075 -2.041218 -1.299283
 -1.511568 -2.153421 -2.045208 -0.627366
 -1.438741 0.000100 0.000100 0.000100
 -1.962470 0.000100 0.000100 0.000100
 -1.633446 0.000100 0.000100 0.000100
 -0.850954 0.000100 0.000100 0.000100
 -0.945562 -1.710533 -1.590389 -1.483144
 -1.029620 -1.540445 -1.230291 -1.992428
 -1.222842 -1.677096 -1.161284 -1.581786
 -1.563501 -1.741749 -1.659832 -0.855164
 -0.868553 -1.769917 -1.930259 -1.328085
 -1.045588 -1.149385 -2.312532 -1.458120
 -1.347680 -1.799664 -1.394199 -1.118494
 -1.845826 -0.925622 -1.927504 -1.202941
 -0.000001 -14.981783 -14.981783 -14.981783
 -0.000001 -14.873302 -14.873302 -14.873302
 -0.000002 -14.380827 -14.380827 -14.380827
 -0.000001 -14.950134 -14.950134 -14.950134
 -16.209763 -16.209763 -0.000000 -16.209763
 -1.386294 -1.386294 -1.386294 -1.386294
 -1.386294 -1.386294 -1.386294 -1.386294
 -1.386294 -1.386294 -1.386294 -1.386294
 -1.386294 -1.386294 -1.386294 -1.386294
 -1.386294 -1.386294 -1.386294 -1.386294
 -16.209763 -16.209763 -0.000000 -16.209763
 -1.386294 -1.386294 -1.386294 -1.386294
 -1.386294 -1.386294 -1.386294 -1.386294
 -1.386294 -1.386294 -1.386294 -1.386294
 -16.209763 -16.209763 -16.209763 -0.000000
 -1.386294 -1.386294 -1.386294 -1.386294
 -1.386294 -1.386294 -1.386294 -1.386294
 -1.386294 -1.386294 -1.386294 -1.386294
 -1.386294 -1.386294 -1.386294 -1.386294
 -0.000000 -16.209763 -16.209763 -16.209763
 -16.209763 -16.209763 -16.209763 -0.000000
 -1.386294 -1.386294 -1.386294 -1.386294
 -1.386294 -1.386294 -1.386294 -1.386294
 -1.386294 -1.386294 -1.386294 -1.386294
 -1.386294 -1.386294 -1.386294 -1.386294
 -1.386294 -1.386294 -1.386294 -1.386294
 -1.386294 -1.386294 -1.386294 -1.386294
 -0.659063 -0.728434 -16.209763 -16.209763
 -1.284114 -1.496172 -1.970911 -1.022240
 -0.933451 -1.579640 -1.706640 -1.517398
 -1.386294 -1.386294 -1.386294 -1.386294
 -1.386294 -1.386294 -1.386294 -1.386294
 -0.889262 -1.789023 -1.839454 -1.335549
 -1.244324 -1.826245 -1.201152 -1.386294
 -1.293585 -1.868948 -1.087249 -1.451214
 -1.279685 -2.241959 -1.386294 -1.006148
 -0.930476 -1.980296 -1.864784 -1.162588
 -1.203973 -1.290984 -1.817076 -1.337504
 -1.273499 -1.678963 -1.547935 -1.136640
 -1.455744 -1.512097 -1.738869 -0.992613
 -0.949577 -1.885285 -1.627456 -1.328475
 -1.108091 -1.955387 -1.745668 -1.039099
 -1.119556 -2.084634 -1.736329 -0.986025
 -1.328823 -1.883133 -1.595451 -0.966843
 -1.098613 -1.888751 -1.766861 -1.065552
 -0.894518 -1.850027 -1.773066 -1.331235
 -0.923494 -2.084236 -1.513693 -1.353350
 -1.383603 -1.838664 -1.497361 -1.003548
 -0.988265 -2.124903 -1.386294 -1.353505
 -0.956733 -1.516347 -1.603358 -1.634130
 -1.049165 -1.883389 -1.529750 -1.269024
 -1.266948 -1.811674 -1.829066 -0.930476
