 -0.942577 0.000100 0.000100 0.000100
 -1.751088 0.000100 0.000100 0.000100
 -1.708529 0.000100 0.000100 0.000100
 -1.363905 0.000100 0.000100 0.000100
 -0.589726 -1.980395 -1.849060 -1.896312
 -0.980830 -1.430746 -1.604017 -1.688574
 -0.652326 -1.568616 -1.925289 -2.079439
 -1.613134 -1.507774 -1.412464 -1.091260
 -0.419951 -1.908989 -1.939294 -2.978184
 -0.611958 -1.371479 -1.869317 -3.000712
 -0.745516 -1.694595 -1.945909 -1.614552
 -1.362874 -1.061399 -1.362874 -1.950659
 -0.000001 -15.525700 -15.525700 -15.525700
 -0.000001 -14.635292 -14.635292 -14.635292
 -0.000002 -14.392126 -14.392126 -14.392126
 -0.000003 -13.835317 -13.835317 -13.835317
 -0.557496 -2.162003 -16.176365 -1.163906
 -1.386294 -1.386294 -1.386294 -1.386294
 -1.386294 -1.386294 -1.386294 -1.386294
 -1.386294 -1.386294 -1.386294 -1.386294
 -15.618870 -15.618870 -0.000001 -15.618870
 -14.014364 -14.014364 -0.000002 -14.014364
 -1.386294 -1.386294 -1.386294 -1.386294
 -15.012460 -15.012460 -0.000001 -15.012460
 -1.386294 -1.386294 -1.386294 -1.386294
 -1.386294 -1.386294 -1.386294 -1.386294
 -16.176365 -16.176365 -16.176365 -0.000000
 -1.386294 -1.386294 -1.386294 -1.386294
 -1.386294 -1.386294 -1.386294 -1.386294
 -1.386294 -1.386294 -1.386294 -1.386294
 -1.386294 -1.386294 -1.386294 -1.386294
 -16.176365 -3.328436 -0.615139 -0.859001
 -1.386294 -1.386294 -1.386294 -1.386294
 -0.379496 -2.251277 -2.028139 -2.538951
 -0.410715 -2.544222 -2.020152 -2.074219
 -1.116590 -2.215201 -1.789534 -0.925240
 -0.758530 -2.038691 -15.525699 -0.912681
 -0.756328 -2.020015 -13.795312 -0.921407
 -0.506563 -2.005331 -14.260199 -1.336284
 -1.229325 -2.007028 -14.743731 -0.556657
 -1.077691 -2.151761 -2.548176 -0.765468
 -1.358124 -1.850598 -2.108426 -0.767256
 -1.386294 -1.386294 -1.386294 -1.386294
 -1.745849 -2.210737 -2.413677 -0.467770
 -0.820981 -2.120262 -2.525726 -1.021652
 -0.944463 -2.639049 -2.438381 -0.793232
 -1.109309 -2.058384 -1.770704 -0.987948
 -1.446477 -2.117317 -1.894174 -0.705614
 -1.066209 -2.200222 -2.314632 -0.807195
 -1.066352 -2.095968 -2.239067 -0.852779
 -0.908857 -1.678963 -1.953399 -1.314321
 -1.933224 -2.009597 -1.933224 -0.550614
 -1.006239 -1.967649 -2.047692 -1.006239
 -0.990400 -2.233588 -2.108426 -0.916292
 -1.106160 -1.671472 -2.182295 -0.998530
 -1.899748 -2.279237 -1.953815 -0.500382
 -0.842444 -1.975541 -2.116619 -1.170477
 -1.025051 -1.930756 -1.784153 -1.113998
 -0.847299 -2.233588 -1.945908 -1.134981
 -1.534636 -2.010060 -2.039474 -0.653180
 -0.786674 -2.449813 -2.261761 -1.037988
 -1.098613 -1.652922 -1.953025 -1.098613
 -0.693149 -2.247773 -2.065453 -1.318241
 -1.545750 -1.961910 -1.826365 -0.723069
 -1.066278 0.000100 0.000100 0.000100
 -1.779989 0.000100 0.000100 0.000100
 -1.681154 0.000100 0.000100 0.000100
 -1.200933 0.000100 0.000100 0.000100
 -0.780590 -1.934169 -1.702085 -1.537039
 -0.933301 -1.654685 -1.654994 -1.493874
 -0.903843 -1.687651 -1.539341 -1.632124
 -1.602942 -1.473569 -1.401981 -1.128614
 -0.640308 -1.881442 -1.703774 -1.976852
 -0.889888 -1.375453 -1.681252 -1.894242
 -1.009905 -1.817572 -1.519207 -1.368684
 -1.429693 -1.305441 -1.258922 -1.581800
 0.000000 -20.506813 -20.506813 -20.506813
 0.000000 -19.822651 -19.822651 -19.822651
 0.000000 -19.886318 -19.886318 -19.886318
 0.000000 -19.714119 -19.714119 -19.714119
 -0.842914 -1.658919 -21.421028 -0.969688
 -1.386294 -1.386294 -1.386294 -1.386294
 -1.386294 -1.386294 -1.386294 -1.386294
 -1.386294 -1.386294 -1.386294 -1.386294
 -20.578114 -20.578114 0.000000 -20.578114
 -19.762108 -19.762108 0.000000 -19.762108
 -1.386294 -1.386294 -1.386294 -1.386294
 -20.451340 -20.451340 0.000000 -20.451340
 -1.386294 -1.386294 -1.386294 -1.386294
 -1.386294 -1.386294 -1.386294 -1.386294
 -21.421028 -21.421028 -21.421028 0.000000
 -1.386294 -1.386294 -1.386294 -1.386294
 -1.386294 -1.386294 -1.386294 -1.386294
 -1.386294 -1.386294 -1.386294 -1.386294
 -1.386294 -1.386294 -1.386294 -1.386294
 -21.421028 -1.542011 -1.260407 -0.688138
 -1.386294 -1.386294 -1.386294 -1.386294
 -0.978753 -1.955752 -1.560369 -1.299368
 -1.193670 -1.621712 -1.393022 -1.382265
 -1.797770 -1.546276 -1.617213 -0.860759
 -0.840594 -1.573962 -20.033094 -1.017982
 -0.844496 -1.453531 -19.777700 -1.089209
 -0.774792 -1.474236 -19.884260 -1.170388
 -1.425774 -1.372421 -20.348078 -0.680853
 -0.937946 -1.817352 -1.737468 -1.308785
 -0.963503 -1.653574 -1.778067 -1.354343
 -1.386294 -1.386294 -1.386294 -1.386294
 -1.654412 -1.413791 -1.569566 -1.028786
 -0.921514 -1.877178 -1.669172 -1.344540
 -0.967057 -1.748625 -1.623394 -1.392078
 -1.024058 -1.694859 -1.552976 -1.403958
 -1.606491 -1.559052 -1.503550 -1.003116
 -0.859846 -1.938447 -1.821415 -1.305456
 -1.021206 -1.707707 -1.724911 -1.271645
 -0.963305 -1.718391 -1.705465 -1.357403
 -1.644449 -1.638638 -1.628351 -0.876148
 -0.915251 -1.898380 -1.765625 -1.277645
 -1.034290 -1.715007 -1.731018 -1.246689
 -1.034337 -1.721937 -1.695339 -1.264852
 -1.646722 -1.670284 -1.600805 -0.873730
 -0.911216 -1.930226 -1.700564 -1.308337
 -1.057572 -1.735517 -1.636606 -1.266724
 -1.035352 -1.702693 -1.555186 -1.380089
 -1.642855 -1.641427 -1.526582 -0.927371
 -0.884330 -1.898925 -1.874330 -1.259408
 -1.001735 -1.777028 -1.763014 -1.230690
 -1.003948 -1.693725 -1.751913 -1.286288
 -1.592532 -1.626553 -1.647803 -0.897686
