 -1.107196 0.000100 0.000100 0.000100
 -1.848918 0.000100 0.000100 0.000100
 -1.909542 0.000100 0.000100 0.000100
 -1.010711 0.000100 0.000100 0.000100
 -1.129249 -1.733165 -1.534714 -1.257083
 -0.716032 -1.569521 -1.932425 -1.842814
 -0.628009 -1.599868 -1.970241 -2.079440
 -1.703770 -1.508982 -1.432348 -1.026884
 -0.948179 -1.151958 -1.520444 -2.552044
 -0.747608 -1.156811 -1.931874 -2.701004
 -0.918060 -1.070736 -1.396952 -4.546803
 -1.739934 -0.703843 -1.452252 -2.346068
 -0.000001 -15.408820 -15.408820 -15.408820
 -0.000001 -15.460317 -15.460317 -15.460317
 -0.000001 -14.914124 -14.914124 -14.914124
 -0.000003 -13.753639 -13.753639 -13.753639
 -16.457422 -16.457422 -0.000000 -16.457422
 -1.386294 -1.386294 -1.386294 -1.386294
 -1.386294 -1.386294 -1.386294 -1.386294
 -1.386294 -1.386294 -1.386294 -1.386294
 -1.386294 -1.386294 -1.386294 -1.386294
 -1.386294 -1.386294 -1.386294 -1.386294
 -16.457422 -16.457422 -0.000000 -16.457422
 -1.386294 -1.386294 -1.386294 -1.386294
 -1.386294 -1.386294 -1.386294 -1.386294
 -1.386294 -1.386294 -1.386294 -1.386294
 -16.457420 -16.457420 -16.457420 -0.000000
 -1.386294 -1.386294 -1.386294 -1.386294
 -1.386294 -1.386294 -1.386294 -1.386294
 -1.386294 -1.386294 -1.386294 -1.386294
 -1.386294 -1.386294 -1.386294 -1.386294
 -0.000000 -16.457422 -16.457422 -16.457422
 -16.457422 -0.000000 -16.457422 -16.457422
 -1.386294 -1.386294 -1.386294 -1.386294
 -1.386294 -1.386294 -1.386294 -1.386294
 -1.386294 -1.386294 -1.386294 -1.386294
 -1.386294 -1.386294 -1.386294 -1.386294
 -0.756357 -1.989585 -16.457422 -0.931723
 -1.386294 -1.386294 -1.386294 -1.386294
 -1.386294 -1.386294 -1.386294 -1.386294
 -1.320240 -1.990913 -1.297767 -1.129431
 -1.473306 -1.760987 -1.646577 -0.900787
 -1.386294 -1.386294 -1.386294 -1.386294
 -1.624010 -2.444156 -1.298078 -0.814100
 -0.967744 -1.884034 -2.011867 -1.095578
 -0.893169 -1.740465 -2.576709 -1.081221
 -1.538635 -2.057934 -2.123892 -0.619817
 -1.314321 -2.223690 -1.806797 -0.778803
 -0.893818 -1.772801 -2.451961 -1.093839
 -1.126012 -1.786368 -2.275914 -0.902869
 -0.709149 -2.063691 -1.840548 -1.504077
 -1.246248 -2.446439 -2.305857 -0.642181
 -0.794073 -1.924148 -2.055724 -1.294627
 -0.910721 -1.855180 -2.297011 -1.076513
 -1.032364 -1.987872 -1.428258 -1.320045
 -1.549118 -2.186914 -2.171647 -0.577478
 -0.891238 -1.910599 -2.227269 -1.096501
 -0.949081 -1.791758 -2.281305 -1.066864
 -0.975380 -1.990609 -1.842189 -1.115142
 -1.503188 -2.041042 -1.877154 -0.703881
 -0.921741 -1.813738 -2.239405 -1.100789
 -1.198961 -1.509115 -2.074427 -1.044810
 -0.971861 -1.888150 -1.786368 -1.195004
 -1.583004 -1.921217 -1.997203 -0.668455
 -1.326732 0.000100 0.000100 0.000100
 -1.930980 0.000100 0.000100 0.000100
 -1.766803 0.000100 0.000100 0.000100
 -0.870427 0.000100 0.000100 0.000100
 -1.058607 -1.504077 -1.444654 -1.634697
 -1.053981 -1.572774 -1.441746 -1.572774
 -1.138115 -1.887773 -1.206323 -1.474587
 -1.521469 -1.625369 -1.709067 -0.906995
 -1.020495 -1.673976 -1.321756 -1.685149
 -1.101666 -1.101666 -2.031812 -1.588321
 -1.441557 -1.699386 -1.313724 -1.165304
 -2.034809 -0.752994 -1.783494 -1.468414
 -0.000001 -15.281079 -15.281079 -15.281079
 -0.000001 -15.412877 -15.412877 -15.412877
 -0.000001 -15.073973 -15.073973 -15.073973
 -0.000001 -15.158377 -15.158377 -15.158377
 -16.626118 -16.626118 -0.000000 -16.626118
 -1.386294 -1.386294 -1.386294 -1.386294
 -1.386294 -1.386294 -1.386294 -1.386294
 -1.386294 -1.386294 -1.386294 -1.386294
 -1.386294 -1.386294 -1.386294 -1.386294
 -1.386294 -1.386294 -1.386294 -1.386294
 -16.626118 -16.626118 -0.000000 -16.626118
 -1.386294 -1.386294 -1.386294 -1.386294
 -1.386294 -1.386294 -1.386294 -1.386294
 -1.386294 -1.386294 -1.386294 -1.386294
 -16.626118 -16.626118 -16.626118 -0.000000
 -1.386294 -1.386294 -1.386294 -1.386294
 -1.386294 -1.386294 -1.386294 -1.386294
 -1.386294 -1.386294 -1.386294 -1.386294
 -1.386294 -1.386294 -1.386294 -1.386294
 -0.000000 -16.626118 -16.626118 -16.626118
 -16.626118 -0.000000 -16.626118 -16.626118
 -1.386294 -1.386294 -1.386294 -1.386294
 -1.386294 -1.386294 -1.386294 -1.386294
 -1.386294 -1.386294 -1.386294 -1.386294
 -1.386294 -1.386294 -1.386294 -1.386294
 -0.881988 -1.447070 -16.626118 -1.047590
 -1.386294 -1.386294 -1.386294 -1.386294
 -1.386294 -1.386294 -1.386294 -1.386294
 -1.140161 -1.490364 -1.860960 -1.205913
 -1.250209 -1.720212 -1.343735 -1.295879
 -1.386294 -1.386294 -1.386294 -1.386294
 -1.640799 -1.695358 -1.121163 -1.214896
 -1.200235 -1.434635 -1.807614 -1.215273
 -1.026012 -1.542455 -1.694261 -1.410686
 -1.878087 -1.963609 -1.698502 -0.646628
 -1.415524 -1.504077 -1.653609 -1.068215
 -0.869929 -1.724620 -1.750937 -1.473306
 -1.086951 -1.501149 -1.688747 -1.365974
 -1.021652 -1.544899 -1.733490 -1.386294
 -0.940347 -2.008978 -1.773256 -1.185469
 -1.053886 -1.760701 -1.482236 -1.376875
 -0.971861 -1.739115 -1.720067 -1.320912
 -1.242507 -1.316615 -1.468631 -1.546189
 -1.352847 -1.719597 -1.567256 -1.039189
 -1.054406 -1.601933 -1.700051 -1.318935
 -1.156881 -1.331235 -1.870230 -1.319400
 -1.364071 -1.731796 -1.531125 -1.046617
 -1.592084 -1.560335 -1.433335 -1.055779
 -0.974453 -1.696255 -1.684694 -1.371479
 -1.113001 -1.527200 -1.926107 -1.175802
 -1.060203 -1.630747 -1.542455 -1.410686
 -1.392182 -1.572930 -1.611397 -1.065886
