 -1.036177 0.000100 0.000100 0.000100
 -1.693144 0.000100 0.000100 0.000100
 -1.952467 0.000100 0.000100 0.000100
 -1.141537 0.000100 0.000100 0.000100
 -0.846421 -1.813036 -1.813036 -1.407572
 -0.926496 -1.645617 -1.817467 -1.391383
 -0.980830 -1.440361 -1.691675 -1.589893
 -1.586315 -1.707676 -1.558144 -0.907558
 -0.671641 -1.797208 -2.123892 -1.590595
 -0.683098 -1.624705 -2.515674 -1.527067
 -0.652739 -1.866660 -1.900561 -1.741497
 -1.218005 -1.477113 -1.580910 -1.308976
 -15.386209 -1.293065 -1.986212 -0.530421
 -14.513647 -0.884465 -1.719785 -0.896586
 -14.240781 -1.023106 -1.596450 -0.825746
 -14.674174 -1.146344 -1.512588 -0.772485
 -1.386294 -1.386294 -1.386294 -1.386294
 -15.053886 -15.053886 -0.000001 -15.053886
 -14.430698 -14.430698 -0.000002 -14.430698
 -15.503760 -15.503760 -0.000001 -15.503760
 -1.386294 -1.386294 -1.386294 -1.386294
 -1.386294 -1.386294 -1.386294 -1.386294
 -16.186689 -16.186689 -0.000000 -16.186689
 -1.386294 -1.386294 -1.386294 -1.386294
 -1.386294 -1.386294 -1.386294 -1.386294
 -1.386294 -1.386294 -1.386294 -1.386294
 -16.186689 -16.186689 -16.186689 -0.000000
 -1.386294 -1.386294 -1.386294 -1.386294
 -1.386294 -1.386294 -1.386294 -1.386294
 -1.386294 -1.386294 -1.386294 -1.386294
 -1.386294 -1.386294 -1.386294 -1.386294
 -16.186689 -3.420998 -0.604736 -0.864881
 -1.386294 -1.386294 -1.386294 -1.386294
 -0.610915 -2.169040 -2.456714 -1.358124
 -0.345746 -2.328560 -2.197224 -2.479790
 -1.087587 -2.282825 -2.179641 -0.803200
 -0.651300 -2.346259 -15.581953 -0.959966
 -0.760808 -1.839613 -13.883173 -0.983951
 -0.701588 -1.834683 -13.989468 -1.065552
 -1.191234 -2.469636 -14.771024 -0.491778
 -1.203297 -2.140065 -2.308688 -0.728239
 -1.368903 -2.171245 -2.433607 -0.609066
 -1.386294 -1.386294 -1.386294 -1.386294
 -1.891389 -2.248063 -2.227860 -0.452910
 -0.914269 -2.108189 -1.898469 -1.114940
 -0.817201 -1.954276 -2.484900 -1.098613
 -1.324052 -2.126395 -2.206437 -0.684017
 -1.345136 -2.381227 -2.345509 -0.595548
 -0.949577 -1.925290 -2.351373 -0.988798
 -0.894786 -1.911716 -2.105871 -1.134015
 -0.992391 -1.757856 -2.268679 -1.040019
 -1.932116 -2.003068 -2.145038 -0.505549
 -0.998042 -1.991292 -1.991292 -1.026213
 -0.893819 -2.328898 -2.146578 -0.976510
 -0.791884 -1.766440 -2.197220 -1.328187
 -1.809670 -2.239526 -1.834061 -0.562085
 -0.898535 -2.171498 -1.989177 -1.072888
 -1.222227 -1.915371 -1.815288 -0.927988
 -0.963438 -2.079439 -1.691675 -1.173733
 -1.626140 -2.069142 -1.862528 -0.650588
 -0.806983 -1.994541 -2.042169 -1.244883
 -1.160171 -1.678963 -1.719785 -1.136640
 -1.017644 -1.615480 -1.853890 -1.261840
 -1.485568 -2.077245 -1.829837 -0.717620
 -1.128067 0.000100 0.000100 0.000100
 -1.732193 0.000100 0.000100 0.000100
 -1.759039 0.000100 0.000100 0.000100
 -1.117075 0.000100 0.000100 0.000100
 -1.067600 -1.795564 -1.602646 -1.242123
 -1.036442 -1.862970 -1.467682 -1.348554
 -1.094415 -1.703793 -1.543956 -1.310304
 -1.780953 -1.672413 -1.444993 -0.896534
 -1.204330 -1.708121 -1.814514 -1.032869
 -1.278251 -1.586678 -1.632405 -1.135029
 -1.285306 -1.590404 -1.501660 -1.214594
 -1.705900 -1.615850 -1.697609 -0.828856
 -19.257063 -1.415664 -1.751922 -0.538205
 -18.999931 -1.207922 -1.571882 -0.706175
 -18.960035 -1.342540 -1.707317 -0.584352
 -19.616148 -1.368393 -1.465964 -0.664309
 -1.386294 -1.386294 -1.386294 -1.386294
 -19.288916 -19.288916 0.000000 -19.288916
 -19.033106 -19.033106 0.000000 -19.033106
 -20.006870 -20.006870 0.000000 -20.006870
 -1.386294 -1.386294 -1.386294 -1.386294
 -1.386294 -1.386294 -1.386294 -1.386294
 -20.630350 -20.630350 0.000000 -20.630350
 -1.386294 -1.386294 -1.386294 -1.386294
 -1.386294 -1.386294 -1.386294 -1.386294
 -1.386294 -1.386294 -1.386294 -1.386294
 -20.630350 -20.630350 -20.630350 0.000000
 -1.386294 -1.386294 -1.386294 -1.386294
 -1.386294 -1.386294 -1.386294 -1.386294
 -1.386294 -1.386294 -1.386294 -1.386294
 -1.386294 -1.386294 -1.386294 -1.386294
 -20.630350 -1.461986 -1.107231 -0.826103
 -1.386294 -1.386294 -1.386294 -1.386294
 -1.081897 -1.758284 -1.688779 -1.190850
 -1.318482 -1.634317 -1.205801 -1.435815
 -1.705287 -1.568691 -1.742243 -0.832789
 -0.883558 -1.441990 -19.230055 -1.049155
 -0.851665 -1.371648 -18.998697 -1.140662
 -0.807445 -1.397509 -19.109118 -1.181586
 -1.614332 -1.236091 -19.549854 -0.672445
 -1.030654 -1.808596 -1.559343 -1.312791
 -1.127283 -1.659798 -1.554770 -1.292176
 -1.386294 -1.386294 -1.386294 -1.386294
 -1.755728 -1.495136 -1.463568 -0.989961
 -0.971314 -1.748020 -1.705641 -1.325611
 -1.112495 -1.646446 -1.553297 -1.320584
 -1.183319 -1.602140 -1.339546 -1.468329
 -1.735603 -1.561234 -1.395528 -1.004775
 -0.974786 -1.787647 -1.779773 -1.249329
 -1.071714 -1.596176 -1.780278 -1.250653
 -1.118019 -1.663265 -1.698805 -1.201802
 -1.709633 -1.575473 -1.549065 -0.917012
 -1.071858 -1.796891 -1.543390 -1.279563
 -1.043038 -1.820128 -1.498739 -1.338645
 -1.122687 -1.672392 -1.515892 -1.319810
 -1.649394 -1.650812 -1.320387 -1.052948
 -1.037040 -1.659954 -1.706981 -1.294857
 -1.124596 -1.629098 -1.630991 -1.260986
 -1.178092 -1.670790 -1.367696 -1.388926
 -1.661776 -1.572488 -1.459242 -0.993556
 -0.993528 -1.812009 -1.749285 -1.229262
 -1.115506 -1.780340 -1.494404 -1.275514
 -1.067970 -1.696911 -1.676077 -1.251976
 -1.688586 -1.596974 -1.509388 -0.937347
