 -1.081619 0.000100 0.000100 0.000100
 -1.976169 0.000100 0.000100 0.000100
 -1.831278 0.000100 0.000100 0.000100
 -1.015708 0.000100 0.000100 0.000100
 -1.070442 -1.763588 -1.789564 -1.143564
 -0.651037 -2.006869 -1.588160 -1.967649
 -0.775519 -1.520490 -2.003341 -1.681758
 -1.632331 -1.621860 -1.334178 -1.068215
 -1.046313 -1.065606 -1.548681 -2.388985
 -0.637798 -1.300639 -2.071343 -2.614956
 -0.773806 -1.220092 -1.458984 -4.503475
 -1.745239 -0.747509 -1.262065 -2.676795
 -0.000001 -15.379951 -15.379951 -15.379951
 -0.000001 -15.384128 -15.384128 -15.384128
 -0.000001 -14.900702 -14.900702 -14.900702
 -0.000003 -13.687682 -13.687682 -13.687682
 -16.412256 -16.412256 -0.000000 -16.412256
 -1.386294 -1.386294 -1.386294 -1.386294
 -1.386294 -1.386294 -1.386294 -1.386294
 -1.386294 -1.386294 -1.386294 -1.386294
 -1.386294 -1.386294 -1.386294 -1.386294
 -1.386294 -1.386294 -1.386294 -1.386294
 -16.412256 -16.412256 -0.000000 -16.412256
 -1.386294 -1.386294 -1.386294 -1.386294
 -1.386294 -1.386294 -1.386294 -1.386294
 -1.386294 -1.386294 -1.386294 -1.386294
 -16.412256 -16.412256 -16.412256 -0.000000
 -1.386294 -1.386294 -1.386294 -1.386294
 -1.386294 -1.386294 -1.386294 -1.386294
 -1.386294 -1.386294 -1.386294 -1.386294
 -1.386294 -1.386294 -1.386294 -1.386294
 -0.000000 -16.412256 -16.412256 -16.412256
 -0.000000 -16.412256 -16.412256 -16.412256
 -1.386294 -1.386294 -1.386294 -1.386294
 -1.386294 -1.386294 -1.386294 -1.386294
 -1.386294 -1.386294 -1.386294 -1.386294
 -0.788458 -1.808289 -16.412256 -0.963592
 -1.386294 -1.386294 -1.386294 -1.386294
 -1.386294 -1.386294 -1.386294 -1.386294
 -1.386294 -1.386294 -1.386294 -1.386294
 -1.095339 -1.970807 -2.254575 -0.864383
 -1.404643 -1.655957 -1.959639 -0.861029
 -1.386294 -1.386294 -1.386294 -1.386294
 -1.663613 -1.894519 -2.654804 -0.527898
 -0.923358 -1.920873 -2.158544 -1.076327
 -1.113428 -1.680533 -1.985914 -1.055441
 -1.319849 -1.784153 -1.409461 -1.137528
 -1.503311 -2.149311 -2.110596 -0.616414
 -15.171347 -0.703511 -0.682891 -15.171347
 -14.446785 -0.661732 -0.725584 -14.446785
 -14.403299 -0.988265 -0.465570 -14.403299
 -15.583661 -0.786071 -0.608129 -15.583661
 -1.386294 -1.386294 -1.386294 -1.386294
 -1.054649 -1.991895 -2.103812 -0.933289
 -0.818960 -2.045261 -1.807176 -1.325588
 -1.386294 -1.386294 -1.386294 -1.386294
 -0.808125 -2.106008 -1.861555 -1.283184
 -1.156432 -1.518222 -1.655422 -1.289963
 -0.898411 -1.866660 -1.396657 -1.656940
 -1.482522 -1.966768 -1.760154 -0.774338
 -0.791003 -2.062634 -1.967324 -1.274177
 -0.942267 -1.977161 -1.776491 -1.195462
 -0.905929 -1.843052 -1.696449 -1.369765
 -1.411907 -2.032294 -1.997808 -0.714054
 -1.420346 0.000100 0.000100 0.000100
 -2.283838 0.000100 0.000100 0.000100
 -1.887943 0.000100 0.000100 0.000100
 -0.683010 0.000100 0.000100 0.000100
 -0.984854 -1.678000 -1.474401 -1.556639
 -0.637580 -1.945906 -1.540444 -2.169047
 -1.210404 -1.936338 -1.118031 -1.466337
 -1.917498 -1.558865 -1.754980 -0.755575
 -1.055363 -1.509617 -1.509617 -1.560910
 -1.492516 -0.927988 -2.087221 -1.363305
 -1.161792 -1.406914 -1.812377 -1.276861
 -1.972342 -0.540240 -2.442344 -1.653889
 -0.000002 -14.346141 -14.346141 -14.346141
 -0.000001 -14.774862 -14.774862 -14.774862
 -0.000003 -13.815515 -13.815515 -13.815515
 -0.000002 -14.260199 -14.260199 -14.260199
 -15.742676 -15.742676 -0.000000 -15.742676
 -1.386294 -1.386294 -1.386294 -1.386294
 -1.386294 -1.386294 -1.386294 -1.386294
 -1.386294 -1.386294 -1.386294 -1.386294
 -1.386294 -1.386294 -1.386294 -1.386294
 -1.386294 -1.386294 -1.386294 -1.386294
 -15.742676 -15.742676 -0.000000 -15.742676
 -1.386294 -1.386294 -1.386294 -1.386294
 -1.386294 -1.386294 -1.386294 -1.386294
 -1.386294 -1.386294 -1.386294 -1.386294
 -15.742676 -15.742676 -15.742676 -0.000000
 -1.386294 -1.386294 -1.386294 -1.386294
 -1.386294 -1.386294 -1.386294 -1.386294
 -1.386294 -1.386294 -1.386294 -1.386294
 -1.386294 -1.386294 -1.386294 -1.386294
 -0.000001 -15.742676 -15.742676 -15.742676
 -0.000001 -15.742676 -15.742676 -15.742676
 -1.386294 -1.386294 -1.386294 -1.386294
 -1.386294 -1.386294 -1.386294 -1.386294
 -1.386294 -1.386294 -1.386294 -1.386294
 -0.815307 -1.501896 -15.742675 -1.094255
 -1.386294 -1.386294 -1.386294 -1.386294
 -1.386294 -1.386294 -1.386294 -1.386294
 -1.386294 -1.386294 -1.386294 -1.386294
 -0.726596 -1.866879 -2.672502 -1.228391
 -1.079195 -1.446919 -2.322384 -1.118415
 -1.386294 -1.386294 -1.386294 -1.386294
 -1.360542 -1.587931 -1.609437 -1.081371
 -1.110309 -1.724318 -2.294861 -0.937840
 -1.371027 -1.823010 -1.341174 -1.129866
 -1.516347 -1.271226 -1.462280 -1.315677
 -1.618697 -1.448072 -1.618697 -0.997871
 -14.397729 -0.710050 -0.676528 -14.397729
 -14.159103 -0.700266 -0.686082 -14.159103
 -14.014364 -0.614368 -0.778671 -14.014364
 -14.711600 -0.876286 -0.538415 -14.711600
 -1.386294 -1.386294 -1.386294 -1.386294
 -1.086417 -1.761545 -1.726454 -1.161925
 -1.225439 -1.684185 -1.400242 -1.293758
 -1.386294 -1.386294 -1.386294 -1.386294
 -0.980830 -1.791759 -1.546637 -1.404987
 -1.148623 -1.593308 -1.315677 -1.554087
 -1.001449 -1.589235 -1.658227 -1.435084
 -1.542104 -1.614425 -1.371479 -1.098613
 -0.961057 -1.573234 -1.883389 -1.354546
 -0.886214 -1.507901 -1.784153 -1.617100
 -1.055263 -1.255933 -1.566087 -1.843718
 -1.348349 -1.509617 -1.560910 -1.173146
