 -1.118030 0.000100 0.000100 0.000100
 -1.963369 0.000100 0.000100 0.000100
 -1.689481 0.000100 0.000100 0.000100
 -1.055332 0.000100 0.000100 0.000100
 -0.838513 -1.937124 -2.044755 -1.223776
 -0.778915 -2.211015 -1.987872 -1.222407
 -0.622768 -1.925289 -2.166451 -1.593933
 -1.306677 -1.979620 -1.780770 -0.861207
 -0.978423 -2.057986 -1.765598 -1.123004
 -0.992554 -1.595548 -1.871800 -1.299283
 -0.713768 -1.229233 -1.899388 -2.687840
 -1.483397 -1.806797 -1.457422 -0.977849
 -0.821490 -1.718852 -1.926491 -1.446919
 -0.875470 -1.974079 -1.860751 -1.241713
 -0.880664 -1.573810 -1.861492 -1.501490
 -1.659034 -1.459906 -1.625698 -0.965888
 -0.798209 -2.155001 -2.389840 -1.072015
 -0.749429 -2.412930 -1.371479 -1.692386
 -0.641855 -2.097139 -1.774367 -1.707675
 -2.004852 -1.742488 -1.108765 -1.020904
 -15.181603 -15.181603 -0.000001 -15.181603
 -14.108183 -14.108183 -0.000002 -14.108183
 -14.566929 -14.566929 -0.000001 -14.566929
 -14.920769 -14.920769 -0.000001 -14.920769
 -1.386294 -1.386294 -1.386294 -1.386294
 -1.386294 -1.386294 -1.386294 -1.386294
 -16.157316 -16.157316 -16.157316 -0.000000
 -1.386294 -1.386294 -1.386294 -1.386294
 -1.386294 -1.386294 -1.386294 -1.386294
 -1.386294 -1.386294 -1.386294 -1.386294
 -1.386294 -1.386294 -1.386294 -1.386294
 -16.157316 -16.157316 -0.000000 -16.157316
 -1.386294 -1.386294 -1.386294 -1.386294
 -1.386294 -1.386294 -1.386294 -1.386294
 -0.000000 -16.157316 -16.157316 -16.157316
 -1.386294 -1.386294 -1.386294 -1.386294
 -16.157316 -16.157316 -0.000000 -16.157316
 -1.386294 -1.386294 -1.386294 -1.386294
 -1.386294 -1.386294 -1.386294 -1.386294
 -1.386294 -1.386294 -1.386294 -1.386294
 -1.386294 -1.386294 -1.386294 -1.386294
 -1.386294 -1.386294 -1.386294 -1.386294
 -16.157316 -16.157316 -16.157316 -0.000000
 -1.386294 -1.386294 -1.386294 -1.386294
 -1.386294 -1.386294 -1.386294 -1.386294
 -1.386294 -1.386294 -1.386294 -1.386294
 -1.386294 -1.386294 -1.386294 -1.386294
 -16.157316 -16.157316 -16.157316 -0.000000
 -1.386294 -1.386294 -1.386294 -1.386294
 -1.386294 -1.386294 -1.386294 -1.386294
 -1.386294 -1.386294 -1.386294 -1.386294
 -16.157316 -16.157316 -16.157316 -0.000000
 -1.386294 -1.386294 -1.386294 -1.386294
 -1.386294 -1.386294 -1.386294 -1.386294
 -1.386294 -1.386294 -1.386294 -1.386294
 -16.157316 -16.157316 -16.157316 -0.000000
 -1.386294 -1.386294 -1.386294 -1.386294
 -1.386294 -1.386294 -1.386294 -1.386294
 -1.386294 -1.386294 -1.386294 -1.386294
 -16.157316 -16.157316 -16.157316 -0.000000
 -1.386294 -1.386294 -1.386294 -1.386294
 -1.386294 -1.386294 -1.386294 -1.386294
 -1.386294 -1.386294 -1.386294 -1.386294
 -0.864757 -1.604642 -0.973167 -16.157316
 -0.998531 0.000100 0.000100 0.000100
 -1.963604 0.000100 0.000100 0.000100
 -2.097134 0.000100 0.000100 0.000100
 -0.998531 0.000100 0.000100 0.000100
 -0.646637 -2.351344 -1.435084 -1.945896
 -0.693172 -1.386294 -11.289832 -1.386294
 -0.559648 -1.252770 -11.156308 -1.945867
 -3.044441 -2.351344 -1.658222 -0.405477
 -0.356688 -1.897107 -2.302555 -2.995652
 -0.980846 -1.386294 -11.289832 -0.980846
 -0.810950 -2.197169 -1.504072 -1.504072
 -1.897107 -2.302555 -1.203976 -0.798517
 -1.568613 -0.980835 -1.568613 -1.568613
 -0.980846 -2.079391 -0.980846 -2.079391
 -1.203979 -2.302525 -1.203979 -1.203979
 -2.707977 -1.321758 -1.609431 -0.762152
 -0.405486 -11.695280 -2.484840 -1.386294
 -0.916301 -1.321758 -11.918417 -1.098619
 -0.693161 -1.540440 -2.638986 -1.540440
 -1.386294 -2.772514 -1.163156 -0.980838
 -12.429233 -12.429233 -0.000012 -12.429233
 -11.289832 -11.289832 -0.000038 -11.289832
 -11.156307 -11.156307 -0.000043 -11.156307
 -12.043577 -12.043577 -0.000018 -12.043577
 -1.386294 -1.386294 -1.386294 -1.386294
 -1.386294 -1.386294 -1.386294 -1.386294
 -13.253399 -13.253399 -13.253399 -0.000005
 -1.386294 -1.386294 -1.386294 -1.386294
 -1.386294 -1.386294 -1.386294 -1.386294
 -1.386294 -1.386294 -1.386294 -1.386294
 -1.386294 -1.386294 -1.386294 -1.386294
 -13.253399 -13.253399 -0.000005 -13.253399
 -1.386294 -1.386294 -1.386294 -1.386294
 -1.386294 -1.386294 -1.386294 -1.386294
 -0.000005 -13.253399 -13.253399 -13.253399
 -1.386294 -1.386294 -1.386294 -1.386294
 -13.253399 -13.253399 -0.000005 -13.253399
 -1.386294 -1.386294 -1.386294 -1.386294
 -1.386294 -1.386294 -1.386294 -1.386294
 -1.386294 -1.386294 -1.386294 -1.386294
 -1.386294 -1.386294 -1.386294 -1.386294
 -1.386294 -1.386294 -1.386294 -1.386294
 -13.253399 -13.253399 -13.253399 -0.000005
 -1.386294 -1.386294 -1.386294 -1.386294
 -1.386294 -1.386294 -1.386294 -1.386294
 -1.386294 -1.386294 -1.386294 -1.386294
 -1.386294 -1.386294 -1.386294 -1.386294
 -13.253399 -13.253399 -13.253399 -0.000005
 -1.386294 -1.386294 -1.386294 -1.386294
 -1.386294 -1.386294 -1.386294 -1.386294
 -1.386294 -1.386294 -1.386294 -1.386294
 -13.253399 -13.253399 -13.253399 -0.000005
 -1.386294 -1.386294 -1.386294 -1.386294
 -1.386294 -1.386294 -1.386294 -1.386294
 -1.386294 -1.386294 -1.386294 -1.386294
 -13.253399 -13.253399 -13.253399 -0.000005
 -1.386294 -1.386294 -1.386294 -1.386294
 -1.386294 -1.386294 -1.386294 -1.386294
 -1.386294 -1.386294 -1.386294 -1.386294
 -13.253399 -13.253399 -13.253399 -0.000005
 -1.386294 -1.386294 -1.386294 -1.386294
 -1.386294 -1.386294 -1.386294 -1.386294
 -1.386294 -1.386294 -1.386294 -1.386294
 -1.270463 -1.270463 -0.824178 -13.253399
