 -0.962178 0.000100 0.000100 0.000100
 -1.736818 0.000100 0.000100 0.000100
 -2.053858 0.000100 0.000100 0.000100
 -1.159569 0.000100 0.000100 0.000100
 -0.903332 -1.843510 -2.149677 -1.139434
 -0.783940 -2.247523 -1.890849 -1.248997
 -0.562211 -1.707341 -2.318248 -1.895393
 -1.377856 -1.738138 -1.908483 -0.858662
 -0.875126 -1.793476 -2.342834 -1.137079
 -0.914184 -1.754487 -2.290004 -1.124255
 -0.482325 -1.346289 -2.387739 -3.486341
 -1.074369 -1.715025 -1.703726 -1.215629
 -15.649692 -1.097016 -1.834180 -0.680449
 -14.834359 -0.989289 -1.546480 -0.879086
 -14.441451 -1.153572 -1.242125 -0.927044
 -15.238620 -1.160744 -1.463930 -0.786532
 -1.386294 -1.386294 -1.386294 -1.386294
 -15.426948 -15.426948 -0.000001 -15.426948
 -14.943683 -14.943683 -0.000001 -14.943683
 -15.754252 -15.754252 -0.000000 -15.754252
 -1.386294 -1.386294 -1.386294 -1.386294
 -1.386294 -1.386294 -1.386294 -1.386294
 -16.526890 -16.526890 -0.000000 -16.526890
 -1.386294 -1.386294 -1.386294 -1.386294
 -1.386294 -1.386294 -1.386294 -1.386294
 -1.386294 -1.386294 -1.386294 -1.386294
 -16.526888 -16.526888 -16.526888 -0.000000
 -1.386294 -1.386294 -1.386294 -1.386294
 -1.386294 -1.386294 -1.386294 -1.386294
 -1.386294 -1.386294 -1.386294 -1.386294
 -1.386294 -1.386294 -1.386294 -1.386294
 -0.000000 -16.526890 -16.526890 -16.526890
 -0.000000 -16.526890 -16.526890 -16.526890
 -1.386294 -1.386294 -1.386294 -1.386294
 -1.386294 -1.386294 -1.386294 -1.386294
 -1.386294 -1.386294 -1.386294 -1.386294
 -0.772636 -1.959962 -16.526890 -0.922958
 -1.386294 -1.386294 -1.386294 -1.386294
 -1.386294 -1.386294 -1.386294 -1.386294
 -1.386294 -1.386294 -1.386294 -1.386294
 -0.397583 -1.546700 -2.161885 -15.754252
 -0.520306 -1.572396 -1.618916 -14.566929
 -1.386294 -1.386294 -1.386294 -1.386294
 -0.544266 -1.409984 -1.739630 -15.603931
 -0.903081 -2.033695 -2.555419 -0.951477
 -0.932697 -2.038855 -2.159483 -1.019025
 -1.006110 -1.959213 -1.928441 -1.055503
 -1.386294 -1.386294 -1.386294 -1.386294
 -1.068907 -2.115250 -2.172409 -0.862488
 -0.975817 -2.248780 -2.990712 -0.760706
 -1.192545 -1.609437 -1.885689 -1.064711
 -1.372210 -2.115546 -2.671491 -0.585662
 -1.046463 -2.339665 -2.138995 -0.833124
 -1.119890 -1.988926 -1.951186 -0.929537
 -0.807341 -1.843430 -2.161882 -1.270913
 -1.666016 -2.301175 -2.259790 -0.500071
 -0.880220 -2.093760 -2.611016 -0.945139
 -1.005523 -2.327274 -1.634130 -1.074515
 -0.765469 -1.681758 -2.439440 -1.340832
 -1.592185 -2.062188 -1.888677 -0.657641
 -0.868215 -2.157344 -2.138995 -1.058733
 -0.866281 -1.940794 -2.137503 -1.145866
 -0.882826 -1.641355 -1.725912 -1.538701
 -1.567390 -2.073325 -1.884924 -0.665914
 -1.060479 0.000100 0.000100 0.000100
 -1.850707 0.000100 0.000100 0.000100
 -1.822619 0.000100 0.000100 0.000100
 -1.093678 0.000100 0.000100 0.000100
 -0.923117 -1.899390 -1.783629 -1.255147
 -0.981329 -1.848829 -1.715298 -1.245295
 -1.263020 -1.945910 -1.487453 -1.054414
 -1.706860 -1.687665 -1.614373 -0.833331
 -1.248495 -1.614114 -1.765664 -1.070247
 -1.252763 -1.520242 -1.848746 -1.084140
 -1.231257 -1.634596 -1.537551 -1.210203
 -1.451015 -1.715707 -1.875556 -0.838031
 -16.252626 -1.267735 -1.595549 -0.662164
 -15.928145 -1.172627 -1.587906 -0.721353
 -15.797891 -1.361803 -1.469556 -0.665972
 -16.555059 -1.501175 -1.447565 -0.612508
 -1.386294 -1.386294 -1.386294 -1.386294
 -16.221556 -16.221556 -0.000000 -16.221556
 -16.047674 -16.047674 -0.000000 -16.047674
 -16.908369 -16.908369 -0.000000 -16.908369
 -1.386294 -1.386294 -1.386294 -1.386294
 -1.386294 -1.386294 -1.386294 -1.386294
 -17.563837 -17.563837 0.000000 -17.563837
 -1.386294 -1.386294 -1.386294 -1.386294
 -1.386294 -1.386294 -1.386294 -1.386294
 -1.386294 -1.386294 -1.386294 -1.386294
 -17.563837 -17.563837 -17.563837 -0.000000
 -1.386294 -1.386294 -1.386294 -1.386294
 -1.386294 -1.386294 -1.386294 -1.386294
 -1.386294 -1.386294 -1.386294 -1.386294
 -1.386294 -1.386294 -1.386294 -1.386294
 0.000000 -17.563837 -17.563837 -17.563837
 0.000000 -17.563837 -17.563837 -17.563837
 -1.386294 -1.386294 -1.386294 -1.386294
 -1.386294 -1.386294 -1.386294 -1.386294
 -1.386294 -1.386294 -1.386294 -1.386294
 -0.676560 -1.586154 -17.563837 -1.248532
 -1.386294 -1.386294 -1.386294 -1.386294
 -1.386294 -1.386294 -1.386294 -1.386294
 -1.386294 -1.386294 -1.386294 -1.386294
 -0.516868 -1.530608 -1.675522 -16.887278
 -0.701235 -1.282546 -1.484139 -15.977684
 -1.386294 -1.386294 -1.386294 -1.386294
 -0.965081 -1.311952 -1.050526 -16.315306
 -0.946297 -1.753103 -1.961149 -1.211025
 -1.222811 -1.625002 -1.462484 -1.283640
 -1.132279 -1.763913 -1.408944 -1.339686
 -1.386294 -1.386294 -1.386294 -1.386294
 -0.973886 -1.935846 -1.899145 -1.113558
 -1.129425 -1.794401 -1.667839 -1.133515
 -0.974998 -1.990760 -1.613204 -1.248387
 -1.460275 -1.757526 -1.456710 -1.015131
 -1.075082 -1.882319 -1.547202 -1.225364
 -1.159808 -1.852955 -1.437828 -1.230189
 -1.193674 -1.808040 -1.417843 -1.235521
 -1.621681 -1.712653 -1.344929 -1.017524
 -0.909227 -1.852801 -1.913093 -1.228457
 -1.084387 -1.485624 -1.650379 -1.412421
 -1.115587 -1.639591 -1.364746 -1.501605
 -1.585803 -1.714134 -1.378848 -1.012723
 -0.944246 -1.875207 -1.831826 -1.212062
 -0.929792 -1.867342 -1.728659 -1.297157
 -1.037598 -1.599553 -1.599553 -1.419968
 -1.470947 -1.548050 -1.704748 -0.978667
