 -0.978389 0.000100 0.000100 0.000100
 -1.625269 0.000100 0.000100 0.000100
 -2.198272 0.000100 0.000100 0.000100
 -1.151284 0.000100 0.000100 0.000100
 -0.801918 -1.894338 -2.516024 -1.138390
 -0.973763 -1.835243 -2.058386 -1.093308
 -0.620390 -1.405342 -2.583989 -1.955386
 -1.328400 -1.818606 -1.721442 -0.931304
 -0.780898 -1.903463 -2.221916 -1.256836
 -0.738172 -1.701607 -2.503950 -1.355332
 -0.440869 -1.377636 -2.347031 -4.744835
 -0.972319 -1.830979 -1.851182 -1.189126
 -15.290275 -0.950035 -1.921049 -0.761814
 -14.304093 -0.982877 -1.430188 -0.950616
 -13.937732 -0.835569 -1.431551 -1.116471
 -14.699280 -0.924590 -1.537694 -0.945644
 -1.386294 -1.386294 -1.386294 -1.386294
 -15.137267 -15.137267 -0.000001 -15.137267
 -14.414350 -14.414350 -0.000002 -14.414350
 -15.196794 -15.196794 -0.000001 -15.196794
 -1.386294 -1.386294 -1.386294 -1.386294
 -1.386294 -1.386294 -1.386294 -1.386294
 -16.072052 -16.072052 -0.000000 -16.072052
 -1.386294 -1.386294 -1.386294 -1.386294
 -1.386294 -1.386294 -1.386294 -1.386294
 -1.386294 -1.386294 -1.386294 -1.386294
 -16.072052 -16.072052 -16.072052 -0.000000
 -1.386294 -1.386294 -1.386294 -1.386294
 -1.386294 -1.386294 -1.386294 -1.386294
 -1.386294 -1.386294 -1.386294 -1.386294
 -1.386294 -1.386294 -1.386294 -1.386294
 -0.000000 -16.072052 -16.072052 -16.072052
 -16.072052 -16.072052 -16.072052 -0.000000
 -1.386294 -1.386294 -1.386294 -1.386294
 -1.386294 -1.386294 -1.386294 -1.386294
 -1.386294 -1.386294 -1.386294 -1.386294
 -1.386294 -1.386294 -1.386294 -1.386294
 -1.386294 -1.386294 -1.386294 -1.386294
 -1.386294 -1.386294 -1.386294 -1.386294
 -1.167979 -1.934457 -16.072052 -0.607883
 -1.251081 -1.887069 -1.801911 -0.923048
 -0.995429 -2.288192 -1.631416 -1.098613
 -1.386294 -1.386294 -1.386294 -1.386294
 -1.897119 -2.341805 -2.228476 -0.436718
 -0.888640 -2.147098 -2.107877 -1.048488
 -0.820148 -2.052287 -2.745427 -1.002470
 -0.970780 -2.174748 -3.091029 -0.771929
 -1.496109 -1.951928 -2.137070 -0.661649
 -0.893073 -2.438994 -2.263104 -0.917970
 -0.896489 -2.189252 -2.430413 -0.936495
 -0.778307 -1.812377 -2.387736 -1.252764
 -1.372564 -2.462125 -2.161021 -0.604985
 -0.880359 -2.031812 -2.497174 -0.988993
 -1.165305 -1.760009 -2.047689 -0.949082
 -0.853922 -1.619387 -2.217220 -1.319284
 -1.538138 -1.976392 -2.636748 -0.553285
 -0.886829 -2.241373 -2.069523 -1.034282
 -0.945491 -1.938740 -2.631882 -0.927142
 -0.810932 -1.755390 -2.602678 -1.175574
 -1.729239 -2.141218 -2.222896 -0.516217
 -0.869303 -2.117974 -2.306025 -1.019363
 -1.048603 -1.671130 -2.459582 -0.977985
 -0.808460 -2.130209 -1.907068 -1.247825
 -1.515351 -2.130026 -2.005974 -0.640734
 -1.106875 0.000100 0.000100 0.000100
 -1.830166 0.000100 0.000100 0.000100
 -1.778423 0.000100 0.000100 0.000100
 -1.078462 0.000100 0.000100 0.000100
 -1.020924 -1.836410 -1.833674 -1.137798
 -1.014079 -1.883117 -1.670681 -1.213923
 -1.119339 -1.946765 -1.523495 -1.162126
 -1.599303 -1.851218 -1.605625 -0.820633
 -1.167571 -1.732207 -1.874683 -1.025601
 -1.259320 -1.601070 -1.805864 -1.049422
 -1.283547 -1.523450 -1.778797 -1.090206
 -1.398940 -1.717188 -2.033106 -0.814992
 -16.771982 -1.176447 -1.718097 -0.669000
 -16.389648 -1.380215 -1.423566 -0.678018
 -16.156355 -1.521064 -1.613295 -0.540786
 -17.093786 -1.532561 -1.426677 -0.608967
 -1.386294 -1.386294 -1.386294 -1.386294
 -16.662163 -16.662163 -0.000000 -16.662163
 -16.526890 -16.526890 -0.000000 -16.526890
 -17.426159 -17.426159 -0.000000 -17.426159
 -1.386294 -1.386294 -1.386294 -1.386294
 -1.386294 -1.386294 -1.386294 -1.386294
 -18.053522 -18.053522 0.000000 -18.053522
 -1.386294 -1.386294 -1.386294 -1.386294
 -1.386294 -1.386294 -1.386294 -1.386294
 -1.386294 -1.386294 -1.386294 -1.386294
 -18.053522 -18.053522 -18.053522 -0.000000
 -1.386294 -1.386294 -1.386294 -1.386294
 -1.386294 -1.386294 -1.386294 -1.386294
 -1.386294 -1.386294 -1.386294 -1.386294
 -1.386294 -1.386294 -1.386294 -1.386294
 0.000000 -18.053522 -18.053522 -18.053522
 -18.053522 -18.053522 -18.053522 -0.000000
 -1.386294 -1.386294 -1.386294 -1.386294
 -1.386294 -1.386294 -1.386294 -1.386294
 -1.386294 -1.386294 -1.386294 -1.386294
 -1.386294 -1.386294 -1.386294 -1.386294
 -1.386294 -1.386294 -1.386294 -1.386294
 -1.386294 -1.386294 -1.386294 -1.386294
 -1.367276 -1.388462 -18.053522 -0.701701
 -1.044575 -1.752321 -2.202906 -1.009761
 -0.990132 -1.664760 -1.721379 -1.345472
 -1.386294 -1.386294 -1.386294 -1.386294
 -1.897314 -1.502913 -1.706934 -0.807152
 -0.932164 -1.762933 -1.986076 -1.212256
 -1.117399 -1.565328 -1.757285 -1.233269
 -1.158018 -1.642819 -1.550851 -1.271572
 -1.620932 -1.676392 -1.609438 -0.878903
 -0.907707 -2.043637 -1.807649 -1.194169
 -0.994708 -1.837186 -1.866456 -1.151277
 -1.133646 -1.787764 -1.383895 -1.346273
 -1.621034 -1.524350 -1.574612 -0.974304
 -1.000244 -1.817468 -1.614991 -1.306074
 -0.992664 -1.813850 -1.739374 -1.235270
 -1.110688 -1.788015 -1.567566 -1.221378
 -1.504301 -1.718930 -1.459062 -1.004807
 -0.959291 -1.832121 -1.762746 -1.254605
 -0.968935 -1.839012 -1.817735 -1.206826
 -1.135444 -1.737619 -1.447963 -1.317765
 -1.505477 -1.618806 -1.503378 -1.028408
 -1.023409 -1.754973 -1.709046 -1.249383
 -1.015528 -1.701864 -1.706400 -1.294892
 -1.077786 -1.698959 -1.611617 -1.282968
 -1.531064 -1.661178 -1.505256 -0.989348
