 -1.110063 0.000100 0.000100 0.000100
 -1.786083 0.000100 0.000100 0.000100
 -1.972185 0.000100 0.000100 0.000100
 -1.011443 0.000100 0.000100 0.000100
 -1.024642 -1.861300 -1.755940 -1.162000
 -0.775709 -1.795539 -1.942143 -1.468856
 -0.768656 -1.564986 -1.897119 -1.730065
 -1.681541 -1.398543 -1.502340 -1.066103
 -0.992480 -1.108312 -1.567844 -2.399826
 -0.826223 -1.257567 -1.635329 -2.488104
 -0.761153 -1.155567 -1.555552 -4.973231
 -1.667490 -0.744327 -1.423868 -2.349207
 -0.000001 -15.522076 -15.522076 -15.522076
 -0.000001 -15.555978 -15.555978 -15.555978
 -0.000001 -15.042224 -15.042224 -15.042224
 -0.000003 -13.989468 -13.989468 -13.989468
 -16.576153 -16.576153 -0.000000 -16.576153
 -1.386294 -1.386294 -1.386294 -1.386294
 -1.386294 -1.386294 -1.386294 -1.386294
 -1.386294 -1.386294 -1.386294 -1.386294
 -1.386294 -1.386294 -1.386294 -1.386294
 -1.386294 -1.386294 -1.386294 -1.386294
 -16.576153 -16.576153 -0.000000 -16.576153
 -1.386294 -1.386294 -1.386294 -1.386294
 -1.386294 -1.386294 -1.386294 -1.386294
 -1.386294 -1.386294 -1.386294 -1.386294
 -16.576153 -16.576153 -16.576153 -0.000000
 -1.386294 -1.386294 -1.386294 -1.386294
 -1.386294 -1.386294 -1.386294 -1.386294
 -1.386294 -1.386294 -1.386294 -1.386294
 -1.386294 -1.386294 -1.386294 -1.386294
 -0.000000 -16.576153 -16.576153 -16.576153
 -0.000000 -16.576153 -16.576153 -16.576153
 -1.386294 -1.386294 -1.386294 -1.386294
 -1.386294 -1.386294 -1.386294 -1.386294
 -1.386294 -1.386294 -1.386294 -1.386294
 -0.924866 -1.652080 -16.576153 -0.887303
 -1.386294 -1.386294 -1.386294 -1.386294
 -1.386294 -1.386294 -1.386294 -1.386294
 -1.386294 -1.386294 -1.386294 -1.386294
 -1.033775 -1.815973 -2.489702 -0.919486
 -0.986345 -2.381526 -2.217224 -0.853921
 -1.386294 -1.386294 -1.386294 -1.386294
 -1.296726 -2.527265 -2.435457 -0.581356
 -1.011115 -1.993727 -2.435559 -0.885637
 -1.060873 -2.313632 -2.719094 -0.715371
 -1.318241 -2.011386 -2.065453 -0.751136
 -1.600061 -2.718874 -2.659451 -0.412218
 -15.292561 -15.292561 -15.292561 -0.000001
 -14.260199 -14.260199 -14.260199 -0.000002
 -14.054530 -14.054530 -14.054530 -0.000002
 -15.967274 -15.967274 -15.967274 -0.000000
 -1.386294 -1.386294 -1.386294 -1.386294
 -1.386294 -1.386294 -1.386294 -1.386294
 -1.386294 -1.386294 -1.386294 -1.386294
 -16.576153 -16.576153 -16.576153 -0.000000
 -1.386294 -1.386294 -1.386294 -1.386294
 -1.386294 -1.386294 -1.386294 -1.386294
 -1.386294 -1.386294 -1.386294 -1.386294
 -1.516488 -2.167315 -1.752685 -0.707802
 -0.852113 -2.352815 -2.135751 -1.021011
 -0.721161 -2.254055 -2.107452 -1.247254
 -0.768942 -2.280921 -2.002209 -1.206409
 -1.546023 -2.052840 -1.667578 -0.755378
 -1.189584 0.000100 0.000100 0.000100
 -2.065051 0.000100 0.000100 0.000100
 -1.882730 0.000100 0.000100 0.000100
 -0.875469 0.000100 0.000100 0.000100
 -0.904458 -2.351367 -1.435084 -1.339775
 -0.916295 -1.252764 -1.945902 -1.763583
 -0.965084 -2.351360 -1.791755 -1.029622
 -1.854558 -1.343735 -1.800491 -0.873733
 -0.851373 -2.209488 -1.573505 -1.362197
 -1.386294 -1.060874 -1.648656 -1.553347
 -0.936096 -1.292769 -1.985909 -1.629238
 -1.566420 -0.955513 -2.025949 -1.291984
 -0.000003 -13.676253 -13.676253 -13.676253
 -0.000004 -13.541079 -13.541079 -13.541079
 -0.000006 -13.038990 -13.038990 -13.038990
 -0.000004 -13.415039 -13.415039 -13.415039
 -14.830743 -14.830743 -0.000001 -14.830743
 -1.386294 -1.386294 -1.386294 -1.386294
 -1.386294 -1.386294 -1.386294 -1.386294
 -1.386294 -1.386294 -1.386294 -1.386294
 -1.386294 -1.386294 -1.386294 -1.386294
 -1.386294 -1.386294 -1.386294 -1.386294
 -14.830743 -14.830743 -0.000001 -14.830743
 -1.386294 -1.386294 -1.386294 -1.386294
 -1.386294 -1.386294 -1.386294 -1.386294
 -1.386294 -1.386294 -1.386294 -1.386294
 -14.830743 -14.830743 -14.830743 -0.000001
 -1.386294 -1.386294 -1.386294 -1.386294
 -1.386294 -1.386294 -1.386294 -1.386294
 -1.386294 -1.386294 -1.386294 -1.386294
 -1.386294 -1.386294 -1.386294 -1.386294
 -0.000001 -14.830743 -14.830743 -14.830743
 -0.000001 -14.830743 -14.830743 -14.830743
 -1.386294 -1.386294 -1.386294 -1.386294
 -1.386294 -1.386294 -1.386294 -1.386294
 -1.386294 -1.386294 -1.386294 -1.386294
 -0.776214 -1.613067 -14.830743 -1.077106
 -1.386294 -1.386294 -1.386294 -1.386294
 -1.386294 -1.386294 -1.386294 -1.386294
 -1.386294 -1.386294 -1.386294 -1.386294
 -0.836855 -1.953813 -2.205126 -1.155308
 -0.749240 -2.397882 -2.215564 -1.116963
 -1.386294 -1.386294 -1.386294 -1.386294
 -1.285199 -2.058384 -1.598855 -0.932378
 -0.911630 -2.475597 -2.274928 -0.888641
 -1.157455 -2.169040 -1.609435 -0.990402
 -1.717647 -1.360977 -1.717647 -0.955515
 -1.609437 -2.607957 -2.155977 -0.493436
 -13.592372 -13.592372 -13.592372 -0.000004
 -12.611551 -12.611551 -12.611551 -0.000010
 -12.793871 -12.793871 -12.793871 -0.000008
 -14.077878 -14.077878 -14.077878 -0.000002
 -1.386294 -1.386294 -1.386294 -1.386294
 -1.386294 -1.386294 -1.386294 -1.386294
 -1.386294 -1.386294 -1.386294 -1.386294
 -14.830743 -14.830743 -14.830743 -0.000001
 -1.386294 -1.386294 -1.386294 -1.386294
 -1.386294 -1.386294 -1.386294 -1.386294
 -1.386294 -1.386294 -1.386294 -1.386294
 -1.836210 -1.669157 -1.493266 -0.849717
 -1.145134 -1.481604 -3.091002 -0.893821
 -1.178656 -1.648656 -1.871797 -1.060874
 -0.831300 -1.929905 -1.419084 -1.729236
 -1.635189 -1.512588 -1.679641 -0.920538
