 -1.101088 0.000100 0.000100 0.000100
 -1.671918 0.000100 0.000100 0.000100
 -1.820601 0.000100 0.000100 0.000100
 -1.146723 0.000100 0.000100 0.000100
 -0.766398 -1.905831 -1.723510 -1.569359
 -0.913008 -1.622682 -1.932836 -1.360319
 -1.137528 -1.697142 -1.319849 -1.474000
 -1.787875 -1.523724 -1.720434 -0.830578
 -0.883621 -1.507774 -1.840918 -1.576767
 -0.933099 -1.714797 -1.427116 -1.678430
 -0.991929 -1.583292 -1.721442 -1.406362
 -1.425009 -1.357186 -1.730390 -1.124255
 -14.859316 -0.939445 -1.757153 -0.828693
 -14.397728 -0.883322 -1.820089 -0.856653
 -14.207556 -0.720547 -1.665007 -1.126012
 -14.498610 -1.083575 -1.704747 -0.734391
 -1.386294 -1.386294 -1.386294 -1.386294
 -0.621689 -2.117181 -14.991085 -1.071214
 -0.861484 -1.659989 -14.166170 -0.948495
 -1.283854 -1.694595 -15.048072 -0.617375
 -15.006399 -15.006399 -0.000001 -15.006399
 -14.070156 -14.070156 -0.000002 -14.070156
 -1.386294 -1.386294 -1.386294 -1.386294
 -15.071128 -15.071128 -0.000001 -15.071128
 -1.386294 -1.386294 -1.386294 -1.386294
 -1.386294 -1.386294 -1.386294 -1.386294
 -15.906139 -15.906139 -15.906139 -0.000000
 -1.386294 -1.386294 -1.386294 -1.386294
 -1.386294 -1.386294 -1.386294 -1.386294
 -1.386294 -1.386294 -1.386294 -1.386294
 -1.386294 -1.386294 -1.386294 -1.386294
 -15.906139 -3.112278 -0.636676 -0.852255
 -1.386294 -1.386294 -1.386294 -1.386294
 -0.251322 -2.197211 -2.484884 -3.583430
 -0.471875 -2.033771 -2.274932 -1.948249
 -0.960743 -2.476246 -1.653889 -1.072860
 -0.695492 -2.228141 -15.267125 -0.932820
 -0.851052 -1.716046 -13.698981 -0.933290
 -0.357942 -2.424796 -13.937732 -1.549333
 -1.222665 -2.359740 -14.403299 -0.492478
 -1.103848 -2.337116 -2.141371 -0.788980
 -1.230541 -2.186046 -2.186046 -0.727438
 -1.386294 -1.386294 -1.386294 -1.386294
 -2.058882 -2.452785 -2.209163 -0.390738
 -1.088460 -2.233589 -2.100059 -0.835464
 -0.998531 -2.944419 -2.538962 -0.693150
 -1.120592 -2.442339 -1.577349 -0.966442
 -1.667257 -2.247926 -1.923686 -0.580622
 -1.074859 -2.341803 -2.393096 -0.752572
 -1.246533 -1.817075 -2.184796 -0.826681
 -1.072638 -1.791758 -1.963607 -1.047320
 -1.948369 -2.271142 -2.038520 -0.471480
 -0.895565 -2.361898 -2.256538 -0.934786
 -1.016936 -1.978342 -2.463845 -0.879735
 -0.937126 -2.176811 -2.176811 -0.963794
 -1.590876 -1.897900 -2.144760 -0.636250
 -1.049220 -2.066861 -1.941698 -0.968251
 -0.834799 -2.360848 -2.360848 -0.974561
 -1.192800 -2.003726 -1.716046 -0.962277
 -1.742590 -1.981001 -1.943260 -0.609236
 -0.948331 -2.001478 -2.035380 -1.058872
 -0.860203 -2.079438 -2.246490 -1.060873
 -0.974999 -1.645155 -1.740465 -1.368903
 -1.721141 -1.721141 -1.767661 -0.751742
 -1.191167 0.000100 0.000100 0.000100
 -1.704059 0.000100 0.000100 0.000100
 -1.757357 0.000100 0.000100 0.000100
 -1.073851 0.000100 0.000100 0.000100
 -0.910152 -1.940286 -1.793135 -1.246754
 -1.019512 -1.762635 -1.774390 -1.210494
 -1.087775 -1.692563 -1.667402 -1.237010
 -1.763958 -1.608034 -1.735545 -0.793963
 -1.046181 -1.835986 -1.686995 -1.190095
 -1.130078 -1.696146 -1.582476 -1.244318
 -1.259280 -1.636700 -1.795652 -1.034226
 -1.768086 -1.618474 -1.603229 -0.844216
 -20.848505 -1.214545 -1.415969 -0.775519
 -20.452927 -1.193570 -1.314161 -0.848251
 -20.494305 -1.137492 -1.310112 -0.892603
 -21.111252 -1.237881 -1.451328 -0.742877
 -1.386294 -1.386294 -1.386294 -1.386294
 -0.835150 -1.519907 -20.946609 -1.057110
 -0.890684 -1.652265 -20.762487 -0.921279
 -1.491403 -1.380224 -21.352226 -0.647369
 -21.053497 -21.053497 0.000000 -21.053497
 -20.666187 -20.666187 0.000000 -20.666187
 -1.386294 -1.386294 -1.386294 -1.386294
 -21.327637 -21.327637 0.000000 -21.327637
 -1.386294 -1.386294 -1.386294 -1.386294
 -1.386294 -1.386294 -1.386294 -1.386294
 -22.150200 -22.150200 -22.150200 0.000000
 -1.386294 -1.386294 -1.386294 -1.386294
 -1.386294 -1.386294 -1.386294 -1.386294
 -1.386294 -1.386294 -1.386294 -1.386294
 -1.386294 -1.386294 -1.386294 -1.386294
 -22.150200 -1.422534 -1.307997 -0.716341
 -1.386294 -1.386294 -1.386294 -1.386294
 -1.041899 -1.870345 -1.496322 -1.312327
 -1.137344 -1.583843 -1.473966 -1.405966
 -1.814842 -1.568734 -1.591494 -0.855181
 -0.819542 -1.594431 -20.769167 -1.031863
 -0.876526 -1.421739 -20.512299 -1.071543
 -0.810418 -1.462996 -20.614889 -1.127672
 -1.540806 -1.336616 -21.068167 -0.648062
 -0.955743 -1.807037 -1.717014 -1.302937
 -1.053742 -1.632154 -1.774597 -1.250682
 -1.386294 -1.386294 -1.386294 -1.386294
 -1.704980 -1.432024 -1.624907 -0.961108
 -0.947992 -1.835322 -1.725351 -1.291680
 -1.044732 -1.715067 -1.664826 -1.276405
 -1.078973 -1.631560 -1.590323 -1.344878
 -1.692029 -1.548914 -1.544333 -0.941809
 -0.933029 -1.838666 -1.822496 -1.251804
 -1.058063 -1.669104 -1.782533 -1.216568
 -1.080469 -1.637738 -1.666435 -1.282926
 -1.708019 -1.602205 -1.648202 -0.855835
 -0.984612 -1.826666 -1.734204 -1.241586
 -1.069021 -1.698004 -1.719615 -1.222572
 -1.051927 -1.693642 -1.728851 -1.239949
 -1.707069 -1.612015 -1.593798 -0.877153
 -0.978687 -1.802339 -1.748986 -1.254098
 -1.105715 -1.705494 -1.637709 -1.227861
 -1.093732 -1.668531 -1.584388 -1.304019
 -1.691994 -1.598146 -1.516630 -0.931083
 -0.965748 -1.796662 -1.820325 -1.232794
 -1.085793 -1.626275 -1.767309 -1.221074
 -1.095016 -1.626668 -1.713740 -1.242396
 -1.654405 -1.565380 -1.616366 -0.913379
