 -1.024585 0.000100 0.000100 0.000100
 -1.956623 0.000100 0.000100 0.000100
 -1.917708 0.000100 0.000100 0.000100
 -1.041921 0.000100 0.000100 0.000100
 -1.063306 -1.617281 -1.770120 -1.251982
 -0.775840 -1.865866 -1.791759 -1.522096
 -0.797661 -1.425210 -1.761681 -1.984824
 -1.584319 -1.502489 -1.576597 -1.006052
 -0.967224 -1.210846 -1.510088 -2.292362
 -0.786833 -1.219449 -1.736409 -2.614957
 -0.796465 -1.212186 -1.392448 -5.786798
 -1.568616 -0.758745 -1.370546 -2.667226
 -0.000001 -15.674930 -15.674930 -15.674930
 -0.000001 -15.633588 -15.633588 -15.633588
 -0.000001 -15.209278 -15.209278 -15.209278
 -0.000002 -14.014364 -14.014364 -14.014364
 -16.696394 -16.696394 -0.000000 -16.696394
 -1.386294 -1.386294 -1.386294 -1.386294
 -1.386294 -1.386294 -1.386294 -1.386294
 -1.386294 -1.386294 -1.386294 -1.386294
 -1.386294 -1.386294 -1.386294 -1.386294
 -1.386294 -1.386294 -1.386294 -1.386294
 -16.696394 -16.696394 -0.000000 -16.696394
 -1.386294 -1.386294 -1.386294 -1.386294
 -1.386294 -1.386294 -1.386294 -1.386294
 -1.386294 -1.386294 -1.386294 -1.386294
 -16.696394 -16.696394 -16.696394 -0.000000
 -1.386294 -1.386294 -1.386294 -1.386294
 -1.386294 -1.386294 -1.386294 -1.386294
 -1.386294 -1.386294 -1.386294 -1.386294
 -1.386294 -1.386294 -1.386294 -1.386294
 -0.000000 -16.696394 -16.696394 -16.696394
 -0.000000 -16.696394 -16.696394 -16.696394
 -1.386294 -1.386294 -1.386294 -1.386294
 -1.386294 -1.386294 -1.386294 -1.386294
 -1.386294 -1.386294 -1.386294 -1.386294
 -0.843566 -1.833563 -16.696394 -0.891639
 -1.386294 -1.386294 -1.386294 -1.386294
 -1.386294 -1.386294 -1.386294 -1.386294
 -1.386294 -1.386294 -1.386294 -1.386294
 -0.849473 -1.988526 -2.531612 -1.033015
 -0.800460 -2.041570 -2.433611 -1.098613
 -1.386294 -1.386294 -1.386294 -1.386294
 -1.296096 -2.140065 -2.451278 -0.648993
 -0.862144 -1.891040 -2.574136 -1.048082
 -0.907558 -2.338300 -1.715773 -1.138887
 -0.727281 -1.959422 -1.636650 -1.708108
 -1.321756 -1.807889 -1.768043 -0.919630
 -0.000001 -15.673370 -15.673370 -15.673370
 -0.000001 -14.790071 -14.790071 -14.790071
 -0.000001 -14.723771 -14.723771 -14.723771
 -0.000001 -15.654472 -15.654472 -15.654472
 -0.943581 -2.182748 -2.213053 -0.945023
 -1.386294 -1.386294 -1.386294 -1.386294
 -1.386294 -1.386294 -1.386294 -1.386294
 -1.386294 -1.386294 -1.386294 -1.386294
 -0.771031 -2.352816 -2.482028 -1.025019
 -0.884465 -2.530712 -2.212260 -0.921279
 -0.854160 -1.609437 -2.277264 -1.302708
 -1.309921 -2.184320 -2.366642 -0.646627
 -0.900102 -2.024593 -2.308537 -1.016062
 -0.815969 -2.035207 -2.157808 -1.166171
 -1.193923 -2.110211 -1.579584 -0.995072
 -1.437234 -2.170732 -1.959423 -0.678490
 -1.357400 0.000100 0.000100 0.000100
 -2.325649 0.000100 0.000100 0.000100
 -1.737863 0.000100 0.000100 0.000100
 -0.757035 0.000100 0.000100 0.000100
 -0.872941 -1.695298 -1.766757 -1.479076
 -0.958853 -1.609436 -1.609436 -1.529394
 -1.018571 -1.848916 -1.349927 -1.504077
 -1.750937 -1.731134 -1.999398 -0.665749
 -1.007397 -1.518222 -1.716047 -1.444114
 -1.290151 -0.907160 -1.918757 -1.746907
 -1.405342 -1.229452 -1.667706 -1.296144
 -1.734600 -0.823452 -2.065956 -1.355111
 -0.000002 -14.285517 -14.285517 -14.285517
 -0.000002 -14.562201 -14.562201 -14.562201
 -0.000003 -13.774693 -13.774693 -13.774693
 -0.000002 -14.200776 -14.200776 -14.200776
 -15.630336 -15.630336 -0.000000 -15.630336
 -1.386294 -1.386294 -1.386294 -1.386294
 -1.386294 -1.386294 -1.386294 -1.386294
 -1.386294 -1.386294 -1.386294 -1.386294
 -1.386294 -1.386294 -1.386294 -1.386294
 -1.386294 -1.386294 -1.386294 -1.386294
 -15.630336 -15.630336 -0.000000 -15.630336
 -1.386294 -1.386294 -1.386294 -1.386294
 -1.386294 -1.386294 -1.386294 -1.386294
 -1.386294 -1.386294 -1.386294 -1.386294
 -15.630336 -15.630336 -15.630336 -0.000000
 -1.386294 -1.386294 -1.386294 -1.386294
 -1.386294 -1.386294 -1.386294 -1.386294
 -1.386294 -1.386294 -1.386294 -1.386294
 -1.386294 -1.386294 -1.386294 -1.386294
 -0.000001 -15.630336 -15.630336 -15.630336
 -0.000001 -15.630336 -15.630336 -15.630336
 -1.386294 -1.386294 -1.386294 -1.386294
 -1.386294 -1.386294 -1.386294 -1.386294
 -1.386294 -1.386294 -1.386294 -1.386294
 -0.870919 -1.464168 -15.630336 -1.049357
 -1.386294 -1.386294 -1.386294 -1.386294
 -1.386294 -1.386294 -1.386294 -1.386294
 -1.386294 -1.386294 -1.386294 -1.386294
 -0.689264 -2.022714 -2.052567 -1.438202
 -0.895385 -1.218158 -2.011386 -1.820331
 -1.386294 -1.386294 -1.386294 -1.386294
 -1.363305 -1.381654 -1.657065 -1.196251
 -0.660625 -1.682275 -2.087739 -1.751267
 -0.935710 -1.571697 -1.466337 -1.776491
 -1.006240 -1.397105 -1.699385 -1.588160
 -1.477586 -1.290375 -1.420427 -1.366360
 -0.000001 -14.707510 -14.707510 -14.707510
 -0.000002 -14.122998 -14.122998 -14.122998
 -0.000003 -13.937732 -13.937732 -13.937732
 -0.000002 -14.006134 -14.006134 -14.006134
 -1.003895 -1.942658 -1.737863 -1.157305
 -1.386294 -1.386294 -1.386294 -1.386294
 -1.386294 -1.386294 -1.386294 -1.386294
 -1.386294 -1.386294 -1.386294 -1.386294
 -0.883502 -2.014901 -1.832580 -1.226446
 -0.866421 -1.838277 -1.838277 -1.341843
 -1.280934 -1.463255 -1.463255 -1.349927
 -1.456028 -2.004592 -1.573810 -0.855972
 -0.992277 -1.826501 -2.104132 -1.060331
 -0.890317 -1.914817 -1.988924 -1.186582
 -0.853113 -1.800491 -1.653889 -1.526056
 -1.682386 -1.766943 -1.422104 -0.911279
