 -0.966413 0.000100 0.000100 0.000100
 -1.896797 0.000100 0.000100 0.000100
 -2.072688 0.000100 0.000100 0.000100
 -1.068105 0.000100 0.000100 0.000100
 -0.943372 -1.799422 -1.669744 -1.358689
 -0.636707 -1.785327 -2.098984 -1.711220
 -0.436720 -1.689480 -2.228473 -2.788084
 -1.713234 -1.477669 -1.417771 -1.051836
 -0.690540 -1.323062 -1.728527 -2.903509
 -0.653143 -1.307823 -1.844126 -2.975522
 -0.580560 -1.273706 -2.004592 -3.653234
 -1.274061 -1.010644 -1.195073 -2.925457
 -0.000001 -15.373656 -15.373656 -15.373656
 -0.000001 -14.927369 -14.927369 -14.927369
 -0.000002 -14.528462 -14.528462 -14.528462
 -0.000006 -13.122372 -13.122372 -13.122372
 -16.150564 -16.150564 -0.000000 -16.150564
 -1.386294 -1.386294 -1.386294 -1.386294
 -1.386294 -1.386294 -1.386294 -1.386294
 -1.386294 -1.386294 -1.386294 -1.386294
 -1.386294 -1.386294 -1.386294 -1.386294
 -1.386294 -1.386294 -1.386294 -1.386294
 -16.150564 -16.150564 -0.000000 -16.150564
 -1.386294 -1.386294 -1.386294 -1.386294
 -1.386294 -1.386294 -1.386294 -1.386294
 -1.386294 -1.386294 -1.386294 -1.386294
 -16.150562 -16.150562 -16.150562 -0.000000
 -1.386294 -1.386294 -1.386294 -1.386294
 -1.386294 -1.386294 -1.386294 -1.386294
 -1.386294 -1.386294 -1.386294 -1.386294
 -1.386294 -1.386294 -1.386294 -1.386294
 -16.150562 -16.150562 -16.150562 -0.000000
 -1.386294 -1.386294 -1.386294 -1.386294
 -1.386294 -1.386294 -1.386294 -1.386294
 -1.386294 -1.386294 -1.386294 -1.386294
 -0.573752 -1.597888 -1.451285 -16.150564
 -0.813511 -1.751350 -15.576812 -0.959299
 -0.678896 -2.123456 -14.552676 -0.985626
 -0.660625 -2.023200 -14.699280 -1.046287
 -1.386294 -1.386294 -1.386294 -1.386294
 -1.222549 -2.300541 -2.131918 -0.720092
 -1.324926 -1.971551 -2.354541 -0.693148
 -1.386294 -1.386294 -1.386294 -1.386294
 -2.004593 -2.149174 -2.490099 -0.406762
 -0.736073 -1.888751 -2.253392 -1.329136
 -1.090029 -1.920374 -2.114529 -0.924950
 -0.869772 -2.014900 -2.256060 -1.070442
 -1.154132 -2.193745 -2.193745 -0.772900
 -0.958161 -2.128231 -2.173693 -0.958161
 -1.068536 -2.477296 -2.102605 -0.797661
 -0.804374 -2.097137 -2.028145 -1.209839
 -1.634130 -2.027172 -2.278486 -0.560837
 -0.927254 -2.216091 -2.033770 -1.009268
 -0.991641 -2.255328 -1.987066 -0.949082
 -0.659247 -1.980999 -2.268679 -1.421386
 -1.691071 -2.285777 -2.350315 -0.480226
 -0.855667 -2.130733 -2.157402 -1.076973
 -0.868353 -2.320598 -1.945907 -1.080914
 -0.642718 -2.114529 -2.188637 -1.421386
 -1.640854 -2.176815 -2.377485 -0.510826
 -0.874286 -2.212126 -2.109473 -1.043923
 -0.986496 -2.468093 -1.937469 -0.920538
 -0.880890 -1.531476 -2.224619 -1.342234
 -1.579837 -2.118833 -2.066647 -0.602923
 -1.145290 0.000100 0.000100 0.000100
 -1.868080 0.000100 0.000100 0.000100
 -1.819403 0.000100 0.000100 0.000100
 -1.006966 0.000100 0.000100 0.000100
 -1.095543 -1.788690 -1.269622 -1.525442
 -0.986387 -1.619784 -1.454270 -1.631857
 -1.211036 -1.787245 -1.292768 -1.346378
 -1.856030 -1.600442 -1.493590 -0.873864
 -0.886331 -1.703614 -1.400466 -1.836789
 -1.019079 -1.382329 -1.586524 -1.695847
 -0.966538 -1.881554 -1.396536 -1.515054
 -1.752219 -0.935179 -1.531476 -1.523813
 0.000000 -17.094164 -17.094164 -17.094164
 -0.000000 -16.830065 -16.830065 -16.830065
 -0.000000 -16.750431 -16.750431 -16.750431
 -0.000000 -16.591219 -16.591219 -16.591219
 -18.219666 -18.219666 0.000000 -18.219666
 -1.386294 -1.386294 -1.386294 -1.386294
 -1.386294 -1.386294 -1.386294 -1.386294
 -1.386294 -1.386294 -1.386294 -1.386294
 -1.386294 -1.386294 -1.386294 -1.386294
 -1.386294 -1.386294 -1.386294 -1.386294
 -18.219666 -18.219666 0.000000 -18.219666
 -1.386294 -1.386294 -1.386294 -1.386294
 -1.386294 -1.386294 -1.386294 -1.386294
 -1.386294 -1.386294 -1.386294 -1.386294
 -18.219666 -18.219666 -18.219666 -0.000000
 -1.386294 -1.386294 -1.386294 -1.386294
 -1.386294 -1.386294 -1.386294 -1.386294
 -1.386294 -1.386294 -1.386294 -1.386294
 -1.386294 -1.386294 -1.386294 -1.386294
 -18.219666 -18.219666 -18.219666 -0.000000
 -1.386294 -1.386294 -1.386294 -1.386294
 -1.386294 -1.386294 -1.386294 -1.386294
 -1.386294 -1.386294 -1.386294 -1.386294
 -1.135347 -0.980218 -1.192505 -18.219666
 -1.164674 -1.356307 -17.084318 -0.843121
 -0.941533 -1.462435 -17.239449 -0.972070
 -0.924178 -1.305075 -17.027161 -1.102649
 -1.386294 -1.386294 -1.386294 -1.386294
 -0.935461 -1.741733 -1.657895 -1.419484
 -1.117717 -1.564839 -1.607499 -1.333837
 -1.386294 -1.386294 -1.386294 -1.386294
 -1.637425 -1.352222 -1.517811 -1.115768
 -1.002489 -1.743318 -1.521105 -1.428677
 -1.066243 -1.666630 -1.408664 -1.503510
 -1.080787 -1.718937 -1.198791 -1.715598
 -1.600742 -1.511749 -1.151516 -1.341045
 -0.887923 -1.839801 -1.914482 -1.265057
 -1.018324 -1.636606 -1.831465 -1.258844
 -0.939333 -1.665659 -1.802293 -1.366001
 -1.542575 -1.650149 -1.622825 -0.924302
 -0.996043 -1.857274 -1.482023 -1.396802
 -1.058330 -1.719000 -1.769107 -1.193249
 -1.078203 -1.533596 -1.749936 -1.308406
 -1.502660 -1.641147 -1.444288 -1.056154
 -0.950112 -1.839274 -1.528147 -1.437873
 -1.035970 -1.719674 -1.501052 -1.414292
 -1.035090 -1.820610 -1.411568 -1.430799
 -1.594869 -1.599010 -1.386714 -1.063998
 -0.889211 -1.710867 -1.921431 -1.339740
 -0.994365 -1.680022 -1.761620 -1.302301
 -0.939085 -1.673278 -1.710266 -1.424761
 -1.543769 -1.613973 -1.660493 -0.923101
