 -1.071988 0.000100 0.000100 0.000100
 -1.890956 0.000100 0.000100 0.000100
 -1.680179 0.000100 0.000100 0.000100
 -1.138170 0.000100 0.000100 0.000100
 -0.931180 -1.715893 -1.912008 -1.278965
 -0.883322 -1.968508 -2.622431 -0.982694
 -0.783043 -1.760576 -1.996964 -1.446919
 -1.720663 -1.583462 -1.570723 -0.896747
 -1.001725 -1.736256 -1.794243 -1.236763
 -1.048488 -1.515828 -1.628306 -1.453953
 -0.682219 -1.490434 -1.871801 -2.159482
 -1.304464 -1.847550 -1.415130 -1.114238
 -1.049822 -1.709521 -1.722766 -1.236234
 -0.798509 -1.838278 -2.061421 -1.333185
 -0.837248 -1.571216 -1.858898 -1.592270
 -1.945909 -1.625438 -1.448507 -0.854733
 -1.181216 -1.809824 -2.534718 -0.798224
 -1.193470 -2.102324 -1.548015 -1.016137
 -0.861483 -1.960093 -2.029086 -1.186905
 -2.305357 -1.863526 -1.434531 -0.679392
 -14.956545 -14.956545 -0.000001 -14.956545
 -14.386493 -14.386493 -0.000002 -14.386493
 -14.467838 -14.467838 -0.000002 -14.467838
 -15.432918 -15.432918 -0.000001 -15.432918
 -1.386294 -1.386294 -1.386294 -1.386294
 -1.386294 -1.386294 -1.386294 -1.386294
 -16.288683 -16.288683 -16.288683 -0.000000
 -1.386294 -1.386294 -1.386294 -1.386294
 -1.386294 -1.386294 -1.386294 -1.386294
 -1.386294 -1.386294 -1.386294 -1.386294
 -1.386294 -1.386294 -1.386294 -1.386294
 -0.000000 -16.288683 -16.288683 -16.288683
 -0.000000 -16.288683 -16.288683 -16.288683
 -1.386294 -1.386294 -1.386294 -1.386294
 -1.386294 -1.386294 -1.386294 -1.386294
 -1.386294 -1.386294 -1.386294 -1.386294
 -16.288683 -16.288683 -0.000000 -16.288683
 -1.386294 -1.386294 -1.386294 -1.386294
 -1.386294 -1.386294 -1.386294 -1.386294
 -1.386294 -1.386294 -1.386294 -1.386294
 -1.386294 -1.386294 -1.386294 -1.386294
 -1.386294 -1.386294 -1.386294 -1.386294
 -16.288683 -16.288683 -16.288683 -0.000000
 -1.386294 -1.386294 -1.386294 -1.386294
 -1.386294 -1.386294 -1.386294 -1.386294
 -1.386294 -1.386294 -1.386294 -1.386294
 -1.386294 -1.386294 -1.386294 -1.386294
 -16.288683 -16.288683 -16.288683 -0.000000
 -1.386294 -1.386294 -1.386294 -1.386294
 -1.386294 -1.386294 -1.386294 -1.386294
 -1.386294 -1.386294 -1.386294 -1.386294
 -16.288683 -16.288683 -16.288683 -0.000000
 -1.386294 -1.386294 -1.386294 -1.386294
 -1.386294 -1.386294 -1.386294 -1.386294
 -1.386294 -1.386294 -1.386294 -1.386294
 -0.816850 -1.249396 -1.303790 -16.288683
 -15.471833 -1.490807 -1.739703 -0.512099
 -15.039288 -1.264598 -1.639291 -0.647163
 -14.984893 -1.484092 -1.220675 -0.737600
 -1.386294 -1.386294 -1.386294 -1.386294
 -1.386294 -1.386294 -1.386294 -1.386294
 -0.905893 -1.875292 -1.970602 -1.193574
 -0.745898 -2.132190 -1.662188 -1.526056
 -1.446919 -2.153311 -1.982163 -0.671707
 -0.973450 0.000100 0.000100 0.000100
 -2.072058 0.000100 0.000100 0.000100
 -1.727220 0.000100 0.000100 0.000100
 -1.144075 0.000100 0.000100 0.000100
 -0.564534 -2.833188 -2.140057 -1.366876
 -1.223779 -1.041461 -2.833137 -1.223779
 -0.980835 -2.484873 -1.386294 -1.232146
 -0.988614 -1.815285 -1.815285 -1.196252
 -0.899486 -2.131620 -1.880309 -1.133100
 -0.810940 -1.504075 -2.890294 -1.280936
 -1.609433 -0.916298 -1.897107 -1.386294
 -1.440361 -2.028139 -1.845821 -0.747219
 -1.034076 -1.727217 -2.014895 -1.098614
 -0.980835 -1.568613 -1.791751 -1.386294
 -0.865006 -1.558141 -2.944360 -1.152684
 -1.547561 -1.452252 -2.058380 -0.854419
 -0.988614 -1.681755 -2.662564 -0.988614
 -1.386294 -2.639022 -1.722761 -0.693154
 -0.753783 -1.734591 -2.140040 -1.446918
 -2.240698 -2.463837 -1.365241 -0.592056
 -12.793870 -12.793870 -0.000008 -12.793870
 -12.043577 -12.043577 -0.000018 -12.043577
 -12.301401 -12.301401 -0.000014 -12.301401
 -13.304691 -13.304691 -0.000005 -13.304691
 -1.386294 -1.386294 -1.386294 -1.386294
 -1.386294 -1.386294 -1.386294 -1.386294
 -14.115618 -14.115618 -14.115618 -0.000002
 -1.386294 -1.386294 -1.386294 -1.386294
 -1.386294 -1.386294 -1.386294 -1.386294
 -1.386294 -1.386294 -1.386294 -1.386294
 -1.386294 -1.386294 -1.386294 -1.386294
 -0.000002 -14.115618 -14.115618 -14.115618
 -0.000002 -14.115618 -14.115618 -14.115618
 -1.386294 -1.386294 -1.386294 -1.386294
 -1.386294 -1.386294 -1.386294 -1.386294
 -1.386294 -1.386294 -1.386294 -1.386294
 -14.115618 -14.115618 -0.000002 -14.115618
 -1.386294 -1.386294 -1.386294 -1.386294
 -1.386294 -1.386294 -1.386294 -1.386294
 -1.386294 -1.386294 -1.386294 -1.386294
 -1.386294 -1.386294 -1.386294 -1.386294
 -1.386294 -1.386294 -1.386294 -1.386294
 -14.115618 -14.115618 -14.115618 -0.000002
 -1.386294 -1.386294 -1.386294 -1.386294
 -1.386294 -1.386294 -1.386294 -1.386294
 -1.386294 -1.386294 -1.386294 -1.386294
 -1.386294 -1.386294 -1.386294 -1.386294
 -14.115618 -14.115618 -14.115618 -0.000002
 -1.386294 -1.386294 -1.386294 -1.386294
 -1.386294 -1.386294 -1.386294 -1.386294
 -1.386294 -1.386294 -1.386294 -1.386294
 -14.115618 -14.115618 -14.115618 -0.000002
 -1.386294 -1.386294 -1.386294 -1.386294
 -1.386294 -1.386294 -1.386294 -1.386294
 -1.386294 -1.386294 -1.386294 -1.386294
 -0.879924 -1.216396 -1.241714 -14.115618
 -13.235700 -1.828123 -1.386294 -0.528848
 -12.899230 -1.123932 -1.897113 -0.644362
 -12.873912 -1.265668 -1.871796 -0.572525
 -1.386294 -1.386294 -1.386294 -1.386294
 -1.386294 -1.386294 -1.386294 -1.386294
 -0.606142 -3.496420 -3.496420 -0.931563
 -0.955517 -2.159466 -1.466336 -1.312187
 -1.386294 -1.622682 -1.622682 -1.034898
