 -1.055024 0.000100 0.000100 0.000100
 -1.939153 0.000100 0.000100 0.000100
 -1.682243 0.000100 0.000100 0.000100
 -1.133098 0.000100 0.000100 0.000100
 -0.857550 -1.943132 -1.859362 -1.284557
 -0.849546 -1.723440 -2.082813 -1.311706
 -0.693148 -1.807507 -2.058821 -1.568616
 -1.489152 -1.799306 -1.663505 -0.868575
 -0.957840 -1.799541 -1.702812 -1.314034
 -0.819324 -1.685183 -1.945909 -1.465324
 -0.718149 -1.398717 -1.755391 -2.379544
 -1.447703 -1.560498 -1.447703 -1.140218
 -0.899762 -1.636467 -1.816052 -1.443923
 -0.789451 -1.904591 -2.067110 -1.307589
 -0.713661 -1.594324 -2.025106 -1.742244
 -1.665007 -1.549495 -1.470852 -0.997702
 -1.177372 -1.948480 -1.454004 -1.152680
 -1.290066 -2.197223 -1.236482 -1.129384
 -1.028458 -2.102971 -1.446192 -1.255674
 -1.958813 -1.748742 -1.126469 -1.019415
 -15.518439 -15.518439 -0.000001 -15.518439
 -14.887095 -14.887095 -0.000001 -14.887095
 -15.529309 -15.529309 -0.000001 -15.529309
 -15.716125 -15.716125 -0.000000 -15.716125
 -1.386294 -1.386294 -1.386294 -1.386294
 -1.386294 -1.386294 -1.386294 -1.386294
 -16.843225 -16.843225 -16.843225 -0.000000
 -1.386294 -1.386294 -1.386294 -1.386294
 -1.386294 -1.386294 -1.386294 -1.386294
 -1.386294 -1.386294 -1.386294 -1.386294
 -1.386294 -1.386294 -1.386294 -1.386294
 -0.350812 -2.804571 -16.843225 -1.446677
 -0.000000 -16.492414 -16.492414 -16.492414
 -0.000002 -14.038657 -14.038657 -14.038657
 -1.386294 -1.386294 -1.386294 -1.386294
 -0.000001 -15.396550 -15.396550 -15.396550
 -16.843225 -16.843225 -0.000000 -16.843225
 -1.386294 -1.386294 -1.386294 -1.386294
 -1.386294 -1.386294 -1.386294 -1.386294
 -1.386294 -1.386294 -1.386294 -1.386294
 -1.386294 -1.386294 -1.386294 -1.386294
 -1.386294 -1.386294 -1.386294 -1.386294
 -16.843225 -16.843225 -16.843225 -0.000000
 -1.386294 -1.386294 -1.386294 -1.386294
 -1.386294 -1.386294 -1.386294 -1.386294
 -1.386294 -1.386294 -1.386294 -1.386294
 -1.386294 -1.386294 -1.386294 -1.386294
 -16.843225 -16.843225 -16.843225 -0.000000
 -1.386294 -1.386294 -1.386294 -1.386294
 -1.386294 -1.386294 -1.386294 -1.386294
 -1.386294 -1.386294 -1.386294 -1.386294
 -16.843225 -16.843225 -16.843225 -0.000000
 -1.386294 -1.386294 -1.386294 -1.386294
 -1.386294 -1.386294 -1.386294 -1.386294
 -1.386294 -1.386294 -1.386294 -1.386294
 -16.843225 -16.843225 -16.843225 -0.000000
 -1.386294 -1.386294 -1.386294 -1.386294
 -1.386294 -1.386294 -1.386294 -1.386294
 -1.386294 -1.386294 -1.386294 -1.386294
 -0.875953 -1.104928 -1.377136 -16.843225
 -0.930932 -2.279595 -1.897120 -1.039905
 -0.762767 -2.133508 -2.237498 -1.176100
 -0.779287 -2.161405 -1.681039 -1.427436
 -1.386294 -1.386294 -1.386294 -1.386294
 -0.961027 0.000100 0.000100 0.000100
 -2.040220 0.000100 0.000100 0.000100
 -1.786771 0.000100 0.000100 0.000100
 -1.139434 0.000100 0.000100 0.000100
 -0.673730 -1.698232 -1.894942 -1.852383
 -1.006807 -2.005327 -1.553347 -1.243194
 -1.432104 -1.719784 -1.565634 -0.985819
 -1.856296 -2.079438 -2.079438 -0.521299
 -0.829907 -1.845825 -2.587757 -1.106160
 -1.147404 -2.533683 -2.197217 -0.709151
 -1.214445 -1.856294 -2.079435 -0.863049
 -1.897118 -1.945908 -1.763587 -0.624156
 -1.107124 -1.774951 -2.062631 -0.986496
 -1.317302 -1.080915 -2.415901 -1.192140
 -0.896091 -1.694593 -2.100052 -1.252764
 -1.808853 -1.774951 -1.808853 -0.687514
 -1.079382 -2.236829 -1.862138 -0.921158
 -1.137834 -1.466337 -2.054119 -1.137834
 -1.174121 -1.522425 -2.621021 -0.916293
 -1.573505 -1.573505 -1.880989 -0.837188
 -13.919874 -13.919874 -0.000003 -13.919874
 -13.527834 -13.527834 -0.000004 -13.527834
 -13.217681 -13.217681 -0.000005 -13.217681
 -14.279247 -14.279247 -0.000002 -14.279247
 -1.386294 -1.386294 -1.386294 -1.386294
 -1.386294 -1.386294 -1.386294 -1.386294
 -15.201806 -15.201806 -15.201806 -0.000001
 -1.386294 -1.386294 -1.386294 -1.386294
 -1.386294 -1.386294 -1.386294 -1.386294
 -1.386294 -1.386294 -1.386294 -1.386294
 -1.386294 -1.386294 -1.386294 -1.386294
 -1.179280 -1.078810 -15.201806 -1.042705
 -0.000002 -14.022528 -14.022528 -14.022528
 -0.000002 -14.122998 -14.122998 -14.122998
 -1.386294 -1.386294 -1.386294 -1.386294
 -0.000002 -14.159103 -14.159103 -14.159103
 -15.201806 -15.201806 -0.000001 -15.201806
 -1.386294 -1.386294 -1.386294 -1.386294
 -1.386294 -1.386294 -1.386294 -1.386294
 -1.386294 -1.386294 -1.386294 -1.386294
 -1.386294 -1.386294 -1.386294 -1.386294
 -1.386294 -1.386294 -1.386294 -1.386294
 -15.201806 -15.201806 -15.201806 -0.000001
 -1.386294 -1.386294 -1.386294 -1.386294
 -1.386294 -1.386294 -1.386294 -1.386294
 -1.386294 -1.386294 -1.386294 -1.386294
 -1.386294 -1.386294 -1.386294 -1.386294
 -15.201806 -15.201806 -15.201806 -0.000001
 -1.386294 -1.386294 -1.386294 -1.386294
 -1.386294 -1.386294 -1.386294 -1.386294
 -1.386294 -1.386294 -1.386294 -1.386294
 -15.201806 -15.201806 -15.201806 -0.000001
 -1.386294 -1.386294 -1.386294 -1.386294
 -1.386294 -1.386294 -1.386294 -1.386294
 -1.386294 -1.386294 -1.386294 -1.386294
 -15.201806 -15.201806 -15.201806 -0.000001
 -1.386294 -1.386294 -1.386294 -1.386294
 -1.386294 -1.386294 -1.386294 -1.386294
 -1.386294 -1.386294 -1.386294 -1.386294
 -1.131652 -1.071484 -1.093625 -15.201806
 -1.053151 -1.969438 -1.915371 -1.009666
 -0.761099 -1.587776 -2.211927 -1.518783
 -1.069199 -1.953399 -1.371479 -1.342492
 -1.386294 -1.386294 -1.386294 -1.386294
