 -1.050152 0.000100 0.000100 0.000100
 -1.773452 0.000100 0.000100 0.000100
 -1.694981 0.000100 0.000100 0.000100
 -1.214809 0.000100 0.000100 0.000100
 -0.901549 -2.076145 -1.885091 -1.149385
 -0.912896 -1.524696 -2.351371 -1.252763
 -0.778446 -1.977860 -1.773066 -1.457986
 -1.597832 -1.523724 -1.835503 -0.866946
 -0.973258 -1.756555 -1.615974 -1.383042
 -0.902869 -2.001478 -1.819157 -1.213023
 -0.774494 -1.519825 -1.484734 -2.367118
 -1.382767 -1.518312 -1.518312 -1.168110
 -1.079195 -1.533930 -1.753293 -1.304745
 -0.919364 -1.510231 -2.321158 -1.265109
 -0.839752 -1.219241 -2.337267 -1.736496
 -1.569521 -1.446919 -1.684590 -0.991444
 -1.184687 -1.802122 -2.582278 -0.790522
 -1.093770 -2.032037 -1.614304 -1.093770
 -0.912363 -1.799663 -1.953813 -1.233270
 -1.878019 -1.638790 -1.428495 -0.883768
 -14.715673 -14.715673 -0.000001 -14.715673
 -14.173188 -14.173188 -0.000002 -14.173188
 -14.144817 -14.144817 -0.000002 -14.144817
 -15.033387 -15.033387 -0.000001 -15.033387
 -1.386294 -1.386294 -1.386294 -1.386294
 -1.386294 -1.386294 -1.386294 -1.386294
 -15.974226 -15.974226 -15.974226 -0.000000
 -1.386294 -1.386294 -1.386294 -1.386294
 -1.386294 -1.386294 -1.386294 -1.386294
 -1.386294 -1.386294 -1.386294 -1.386294
 -1.386294 -1.386294 -1.386294 -1.386294
 -0.000000 -15.974226 -15.974226 -15.974226
 -0.000000 -15.974226 -15.974226 -15.974226
 -1.386294 -1.386294 -1.386294 -1.386294
 -1.386294 -1.386294 -1.386294 -1.386294
 -1.386294 -1.386294 -1.386294 -1.386294
 -15.974226 -15.974226 -0.000000 -15.974226
 -1.386294 -1.386294 -1.386294 -1.386294
 -1.386294 -1.386294 -1.386294 -1.386294
 -1.386294 -1.386294 -1.386294 -1.386294
 -1.386294 -1.386294 -1.386294 -1.386294
 -1.386294 -1.386294 -1.386294 -1.386294
 -15.974226 -15.974226 -15.974226 -0.000000
 -1.386294 -1.386294 -1.386294 -1.386294
 -1.386294 -1.386294 -1.386294 -1.386294
 -1.386294 -1.386294 -1.386294 -1.386294
 -1.386294 -1.386294 -1.386294 -1.386294
 -15.974226 -15.974226 -15.974226 -0.000000
 -1.386294 -1.386294 -1.386294 -1.386294
 -1.386294 -1.386294 -1.386294 -1.386294
 -1.386294 -1.386294 -1.386294 -1.386294
 -15.974226 -15.974226 -15.974226 -0.000000
 -1.386294 -1.386294 -1.386294 -1.386294
 -1.386294 -1.386294 -1.386294 -1.386294
 -1.386294 -1.386294 -1.386294 -1.386294
 -1.008143 -1.161766 -1.132673 -15.974226
 -0.000001 -14.966084 -14.966084 -14.966084
 -0.000001 -14.812461 -14.812461 -14.812461
 -0.000001 -14.841554 -14.841554 -14.841554
 -1.386294 -1.386294 -1.386294 -1.386294
 -0.707101 -2.264075 -1.843904 -1.407299
 -1.386294 -1.386294 -1.386294 -1.386294
 -1.386294 -1.386294 -1.386294 -1.386294
 -1.386294 -1.386294 -1.386294 -1.386294
 -1.128467 0.000100 0.000100 0.000100
 -1.821609 0.000100 0.000100 0.000100
 -1.916918 0.000100 0.000100 0.000100
 -1.000634 0.000100 0.000100 0.000100
 -1.145136 -1.992415 -1.992415 -0.893825
 -1.011612 -1.011612 -2.397832 -1.704734
 -1.203979 -2.302525 -1.203979 -1.203979
 -1.609434 -2.120246 -2.120246 -0.579827
 -0.865006 -2.251263 -1.845814 -1.152684
 -0.788474 -1.299286 -1.704734 -2.397832
 -0.693167 -1.203979 -2.302525 -2.302525
 -1.722761 -1.540443 -2.233573 -0.693154
 -1.189587 -1.749192 -2.036866 -0.938276
 -0.847310 -2.638986 -1.945889 -1.029628
 -1.098623 -1.098623 -2.197169 -1.504072
 -1.704741 -1.299284 -1.299284 -1.299284
 -1.049828 -1.897107 -2.995652 -0.798517
 -1.945889 -1.540440 -1.945889 -0.693161
 -1.098621 -1.791743 -1.791743 -1.098621
 -1.481603 -3.090961 -3.090961 -0.383004
 -12.100735 -12.100735 -0.000017 -12.100735
 -11.407610 -11.407610 -0.000033 -11.407610
 -11.002167 -11.002167 -0.000050 -11.002167
 -12.765699 -12.765699 -0.000009 -12.765699
 -1.386294 -1.386294 -1.386294 -1.386294
 -1.386294 -1.386294 -1.386294 -1.386294
 -13.429854 -13.429854 -13.429854 -0.000004
 -1.386294 -1.386294 -1.386294 -1.386294
 -1.386294 -1.386294 -1.386294 -1.386294
 -1.386294 -1.386294 -1.386294 -1.386294
 -1.386294 -1.386294 -1.386294 -1.386294
 -0.000004 -13.429854 -13.429854 -13.429854
 -0.000004 -13.429854 -13.429854 -13.429854
 -1.386294 -1.386294 -1.386294 -1.386294
 -1.386294 -1.386294 -1.386294 -1.386294
 -1.386294 -1.386294 -1.386294 -1.386294
 -13.429854 -13.429854 -0.000004 -13.429854
 -1.386294 -1.386294 -1.386294 -1.386294
 -1.386294 -1.386294 -1.386294 -1.386294
 -1.386294 -1.386294 -1.386294 -1.386294
 -1.386294 -1.386294 -1.386294 -1.386294
 -1.386294 -1.386294 -1.386294 -1.386294
 -13.429854 -13.429854 -13.429854 -0.000004
 -1.386294 -1.386294 -1.386294 -1.386294
 -1.386294 -1.386294 -1.386294 -1.386294
 -1.386294 -1.386294 -1.386294 -1.386294
 -1.386294 -1.386294 -1.386294 -1.386294
 -13.429854 -13.429854 -13.429854 -0.000004
 -1.386294 -1.386294 -1.386294 -1.386294
 -1.386294 -1.386294 -1.386294 -1.386294
 -1.386294 -1.386294 -1.386294 -1.386294
 -13.429854 -13.429854 -13.429854 -0.000004
 -1.386294 -1.386294 -1.386294 -1.386294
 -1.386294 -1.386294 -1.386294 -1.386294
 -1.386294 -1.386294 -1.386294 -1.386294
 -0.961413 -1.000634 -1.386294 -13.429854
 -0.000011 -12.468452 -12.468452 -12.468452
 -0.000012 -12.429232 -12.429232 -12.429232
 -0.000018 -12.043577 -12.043577 -12.043577
 -1.386294 -1.386294 -1.386294 -1.386294
 -0.923673 -2.022278 -1.386294 -1.511457
 -1.386294 -1.386294 -1.386294 -1.386294
 -1.386294 -1.386294 -1.386294 -1.386294
 -1.386294 -1.386294 -1.386294 -1.386294
