 -0.985324 0.000100 0.000100 0.000100
 -1.933653 0.000100 0.000100 0.000100
 -1.796254 0.000100 0.000100 0.000100
 -1.151559 0.000100 0.000100 0.000100
 -1.020651 -1.916321 -1.819158 -1.107662
 -0.799371 -1.724317 -2.294858 -1.304465
 -0.679726 -1.739115 -2.163996 -1.596014
 -1.483024 -1.616555 -1.652923 -0.959776
 -0.963112 -1.698458 -1.631767 -1.428168
 -0.654927 -2.146578 -2.041218 -1.453434
 -0.722563 -1.316336 -1.631416 -2.981332
 -1.314714 -1.440754 -1.502312 -1.301642
 -0.740776 -1.870349 -1.990493 -1.458615
 -0.738611 -1.504077 -2.484902 -1.529395
 -0.614896 -1.592146 -2.439440 -1.780198
 -1.614552 -1.449473 -1.694595 -0.960627
 -1.226922 -2.419058 -0.821457 -1.725912
 -1.693319 -2.519993 -0.534084 -1.900957
 -1.038509 -2.935615 -0.795564 -1.954796
 -2.462729 -2.516796 -0.416740 -1.743609
 -14.523548 -14.523548 -0.000002 -14.523548
 -13.487012 -13.487012 -0.000004 -13.487012
 -15.358809 -15.358809 -0.000001 -15.358809
 -14.214290 -14.214290 -0.000002 -14.214290
 -1.386294 -1.386294 -1.386294 -1.386294
 -1.386294 -1.386294 -1.386294 -1.386294
 -16.003807 -16.003807 -16.003807 -0.000000
 -1.386294 -1.386294 -1.386294 -1.386294
 -1.386294 -1.386294 -1.386294 -1.386294
 -1.386294 -1.386294 -1.386294 -1.386294
 -1.386294 -1.386294 -1.386294 -1.386294
 -16.003807 -1.918269 -16.003807 -0.158833
 -1.386294 -1.386294 -1.386294 -1.386294
 -0.000002 -14.085541 -14.085541 -14.085541
 -1.386294 -1.386294 -1.386294 -1.386294
 -0.000000 -15.844975 -15.844975 -15.844975
 -16.003807 -16.003807 -0.000000 -16.003807
 -1.386294 -1.386294 -1.386294 -1.386294
 -1.386294 -1.386294 -1.386294 -1.386294
 -1.386294 -1.386294 -1.386294 -1.386294
 -1.386294 -1.386294 -1.386294 -1.386294
 -1.386294 -1.386294 -1.386294 -1.386294
 -16.003807 -16.003807 -16.003807 -0.000000
 -1.386294 -1.386294 -1.386294 -1.386294
 -1.386294 -1.386294 -1.386294 -1.386294
 -1.386294 -1.386294 -1.386294 -1.386294
 -1.386294 -1.386294 -1.386294 -1.386294
 -16.003807 -16.003807 -16.003807 -0.000000
 -1.386294 -1.386294 -1.386294 -1.386294
 -1.386294 -1.386294 -1.386294 -1.386294
 -1.386294 -1.386294 -1.386294 -1.386294
 -16.003807 -16.003807 -16.003807 -0.000000
 -1.386294 -1.386294 -1.386294 -1.386294
 -1.386294 -1.386294 -1.386294 -1.386294
 -1.386294 -1.386294 -1.386294 -1.386294
 -0.817115 -1.209970 -1.346729 -16.003807
 -0.959071 -2.287470 -2.449988 -0.846453
 -0.731467 -2.251290 -2.086987 -1.239691
 -0.693148 -2.227859 -2.150898 -1.287854
 -1.386294 -1.386294 -1.386294 -1.386294
 -0.680569 -2.290005 -1.901348 -1.414537
 -0.771401 -2.047689 -2.230009 -1.200396
 -1.016936 -2.597374 -1.285199 -1.247458
 -1.342123 -2.153052 -2.073009 -0.699620
 -1.051417 0.000100 0.000100 0.000100
 -2.068350 0.000100 0.000100 0.000100
 -1.733981 0.000100 0.000100 0.000100
 -1.056750 0.000100 0.000100 0.000100
 -0.829724 -1.869145 -1.904236 -1.344622
 -0.961413 -1.821609 -2.022278 -1.128467
 -1.152680 -1.914817 -2.068966 -0.890317
 -1.593522 -1.675760 -1.973010 -0.753773
 -0.751644 -1.838278 -2.226042 -1.341843
 -1.192800 -1.492904 -2.186046 -1.022902
 -1.427116 -1.678429 -1.678429 -0.950194
 -1.956061 -1.992429 -1.459625 -0.713557
 -1.079565 -1.717651 -2.484901 -0.922723
 -1.353142 -1.598264 -1.849576 -0.962277
 -1.192800 -1.353142 -1.655422 -1.397594
 -1.556920 -1.446919 -2.099242 -0.840784
 -1.199417 -1.892562 -2.039165 -0.872734
 -1.360977 -1.584119 -1.766440 -1.000975
 -1.143065 -1.749197 -2.288188 -0.901904
 -1.744356 -1.772527 -2.032037 -0.645746
 -14.093145 -14.093145 -0.000002 -14.093145
 -13.742944 -13.742944 -0.000003 -13.742944
 -13.500805 -13.500805 -0.000004 -13.500805
 -14.690981 -14.690981 -0.000001 -14.690981
 -1.386294 -1.386294 -1.386294 -1.386294
 -1.386294 -1.386294 -1.386294 -1.386294
 -15.498199 -15.498199 -15.498199 -0.000001
 -1.386294 -1.386294 -1.386294 -1.386294
 -1.386294 -1.386294 -1.386294 -1.386294
 -1.386294 -1.386294 -1.386294 -1.386294
 -1.386294 -1.386294 -1.386294 -1.386294
 -15.498199 -0.604279 -15.498199 -0.790691
 -1.386294 -1.386294 -1.386294 -1.386294
 -0.000001 -14.893922 -14.893922 -14.893922
 -1.386294 -1.386294 -1.386294 -1.386294
 -0.000001 -14.707510 -14.707510 -14.707510
 -15.498199 -15.498199 -0.000001 -15.498199
 -1.386294 -1.386294 -1.386294 -1.386294
 -1.386294 -1.386294 -1.386294 -1.386294
 -1.386294 -1.386294 -1.386294 -1.386294
 -1.386294 -1.386294 -1.386294 -1.386294
 -1.386294 -1.386294 -1.386294 -1.386294
 -15.498199 -15.498199 -15.498199 -0.000001
 -1.386294 -1.386294 -1.386294 -1.386294
 -1.386294 -1.386294 -1.386294 -1.386294
 -1.386294 -1.386294 -1.386294 -1.386294
 -1.386294 -1.386294 -1.386294 -1.386294
 -15.498199 -15.498199 -15.498199 -0.000001
 -1.386294 -1.386294 -1.386294 -1.386294
 -1.386294 -1.386294 -1.386294 -1.386294
 -1.386294 -1.386294 -1.386294 -1.386294
 -15.498199 -15.498199 -15.498199 -0.000001
 -1.386294 -1.386294 -1.386294 -1.386294
 -1.386294 -1.386294 -1.386294 -1.386294
 -1.386294 -1.386294 -1.386294 -1.386294
 -1.072923 -0.926567 -1.339099 -15.498199
 -1.154493 -1.847639 -1.919097 -0.966441
 -0.979266 -1.750373 -1.927304 -1.186905
 -0.923409 -1.770705 -1.452252 -1.616555
 -1.386294 -1.386294 -1.386294 -1.386294
 -0.950371 -1.530188 -1.833870 -1.439217
 -0.649664 -1.934857 -2.101910 -1.555370
 -0.821982 -1.871799 -2.025949 -1.291984
 -1.380178 -1.835652 -1.835652 -0.845256
