 -1.145882 0.000100 0.000100 0.000100
 -1.862403 0.000100 0.000100 0.000100
 -1.661118 0.000100 0.000100 0.000100
 -1.088174 0.000100 0.000100 0.000100
 -0.917942 -1.964228 -1.801709 -1.219494
 -0.886339 -2.135010 -2.358153 -0.980830
 -0.744150 -1.701989 -2.202763 -1.460827
 -1.668797 -1.652404 -1.574239 -0.884859
 -0.970231 -1.965895 -1.510950 -1.346020
 -0.702904 -1.821317 -2.069778 -1.528648
 -0.744266 -1.517455 -1.579975 -2.305911
 -1.436024 -1.706314 -1.223463 -1.250418
 -0.915574 -1.759293 -1.883346 -1.289290
 -0.674799 -1.810451 -2.225394 -1.518063
 -0.639323 -1.642227 -2.141218 -1.824549
 -1.467076 -1.547119 -1.611658 -1.030063
 -0.835358 -2.224623 -2.144580 -1.075711
 -0.862522 -2.255548 -1.323173 -1.576008
 -0.744068 -2.346068 -1.467520 -1.616555
 -1.997842 -1.845826 -1.026386 -1.055041
 -15.742676 -15.742676 -0.000000 -15.742676
 -14.630877 -14.630877 -0.000001 -14.630877
 -15.267125 -15.267125 -0.000001 -15.267125
 -15.548935 -15.548935 -0.000001 -15.548935
 -1.386294 -1.386294 -1.386294 -1.386294
 -1.386294 -1.386294 -1.386294 -1.386294
 -16.763103 -16.763103 -16.763103 -0.000000
 -1.386294 -1.386294 -1.386294 -1.386294
 -1.386294 -1.386294 -1.386294 -1.386294
 -1.386294 -1.386294 -1.386294 -1.386294
 -1.386294 -1.386294 -1.386294 -1.386294
 -16.763103 -16.763103 -0.000000 -16.763103
 -1.386294 -1.386294 -1.386294 -1.386294
 -1.386294 -1.386294 -1.386294 -1.386294
 -0.000000 -16.763103 -16.763103 -16.763103
 -1.386294 -1.386294 -1.386294 -1.386294
 -16.763103 -16.763103 -0.000000 -16.763103
 -1.386294 -1.386294 -1.386294 -1.386294
 -1.386294 -1.386294 -1.386294 -1.386294
 -1.386294 -1.386294 -1.386294 -1.386294
 -1.386294 -1.386294 -1.386294 -1.386294
 -1.386294 -1.386294 -1.386294 -1.386294
 -16.763103 -16.763103 -16.763103 -0.000000
 -1.386294 -1.386294 -1.386294 -1.386294
 -1.386294 -1.386294 -1.386294 -1.386294
 -1.386294 -1.386294 -1.386294 -1.386294
 -1.386294 -1.386294 -1.386294 -1.386294
 -16.763103 -16.763103 -16.763103 -0.000000
 -1.386294 -1.386294 -1.386294 -1.386294
 -1.386294 -1.386294 -1.386294 -1.386294
 -1.386294 -1.386294 -1.386294 -1.386294
 -16.763103 -16.763103 -16.763103 -0.000000
 -1.386294 -1.386294 -1.386294 -1.386294
 -1.386294 -1.386294 -1.386294 -1.386294
 -1.386294 -1.386294 -1.386294 -1.386294
 -0.907671 -1.194920 -1.224825 -16.763103
 -1.119638 -2.060123 -1.953743 -0.905298
 -0.924120 -2.001133 -2.230707 -1.020304
 -0.774978 -2.037477 -1.618406 -1.557252
 -1.386294 -1.386294 -1.386294 -1.386294
 -0.763302 -2.327277 -1.560519 -1.485950
 -0.942742 -2.150155 -1.879866 -1.074802
 -0.821626 -2.145398 -1.393412 -1.634573
 -1.381596 -2.100060 -1.677646 -0.821980
 -1.362197 0.000100 0.000100 0.000100
 -2.327274 0.000100 0.000100 0.000100
 -1.573505 0.000100 0.000100 0.000100
 -0.823201 0.000100 0.000100 0.000100
 -0.847302 -2.639033 -1.945903 -1.029622
 -0.693160 -1.673968 -11.982954 -1.163156
 -0.635995 -1.734596 -1.916914 -1.916914
 -1.711715 -1.711715 -1.711715 -0.780161
 -0.747218 -2.433600 -1.645154 -1.403994
 -0.653935 -12.429233 -2.525695 -0.916297
 -1.386294 -1.232146 -2.079425 -1.098616
 -1.421385 -1.575535 -2.450992 -0.764609
 -0.916293 -2.014897 -1.791756 -1.203974
 -0.980835 -1.791751 -2.484873 -0.980835
 -0.847306 -2.351344 -1.435084 -1.435084
 -1.679640 -1.304949 -2.978899 -0.710245
 -0.925772 -2.024375 -2.024375 -1.079922
 -0.567991 -2.302565 -1.609434 -2.014891
 -0.916298 -1.203976 -1.609433 -2.302555
 -2.164956 -1.338285 -2.501422 -0.614370
 -13.180640 -13.180640 -0.000006 -13.180640
 -12.676088 -12.676088 -0.000009 -12.676088
 -12.301401 -12.301401 -0.000014 -12.301401
 -13.253399 -13.253399 -0.000005 -13.253399
 -1.386294 -1.386294 -1.386294 -1.386294
 -1.386294 -1.386294 -1.386294 -1.386294
 -14.310209 -14.310209 -14.310209 -0.000002
 -1.386294 -1.386294 -1.386294 -1.386294
 -1.386294 -1.386294 -1.386294 -1.386294
 -1.386294 -1.386294 -1.386294 -1.386294
 -1.386294 -1.386294 -1.386294 -1.386294
 -14.310209 -14.310209 -0.000002 -14.310209
 -1.386294 -1.386294 -1.386294 -1.386294
 -1.386294 -1.386294 -1.386294 -1.386294
 -0.000002 -14.310209 -14.310209 -14.310209
 -1.386294 -1.386294 -1.386294 -1.386294
 -14.310209 -14.310209 -0.000002 -14.310209
 -1.386294 -1.386294 -1.386294 -1.386294
 -1.386294 -1.386294 -1.386294 -1.386294
 -1.386294 -1.386294 -1.386294 -1.386294
 -1.386294 -1.386294 -1.386294 -1.386294
 -1.386294 -1.386294 -1.386294 -1.386294
 -14.310209 -14.310209 -14.310209 -0.000002
 -1.386294 -1.386294 -1.386294 -1.386294
 -1.386294 -1.386294 -1.386294 -1.386294
 -1.386294 -1.386294 -1.386294 -1.386294
 -1.386294 -1.386294 -1.386294 -1.386294
 -14.310209 -14.310209 -14.310209 -0.000002
 -1.386294 -1.386294 -1.386294 -1.386294
 -1.386294 -1.386294 -1.386294 -1.386294
 -1.386294 -1.386294 -1.386294 -1.386294
 -14.310209 -14.310209 -14.310209 -0.000002
 -1.386294 -1.386294 -1.386294 -1.386294
 -1.386294 -1.386294 -1.386294 -1.386294
 -1.386294 -1.386294 -1.386294 -1.386294
 -1.039424 -1.148623 -1.110883 -14.310209
 -1.015923 -1.980996 -2.114525 -0.969403
 -0.732372 -2.005327 -2.564932 -1.178656
 -0.944464 -2.197215 -1.280935 -1.504076
 -1.386294 -1.386294 -1.386294 -1.386294
 -0.985819 -1.902103 -1.496642 -1.371479
 -1.252765 -1.252765 -3.044441 -0.965087
 -0.860208 -1.466336 -2.159466 -1.466336
 -1.272967 -1.832577 -1.714795 -0.967587
