 -1.073422 0.000100 0.000100 0.000100
 -1.770308 0.000100 0.000100 0.000100
 -1.579904 0.000100 0.000100 0.000100
 -1.266246 0.000100 0.000100 0.000100
 -0.970928 -1.865293 -1.993674 -1.107985
 -0.868750 -1.949661 -2.003728 -1.192800
 -0.659659 -1.700114 -2.166733 -1.683307
 -1.721862 -1.696860 -1.496190 -0.881824
 -0.982614 -1.887069 -1.755010 -1.199822
 -0.793836 -1.780330 -2.197223 -1.316025
 -0.739085 -1.423721 -1.890339 -2.035521
 -1.471674 -1.454432 -1.311331 -1.318766
 -1.080913 -1.806148 -1.557252 -1.252763
 -0.815038 -1.849110 -2.006738 -1.325863
 -0.860812 -1.586219 -1.912903 -1.492401
 -1.769780 -1.515251 -1.408767 -1.006675
 -0.975714 -2.005333 -1.949763 -1.060872
 -1.159022 -2.086361 -1.339148 -1.203973
 -0.820078 -2.213918 -1.667375 -1.340979
 -2.210469 -1.645156 -1.028743 -1.079068
 -15.363074 -15.363074 -0.000001 -15.363074
 -14.635292 -14.635292 -0.000001 -14.635292
 -15.123844 -15.123844 -0.000001 -15.123844
 -15.426948 -15.426948 -0.000001 -15.426948
 -1.386294 -1.386294 -1.386294 -1.386294
 -1.386294 -1.386294 -1.386294 -1.386294
 -16.567896 -16.567896 -16.567896 -0.000000
 -1.386294 -1.386294 -1.386294 -1.386294
 -1.386294 -1.386294 -1.386294 -1.386294
 -1.386294 -1.386294 -1.386294 -1.386294
 -1.386294 -1.386294 -1.386294 -1.386294
 -0.000000 -16.567898 -16.567898 -16.567898
 -0.000000 -16.567898 -16.567898 -16.567898
 -1.386294 -1.386294 -1.386294 -1.386294
 -1.386294 -1.386294 -1.386294 -1.386294
 -1.386294 -1.386294 -1.386294 -1.386294
 -16.567898 -16.567898 -0.000000 -16.567898
 -1.386294 -1.386294 -1.386294 -1.386294
 -1.386294 -1.386294 -1.386294 -1.386294
 -1.386294 -1.386294 -1.386294 -1.386294
 -1.386294 -1.386294 -1.386294 -1.386294
 -1.386294 -1.386294 -1.386294 -1.386294
 -16.567896 -16.567896 -16.567896 -0.000000
 -1.386294 -1.386294 -1.386294 -1.386294
 -1.386294 -1.386294 -1.386294 -1.386294
 -1.386294 -1.386294 -1.386294 -1.386294
 -1.386294 -1.386294 -1.386294 -1.386294
 -16.567896 -16.567896 -16.567896 -0.000000
 -1.386294 -1.386294 -1.386294 -1.386294
 -1.386294 -1.386294 -1.386294 -1.386294
 -1.386294 -1.386294 -1.386294 -1.386294
 -0.871396 -1.576813 -0.980829 -16.567898
 -1.327106 -1.871040 -2.875241 -0.645519
 -1.053356 -1.848917 -2.602687 -0.868089
 -1.093523 -2.072661 -2.172034 -0.855266
 -1.386294 -1.386294 -1.386294 -1.386294
 -15.392426 -15.392426 -15.392426 -0.000001
 -14.630877 -14.630877 -14.630877 -0.000001
 -14.062374 -14.062374 -14.062374 -0.000002
 -15.803386 -15.803386 -15.803386 -0.000000
 -1.386294 -1.386294 -1.386294 -1.386294
 -1.386294 -1.386294 -1.386294 -1.386294
 -1.386294 -1.386294 -1.386294 -1.386294
 -1.522745 -1.824167 -1.897971 -0.753612
 -1.339774 0.000100 0.000100 0.000100
 -1.745238 0.000100 0.000100 0.000100
 -1.504077 0.000100 0.000100 0.000100
 -1.075083 0.000100 0.000100 0.000100
 -1.011605 -1.887062 -1.704744 -1.193925
 -0.526104 -1.704741 -12.301401 -1.481603
 -0.847304 -2.639022 -1.386294 -1.386294
 -1.053153 -2.374890 -2.374890 -0.765472
 -0.815753 -2.005327 -2.564932 -1.060874
 -0.916301 -1.609431 -1.609431 -1.609431
 -1.223779 -1.734591 -12.043577 -0.636001
 -0.965084 -1.945903 -1.540443 -1.339775
 -0.967587 -1.714795 -2.525712 -1.021654
 -0.998536 -1.845814 -1.845814 -1.152684
 -1.163156 -1.163156 -1.673968 -1.673968
 -1.410987 -1.634128 -1.516346 -1.074517
 -1.005525 -1.516346 -2.104124 -1.228667
 -1.427116 -2.120246 -1.832572 -0.733977
 -2.251263 -1.558141 -2.251263 -0.546556
 -1.228667 -2.327262 -1.634128 -0.880363
 -12.765699 -12.765699 -0.000009 -12.765699
 -12.206093 -12.206093 -0.000015 -12.206093
 -12.154800 -12.154800 -0.000016 -12.154800
 -13.161592 -13.161592 -0.000006 -13.161592
 -1.386294 -1.386294 -1.386294 -1.386294
 -1.386294 -1.386294 -1.386294 -1.386294
 -14.046625 -14.046625 -14.046625 -0.000002
 -1.386294 -1.386294 -1.386294 -1.386294
 -1.386294 -1.386294 -1.386294 -1.386294
 -1.386294 -1.386294 -1.386294 -1.386294
 -1.386294 -1.386294 -1.386294 -1.386294
 -0.000002 -14.046625 -14.046625 -14.046625
 -0.000002 -14.046625 -14.046625 -14.046625
 -1.386294 -1.386294 -1.386294 -1.386294
 -1.386294 -1.386294 -1.386294 -1.386294
 -1.386294 -1.386294 -1.386294 -1.386294
 -14.046625 -14.046625 -0.000002 -14.046625
 -1.386294 -1.386294 -1.386294 -1.386294
 -1.386294 -1.386294 -1.386294 -1.386294
 -1.386294 -1.386294 -1.386294 -1.386294
 -1.386294 -1.386294 -1.386294 -1.386294
 -1.386294 -1.386294 -1.386294 -1.386294
 -14.046625 -14.046625 -14.046625 -0.000002
 -1.386294 -1.386294 -1.386294 -1.386294
 -1.386294 -1.386294 -1.386294 -1.386294
 -1.386294 -1.386294 -1.386294 -1.386294
 -1.386294 -1.386294 -1.386294 -1.386294
 -14.046625 -14.046625 -14.046625 -0.000002
 -1.386294 -1.386294 -1.386294 -1.386294
 -1.386294 -1.386294 -1.386294 -1.386294
 -1.386294 -1.386294 -1.386294 -1.386294
 -0.865991 -1.370546 -1.122711 -14.046625
 -1.331235 -2.024375 -1.773064 -0.834801
 -1.163153 -1.856290 -2.079429 -0.900791
 -1.074517 -1.921806 -1.921806 -1.005525
 -1.386294 -1.386294 -1.386294 -1.386294
 -12.847937 -12.847937 -12.847937 -0.000008
 -12.100735 -12.100735 -12.100735 -0.000017
 -12.154800 -12.154800 -12.154800 -0.000016
 -13.142174 -13.142174 -13.142174 -0.000006
 -1.386294 -1.386294 -1.386294 -1.386294
 -1.386294 -1.386294 -1.386294 -1.386294
 -1.386294 -1.386294 -1.386294 -1.386294
 -1.309922 -2.003066 -1.578185 -0.944463
