 -1.079481 0.000100 0.000100 0.000100
 -1.902107 0.000100 0.000100 0.000100
 -1.648834 0.000100 0.000100 0.000100
 -1.143503 0.000100 0.000100 0.000100
 -0.967992 -1.847550 -1.897981 -1.162634
 -0.766352 -1.701810 -2.833206 -1.223776
 -0.946421 -1.833723 -1.778153 -1.261937
 -1.603943 -1.735519 -1.590338 -0.870523
 -1.083108 -1.760987 -1.731134 -1.163151
 -1.062619 -1.668754 -1.920067 -1.141400
 -0.698751 -1.295566 -1.820089 -2.702473
 -1.662784 -1.453434 -1.464607 -1.062895
 -0.982694 -1.706145 -1.511085 -1.498506
 -0.879627 -1.613595 -1.795917 -1.514505
 -0.801629 -1.515828 -1.755057 -1.839614
 -1.582204 -1.597242 -1.404871 -1.059510
 -1.221763 -1.906398 -1.923493 -0.890186
 -1.508512 -2.088329 -1.293401 -0.966188
 -1.057113 -2.285775 -1.474848 -1.133099
 -2.233590 -2.200801 -1.019670 -0.864106
 -14.841554 -14.841554 -0.000001 -14.841554
 -14.166170 -14.166170 -0.000002 -14.166170
 -14.827113 -14.827113 -0.000001 -14.827113
 -15.303911 -15.303911 -0.000001 -15.303911
 -1.386294 -1.386294 -1.386294 -1.386294
 -1.386294 -1.386294 -1.386294 -1.386294
 -16.248247 -16.248247 -16.248247 -0.000000
 -1.386294 -1.386294 -1.386294 -1.386294
 -1.386294 -1.386294 -1.386294 -1.386294
 -1.386294 -1.386294 -1.386294 -1.386294
 -1.386294 -1.386294 -1.386294 -1.386294
 -0.000000 -16.248247 -16.248247 -16.248247
 -0.000000 -16.248247 -16.248247 -16.248247
 -1.386294 -1.386294 -1.386294 -1.386294
 -1.386294 -1.386294 -1.386294 -1.386294
 -1.386294 -1.386294 -1.386294 -1.386294
 -16.248247 -16.248247 -0.000000 -16.248247
 -1.386294 -1.386294 -1.386294 -1.386294
 -1.386294 -1.386294 -1.386294 -1.386294
 -1.386294 -1.386294 -1.386294 -1.386294
 -1.386294 -1.386294 -1.386294 -1.386294
 -1.386294 -1.386294 -1.386294 -1.386294
 -16.248247 -16.248247 -16.248247 -0.000000
 -1.386294 -1.386294 -1.386294 -1.386294
 -1.386294 -1.386294 -1.386294 -1.386294
 -1.386294 -1.386294 -1.386294 -1.386294
 -1.386294 -1.386294 -1.386294 -1.386294
 -16.248247 -16.248247 -16.248247 -0.000000
 -1.386294 -1.386294 -1.386294 -1.386294
 -1.386294 -1.386294 -1.386294 -1.386294
 -1.386294 -1.386294 -1.386294 -1.386294
 -1.069198 -1.275855 -0.974121 -16.248247
 -1.206534 -2.036881 -1.779052 -0.912462
 -1.079921 -1.754718 -2.360852 -0.933738
 -1.073353 -2.192583 -1.586448 -1.073353
 -1.386294 -1.386294 -1.386294 -1.386294
 -15.129235 -0.661399 -0.725938 -15.129235
 -14.247295 -0.483077 -0.959416 -14.247295
 -14.425279 -0.726301 -0.661060 -14.425279
 -15.271798 -0.783343 -0.610419 -15.271798
 -1.386294 -1.386294 -1.386294 -1.386294
 -0.924189 -2.174751 -2.018405 -1.031019
 -0.803025 -1.840549 -1.745239 -1.520078
 -1.386294 -1.386294 -1.386294 -1.386294
 -0.828694 0.000100 0.000100 0.000100
 -2.316765 0.000100 0.000100 0.000100
 -1.911303 0.000100 0.000100 0.000100
 -1.149165 0.000100 0.000100 0.000100
 -0.949083 -1.729236 -1.562184 -1.488076
 -1.029628 -1.945889 -1.029628 -1.945889
 -1.252765 -1.658222 -0.965087 -1.945896
 -1.034076 -2.197213 -1.504076 -1.167607
 -0.936096 -1.446918 -2.322376 -1.292769
 -1.481603 -1.992415 -1.704741 -0.788466
 -1.280935 -1.974072 -2.197211 -0.750311
 -2.110200 -1.704744 -2.110200 -0.552076
 -0.955515 -1.717647 -2.277252 -1.098615
 -1.871793 -1.648654 -2.564915 -0.550055
 -1.041461 -1.223779 -1.734591 -1.734591
 -1.321756 -1.897115 -1.386294 -1.098614
 -0.940987 -1.767657 -3.020385 -0.940987
 -1.648654 -2.564915 -1.312187 -0.773197
 -0.613113 -2.079425 -2.079425 -1.568613
 -1.446918 -1.734598 -1.366876 -1.098614
 -13.038990 -13.038990 -0.000006 -13.038990
 -12.254882 -12.254882 -0.000014 -12.254882
 -12.429233 -12.429233 -0.000012 -12.429233
 -13.122372 -13.122372 -0.000006 -13.122372
 -1.386294 -1.386294 -1.386294 -1.386294
 -1.386294 -1.386294 -1.386294 -1.386294
 -14.166170 -14.166170 -14.166170 -0.000002
 -1.386294 -1.386294 -1.386294 -1.386294
 -1.386294 -1.386294 -1.386294 -1.386294
 -1.386294 -1.386294 -1.386294 -1.386294
 -1.386294 -1.386294 -1.386294 -1.386294
 -0.000002 -14.166170 -14.166170 -14.166170
 -0.000002 -14.166170 -14.166170 -14.166170
 -1.386294 -1.386294 -1.386294 -1.386294
 -1.386294 -1.386294 -1.386294 -1.386294
 -1.386294 -1.386294 -1.386294 -1.386294
 -14.166170 -14.166170 -0.000002 -14.166170
 -1.386294 -1.386294 -1.386294 -1.386294
 -1.386294 -1.386294 -1.386294 -1.386294
 -1.386294 -1.386294 -1.386294 -1.386294
 -1.386294 -1.386294 -1.386294 -1.386294
 -1.386294 -1.386294 -1.386294 -1.386294
 -14.166170 -14.166170 -14.166170 -0.000002
 -1.386294 -1.386294 -1.386294 -1.386294
 -1.386294 -1.386294 -1.386294 -1.386294
 -1.386294 -1.386294 -1.386294 -1.386294
 -1.386294 -1.386294 -1.386294 -1.386294
 -14.166170 -14.166170 -14.166170 -0.000002
 -1.386294 -1.386294 -1.386294 -1.386294
 -1.386294 -1.386294 -1.386294 -1.386294
 -1.386294 -1.386294 -1.386294 -1.386294
 -1.292266 -1.218158 -0.844954 -14.166170
 -0.830353 -2.054114 -2.054114 -1.178657
 -0.904460 -2.351360 -1.945903 -1.029622
 -1.402824 -1.545923 -1.625965 -1.066353
 -1.386294 -1.386294 -1.386294 -1.386294
 -13.102169 -0.713770 -0.672949 -13.102169
 -12.301401 -0.451996 -1.011607 -12.301401
 -12.345852 -0.938276 -0.496447 -12.345852
 -13.081550 -0.693151 -0.693151 -13.081550
 -1.386294 -1.386294 -1.386294 -1.386294
 -0.930477 -2.470909 -2.065450 -0.930477
 -1.084628 -1.697728 -1.960090 -1.084628
 -1.386294 -1.386294 -1.386294 -1.386294
