 -1.072848 0.000100 0.000100 0.000100
 -1.858498 0.000100 0.000100 0.000100
 -1.688737 0.000100 0.000100 0.000100
 -1.147883 0.000100 0.000100 0.000100
 -0.917296 -1.893111 -2.099725 -1.116850
 -0.936314 -1.640760 -2.380424 -1.134491
 -0.719515 -1.810521 -1.881138 -1.624419
 -1.435084 -1.845105 -1.613776 -0.904457
 -1.008299 -2.081333 -1.646015 -1.147025
 -0.931233 -1.420780 -2.029843 -1.456499
 -0.806291 -1.400346 -1.904901 -1.844276
 -1.521027 -1.540445 -1.483286 -1.077822
 -0.993252 -1.632331 -1.868720 -1.273554
 -0.823601 -1.777473 -1.938741 -1.393515
 -0.797288 -1.620487 -1.920591 -1.584120
 -1.668423 -1.694065 -1.505271 -0.902073
 -1.086778 -1.853128 -2.162132 -0.939373
 -1.252763 -2.143734 -1.435084 -1.024505
 -1.059082 -1.799856 -1.663281 -1.209364
 -2.095815 -1.722302 -1.042228 -1.062162
 -15.168766 -15.168766 -0.000001 -15.168766
 -14.644064 -14.644064 -0.000001 -14.644064
 -14.984893 -14.984893 -0.000001 -14.984893
 -15.460317 -15.460317 -0.000001 -15.460317
 -1.386294 -1.386294 -1.386294 -1.386294
 -1.386294 -1.386294 -1.386294 -1.386294
 -16.493790 -16.493790 -16.493790 -0.000000
 -1.386294 -1.386294 -1.386294 -1.386294
 -1.386294 -1.386294 -1.386294 -1.386294
 -1.386294 -1.386294 -1.386294 -1.386294
 -1.386294 -1.386294 -1.386294 -1.386294
 -0.000000 -16.493790 -16.493790 -16.493790
 -0.000000 -16.493790 -16.493790 -16.493790
 -1.386294 -1.386294 -1.386294 -1.386294
 -1.386294 -1.386294 -1.386294 -1.386294
 -1.386294 -1.386294 -1.386294 -1.386294
 -16.493790 -16.493790 -0.000000 -16.493790
 -1.386294 -1.386294 -1.386294 -1.386294
 -1.386294 -1.386294 -1.386294 -1.386294
 -1.386294 -1.386294 -1.386294 -1.386294
 -1.386294 -1.386294 -1.386294 -1.386294
 -1.386294 -1.386294 -1.386294 -1.386294
 -16.493790 -16.493790 -16.493790 -0.000000
 -1.386294 -1.386294 -1.386294 -1.386294
 -1.386294 -1.386294 -1.386294 -1.386294
 -1.386294 -1.386294 -1.386294 -1.386294
 -1.386294 -1.386294 -1.386294 -1.386294
 -16.493790 -16.493790 -16.493790 -0.000000
 -1.386294 -1.386294 -1.386294 -1.386294
 -1.386294 -1.386294 -1.386294 -1.386294
 -1.386294 -1.386294 -1.386294 -1.386294
 -0.995590 -1.416980 -0.946623 -16.493790
 -0.841121 -1.776999 -2.144723 -1.263978
 -0.816612 -1.995266 -1.934641 -1.281501
 -0.680834 -2.102718 -1.600627 -1.772477
 -1.386294 -1.386294 -1.386294 -1.386294
 -0.000001 -15.723571 -15.723571 -15.723571
 -0.000002 -14.547880 -14.547880 -14.547880
 -0.000001 -14.639688 -14.639688 -14.639688
 -0.000001 -15.056780 -15.056780 -15.056780
 -0.876568 -1.941114 -1.885285 -1.243194
 -1.386294 -1.386294 -1.386294 -1.386294
 -1.386294 -1.386294 -1.386294 -1.386294
 -1.386294 -1.386294 -1.386294 -1.386294
 -1.185045 0.000100 0.000100 0.000100
 -2.111804 0.000100 0.000100 0.000100
 -1.622258 0.000100 0.000100 0.000100
 -0.978709 0.000100 0.000100 0.000100
 -0.693151 -1.925285 -2.772564 -1.232145
 -0.641865 -2.251263 -2.251263 -1.335002
 -0.725943 -2.047681 -1.642224 -1.642224
 -1.592629 -1.998090 -1.244325 -0.986497
 -0.852780 -1.808285 -1.808285 -1.402823
 -1.098617 -2.351344 -2.351344 -0.741946
 -1.134983 -1.722761 -1.722761 -1.134983
 -1.211092 -1.652920 -1.652920 -1.142099
 -1.192140 -1.386294 -2.233583 -1.080915
 -0.860208 -1.871793 -1.648654 -1.466336
 -1.060876 -1.060876 -2.564915 -1.466336
 -1.183772 -1.945904 -1.589233 -1.058609
 -0.773193 -2.341793 -1.871797 -1.243194
 -1.041457 -1.580448 -1.446918 -1.580448
 -1.056058 -2.442314 -12.345852 -0.570555
 -1.163152 -2.484890 -1.473305 -0.980832
 -13.287885 -13.287885 -0.000005 -13.287885
 -12.100735 -12.100735 -0.000017 -12.100735
 -12.506192 -12.506192 -0.000011 -12.506192
 -13.180640 -13.180640 -0.000006 -13.180640
 -1.386294 -1.386294 -1.386294 -1.386294
 -1.386294 -1.386294 -1.386294 -1.386294
 -14.266589 -14.266589 -14.266589 -0.000002
 -1.386294 -1.386294 -1.386294 -1.386294
 -1.386294 -1.386294 -1.386294 -1.386294
 -1.386294 -1.386294 -1.386294 -1.386294
 -1.386294 -1.386294 -1.386294 -1.386294
 -0.000002 -14.266589 -14.266589 -14.266589
 -0.000002 -14.266589 -14.266589 -14.266589
 -1.386294 -1.386294 -1.386294 -1.386294
 -1.386294 -1.386294 -1.386294 -1.386294
 -1.386294 -1.386294 -1.386294 -1.386294
 -14.266589 -14.266589 -0.000002 -14.266589
 -1.386294 -1.386294 -1.386294 -1.386294
 -1.386294 -1.386294 -1.386294 -1.386294
 -1.386294 -1.386294 -1.386294 -1.386294
 -1.386294 -1.386294 -1.386294 -1.386294
 -1.386294 -1.386294 -1.386294 -1.386294
 -14.266589 -14.266589 -14.266589 -0.000002
 -1.386294 -1.386294 -1.386294 -1.386294
 -1.386294 -1.386294 -1.386294 -1.386294
 -1.386294 -1.386294 -1.386294 -1.386294
 -1.386294 -1.386294 -1.386294 -1.386294
 -14.266589 -14.266589 -14.266589 -0.000002
 -1.386294 -1.386294 -1.386294 -1.386294
 -1.386294 -1.386294 -1.386294 -1.386294
 -1.386294 -1.386294 -1.386294 -1.386294
 -1.295046 -1.085955 -0.945373 -14.266589
 -0.927990 -2.151752 -1.681755 -1.196252
 -0.879252 -1.667704 -2.583980 -1.137080
 -0.892001 -1.471816 -1.277661 -2.501422
 -1.386294 -1.386294 -1.386294 -1.386294
 -0.000005 -13.369229 -13.369229 -13.369229
 -0.000010 -12.577650 -12.577650 -12.577650
 -0.000010 -12.577650 -12.577650 -12.577650
 -0.000009 -12.765699 -12.765699 -12.765699
 -0.913112 -1.688949 -1.724040 -1.445328
 -1.386294 -1.386294 -1.386294 -1.386294
 -1.386294 -1.386294 -1.386294 -1.386294
 -1.386294 -1.386294 -1.386294 -1.386294
