 -1.023234 0.000100 0.000100 0.000100
 -1.788207 0.000100 0.000100 0.000100
 -1.734364 0.000100 0.000100 0.000100
 -1.214706 0.000100 0.000100 0.000100
 -0.804024 -2.113684 -1.758650 -1.349361
 -0.723388 -1.770705 -2.025597 -1.547562
 -0.638232 -1.902510 -2.112230 -1.601405
 -1.458375 -1.874202 -1.500487 -0.939336
 -0.917172 -1.400479 -1.842311 -1.632591
 -0.703098 -1.594695 -2.417892 -1.547067
 -0.757410 -1.310410 -1.700607 -2.540354
 -1.248963 -1.205666 -1.632545 -1.522003
 -0.758530 -2.125702 -1.815548 -1.388104
 -0.498992 -2.005332 -2.286234 -1.854102
 -0.450116 -2.101516 -2.489280 -1.850202
 -1.644805 -1.397945 -1.605584 -1.024229
 -1.704009 -2.666044 -0.457070 -2.159484
 -2.000513 -2.767764 -0.308840 -2.693656
 -1.039772 -2.985674 -0.744973 -2.110211
 -3.008150 -2.890368 -0.263291 -2.067170
 -14.678402 -14.678402 -0.000001 -14.678402
 -13.687682 -13.687682 -0.000003 -13.687682
 -16.037970 -16.037970 -0.000000 -16.037970
 -14.266589 -14.266589 -0.000002 -14.266589
 -1.386294 -1.386294 -1.386294 -1.386294
 -1.386294 -1.386294 -1.386294 -1.386294
 -16.458134 -16.458134 -16.458134 -0.000000
 -1.386294 -1.386294 -1.386294 -1.386294
 -1.386294 -1.386294 -1.386294 -1.386294
 -1.386294 -1.386294 -1.386294 -1.386294
 -1.386294 -1.386294 -1.386294 -1.386294
 -16.458134 -1.990297 -16.458134 -0.146941
 -1.386294 -1.386294 -1.386294 -1.386294
 -0.000002 -14.467838 -14.467838 -14.467838
 -1.386294 -1.386294 -1.386294 -1.386294
 -0.000000 -16.311193 -16.311193 -16.311193
 -16.458134 -16.458134 -0.000000 -16.458134
 -1.386294 -1.386294 -1.386294 -1.386294
 -1.386294 -1.386294 -1.386294 -1.386294
 -1.386294 -1.386294 -1.386294 -1.386294
 -1.386294 -1.386294 -1.386294 -1.386294
 -1.386294 -1.386294 -1.386294 -1.386294
 -16.458134 -16.458134 -16.458134 -0.000000
 -1.386294 -1.386294 -1.386294 -1.386294
 -1.386294 -1.386294 -1.386294 -1.386294
 -1.386294 -1.386294 -1.386294 -1.386294
 -1.386294 -1.386294 -1.386294 -1.386294
 -16.458134 -16.458134 -16.458134 -0.000000
 -1.386294 -1.386294 -1.386294 -1.386294
 -1.386294 -1.386294 -1.386294 -1.386294
 -1.386294 -1.386294 -1.386294 -1.386294
 -0.909199 -1.571039 -0.943344 -16.458134
 -1.196931 -1.969146 -2.164206 -0.813141
 -0.880964 -2.093234 -2.418655 -0.985406
 -0.991243 -2.041768 -1.577061 -1.229275
 -1.386294 -1.386294 -1.386294 -1.386294
 -0.896290 -1.941877 -1.999864 -1.161133
 -0.935288 -1.858450 -2.181222 -1.082613
 -0.796332 -2.322385 -1.604548 -1.386294
 -1.466337 -2.079441 -2.264844 -0.615475
 -0.910150 -1.911597 -1.831555 -1.239504
 -1.045969 -2.512301 -1.888150 -0.876551
 -0.778670 -2.118441 -1.842189 -1.338285
 -1.618570 -1.891077 -2.019458 -0.657429
 -1.007178 0.000100 0.000100 0.000100
 -1.853182 0.000100 0.000100 0.000100
 -1.702269 0.000100 0.000100 0.000100
 -1.218259 0.000100 0.000100 0.000100
 -1.138222 -1.981486 -1.926678 -0.926047
 -0.865564 -1.901654 -1.709283 -1.390830
 -1.245011 -1.720434 -1.488633 -1.179628
 -1.638637 -1.602269 -1.784590 -0.829080
 -1.088974 -1.849060 -1.692714 -1.133099
 -1.060872 -1.605173 -1.717651 -1.296438
 -1.149256 -1.621860 -2.160855 -0.993252
 -1.799481 -1.754019 -1.871802 -0.677880
 -0.944089 -1.904983 -1.940701 -1.144014
 -1.244795 -1.589635 -1.807888 -1.067114
 -1.157856 -1.591893 -1.613872 -1.261652
 -1.800875 -1.677006 -1.757858 -0.743391
 -0.978222 -2.036011 -2.451525 -0.898179
 -0.904686 -1.885513 -2.181778 -1.106425
 -0.952973 -1.998094 -2.573456 -0.909956
 -1.910947 -1.780586 -2.169521 -0.563368
 -15.245823 -15.245823 -0.000001 -15.245823
 -14.562201 -14.562201 -0.000001 -14.562201
 -14.159103 -14.159103 -0.000002 -14.159103
 -15.671809 -15.671809 -0.000000 -15.671809
 -1.386294 -1.386294 -1.386294 -1.386294
 -1.386294 -1.386294 -1.386294 -1.386294
 -16.461685 -16.461685 -16.461685 -0.000000
 -1.386294 -1.386294 -1.386294 -1.386294
 -1.386294 -1.386294 -1.386294 -1.386294
 -1.386294 -1.386294 -1.386294 -1.386294
 -1.386294 -1.386294 -1.386294 -1.386294
 -16.461685 -0.575522 -16.461685 -0.826476
 -1.386294 -1.386294 -1.386294 -1.386294
 -0.000000 -15.886165 -15.886165 -15.886165
 -1.386294 -1.386294 -1.386294 -1.386294
 -0.000001 -15.635210 -15.635210 -15.635210
 -16.461685 -16.461685 -0.000000 -16.461685
 -1.386294 -1.386294 -1.386294 -1.386294
 -1.386294 -1.386294 -1.386294 -1.386294
 -1.386294 -1.386294 -1.386294 -1.386294
 -1.386294 -1.386294 -1.386294 -1.386294
 -1.386294 -1.386294 -1.386294 -1.386294
 -16.461685 -16.461685 -16.461685 -0.000000
 -1.386294 -1.386294 -1.386294 -1.386294
 -1.386294 -1.386294 -1.386294 -1.386294
 -1.386294 -1.386294 -1.386294 -1.386294
 -1.386294 -1.386294 -1.386294 -1.386294
 -16.461685 -16.461685 -16.461685 -0.000000
 -1.386294 -1.386294 -1.386294 -1.386294
 -1.386294 -1.386294 -1.386294 -1.386294
 -1.386294 -1.386294 -1.386294 -1.386294
 -1.242532 -1.277535 -0.837886 -16.461685
 -1.213023 -1.774706 -1.760317 -1.018381
 -1.106275 -1.769116 -2.003517 -1.010965
 -0.924521 -1.924822 -1.515619 -1.436725
 -1.386294 -1.386294 -1.386294 -1.386294
 -0.969401 -1.396488 -2.175156 -1.348479
 -0.950193 -1.752538 -2.197222 -1.112036
 -0.904686 -1.657255 -1.860196 -1.390193
 -1.374866 -1.564486 -1.542746 -1.126586
 -0.917316 -1.605348 -1.724407 -1.508184
 -0.676673 -1.993537 -1.878468 -1.596236
 -1.061911 -1.728389 -1.537334 -1.340624
 -1.665007 -1.290314 -1.520177 -1.149001
