 -1.086317 0.000100 0.000100 0.000100
 -1.926175 0.000100 0.000100 0.000100
 -1.669633 0.000100 0.000100 0.000100
 -1.113150 0.000100 0.000100 0.000100
 -1.025960 -1.777603 -1.653149 -1.269191
 -0.813292 -1.595386 -2.178530 -1.424761
 -0.722780 -1.741926 -2.086766 -1.535590
 -1.487479 -1.762891 -1.433412 -1.010556
 -0.928102 -1.866921 -1.725510 -1.301896
 -0.669981 -1.831604 -2.367121 -1.450833
 -0.678222 -1.424613 -1.822295 -2.405440
 -1.326506 -1.662978 -1.291415 -1.308807
 -0.886565 -1.819733 -1.662547 -1.443047
 -0.670675 -1.725801 -2.580213 -1.448815
 -0.650284 -1.828938 -2.057779 -1.661884
 -1.389266 -1.476277 -1.759639 -1.049399
 -0.834075 -2.054789 -1.662396 -1.394649
 -0.963175 -2.272506 -1.057485 -1.784154
 -0.853296 -2.922259 -1.050463 -1.769585
 -2.082154 -2.247234 -0.712300 -1.276068
 -15.428942 -15.428942 -0.000001 -15.428942
 -14.253768 -14.253768 -0.000002 -14.253768
 -15.350225 -15.350225 -0.000001 -15.350225
 -15.021482 -15.021482 -0.000001 -15.021482
 -1.386294 -1.386294 -1.386294 -1.386294
 -1.386294 -1.386294 -1.386294 -1.386294
 -16.493101 -16.493101 -16.493101 -0.000000
 -1.386294 -1.386294 -1.386294 -1.386294
 -1.386294 -1.386294 -1.386294 -1.386294
 -1.386294 -1.386294 -1.386294 -1.386294
 -1.386294 -1.386294 -1.386294 -1.386294
 -16.493101 -16.493101 -0.000000 -16.493101
 -1.386294 -1.386294 -1.386294 -1.386294
 -1.386294 -1.386294 -1.386294 -1.386294
 -0.000000 -16.493101 -16.493101 -16.493101
 -1.386294 -1.386294 -1.386294 -1.386294
 -16.493101 -16.493101 -0.000000 -16.493101
 -1.386294 -1.386294 -1.386294 -1.386294
 -1.386294 -1.386294 -1.386294 -1.386294
 -1.386294 -1.386294 -1.386294 -1.386294
 -1.386294 -1.386294 -1.386294 -1.386294
 -1.386294 -1.386294 -1.386294 -1.386294
 -16.493101 -16.493101 -16.493101 -0.000000
 -1.386294 -1.386294 -1.386294 -1.386294
 -1.386294 -1.386294 -1.386294 -1.386294
 -1.386294 -1.386294 -1.386294 -1.386294
 -1.386294 -1.386294 -1.386294 -1.386294
 -16.493101 -16.493101 -16.493101 -0.000000
 -1.386294 -1.386294 -1.386294 -1.386294
 -1.386294 -1.386294 -1.386294 -1.386294
 -1.386294 -1.386294 -1.386294 -1.386294
 -16.493101 -16.493101 -0.000000 -16.493101
 -1.386294 -1.386294 -1.386294 -1.386294
 -1.386294 -1.386294 -1.386294 -1.386294
 -0.947707 -2.176816 -1.552661 -1.247280
 -1.386294 -1.386294 -1.386294 -1.386294
 -0.793791 -2.364761 -2.160666 -1.082781
 -0.995072 -1.704747 -2.215571 -1.080594
 -0.870288 -2.041219 -1.439640 -1.540445
 -1.581134 -2.206839 -1.992429 -0.601760
 -0.876600 -2.323517 -1.689794 -1.199588
 -1.104548 -2.134164 -1.762602 -0.971016
 -0.906946 -1.672412 -1.647720 -1.532650
 -1.541676 -2.046770 -1.900816 -0.678495
 -1.215534 0.000100 0.000100 0.000100
 -1.718636 0.000100 0.000100 0.000100
 -1.365816 0.000100 0.000100 0.000100
 -1.313172 0.000100 0.000100 0.000100
 -1.122145 -2.151752 -1.363305 -1.196252
 -1.178658 -2.564915 -1.466336 -0.955517
 -0.971864 -3.610829 -1.045972 -1.413693
 -1.360977 -1.717647 -1.466336 -1.098615
 -0.938273 -2.036874 -2.442331 -0.938273
 -1.098619 -1.609431 -1.098619 -2.014880
 -0.773195 -2.277252 -1.466336 -1.584118
 -1.609436 -0.973452 -2.708026 -1.034076
 -0.967587 -2.120255 -1.832577 -1.078812
 -1.003306 -1.098616 -1.791753 -2.014891
 -0.965087 -1.435084 -2.351344 -1.252765
 -2.397879 -1.704745 -1.586963 -0.648700
 -0.693152 -1.945903 -2.639033 -1.252764
 -1.287856 -1.287856 -1.980990 -1.170074
 -1.098616 -1.386294 -1.791751 -1.386294
 -1.139436 -1.714795 -1.832577 -1.078812
 -13.180640 -13.180640 -0.000006 -13.180640
 -12.577650 -12.577650 -0.000010 -12.577650
 -12.154800 -12.154800 -0.000016 -12.154800
 -12.994539 -12.994539 -0.000007 -12.994539
 -1.386294 -1.386294 -1.386294 -1.386294
 -1.386294 -1.386294 -1.386294 -1.386294
 -14.187077 -14.187077 -14.187077 -0.000002
 -1.386294 -1.386294 -1.386294 -1.386294
 -1.386294 -1.386294 -1.386294 -1.386294
 -1.386294 -1.386294 -1.386294 -1.386294
 -1.386294 -1.386294 -1.386294 -1.386294
 -14.187077 -14.187077 -0.000002 -14.187077
 -1.386294 -1.386294 -1.386294 -1.386294
 -1.386294 -1.386294 -1.386294 -1.386294
 -0.000002 -14.187077 -14.187077 -14.187077
 -1.386294 -1.386294 -1.386294 -1.386294
 -14.187077 -14.187077 -0.000002 -14.187077
 -1.386294 -1.386294 -1.386294 -1.386294
 -1.386294 -1.386294 -1.386294 -1.386294
 -1.386294 -1.386294 -1.386294 -1.386294
 -1.386294 -1.386294 -1.386294 -1.386294
 -1.386294 -1.386294 -1.386294 -1.386294
 -14.187077 -14.187077 -14.187077 -0.000002
 -1.386294 -1.386294 -1.386294 -1.386294
 -1.386294 -1.386294 -1.386294 -1.386294
 -1.386294 -1.386294 -1.386294 -1.386294
 -1.386294 -1.386294 -1.386294 -1.386294
 -14.187077 -14.187077 -14.187077 -0.000002
 -1.386294 -1.386294 -1.386294 -1.386294
 -1.386294 -1.386294 -1.386294 -1.386294
 -1.386294 -1.386294 -1.386294 -1.386294
 -14.187077 -14.187077 -0.000002 -14.187077
 -1.386294 -1.386294 -1.386294 -1.386294
 -1.386294 -1.386294 -1.386294 -1.386294
 -1.450373 -2.086359 -1.006443 -1.287855
 -1.386294 -1.386294 -1.386294 -1.386294
 -1.041457 -2.140053 -1.446918 -1.223777
 -1.791748 -1.504075 -1.791748 -0.810940
 -1.572395 -1.773064 -1.331235 -1.025855
 -12.899230 -1.609435 -1.491654 -0.553391
 -0.860208 -2.564915 -1.060876 -1.871793
 -0.916297 -1.609434 -2.120246 -1.272967
 -1.580448 -1.446918 -1.128468 -1.446918
 -1.696447 -2.014897 -1.321756 -0.875471
