 -1.138109 0.000100 0.000100 0.000100
 -1.928555 0.000100 0.000100 0.000100
 -1.652805 0.000100 0.000100 0.000100
 -1.070884 0.000100 0.000100 0.000100
 -0.956837 -1.972757 -1.730745 -1.205077
 -0.745594 -2.029608 -1.949565 -1.379022
 -0.684872 -1.612211 -1.997057 -1.828434
 -1.618769 -1.770319 -1.440361 -0.929536
 -0.961182 -1.765326 -1.846819 -1.242400
 -0.740614 -1.818606 -2.099508 -1.433761
 -0.752337 -1.457753 -1.826850 -2.002054
 -1.406026 -1.632799 -1.329333 -1.221292
 -0.783916 -2.136516 -1.751336 -1.379207
 -0.724624 -1.980296 -2.134447 -1.350329
 -0.746257 -1.725067 -1.960381 -1.575536
 -1.536971 -1.444313 -1.777251 -0.967694
 -0.898061 -2.265185 -1.403525 -1.414278
 -0.931058 -2.548791 -1.035500 -1.756555
 -0.778306 -1.899389 -1.393120 -1.945909
 -1.915775 -2.116446 -0.791522 -1.275975
 -15.676486 -15.676486 -0.000000 -15.676486
 -14.557449 -14.557449 -0.000001 -14.557449
 -15.617221 -15.617221 -0.000001 -15.617221
 -15.264781 -15.264781 -0.000001 -15.264781
 -1.386294 -1.386294 -1.386294 -1.386294
 -1.386294 -1.386294 -1.386294 -1.386294
 -16.752024 -16.752024 -16.752024 -0.000000
 -1.386294 -1.386294 -1.386294 -1.386294
 -1.386294 -1.386294 -1.386294 -1.386294
 -1.386294 -1.386294 -1.386294 -1.386294
 -1.386294 -1.386294 -1.386294 -1.386294
 -16.752024 -16.752024 -0.000000 -16.752024
 -1.386294 -1.386294 -1.386294 -1.386294
 -1.386294 -1.386294 -1.386294 -1.386294
 -0.000000 -16.752024 -16.752024 -16.752024
 -1.386294 -1.386294 -1.386294 -1.386294
 -16.752024 -16.752024 -0.000000 -16.752024
 -1.386294 -1.386294 -1.386294 -1.386294
 -1.386294 -1.386294 -1.386294 -1.386294
 -1.386294 -1.386294 -1.386294 -1.386294
 -1.386294 -1.386294 -1.386294 -1.386294
 -1.386294 -1.386294 -1.386294 -1.386294
 -16.752024 -16.752024 -16.752024 -0.000000
 -1.386294 -1.386294 -1.386294 -1.386294
 -1.386294 -1.386294 -1.386294 -1.386294
 -1.386294 -1.386294 -1.386294 -1.386294
 -1.386294 -1.386294 -1.386294 -1.386294
 -16.752024 -16.752024 -16.752024 -0.000000
 -1.386294 -1.386294 -1.386294 -1.386294
 -1.386294 -1.386294 -1.386294 -1.386294
 -1.386294 -1.386294 -1.386294 -1.386294
 -0.468414 -0.983485 -16.752024 -16.752024
 -1.127849 -1.955276 -2.153288 -0.870734
 -0.916291 -2.240709 -2.463852 -0.895238
 -1.386294 -1.386294 -1.386294 -1.386294
 -1.386294 -1.386294 -1.386294 -1.386294
 -0.867071 -2.116255 -2.116255 -1.082182
 -1.094489 -1.905418 -2.493202 -0.834978
 -0.888755 -1.727855 -1.727855 -1.454562
 -1.491371 -1.925656 -2.097506 -0.680441
 -0.919538 -1.982217 -1.742737 -1.243086
 -1.057942 -2.113992 -1.996210 -0.925770
 -0.888542 -1.916056 -1.472126 -1.550597
 -1.573811 -2.064017 -1.758635 -0.706185
 -1.296298 0.000100 0.000100 0.000100
 -1.743609 0.000100 0.000100 0.000100
 -1.455928 0.000100 0.000100 0.000100
 -1.144492 0.000100 0.000100 0.000100
 -1.545923 -1.471816 -1.402824 -1.166436
 -1.024507 -2.054114 -1.466336 -1.265668
 -1.243195 -1.553347 -1.386294 -1.386294
 -1.554629 -1.960090 -1.864781 -0.707335
 -0.865000 -2.251282 -1.963604 -1.098614
 -1.491654 -1.290985 -2.590244 -0.855670
 -0.926765 -1.925285 -1.791755 -1.232145
 -1.648657 -1.648657 -2.159478 -0.693150
 -1.069200 -1.719784 -1.806794 -1.160171
 -1.360977 -2.564926 -1.717647 -0.719128
 -1.029624 -1.722761 -2.639022 -0.934314
 -1.923684 -0.992130 -2.090736 -1.022902
 -0.847301 -1.945905 -1.722764 -1.386294
 -0.974562 -2.178523 -1.890845 -1.025855
 -1.236764 -1.642224 -1.824542 -1.036096
 -1.779781 -1.585626 -1.646250 -0.835324
 -13.415039 -13.415039 -0.000004 -13.415039
 -12.821269 -12.821269 -0.000008 -12.821269
 -12.873912 -12.873912 -0.000008 -12.873912
 -13.592372 -13.592372 -0.000004 -13.592372
 -1.386294 -1.386294 -1.386294 -1.386294
 -1.386294 -1.386294 -1.386294 -1.386294
 -14.617514 -14.617514 -14.617514 -0.000001
 -1.386294 -1.386294 -1.386294 -1.386294
 -1.386294 -1.386294 -1.386294 -1.386294
 -1.386294 -1.386294 -1.386294 -1.386294
 -1.386294 -1.386294 -1.386294 -1.386294
 -14.617514 -14.617514 -0.000001 -14.617514
 -1.386294 -1.386294 -1.386294 -1.386294
 -1.386294 -1.386294 -1.386294 -1.386294
 -0.000001 -14.617514 -14.617514 -14.617514
 -1.386294 -1.386294 -1.386294 -1.386294
 -14.617514 -14.617514 -0.000001 -14.617514
 -1.386294 -1.386294 -1.386294 -1.386294
 -1.386294 -1.386294 -1.386294 -1.386294
 -1.386294 -1.386294 -1.386294 -1.386294
 -1.386294 -1.386294 -1.386294 -1.386294
 -1.386294 -1.386294 -1.386294 -1.386294
 -14.617514 -14.617514 -14.617514 -0.000001
 -1.386294 -1.386294 -1.386294 -1.386294
 -1.386294 -1.386294 -1.386294 -1.386294
 -1.386294 -1.386294 -1.386294 -1.386294
 -1.386294 -1.386294 -1.386294 -1.386294
 -14.617514 -14.617514 -14.617514 -0.000001
 -1.386294 -1.386294 -1.386294 -1.386294
 -1.386294 -1.386294 -1.386294 -1.386294
 -1.386294 -1.386294 -1.386294 -1.386294
 -0.863878 -0.547360 -14.617514 -14.617514
 -1.077560 -1.978342 -1.904235 -0.987948
 -0.816762 -1.681758 -1.915371 -1.492516
 -1.386294 -1.386294 -1.386294 -1.386294
 -1.386294 -1.386294 -1.386294 -1.386294
 -0.851052 -1.923684 -1.923684 -1.269761
 -0.838334 -2.001471 -2.001471 -1.213024
 -0.857455 -1.887062 -1.550595 -1.550595
 -1.268512 -1.961654 -1.856294 -0.863049
 -0.988613 -1.889395 -1.746295 -1.196252
 -0.826684 -2.079429 -1.673972 -1.386294
 -0.916295 -1.763583 -1.475905 -1.609435
 -1.540444 -1.683544 -1.763586 -0.847300
