 -1.084461 0.000100 0.000100 0.000100
 -1.818235 0.000100 0.000100 0.000100
 -1.644077 0.000100 0.000100 0.000100
 -1.182820 0.000100 0.000100 0.000100
 -0.981610 -1.739295 -1.808288 -1.252763
 -0.834374 -1.921811 -1.955713 -1.279959
 -0.709677 -1.808288 -2.452643 -1.354034
 -1.654359 -1.738917 -1.614619 -0.834461
 -0.946076 -1.724121 -1.674729 -1.402222
 -0.817998 -1.723705 -1.993995 -1.410048
 -0.761416 -1.412003 -1.849215 -2.025105
 -1.306627 -1.483558 -1.472862 -1.297658
 -0.952106 -1.628814 -1.731762 -1.423215
 -0.724647 -1.563975 -2.026598 -1.746296
 -0.843088 -1.373716 -2.290004 -1.536234
 -1.730151 -1.622906 -1.423777 -0.955512
 -1.122763 -2.201571 -1.345906 -1.191756
 -1.025853 -2.178531 -1.210282 -1.468856
 -0.906946 -2.065454 -1.335941 -1.577102
 -2.067170 -2.284234 -0.756864 -1.195776
 -15.129235 -15.129235 -0.000001 -15.129235
 -14.159103 -14.159103 -0.000002 -14.159103
 -15.219154 -15.219154 -0.000001 -15.219154
 -15.048072 -15.048072 -0.000001 -15.048072
 -1.386294 -1.386294 -1.386294 -1.386294
 -1.386294 -1.386294 -1.386294 -1.386294
 -16.351585 -16.351585 -16.351585 -0.000000
 -1.386294 -1.386294 -1.386294 -1.386294
 -1.386294 -1.386294 -1.386294 -1.386294
 -1.386294 -1.386294 -1.386294 -1.386294
 -1.386294 -1.386294 -1.386294 -1.386294
 -0.000000 -16.351585 -16.351585 -16.351585
 -0.000000 -16.351585 -16.351585 -16.351585
 -1.386294 -1.386294 -1.386294 -1.386294
 -1.386294 -1.386294 -1.386294 -1.386294
 -1.386294 -1.386294 -1.386294 -1.386294
 -16.351585 -16.351585 -0.000000 -16.351585
 -1.386294 -1.386294 -1.386294 -1.386294
 -1.386294 -1.386294 -1.386294 -1.386294
 -1.386294 -1.386294 -1.386294 -1.386294
 -1.386294 -1.386294 -1.386294 -1.386294
 -1.386294 -1.386294 -1.386294 -1.386294
 -16.351585 -16.351585 -16.351585 -0.000000
 -1.386294 -1.386294 -1.386294 -1.386294
 -1.386294 -1.386294 -1.386294 -1.386294
 -1.386294 -1.386294 -1.386294 -1.386294
 -1.386294 -1.386294 -1.386294 -1.386294
 -0.778217 -1.611816 -1.075137 -16.351585
 -1.300433 -2.235893 -2.252153 -0.662585
 -1.075082 -2.533693 -1.865866 -0.856601
 -1.270318 -2.259444 -1.861415 -0.777842
 -1.386294 -1.386294 -1.386294 -1.386294
 -15.110239 -15.110239 -15.110239 -0.000001
 -14.054530 -14.054530 -14.054530 -0.000002
 -14.328337 -14.328337 -14.328337 -0.000002
 -15.613915 -15.613915 -15.613915 -0.000001
 -1.386294 -1.386294 -1.386294 -1.386294
 -1.386294 -1.386294 -1.386294 -1.386294
 -1.386294 -1.386294 -1.386294 -1.386294
 -16.351585 -16.351585 -16.351585 -0.000000
 -1.386294 -1.386294 -1.386294 -1.386294
 -1.386294 -1.386294 -1.386294 -1.386294
 -1.386294 -1.386294 -1.386294 -1.386294
 -1.603911 -1.878555 -2.017281 -0.667355
 -1.262242 0.000100 0.000100 0.000100
 -1.773066 0.000100 0.000100 0.000100
 -1.890848 0.000100 0.000100 0.000100
 -0.925771 0.000100 0.000100 0.000100
 -0.916296 -2.708014 -1.321757 -1.321757
 -1.791748 -1.280936 -1.791748 -0.944470
 -0.980838 -2.079417 -1.386294 -1.386294
 -1.339775 -2.128221 -1.339775 -1.029622
 -0.980833 -1.519824 -2.367103 -1.163153
 -1.029628 -1.945889 -1.540440 -1.252766
 -1.466336 -1.466336 -1.871793 -0.955517
 -1.580448 -1.734596 -1.446918 -0.961415
 -1.609435 -1.203975 -2.302565 -0.916296
 -1.658222 -1.098617 -1.945896 -1.098617
 -0.693158 -2.890294 -2.890294 -0.944470
 -1.413693 -1.045972 -2.001471 -1.308334
 -0.847304 -3.332119 -1.722761 -1.029624
 -1.003306 -2.708014 -1.791753 -0.916296
 -0.693164 -2.484840 -1.791743 -1.386294
 -1.974072 -1.386294 -2.197211 -0.693153
 -12.736712 -12.736712 -0.000009 -12.736712
 -11.775321 -11.775321 -0.000023 -11.775321
 -11.982954 -11.982954 -0.000019 -11.982954
 -12.971550 -12.971550 -0.000007 -12.971550
 -1.386294 -1.386294 -1.386294 -1.386294
 -1.386294 -1.386294 -1.386294 -1.386294
 -13.873783 -13.873783 -13.873783 -0.000003
 -1.386294 -1.386294 -1.386294 -1.386294
 -1.386294 -1.386294 -1.386294 -1.386294
 -1.386294 -1.386294 -1.386294 -1.386294
 -1.386294 -1.386294 -1.386294 -1.386294
 -0.000003 -13.873783 -13.873783 -13.873783
 -0.000003 -13.873783 -13.873783 -13.873783
 -1.386294 -1.386294 -1.386294 -1.386294
 -1.386294 -1.386294 -1.386294 -1.386294
 -1.386294 -1.386294 -1.386294 -1.386294
 -13.873783 -13.873783 -0.000003 -13.873783
 -1.386294 -1.386294 -1.386294 -1.386294
 -1.386294 -1.386294 -1.386294 -1.386294
 -1.386294 -1.386294 -1.386294 -1.386294
 -1.386294 -1.386294 -1.386294 -1.386294
 -1.386294 -1.386294 -1.386294 -1.386294
 -13.873783 -13.873783 -13.873783 -0.000003
 -1.386294 -1.386294 -1.386294 -1.386294
 -1.386294 -1.386294 -1.386294 -1.386294
 -1.386294 -1.386294 -1.386294 -1.386294
 -1.386294 -1.386294 -1.386294 -1.386294
 -0.751418 -1.618916 -1.108092 -13.873783
 -1.427116 -2.525712 -1.832577 -0.653931
 -1.252765 -1.435084 -1.098617 -1.945896
 -0.990402 -12.765700 -1.945902 -0.722140
 -1.386294 -1.386294 -1.386294 -1.386294
 -12.644341 -12.644341 -12.644341 -0.000010
 -11.407610 -11.407610 -11.407610 -0.000033
 -12.206093 -12.206093 -12.206093 -0.000015
 -13.038991 -13.038991 -13.038991 -0.000007
 -1.386294 -1.386294 -1.386294 -1.386294
 -1.386294 -1.386294 -1.386294 -1.386294
 -1.386294 -1.386294 -1.386294 -1.386294
 -13.873783 -13.873783 -13.873783 -0.000003
 -1.386294 -1.386294 -1.386294 -1.386294
 -1.386294 -1.386294 -1.386294 -1.386294
 -1.386294 -1.386294 -1.386294 -1.386294
 -1.485385 -1.667706 -2.098486 -0.771621
