 -1.125941 0.000100 0.000100 0.000100
 -1.832160 0.000100 0.000100 0.000100
 -1.636767 0.000100 0.000100 0.000100
 -1.136385 0.000100 0.000100 0.000100
 -0.909819 -1.927891 -1.794360 -1.252763
 -0.864998 -1.691675 -2.068968 -1.315199
 -0.817446 -1.571216 -1.804831 -1.681217
 -1.523959 -1.848454 -1.269971 -1.067602
 -1.003302 -1.820746 -1.791759 -1.188225
 -0.718595 -1.892106 -2.157808 -1.401484
 -0.714841 -1.559218 -1.867518 -1.924677
 -1.359783 -1.753687 -1.314321 -1.199010
 -0.907461 -1.834801 -1.634130 -1.420119
 -0.738043 -1.561810 -2.432635 -1.494368
 -0.783902 -1.560430 -2.393336 -1.418780
 -1.568616 -1.494508 -1.553348 -1.033473
 -1.080795 -2.109089 -1.415943 -1.215273
 -1.165752 -2.306921 -0.942609 -1.613776
 -1.098613 -2.424278 -1.023389 -1.519825
 -2.363992 -2.268682 -0.677595 -1.221897
 -14.969243 -14.969243 -0.000001 -14.969243
 -14.054530 -14.054530 -0.000002 -14.054530
 -15.271798 -15.271798 -0.000001 -15.271798
 -14.959735 -14.959735 -0.000001 -14.959735
 -1.386294 -1.386294 -1.386294 -1.386294
 -1.386294 -1.386294 -1.386294 -1.386294
 -16.289526 -16.289526 -16.289526 -0.000000
 -1.386294 -1.386294 -1.386294 -1.386294
 -1.386294 -1.386294 -1.386294 -1.386294
 -1.386294 -1.386294 -1.386294 -1.386294
 -1.386294 -1.386294 -1.386294 -1.386294
 -0.000000 -16.289526 -16.289526 -16.289526
 -0.000000 -16.289526 -16.289526 -16.289526
 -1.386294 -1.386294 -1.386294 -1.386294
 -1.386294 -1.386294 -1.386294 -1.386294
 -1.386294 -1.386294 -1.386294 -1.386294
 -16.289526 -16.289526 -0.000000 -16.289526
 -1.386294 -1.386294 -1.386294 -1.386294
 -1.386294 -1.386294 -1.386294 -1.386294
 -1.386294 -1.386294 -1.386294 -1.386294
 -1.386294 -1.386294 -1.386294 -1.386294
 -1.386294 -1.386294 -1.386294 -1.386294
 -16.289526 -16.289526 -16.289526 -0.000000
 -1.386294 -1.386294 -1.386294 -1.386294
 -1.386294 -1.386294 -1.386294 -1.386294
 -1.386294 -1.386294 -1.386294 -1.386294
 -1.386294 -1.386294 -1.386294 -1.386294
 -0.956692 -1.332981 -1.043703 -16.289526
 -1.098613 -1.753044 -1.832033 -1.098613
 -0.855855 -2.527325 -1.794959 -1.111474
 -0.935615 -2.084237 -1.758815 -1.167947
 -1.386294 -1.386294 -1.386294 -1.386294
 -0.468669 -1.278709 -2.345821 -15.317364
 -0.424885 -1.360977 -2.410794 -14.260199
 -0.610376 -1.371181 -1.594324 -14.493546
 -0.706220 -1.141059 -1.676577 -15.163585
 -15.732434 -15.732434 -15.732434 -0.000000
 -15.033387 -15.033387 -15.033387 -0.000001
 -14.340241 -14.340241 -14.340241 -0.000002
 -1.386294 -1.386294 -1.386294 -1.386294
 -1.386294 -1.386294 -1.386294 -1.386294
 -1.386294 -1.386294 -1.386294 -1.386294
 -1.386294 -1.386294 -1.386294 -1.386294
 -1.405861 -1.826911 -1.858828 -0.825356
 -1.196251 0.000100 0.000100 0.000100
 -1.733051 0.000100 0.000100 0.000100
 -1.657065 0.000100 0.000100 0.000100
 -1.107959 0.000100 0.000100 0.000100
 -0.842185 -3.075748 -1.401798 -1.284016
 -0.998532 -1.558143 -2.028139 -1.239692
 -1.315677 -1.767657 -1.315677 -1.228667
 -1.266948 -1.777771 -1.490090 -1.127187
 -1.032364 -1.651400 -1.805550 -1.245938
 -1.321757 -2.014891 -2.302565 -0.693154
 -1.098614 -2.484890 -1.791755 -0.875472
 -1.593932 -1.673974 -1.961654 -0.757689
 -1.098614 -1.578184 -2.063687 -1.098614
 -0.961415 -1.580448 -1.916914 -1.329137
 -1.519824 -1.856290 -1.856290 -0.757692
 -1.087053 -1.815287 -2.151757 -0.957841
 -0.559619 -2.456725 -2.302577 -1.415282
 -1.178657 -1.871796 -2.564926 -0.773195
 -1.029624 -1.386294 -2.233573 -1.252765
 -1.412270 -2.277260 -1.958809 -0.667832
 -13.604795 -13.604795 -0.000004 -13.604795
 -12.506192 -12.506192 -0.000011 -12.506192
 -12.388411 -12.388411 -0.000012 -12.388411
 -13.629186 -13.629186 -0.000004 -13.629186
 -1.386294 -1.386294 -1.386294 -1.386294
 -1.386294 -1.386294 -1.386294 -1.386294
 -14.580980 -14.580980 -14.580980 -0.000001
 -1.386294 -1.386294 -1.386294 -1.386294
 -1.386294 -1.386294 -1.386294 -1.386294
 -1.386294 -1.386294 -1.386294 -1.386294
 -1.386294 -1.386294 -1.386294 -1.386294
 -0.000001 -14.580980 -14.580980 -14.580980
 -0.000001 -14.580980 -14.580980 -14.580980
 -1.386294 -1.386294 -1.386294 -1.386294
 -1.386294 -1.386294 -1.386294 -1.386294
 -1.386294 -1.386294 -1.386294 -1.386294
 -14.580980 -14.580980 -0.000001 -14.580980
 -1.386294 -1.386294 -1.386294 -1.386294
 -1.386294 -1.386294 -1.386294 -1.386294
 -1.386294 -1.386294 -1.386294 -1.386294
 -1.386294 -1.386294 -1.386294 -1.386294
 -1.386294 -1.386294 -1.386294 -1.386294
 -14.580980 -14.580980 -14.580980 -0.000001
 -1.386294 -1.386294 -1.386294 -1.386294
 -1.386294 -1.386294 -1.386294 -1.386294
 -1.386294 -1.386294 -1.386294 -1.386294
 -1.386294 -1.386294 -1.386294 -1.386294
 -0.726248 -1.478818 -1.243504 -14.580980
 -0.906723 -1.936338 -1.871800 -1.210404
 -0.896091 -1.694593 -2.505509 -1.119233
 -1.236763 -1.729236 -1.729236 -1.036094
 -1.386294 -1.386294 -1.386294 -1.386294
 -0.916293 -1.548812 -0.948041 -13.592372
 -0.559622 -1.475905 -1.609435 -12.765699
 -1.036096 -1.131405 -1.131405 -12.644341
 -0.768373 -1.595048 -1.098614 -13.444452
 -13.764221 -13.764221 -13.764221 -0.000003
 -13.102169 -13.102169 -13.102169 -0.000006
 -13.473026 -13.473026 -13.473026 -0.000004
 -1.386294 -1.386294 -1.386294 -1.386294
 -1.386294 -1.386294 -1.386294 -1.386294
 -1.386294 -1.386294 -1.386294 -1.386294
 -1.386294 -1.386294 -1.386294 -1.386294
 -1.276294 -1.787118 -1.563975 -1.066573
