 -1.011865 0.000100 0.000100 0.000100
 -1.871802 0.000100 0.000100 0.000100
 -1.668023 0.000100 0.000100 0.000100
 -1.224197 0.000100 0.000100 0.000100
 -1.089954 -1.553085 -1.818192 -1.238374
 -0.589159 -2.211015 -2.344545 -1.428258
 -0.744736 -1.549799 -2.297011 -1.549799
 -1.642227 -1.411704 -1.760010 -0.939864
 -0.911837 -1.774059 -1.706237 -1.398270
 -0.818653 -1.662081 -1.905702 -1.511799
 -0.693149 -1.545359 -1.616817 -2.427743
 -1.311174 -1.634573 -1.531033 -1.142098
 -1.009549 -1.609438 -1.839454 -1.284777
 -0.638490 -2.003728 -1.923685 -1.655422
 -0.739133 -1.570865 -2.409191 -1.492904
 -1.622683 -1.517322 -1.622683 -0.952009
 -1.214297 -1.985915 -1.141538 -1.400399
 -1.551374 -2.270494 -0.845489 -1.364788
 -1.170072 -1.798679 -1.287855 -1.393215
 -1.908591 -2.276315 -0.890023 -1.083518
 -14.644064 -14.644064 -0.000001 -14.644064
 -13.989468 -13.989468 -0.000003 -13.989468
 -15.042224 -15.042224 -0.000001 -15.042224
 -14.771024 -14.771024 -0.000001 -14.771024
 -1.386294 -1.386294 -1.386294 -1.386294
 -1.386294 -1.386294 -1.386294 -1.386294
 -16.065750 -16.065750 -16.065750 -0.000000
 -1.386294 -1.386294 -1.386294 -1.386294
 -1.386294 -1.386294 -1.386294 -1.386294
 -1.386294 -1.386294 -1.386294 -1.386294
 -1.386294 -1.386294 -1.386294 -1.386294
 -0.000000 -16.065750 -16.065750 -16.065750
 -0.000000 -16.065750 -16.065750 -16.065750
 -1.386294 -1.386294 -1.386294 -1.386294
 -1.386294 -1.386294 -1.386294 -1.386294
 -1.386294 -1.386294 -1.386294 -1.386294
 -16.065750 -16.065750 -0.000000 -16.065750
 -1.386294 -1.386294 -1.386294 -1.386294
 -1.386294 -1.386294 -1.386294 -1.386294
 -1.386294 -1.386294 -1.386294 -1.386294
 -1.386294 -1.386294 -1.386294 -1.386294
 -1.386294 -1.386294 -1.386294 -1.386294
 -16.065750 -16.065750 -16.065750 -0.000000
 -1.386294 -1.386294 -1.386294 -1.386294
 -1.386294 -1.386294 -1.386294 -1.386294
 -1.386294 -1.386294 -1.386294 -1.386294
 -1.386294 -1.386294 -1.386294 -1.386294
 -0.963765 -1.421687 -0.974876 -16.065750
 -1.055363 -1.959818 -2.020442 -0.971664
 -1.039273 -2.137883 -1.967985 -0.945086
 -1.126943 -1.603867 -1.968509 -1.093042
 -1.386294 -1.386294 -1.386294 -1.386294
 -0.800919 -1.949010 -2.016451 -1.289016
 -1.272966 -1.714797 -1.832580 -0.967585
 -1.284016 -1.648658 -1.571697 -1.129866
 -1.392092 -2.062248 -1.839105 -0.765035
 -14.943683 -0.000001 -14.943683 -14.943683
 -14.166170 -0.000002 -14.166170 -14.166170
 -14.214290 -0.000002 -14.214290 -14.214290
 -15.065413 -0.000001 -15.065413 -15.065413
 -1.386294 -1.386294 -1.386294 -1.386294
 -0.988941 -1.950134 -2.043224 -1.032363
 -1.386294 -1.386294 -1.386294 -1.386294
 -1.386294 -1.386294 -1.386294 -1.386294
 -1.145791 0.000100 0.000100 0.000100
 -2.161019 0.000100 0.000100 0.000100
 -1.508696 0.000100 0.000100 0.000100
 -1.062410 0.000100 0.000100 0.000100
 -0.832912 -2.036876 -2.036876 -1.189585
 -1.272967 -1.139438 -1.832572 -1.427116
 -0.980832 -1.791755 -1.386294 -1.568614
 -1.484274 -1.919589 -1.484274 -0.916293
 -0.875471 -1.974077 -1.878767 -1.232144
 -1.386294 -1.637606 -1.637606 -1.018573
 -1.791755 -1.791755 -1.435084 -0.847302
 -1.432104 -1.719784 -1.565634 -0.985819
 -0.759842 -1.562184 -1.929905 -1.729236
 -1.504076 -1.280935 -1.791754 -1.098615
 -1.339775 -1.658225 -1.540443 -1.098615
 -1.208312 -1.945906 -2.264357 -0.788460
 -1.084628 -2.065450 -1.777771 -1.004585
 -0.904460 -2.351360 -1.791755 -1.098615
 -0.900791 -1.673972 -1.856290 -1.386294
 -1.974077 -2.197217 -1.568615 -0.613107
 -13.369229 -13.369229 -0.000005 -13.369229
 -12.506192 -12.506192 -0.000011 -12.506192
 -12.873912 -12.873912 -0.000008 -12.873912
 -13.676253 -13.676253 -0.000003 -13.676253
 -1.386294 -1.386294 -1.386294 -1.386294
 -1.386294 -1.386294 -1.386294 -1.386294
 -14.590240 -14.590240 -14.590240 -0.000001
 -1.386294 -1.386294 -1.386294 -1.386294
 -1.386294 -1.386294 -1.386294 -1.386294
 -1.386294 -1.386294 -1.386294 -1.386294
 -1.386294 -1.386294 -1.386294 -1.386294
 -0.000001 -14.590240 -14.590240 -14.590240
 -0.000001 -14.590240 -14.590240 -14.590240
 -1.386294 -1.386294 -1.386294 -1.386294
 -1.386294 -1.386294 -1.386294 -1.386294
 -1.386294 -1.386294 -1.386294 -1.386294
 -14.590240 -14.590240 -0.000001 -14.590240
 -1.386294 -1.386294 -1.386294 -1.386294
 -1.386294 -1.386294 -1.386294 -1.386294
 -1.386294 -1.386294 -1.386294 -1.386294
 -1.386294 -1.386294 -1.386294 -1.386294
 -1.386294 -1.386294 -1.386294 -1.386294
 -14.590240 -14.590240 -14.590240 -0.000001
 -1.386294 -1.386294 -1.386294 -1.386294
 -1.386294 -1.386294 -1.386294 -1.386294
 -1.386294 -1.386294 -1.386294 -1.386294
 -1.386294 -1.386294 -1.386294 -1.386294
 -0.774728 -1.409606 -1.221015 -14.590240
 -1.469676 -1.660730 -1.078811 -1.427116
 -1.197704 -2.360842 -1.773064 -0.834801
 -1.268512 -1.214445 -1.450832 -1.673974
 -1.386294 -1.386294 -1.386294 -1.386294
 -0.824178 -2.433600 -1.403994 -1.478101
 -1.276294 -1.681755 -1.122145 -1.563974
 -1.287855 -1.980996 -0.882392 -1.757855
 -1.304949 -1.880309 -1.880309 -0.858664
 -13.444452 -0.000004 -13.444452 -13.444452
 -12.611551 -0.000010 -12.611551 -12.611551
 -13.321220 -0.000005 -13.321220 -13.321220
 -13.253399 -0.000005 -13.253399 -13.253399
 -1.386294 -1.386294 -1.386294 -1.386294
 -1.075833 -1.448072 -1.883389 -1.302360
 -1.386294 -1.386294 -1.386294 -1.386294
 -1.386294 -1.386294 -1.386294 -1.386294
