 -1.036332 0.000100 0.000100 0.000100
 -1.752065 0.000100 0.000100 0.000100
 -1.747001 0.000100 0.000100 0.000100
 -1.212223 0.000100 0.000100 0.000100
 -1.036092 -1.855801 -1.855801 -1.101097
 -0.828857 -1.699684 -2.025105 -1.391383
 -0.766479 -1.527067 -2.197222 -1.574695
 -1.466337 -1.588939 -1.518981 -1.060872
 -1.061708 -1.558144 -1.658228 -1.373841
 -0.660511 -1.917870 -2.356123 -1.420032
 -0.971861 -1.288530 -1.665007 -1.853059
 -1.401066 -1.642227 -1.310094 -1.236763
 -0.869998 -1.637252 -1.866826 -1.461362
 -0.684564 -1.757857 -2.311240 -1.495493
 -0.619681 -2.074965 -1.910663 -1.669502
 -1.722766 -1.445135 -1.664497 -0.925260
 -1.171538 -2.094945 -1.358123 -1.171538
 -1.485385 -1.667706 -1.108091 -1.367602
 -1.014530 -2.656751 -1.190420 -1.335001
 -2.231356 -2.141744 -0.634499 -1.406634
 -14.855788 -14.855788 -0.000001 -14.855788
 -14.173188 -14.173188 -0.000002 -14.173188
 -15.194278 -15.194278 -0.000001 -15.194278
 -14.956545 -14.956545 -0.000001 -14.956545
 -1.386294 -1.386294 -1.386294 -1.386294
 -1.386294 -1.386294 -1.386294 -1.386294
 -16.245609 -16.245609 -16.245609 -0.000000
 -1.386294 -1.386294 -1.386294 -1.386294
 -1.386294 -1.386294 -1.386294 -1.386294
 -1.386294 -1.386294 -1.386294 -1.386294
 -1.386294 -1.386294 -1.386294 -1.386294
 -0.000000 -16.245609 -16.245609 -16.245609
 -0.000000 -16.245609 -16.245609 -16.245609
 -1.386294 -1.386294 -1.386294 -1.386294
 -1.386294 -1.386294 -1.386294 -1.386294
 -1.386294 -1.386294 -1.386294 -1.386294
 -16.245609 -16.245609 -0.000000 -16.245609
 -1.386294 -1.386294 -1.386294 -1.386294
 -1.386294 -1.386294 -1.386294 -1.386294
 -1.386294 -1.386294 -1.386294 -1.386294
 -1.386294 -1.386294 -1.386294 -1.386294
 -1.386294 -1.386294 -1.386294 -1.386294
 -16.245609 -16.245609 -16.245609 -0.000000
 -1.386294 -1.386294 -1.386294 -1.386294
 -1.386294 -1.386294 -1.386294 -1.386294
 -1.386294 -1.386294 -1.386294 -1.386294
 -1.386294 -1.386294 -1.386294 -1.386294
 -0.978485 -1.382779 -0.985535 -16.245609
 -1.144129 -1.996340 -1.979246 -0.897729
 -1.047319 -2.394390 -1.963609 -0.873366
 -0.890678 -2.553224 -1.787053 -1.066127
 -1.386294 -1.386294 -1.386294 -1.386294
 -15.226499 -1.288769 -1.279959 -0.806672
 -13.972518 -1.235814 -1.871800 -0.587789
 -14.346141 -1.446919 -0.946145 -0.976916
 -15.294841 -1.374969 -1.280478 -0.756624
 -1.386294 -1.386294 -1.386294 -1.386294
 -0.000001 -14.907435 -14.907435 -14.907435
 -0.000001 -14.978662 -14.978662 -14.978662
 -0.000001 -15.460317 -15.460317 -15.460317
 -0.955335 -1.905370 -1.859119 -1.168801
 -1.386294 -1.386294 -1.386294 -1.386294
 -1.386294 -1.386294 -1.386294 -1.386294
 -1.386294 -1.386294 -1.386294 -1.386294
 -1.302708 0.000100 0.000100 0.000100
 -1.717651 0.000100 0.000100 0.000100
 -1.807263 0.000100 0.000100 0.000100
 -0.955512 0.000100 0.000100 0.000100
 -0.925772 -1.890845 -1.485384 -1.485384
 -0.847303 -1.945902 -2.862162 -0.990402
 -1.268513 -1.856290 -1.519824 -1.067844
 -1.021653 -2.014898 -1.373049 -1.373049
 -1.018571 -1.878767 -1.386294 -1.443452
 -1.252765 -1.540443 -1.945899 -1.029624
 -1.290985 -1.609435 -1.290985 -1.386294
 -1.234746 -1.927886 -1.704745 -0.962813
 -1.166436 -1.625965 -2.031426 -1.019833
 -1.098615 -1.887062 -1.887062 -1.011605
 -0.988614 -1.815285 -1.563974 -1.363305
 -1.170073 -2.450992 -1.495493 -0.969403
 -0.980831 -2.079435 -1.760985 -1.114362
 -1.064715 -1.757852 -1.757852 -1.170074
 -1.157455 -2.456714 -1.763583 -0.847303
 -1.371479 -1.639742 -1.806794 -0.946598
 -13.337481 -13.337481 -0.000005 -13.337481
 -12.577650 -12.577650 -0.000010 -12.577650
 -12.706860 -12.706860 -0.000009 -12.706860
 -13.473026 -13.473026 -0.000004 -13.473026
 -1.386294 -1.386294 -1.386294 -1.386294
 -1.386294 -1.386294 -1.386294 -1.386294
 -14.483342 -14.483342 -14.483342 -0.000002
 -1.386294 -1.386294 -1.386294 -1.386294
 -1.386294 -1.386294 -1.386294 -1.386294
 -1.386294 -1.386294 -1.386294 -1.386294
 -1.386294 -1.386294 -1.386294 -1.386294
 -0.000002 -14.483342 -14.483342 -14.483342
 -0.000002 -14.483342 -14.483342 -14.483342
 -1.386294 -1.386294 -1.386294 -1.386294
 -1.386294 -1.386294 -1.386294 -1.386294
 -1.386294 -1.386294 -1.386294 -1.386294
 -14.483342 -14.483342 -0.000002 -14.483342
 -1.386294 -1.386294 -1.386294 -1.386294
 -1.386294 -1.386294 -1.386294 -1.386294
 -1.386294 -1.386294 -1.386294 -1.386294
 -1.386294 -1.386294 -1.386294 -1.386294
 -1.386294 -1.386294 -1.386294 -1.386294
 -14.483342 -14.483342 -14.483342 -0.000002
 -1.386294 -1.386294 -1.386294 -1.386294
 -1.386294 -1.386294 -1.386294 -1.386294
 -1.386294 -1.386294 -1.386294 -1.386294
 -1.386294 -1.386294 -1.386294 -1.386294
 -0.878551 -1.321756 -1.145866 -14.483342
 -1.504077 -1.996550 -2.197218 -0.633252
 -0.955514 -1.386294 -2.159475 -1.386294
 -0.759842 -2.335365 -2.047687 -1.182697
 -1.386294 -1.386294 -1.386294 -1.386294
 -13.415039 -1.208961 -1.113652 -0.985819
 -12.611551 -1.098616 -1.321757 -0.916296
 -12.345852 -1.526054 -1.056058 -0.832916
 -13.527834 -1.373049 -1.139435 -0.851754
 -1.386294 -1.386294 -1.386294 -1.386294
 -0.000006 -13.199332 -13.199332 -13.199332
 -0.000005 -13.337481 -13.337481 -13.337481
 -0.000004 -13.579793 -13.579793 -13.579793
 -0.996334 -2.181955 -1.488810 -1.229949
 -1.386294 -1.386294 -1.386294 -1.386294
 -1.386294 -1.386294 -1.386294 -1.386294
 -1.386294 -1.386294 -1.386294 -1.386294
