 -1.088760 0.000100 0.000100 0.000100
 -1.811760 0.000100 0.000100 0.000100
 -1.613158 0.000100 0.000100 0.000100
 -1.201501 0.000100 0.000100 0.000100
 -0.951842 -1.734600 -1.916922 -1.236354
 -0.805266 -1.624705 -1.938361 -1.550597
 -0.737600 -1.945908 -1.785566 -1.555043
 -1.621860 -1.561236 -1.398717 -1.062245
 -0.947928 -1.677442 -1.588889 -1.507543
 -0.838330 -2.163996 -1.531476 -1.441864
 -0.706942 -1.487099 -1.892562 -2.039165
 -1.427116 -1.544899 -1.408767 -1.196593
 -1.000897 -1.798403 -1.520772 -1.392939
 -0.605041 -1.932836 -1.932836 -1.805003
 -0.602177 -1.945908 -2.032919 -1.722766
 -1.642227 -1.536867 -1.562185 -0.963068
 -1.179432 -2.248189 -1.210204 -1.241952
 -1.301737 -1.777159 -1.199083 -1.357307
 -1.112127 -2.364884 -1.112127 -1.393028
 -2.258780 -2.007466 -0.814669 -1.144422
 -14.538218 -14.538218 -0.000001 -14.538218
 -13.795312 -13.795312 -0.000003 -13.795312
 -14.827113 -14.827113 -0.000001 -14.827113
 -14.644064 -14.644064 -0.000001 -14.644064
 -1.386294 -1.386294 -1.386294 -1.386294
 -1.386294 -1.386294 -1.386294 -1.386294
 -15.904903 -15.904903 -15.904903 -0.000000
 -1.386294 -1.386294 -1.386294 -1.386294
 -1.386294 -1.386294 -1.386294 -1.386294
 -1.386294 -1.386294 -1.386294 -1.386294
 -1.386294 -1.386294 -1.386294 -1.386294
 -0.000000 -15.904903 -15.904903 -15.904903
 -0.000000 -15.904903 -15.904903 -15.904903
 -1.386294 -1.386294 -1.386294 -1.386294
 -1.386294 -1.386294 -1.386294 -1.386294
 -1.386294 -1.386294 -1.386294 -1.386294
 -15.904903 -15.904903 -0.000000 -15.904903
 -1.386294 -1.386294 -1.386294 -1.386294
 -1.386294 -1.386294 -1.386294 -1.386294
 -1.386294 -1.386294 -1.386294 -1.386294
 -1.386294 -1.386294 -1.386294 -1.386294
 -1.386294 -1.386294 -1.386294 -1.386294
 -15.904903 -15.904903 -15.904903 -0.000000
 -1.386294 -1.386294 -1.386294 -1.386294
 -1.386294 -1.386294 -1.386294 -1.386294
 -1.386294 -1.386294 -1.386294 -1.386294
 -1.386294 -1.386294 -1.386294 -1.386294
 -1.004203 -1.479626 -0.901549 -15.904902
 -0.822826 -2.106839 -1.359626 -1.701375
 -0.772285 -2.442343 -1.718427 -1.302913
 -0.639723 -2.079440 -1.682139 -1.822721
 -1.386294 -1.386294 -1.386294 -1.386294
 -0.000001 -15.171347 -15.171347 -15.171347
 -0.000003 -13.742944 -13.742944 -13.742944
 -0.000002 -14.346141 -14.346141 -14.346141
 -0.000002 -14.266589 -14.266589 -14.266589
 -0.000000 -15.904903 -15.904903 -15.904903
 -1.386294 -1.386294 -1.386294 -1.386294
 -1.386294 -1.386294 -1.386294 -1.386294
 -1.386294 -1.386294 -1.386294 -1.386294
 -0.886420 -1.874280 -2.109594 -1.161173
 -1.386294 -1.386294 -1.386294 -1.386294
 -1.386294 -1.386294 -1.386294 -1.386294
 -1.386294 -1.386294 -1.386294 -1.386294
 -1.130616 0.000100 0.000100 0.000100
 -1.799663 0.000100 0.000100 0.000100
 -2.136133 0.000100 0.000100 0.000100
 -0.932165 0.000100 0.000100 0.000100
 -0.823204 -1.921806 -1.767657 -1.410987
 -0.847306 -1.945896 -1.945896 -1.252765
 -2.014880 -1.321758 -11.918417 -0.510841
 -1.514127 -1.609436 -1.514127 -1.021654
 -0.693152 -1.742965 -1.742965 -1.897113
 -0.737607 -2.036866 -1.749192 -1.526054
 -1.098617 -1.945896 -1.658222 -1.098617
 -1.563974 -1.563974 -1.969433 -0.816765
 -1.016937 -2.058380 -1.770702 -1.077561
 -1.145136 -1.992415 -1.704741 -1.011607
 -1.098617 -3.044441 -1.658222 -0.847306
 -2.224609 -2.001471 -0.971864 -0.971864
 -0.847303 -2.456714 -2.862162 -0.847303
 -1.609431 -11.918417 -1.321758 -0.628623
 -1.203975 -2.014891 -1.791753 -0.916296
 -1.365241 -1.452252 -2.058380 -0.959779
 -12.873912 -12.873912 -0.000008 -12.873912
 -12.100735 -12.100735 -0.000017 -12.100735
 -12.043577 -12.043577 -0.000018 -12.043577
 -13.180640 -13.180640 -0.000006 -13.180640
 -1.386294 -1.386294 -1.386294 -1.386294
 -1.386294 -1.386294 -1.386294 -1.386294
 -14.054530 -14.054530 -14.054530 -0.000002
 -1.386294 -1.386294 -1.386294 -1.386294
 -1.386294 -1.386294 -1.386294 -1.386294
 -1.386294 -1.386294 -1.386294 -1.386294
 -1.386294 -1.386294 -1.386294 -1.386294
 -0.000002 -14.054530 -14.054530 -14.054530
 -0.000002 -14.054530 -14.054530 -14.054530
 -1.386294 -1.386294 -1.386294 -1.386294
 -1.386294 -1.386294 -1.386294 -1.386294
 -1.386294 -1.386294 -1.386294 -1.386294
 -14.054530 -14.054530 -0.000002 -14.054530
 -1.386294 -1.386294 -1.386294 -1.386294
 -1.386294 -1.386294 -1.386294 -1.386294
 -1.386294 -1.386294 -1.386294 -1.386294
 -1.386294 -1.386294 -1.386294 -1.386294
 -1.386294 -1.386294 -1.386294 -1.386294
 -14.054530 -14.054530 -14.054530 -0.000002
 -1.386294 -1.386294 -1.386294 -1.386294
 -1.386294 -1.386294 -1.386294 -1.386294
 -1.386294 -1.386294 -1.386294 -1.386294
 -1.386294 -1.386294 -1.386294 -1.386294
 -0.783745 -1.410200 -1.206601 -14.054530
 -0.626459 -2.268674 -1.980996 -1.495493
 -1.036096 -1.824542 -2.335355 -0.949085
 -1.335002 -1.691672 -1.152682 -1.440361
 -1.386294 -1.386294 -1.386294 -1.386294
 -0.000006 -13.161592 -13.161592 -13.161592
 -0.000017 -12.100734 -12.100734 -12.100734
 -0.000013 -12.345852 -12.345852 -12.345852
 -0.000009 -12.736712 -12.736712 -12.736712
 -0.000002 -14.054530 -14.054530 -14.054530
 -1.386294 -1.386294 -1.386294 -1.386294
 -1.386294 -1.386294 -1.386294 -1.386294
 -1.386294 -1.386294 -1.386294 -1.386294
 -0.873896 -1.848453 -2.205126 -1.155308
 -1.386294 -1.386294 -1.386294 -1.386294
 -1.386294 -1.386294 -1.386294 -1.386294
 -1.386294 -1.386294 -1.386294 -1.386294
