 -1.097478 0.000100 0.000100 0.000100
 -1.898255 0.000100 0.000100 0.000100
 -1.633563 0.000100 0.000100 0.000100
 -1.135611 0.000100 0.000100 0.000100
 -1.029620 -1.713287 -1.732335 -1.252763
 -0.839752 -1.992428 -2.317848 -1.098613
 -0.740776 -1.713506 -1.851656 -1.681758
 -1.713621 -1.638113 -1.620095 -0.849657
 -1.062003 -1.697991 -1.512588 -1.382910
 -1.013195 -1.655048 -1.688949 -1.342674
 -0.902869 -1.359626 -1.665007 -1.906168
 -1.281646 -1.463967 -1.361689 -1.448700
 -1.020904 -1.650680 -1.550597 -1.445237
 -0.836660 -1.675760 -1.898903 -1.469908
 -0.779223 -1.554286 -2.323416 -1.461195
 -1.757857 -1.529016 -1.324222 -1.064711
 -1.221215 -2.246494 -1.137833 -1.277095
 -1.462577 -2.085105 -0.913471 -1.414950
 -1.129575 -2.266650 -1.187844 -1.315677
 -3.126752 -2.062048 -0.609065 -1.254959
 -14.488457 -14.488457 -0.000002 -14.488457
 -13.825465 -13.825465 -0.000003 -13.825465
 -15.053886 -15.053886 -0.000001 -15.053886
 -14.686806 -14.686806 -0.000001 -14.686806
 -1.386294 -1.386294 -1.386294 -1.386294
 -1.386294 -1.386294 -1.386294 -1.386294
 -15.991399 -15.991399 -15.991399 -0.000000
 -1.386294 -1.386294 -1.386294 -1.386294
 -1.386294 -1.386294 -1.386294 -1.386294
 -1.386294 -1.386294 -1.386294 -1.386294
 -1.386294 -1.386294 -1.386294 -1.386294
 -0.000000 -15.991399 -15.991399 -15.991399
 -0.000000 -15.991399 -15.991399 -15.991399
 -1.386294 -1.386294 -1.386294 -1.386294
 -1.386294 -1.386294 -1.386294 -1.386294
 -1.386294 -1.386294 -1.386294 -1.386294
 -15.991399 -15.991399 -0.000000 -15.991399
 -1.386294 -1.386294 -1.386294 -1.386294
 -1.386294 -1.386294 -1.386294 -1.386294
 -1.386294 -1.386294 -1.386294 -1.386294
 -1.386294 -1.386294 -1.386294 -1.386294
 -1.386294 -1.386294 -1.386294 -1.386294
 -15.991399 -15.991399 -15.991399 -0.000000
 -1.386294 -1.386294 -1.386294 -1.386294
 -1.386294 -1.386294 -1.386294 -1.386294
 -1.386294 -1.386294 -1.386294 -1.386294
 -1.386294 -1.386294 -1.386294 -1.386294
 -1.047716 -1.419765 -0.897735 -15.991399
 -1.314501 -1.543686 -1.672898 -1.108369
 -1.283755 -1.960093 -1.834931 -0.861483
 -0.978048 -2.299802 -1.649215 -1.104199
 -1.386294 -1.386294 -1.386294 -1.386294
 -0.828228 -1.986430 -2.222818 -1.146681
 -1.169230 -1.887068 -1.938361 -0.931559
 -1.189584 -1.714108 -1.497885 -1.231257
 -1.239983 -2.050912 -1.889645 -0.841954
 -14.917452 -14.917452 -0.000001 -14.917452
 -14.054530 -14.054530 -0.000002 -14.054530
 -14.093145 -14.093145 -0.000002 -14.093145
 -14.981783 -14.981783 -0.000001 -14.981783
 -1.386294 -1.386294 -1.386294 -1.386294
 -1.386294 -1.386294 -1.386294 -1.386294
 -1.009617 -2.071527 -1.705884 -1.114631
 -1.386294 -1.386294 -1.386294 -1.386294
 -1.211492 0.000100 0.000100 0.000100
 -1.598264 0.000100 0.000100 0.000100
 -1.814487 0.000100 0.000100 0.000100
 -1.087440 0.000100 0.000100 0.000100
 -0.792241 -2.024375 -1.773064 -1.405342
 -1.280935 -1.637606 -1.637606 -1.098615
 -1.064715 -1.757852 -1.980990 -1.064715
 -1.203974 -1.696447 -2.302575 -0.875471
 -0.438259 -2.047687 -2.740821 -1.824546
 -1.203975 -1.791753 -1.003306 -1.791753
 -1.648654 -1.871793 -2.159466 -0.619047
 -1.149907 -2.148427 -1.791756 -0.916293
 -1.294728 -1.346021 -1.517870 -1.400088
 -1.232146 -1.791751 -1.386294 -1.232146
 -1.252765 -1.722761 -1.540443 -1.134983
 -1.485384 -1.485384 -2.024375 -0.879252
 -0.854419 -2.240698 -1.652920 -1.285199
 -1.290985 -2.079432 -1.742965 -0.855670
 -1.475905 -1.945902 -2.169040 -0.664982
 -1.317302 -2.926713 -1.828123 -0.658060
 -13.199332 -13.199332 -0.000006 -13.199332
 -12.100735 -12.100735 -0.000017 -12.100735
 -12.577650 -12.577650 -0.000010 -12.577650
 -13.554151 -13.554151 -0.000004 -13.554151
 -1.386294 -1.386294 -1.386294 -1.386294
 -1.386294 -1.386294 -1.386294 -1.386294
 -14.392126 -14.392126 -14.392126 -0.000002
 -1.386294 -1.386294 -1.386294 -1.386294
 -1.386294 -1.386294 -1.386294 -1.386294
 -1.386294 -1.386294 -1.386294 -1.386294
 -1.386294 -1.386294 -1.386294 -1.386294
 -0.000002 -14.392126 -14.392126 -14.392126
 -0.000002 -14.392126 -14.392126 -14.392126
 -1.386294 -1.386294 -1.386294 -1.386294
 -1.386294 -1.386294 -1.386294 -1.386294
 -1.386294 -1.386294 -1.386294 -1.386294
 -14.392126 -14.392126 -0.000002 -14.392126
 -1.386294 -1.386294 -1.386294 -1.386294
 -1.386294 -1.386294 -1.386294 -1.386294
 -1.386294 -1.386294 -1.386294 -1.386294
 -1.386294 -1.386294 -1.386294 -1.386294
 -1.386294 -1.386294 -1.386294 -1.386294
 -14.392126 -14.392126 -14.392126 -0.000002
 -1.386294 -1.386294 -1.386294 -1.386294
 -1.386294 -1.386294 -1.386294 -1.386294
 -1.386294 -1.386294 -1.386294 -1.386294
 -1.386294 -1.386294 -1.386294 -1.386294
 -0.933289 -1.070910 -1.331636 -14.392126
 -1.304057 -1.415282 -2.169047 -0.990401
 -1.402824 -1.913645 -1.545923 -0.932822
 -0.959779 -2.058380 -1.770702 -1.142099
 -1.386294 -1.386294 -1.386294 -1.386294
 -0.955514 -2.159475 -1.754016 -1.118032
 -0.980833 -1.519824 -2.367103 -1.163153
 -1.421385 -1.980990 -1.421385 -0.969405
 -1.083346 -1.977158 -2.094939 -0.916293
 -13.321220 -13.321220 -0.000005 -13.321220
 -12.468452 -12.468452 -0.000012 -12.468452
 -12.506192 -12.506192 -0.000011 -12.506192
 -13.369229 -13.369229 -0.000005 -13.369229
 -1.386294 -1.386294 -1.386294 -1.386294
 -1.386294 -1.386294 -1.386294 -1.386294
 -1.230540 -1.747795 -1.518222 -1.156432
 -1.386294 -1.386294 -1.386294 -1.386294
