 -1.030756 0.000100 0.000100 0.000100
 -1.909413 0.000100 0.000100 0.000100
 -1.634001 0.000100 0.000100 0.000100
 -1.204145 0.000100 0.000100 0.000100
 -1.104418 -1.767455 -1.632865 -1.195806
 -0.696638 -1.788280 -2.162973 -1.516347
 -0.651691 -1.824020 -2.022870 -1.686399
 -1.481949 -1.739778 -1.374318 -1.066434
 -0.969012 -1.458758 -1.732226 -1.555295
 -0.833214 -1.452252 -1.770705 -1.825765
 -0.862945 -1.335549 -1.680389 -2.049749
 -1.360792 -1.232671 -1.474984 -1.499475
 -0.645851 -2.043073 -2.065296 -1.516981
 -0.412576 -2.310714 -2.159483 -2.091661
 -0.463573 -1.808019 -2.783396 -1.929909
 -1.468145 -1.676690 -1.541349 -0.998142
 -1.618353 -2.914324 -0.482308 -2.038856
 -1.987503 -3.113508 -0.361981 -2.101913
 -1.236763 -2.335372 -0.630628 -2.517693
 -2.868390 -2.671680 -0.316912 -1.926349
 -15.018484 -15.018484 -0.000001 -15.018484
 -13.989468 -13.989468 -0.000003 -13.989468
 -16.334013 -16.334013 -0.000000 -16.334013
 -14.707510 -14.707510 -0.000001 -14.707510
 -1.386294 -1.386294 -1.386294 -1.386294
 -1.386294 -1.386294 -1.386294 -1.386294
 -16.779236 -16.779236 -16.779236 -0.000000
 -1.386294 -1.386294 -1.386294 -1.386294
 -1.386294 -1.386294 -1.386294 -1.386294
 -1.386294 -1.386294 -1.386294 -1.386294
 -1.386294 -1.386294 -1.386294 -1.386294
 -16.779236 -1.989166 -16.779236 -0.147120
 -1.386294 -1.386294 -1.386294 -1.386294
 -0.000001 -14.790071 -14.790071 -14.790071
 -1.386294 -1.386294 -1.386294 -1.386294
 -0.000000 -16.632116 -16.632116 -16.632116
 -16.779236 -16.779236 -0.000000 -16.779236
 -1.386294 -1.386294 -1.386294 -1.386294
 -1.386294 -1.386294 -1.386294 -1.386294
 -1.386294 -1.386294 -1.386294 -1.386294
 -1.386294 -1.386294 -1.386294 -1.386294
 -1.386294 -1.386294 -1.386294 -1.386294
 -16.779236 -16.779236 -16.779236 -0.000000
 -1.386294 -1.386294 -1.386294 -1.386294
 -1.386294 -1.386294 -1.386294 -1.386294
 -1.386294 -1.386294 -1.386294 -1.386294
 -1.386294 -1.386294 -1.386294 -1.386294
 -0.859591 -1.587481 -0.988257 -16.779236
 -1.114593 -2.084331 -1.573506 -1.078093
 -0.833920 -2.580215 -1.663926 -1.202291
 -0.942285 -2.016290 -1.667984 -1.243101
 -1.386294 -1.386294 -1.386294 -1.386294
 -0.801282 -2.225316 -2.187575 -1.105562
 -1.072637 -2.171247 -2.062048 -0.875469
 -0.932164 -2.205128 -1.815664 -1.098612
 -1.602859 -2.436587 -1.896020 -0.577935
 -0.922243 -2.070578 -1.898109 -1.119603
 -1.030626 -2.035207 -2.115249 -0.936597
 -0.937426 -1.743512 -1.620910 -1.445020
 -1.579915 -2.090740 -2.051131 -0.612817
 -0.927890 -1.989688 -1.908719 -1.140671
 -1.079270 -1.807507 -1.881615 -1.067841
 -0.952659 -2.200801 -1.609438 -1.192139
 -1.506599 -2.166223 -2.092115 -0.615627
 -1.174919 0.000100 0.000100 0.000100
 -1.733862 0.000100 0.000100 0.000100
 -1.675919 0.000100 0.000100 0.000100
 -1.116515 0.000100 0.000100 0.000100
 -1.009359 -1.909767 -1.753022 -1.157779
 -0.963708 -1.738271 -1.851599 -1.252763
 -1.005324 -1.823364 -1.823364 -1.167605
 -1.717530 -1.770812 -1.576949 -0.812625
 -1.003959 -1.862817 -1.529673 -1.340431
 -1.107167 -1.630093 -1.656526 -1.263037
 -1.006968 -1.855679 -1.691676 -1.223776
 -1.626165 -1.759122 -1.305887 -1.021125
 -1.196322 -1.618697 -1.721477 -1.137133
 -1.133881 -1.734051 -1.724748 -1.128765
 -1.272615 -1.626786 -1.434102 -1.255223
 -1.917285 -1.391754 -1.763135 -0.837366
 -0.914103 -1.911461 -2.125387 -1.103003
 -0.927598 -1.857356 -2.209200 -1.082864
 -1.330922 -1.573592 -1.944451 -0.953470
 -1.708346 -1.748801 -1.661025 -0.787660
 -16.188555 -16.188555 -0.000000 -16.188555
 -15.628706 -15.628706 -0.000000 -15.628706
 -15.479438 -15.479438 -0.000001 -15.479438
 -16.449556 -16.449556 -0.000000 -16.449556
 -1.386294 -1.386294 -1.386294 -1.386294
 -1.386294 -1.386294 -1.386294 -1.386294
 -17.400972 -17.400972 -17.400972 -0.000000
 -1.386294 -1.386294 -1.386294 -1.386294
 -1.386294 -1.386294 -1.386294 -1.386294
 -1.386294 -1.386294 -1.386294 -1.386294
 -1.386294 -1.386294 -1.386294 -1.386294
 -17.400972 -0.565525 -17.400972 -0.839473
 -1.386294 -1.386294 -1.386294 -1.386294
 0.000000 -16.835447 -16.835447 -16.835447
 -1.386294 -1.386294 -1.386294 -1.386294
 -0.000000 -16.561499 -16.561499 -16.561499
 -17.400972 -17.400972 -0.000000 -17.400972
 -1.386294 -1.386294 -1.386294 -1.386294
 -1.386294 -1.386294 -1.386294 -1.386294
 -1.386294 -1.386294 -1.386294 -1.386294
 -1.386294 -1.386294 -1.386294 -1.386294
 -1.386294 -1.386294 -1.386294 -1.386294
 -17.400972 -17.400972 -17.400972 -0.000000
 -1.386294 -1.386294 -1.386294 -1.386294
 -1.386294 -1.386294 -1.386294 -1.386294
 -1.386294 -1.386294 -1.386294 -1.386294
 -1.386294 -1.386294 -1.386294 -1.386294
 -1.141377 -1.368434 -0.853044 -17.400972
 -1.163151 -1.721379 -1.673976 -1.135752
 -0.999152 -1.916922 -1.634812 -1.238701
 -1.219491 -1.529445 -1.368880 -1.454265
 -1.386294 -1.386294 -1.386294 -1.386294
 -1.042902 -1.823508 -1.766051 -1.154852
 -1.020169 -1.742545 -1.991441 -1.115067
 -0.963174 -1.776607 -1.690223 -1.329419
 -1.491097 -1.565205 -1.589537 -1.016639
 -1.051163 -1.660148 -1.529986 -1.411328
 -1.151130 -1.648969 -1.458615 -1.351256
 -1.138650 -1.729382 -1.480036 -1.291984
 -1.602517 -1.515865 -1.410900 -1.093418
 -0.985284 -1.844557 -1.769159 -1.210342
 -1.162310 -1.488077 -1.741167 -1.251361
 -1.090214 -1.550942 -1.562370 -1.418121
 -1.560366 -1.584120 -1.598648 -0.960653
