 -1.180937 0.000100 0.000100 0.000100
 -1.953027 0.000100 0.000100 0.000100
 -1.668923 0.000100 0.000100 0.000100
 -1.014137 0.000100 0.000100 0.000100
 -0.909712 -1.952532 -1.619388 -1.357024
 -0.864106 -1.997201 -1.609437 -1.415282
 -0.856300 -1.488077 -2.090250 -1.488077
 -1.617853 -1.590073 -1.403196 -1.044251
 -1.074731 -1.776766 -1.420092 -1.395399
 -0.687514 -1.774951 -1.918052 -1.710413
 -0.804669 -1.532104 -1.737956 -1.827568
 -1.240341 -1.591738 -1.430097 -1.317302
 -0.698539 -2.006870 -1.987067 -1.464546
 -0.543617 -1.824548 -2.392530 -1.791758
 -0.619040 -1.811177 -2.341803 -1.599868
 -1.526961 -1.506342 -1.636962 -1.003714
 -0.858397 -2.287249 -1.111946 -1.926237
 -1.181728 -2.203375 -0.749946 -2.203375
 -0.923955 -2.390285 -0.963175 -2.041981
 -2.345142 -2.261761 -0.503906 -1.630491
 -14.969243 -14.969243 -0.000001 -14.969243
 -13.825465 -13.825465 -0.000003 -13.825465
 -15.252975 -15.252975 -0.000001 -15.252975
 -14.207556 -14.207556 -0.000002 -14.207556
 -1.386294 -1.386294 -1.386294 -1.386294
 -1.386294 -1.386294 -1.386294 -1.386294
 -16.105011 -16.105011 -16.105011 -0.000000
 -1.386294 -1.386294 -1.386294 -1.386294
 -1.386294 -1.386294 -1.386294 -1.386294
 -1.386294 -1.386294 -1.386294 -1.386294
 -1.386294 -1.386294 -1.386294 -1.386294
 -16.105011 -16.105011 -0.000000 -16.105011
 -1.386294 -1.386294 -1.386294 -1.386294
 -1.386294 -1.386294 -1.386294 -1.386294
 -0.000000 -16.105011 -16.105011 -16.105011
 -1.386294 -1.386294 -1.386294 -1.386294
 -16.105011 -16.105011 -0.000000 -16.105011
 -1.386294 -1.386294 -1.386294 -1.386294
 -1.386294 -1.386294 -1.386294 -1.386294
 -1.386294 -1.386294 -1.386294 -1.386294
 -1.386294 -1.386294 -1.386294 -1.386294
 -1.386294 -1.386294 -1.386294 -1.386294
 -16.105011 -16.105011 -16.105011 -0.000000
 -1.386294 -1.386294 -1.386294 -1.386294
 -1.386294 -1.386294 -1.386294 -1.386294
 -1.386294 -1.386294 -1.386294 -1.386294
 -1.386294 -1.386294 -1.386294 -1.386294
 -0.000000 -16.105011 -16.105011 -16.105011
 -1.288868 -2.019472 -2.011868 -0.780988
 -1.386294 -1.386294 -1.386294 -1.386294
 -1.386294 -1.386294 -1.386294 -1.386294
 -1.386294 -1.386294 -1.386294 -1.386294
 -14.816144 -14.816144 -14.816144 -0.000001
 -14.085541 -14.085541 -14.085541 -0.000002
 -14.093145 -14.093145 -14.093145 -0.000002
 -15.324023 -15.324023 -15.324023 -0.000001
 -1.386294 -1.386294 -1.386294 -1.386294
 -1.386294 -1.386294 -1.386294 -1.386294
 -1.386294 -1.386294 -1.386294 -1.386294
 -1.542812 -2.034857 -2.066356 -0.637003
 -1.061399 -1.855349 -1.855349 -1.075193
 -1.098613 -2.461911 -2.151759 -0.765469
 -1.067114 -2.120260 -1.692818 -1.044125
 -1.642547 -2.146793 -1.940179 -0.605179
 -1.084627 0.000100 0.000100 0.000100
 -2.065453 0.000100 0.000100 0.000100
 -2.122611 0.000100 0.000100 0.000100
 -0.878291 0.000100 0.000100 0.000100
 -0.826682 -1.673974 -1.673974 -1.673974
 -0.944470 -1.791748 -2.890294 -0.944470
 -1.223779 -2.140040 -1.223779 -1.223779
 -1.880309 -1.187167 -1.512587 -1.133100
 -0.693152 -2.351360 -1.945903 -1.339775
 -1.519824 -2.079429 -1.519824 -0.826684
 -0.767262 -1.540443 -1.945899 -1.722761
 -1.609435 -2.079432 -1.290985 -0.916295
 -1.001451 -1.326871 -2.505509 -1.252764
 -1.845814 -0.865006 -2.251263 -1.152684
 -0.934314 -1.252765 -2.233573 -1.540443
 -1.749196 -1.343735 -2.219192 -0.784123
 -1.123932 -2.302570 -1.742965 -0.916295
 -0.769138 -1.634128 -2.104124 -1.516346
 -1.540440 -2.638986 -1.540440 -0.693161
 -1.142099 -1.652920 -1.904232 -1.077561
 -13.122372 -13.122372 -0.000006 -13.122372
 -12.301401 -12.301401 -0.000014 -12.301401
 -12.301401 -12.301401 -0.000014 -12.301401
 -13.081550 -13.081550 -0.000006 -13.081550
 -1.386294 -1.386294 -1.386294 -1.386294
 -1.386294 -1.386294 -1.386294 -1.386294
 -14.166170 -14.166170 -14.166170 -0.000002
 -1.386294 -1.386294 -1.386294 -1.386294
 -1.386294 -1.386294 -1.386294 -1.386294
 -1.386294 -1.386294 -1.386294 -1.386294
 -1.386294 -1.386294 -1.386294 -1.386294
 -14.166170 -14.166170 -0.000002 -14.166170
 -1.386294 -1.386294 -1.386294 -1.386294
 -1.386294 -1.386294 -1.386294 -1.386294
 -0.000002 -14.166170 -14.166170 -14.166170
 -1.386294 -1.386294 -1.386294 -1.386294
 -14.166170 -14.166170 -0.000002 -14.166170
 -1.386294 -1.386294 -1.386294 -1.386294
 -1.386294 -1.386294 -1.386294 -1.386294
 -1.386294 -1.386294 -1.386294 -1.386294
 -1.386294 -1.386294 -1.386294 -1.386294
 -1.386294 -1.386294 -1.386294 -1.386294
 -14.166170 -14.166170 -14.166170 -0.000002
 -1.386294 -1.386294 -1.386294 -1.386294
 -1.386294 -1.386294 -1.386294 -1.386294
 -1.386294 -1.386294 -1.386294 -1.386294
 -1.386294 -1.386294 -1.386294 -1.386294
 -0.000002 -14.166170 -14.166170 -14.166170
 -1.024002 -1.400479 -2.065453 -1.318241
 -1.386294 -1.386294 -1.386294 -1.386294
 -1.386294 -1.386294 -1.386294 -1.386294
 -1.386294 -1.386294 -1.386294 -1.386294
 -13.142174 -13.142174 -13.142174 -0.000006
 -12.765700 -12.765700 -12.765700 -0.000009
 -12.100735 -12.100735 -12.100735 -0.000017
 -12.847937 -12.847937 -12.847937 -0.000008
 -1.386294 -1.386294 -1.386294 -1.386294
 -1.386294 -1.386294 -1.386294 -1.386294
 -1.386294 -1.386294 -1.386294 -1.386294
 -1.554629 -1.554629 -1.400479 -1.105680
 -1.203975 -1.203975 -2.708014 -1.098616
 -0.567991 -2.708013 -1.791753 -1.609434
 -1.252764 -1.945902 -1.945902 -0.847303
 -1.652920 -1.770702 -1.365241 -0.959779
