 -2.716914 0.000100 0.000100 0.000100
 -3.010040 0.000100 0.000100 0.000100
 -2.860265 0.000100 0.000100 0.000100
 -2.723450 0.000100 0.000100 0.000100
 -2.750030 0.000100 0.000100 0.000100
 -2.918309 0.000100 0.000100 0.000100
 -2.777335 0.000100 0.000100 0.000100
 -2.506226 0.000100 0.000100 0.000100
 -2.716914 0.000100 0.000100 0.000100
 -3.010040 0.000100 0.000100 0.000100
 -2.860265 0.000100 0.000100 0.000100
 -2.723450 0.000100 0.000100 0.000100
 -2.750030 0.000100 0.000100 0.000100
 -2.918309 0.000100 0.000100 0.000100
 -2.777335 0.000100 0.000100 0.000100
 -2.506226 0.000100 0.000100 0.000100
 -1.092119 -1.835027 -1.332399 -1.422783
 -1.185227 -1.339378 -1.878373 -1.274839
 -1.378804 -1.279431 -1.505959 -1.393842
 -1.712978 -1.561428 -1.254404 -1.125192
 -1.251081 -1.519345 -1.599387 -1.227824
 -1.131004 -1.398319 -2.124254 -1.168744
 -1.335693 -1.189090 -1.507543 -1.555553
 -1.732843 -1.394241 -1.274097 -1.219038
 -1.092119 -1.835027 -1.332399 -1.422783
 -1.185227 -1.339378 -1.878373 -1.274839
 -1.378804 -1.279431 -1.505959 -1.393842
 -1.712978 -1.561428 -1.254404 -1.125192
 -1.251081 -1.519345 -1.599387 -1.227824
 -1.131004 -1.398319 -2.124254 -1.168744
 -1.335693 -1.189090 -1.507543 -1.555553
 -1.732843 -1.394241 -1.274097 -1.219038
 -0.981837 -1.890095 -1.724580 -1.217151
 -1.131765 -1.386294 -1.906828 -1.276596
 -1.121602 -1.432814 -1.586965 -1.465075
 -1.619909 -1.488573 -1.372501 -1.130361
 -1.466337 -1.639179 -1.332806 -1.166821
 -1.019670 -1.591738 -1.828126 -1.290984
 -1.509908 -1.304464 -1.158511 -1.640936
 -1.632361 -1.617972 -1.251348 -1.139081
 -0.981837 -1.890095 -1.724580 -1.217151
 -1.131765 -1.386294 -1.906828 -1.276596
 -1.121602 -1.432814 -1.586965 -1.465075
 -1.619909 -1.488573 -1.372501 -1.130361
 -1.466337 -1.639179 -1.332806 -1.166821
 -1.019670 -1.591738 -1.828126 -1.290984
 -1.509908 -1.304464 -1.158511 -1.640936
 -1.632361 -1.617972 -1.251348 -1.139081
 -1.442384 -1.550597 -1.299283 -1.277304
 -1.044992 -1.532006 -2.244954 -1.120027
 -1.349390 -1.293037 -1.523053 -1.393842
 -1.676246 -1.899389 -1.029620 -1.183770
 -1.493062 -1.927100 -1.255933 -1.064395
 -1.157802 -1.803319 -1.850947 -1.010644
 -1.256617 -1.371027 -1.609438 -1.341174
 -1.651997 -1.568616 -1.261131 -1.149906
 -1.442384 -1.550597 -1.299283 -1.277304
 -1.044992 -1.532006 -2.244954 -1.120027
 -1.349390 -1.293037 -1.523053 -1.393842
 -1.676246 -1.899389 -1.029620 -1.183770
 -1.493062 -1.927100 -1.255933 -1.064395
 -1.157802 -1.803319 -1.850947 -1.010644
 -1.256617 -1.371027 -1.609438 -1.341174
 -1.651997 -1.568616 -1.261131 -1.149906
 -1.112406 -1.687769 -1.517871 -1.320045
 -1.210530 -1.498212 -1.590019 -1.292768
 -1.352393 -1.421386 -1.435774 -1.339148
 -1.551450 -1.609438 -1.336794 -1.122783
 -1.309718 -1.539292 -1.659093 -1.123132
 -1.391000 -1.647720 -1.577102 -1.043805
 -1.549029 -1.319012 -1.450589 -1.252763
 -1.869146 -1.220059 -1.375712 -1.211090
 -1.112406 -1.687769 -1.517871 -1.320045
 -1.210530 -1.498212 -1.590019 -1.292768
 -1.352393 -1.421386 -1.435774 -1.339148
 -1.551450 -1.609438 -1.336794 -1.122783
 -1.309718 -1.539292 -1.659093 -1.123132
 -1.391000 -1.647720 -1.577102 -1.043805
 -1.549029 -1.319012 -1.450589 -1.252763
 -1.869146 -1.220059 -1.375712 -1.211090
 -1.272501 -1.599713 -1.357400 -1.344821
 -1.102481 -1.625002 -1.795627 -1.187380
 -1.110589 -1.468986 -1.791759 -1.295323
 -1.726454 -1.567389 -1.142507 -1.222549
 -1.363305 -1.621134 -1.621134 -1.053150
 -1.238374 -1.708377 -1.813738 -1.005281
 -1.354546 -1.623878 -1.313724 -1.287406
 -1.932341 -1.359339 -1.425296 -1.027436
 -1.272501 -1.599713 -1.357400 -1.344821
 -1.102481 -1.625002 -1.795627 -1.187380
 -1.110589 -1.468986 -1.791759 -1.295323
 -1.726454 -1.567389 -1.142507 -1.222549
 -1.363305 -1.621134 -1.621134 -1.053150
 -1.238374 -1.708377 -1.813738 -1.005281
 -1.354546 -1.623878 -1.313724 -1.287406
 -1.932341 -1.359339 -1.425296 -1.027436
 -1.205059 -1.855646 -1.409360 -1.205059
 -1.201028 -1.894173 -1.924026 -0.909676
 -1.275282 -1.502055 -1.558144 -1.246709
 -1.766758 -1.661397 -1.140622 -1.140622
 -1.513143 -1.513143 -1.434363 -1.135381
 -1.202706 -1.564821 -1.908591 -1.072345
 -1.540445 -1.415282 -1.290984 -1.317302
 -1.718353 -1.639365 -1.156783 -1.164626
 -1.205059 -1.855646 -1.409360 -1.205059
 -1.201028 -1.894173 -1.924026 -0.909676
 -1.275282 -1.502055 -1.558144 -1.246709
 -1.766758 -1.661397 -1.140622 -1.140622
 -1.513143 -1.513143 -1.434363 -1.135381
 -1.202706 -1.564821 -1.908591 -1.072345
 -1.540445 -1.415282 -1.290984 -1.317302
 -1.718353 -1.639365 -1.156783 -1.164626
 -1.272459 -1.690663 -1.483024 -1.175999
 -1.257083 -1.369200 -1.809150 -1.212631
 -1.241713 -1.378914 -1.591088 -1.364316
 -1.600305 -1.570452 -1.335613 -1.117132
 -1.364633 -1.624144 -1.379022 -1.218679
 -1.022627 -1.645155 -1.715773 -1.318472
 -1.218474 -1.363305 -1.502417 -1.487602
 -1.824060 -1.525079 -1.277517 -1.072073
 -1.272459 -1.690663 -1.483024 -1.175999
 -1.257083 -1.369200 -1.809150 -1.212631
 -1.241713 -1.378914 -1.591088 -1.364316
 -1.600305 -1.570452 -1.335613 -1.117132
 -1.364633 -1.624144 -1.379022 -1.218679
 -1.022627 -1.645155 -1.715773 -1.318472
 -1.218474 -1.363305 -1.502417 -1.487602
 -1.824060 -1.525079 -1.277517 -1.072073
 -1.324926 -1.843719 -1.267106 -1.223143
 -1.168744 -1.654251 -1.914534 -1.048117
 -1.446919 -1.321756 -1.570971 -1.237199
 -1.593177 -1.545924 -1.389578 -1.095339
 -1.400683 -1.664497 -1.344330 -1.192139
 -0.965562 -1.847109 -1.897119 -1.166233
 -1.536867 -1.441557 -1.261764 -1.327147
 -1.805110 -1.489594 -1.337125 -1.057048
 -1.324926 -1.843719 -1.267106 -1.223143
 -1.168744 -1.654251 -1.914534 -1.048117
 -1.446919 -1.321756 -1.570971 -1.237199
 -1.593177 -1.545924 -1.389578 -1.095339
 -1.400683 -1.664497 -1.344330 -1.192139
 -0.965562 -1.847109 -1.897119 -1.166233
 -1.536867 -1.441557 -1.261764 -1.327147
 -1.805110 -1.489594 -1.337125 -1.057048
 -1.066177 -1.920591 -1.450589 -1.291984
 -1.111352 -1.683870 -2.002323 -1.049220
 -1.509192 -1.289131 -1.606042 -1.194944
 -1.368057 -1.779564 -1.298261 -1.191778
 -1.458615 -1.699777 -1.376377 -1.101940
 -1.158976 -1.544638 -2.010726 -1.082015
 -1.431108 -1.366570 -1.398319 -1.351066
 -1.692387 -1.474663 -1.260254 -1.192431
 -1.066177 -1.920591 -1.450589 -1.291984
 -1.111352 -1.683870 -2.002323 -1.049220
 -1.509192 -1.289131 -1.606042 -1.194944
 -1.368057 -1.779564 -1.298261 -1.191778
 -1.458615 -1.699777 -1.376377 -1.101940
 -1.158976 -1.544638 -2.010726 -1.082015
 -1.431108 -1.366570 -1.398319 -1.351066
 -1.692387 -1.474663 -1.260254 -1.192431
 -1.200519 -1.952854 -1.223776 -1.335693
 -1.217959 -1.337504 -2.079440 -1.149906
 -1.247033 -1.359828 -1.453646 -1.504077
 -1.621670 -1.491992 -1.200938 -1.285198
 -1.305756 -1.531879 -1.367124 -1.354546
 -1.094489 -1.638790 -1.576914 -1.330055
 -1.460114 -1.230540 -1.296789 -1.598264
 -1.748550 -1.318514 -1.338123 -1.217045
 -1.200519 -1.952854 -1.223776 -1.335693
 -1.217959 -1.337504 -2.079440 -1.149906
 -1.247033 -1.359828 -1.453646 -1.504077
 -1.621670 -1.491992 -1.200938 -1.285198
 -1.305756 -1.531879 -1.367124 -1.354546
 -1.094489 -1.638790 -1.576914 -1.330055
 -1.460114 -1.230540 -1.296789 -1.598264
 -1.748550 -1.318514 -1.338123 -1.217045
 -1.197500 -1.778855 -1.467420 -1.208311
 -1.056053 -1.472946 -2.201183 -1.163942
 -1.219757 -1.219757 -1.708109 -1.477586
 -1.513449 -1.784324 -1.314321 -1.069199
 -1.183066 -1.623622 -1.571437 -1.242255
 -1.216831 -1.382816 -1.852819 -1.216831
 -1.240341 -1.304056 -1.591738 -1.445135
 -1.873252 -1.412728 -1.449095 -0.999358
 -1.197500 -1.778855 -1.467420 -1.208311
 -1.056053 -1.472946 -2.201183 -1.163942
 -1.219757 -1.219757 -1.708109 -1.477586
 -1.513449 -1.784324 -1.314321 -1.069199
 -1.183066 -1.623622 -1.571437 -1.242255
 -1.216831 -1.382816 -1.852819 -1.216831
 -1.240341 -1.304056 -1.591738 -1.445135
 -1.873252 -1.412728 -1.449095 -0.999358
 -15.065413 -15.065413 -15.065413 -0.000001
 -14.816144 -14.816144 -14.816144 -0.000001
 -14.695139 -14.695139 -14.695139 -0.000001
 -14.940441 -14.940441 -14.940441 -0.000001
 -14.862831 -14.862831 -14.862831 -0.000001
 -14.767170 -14.767170 -14.767170 -0.000001
 -14.630877 -14.630877 -14.630877 -0.000001
 -15.158377 -15.158377 -15.158377 -0.000001
 -15.065413 -15.065413 -15.065413 -0.000001
 -14.816144 -14.816144 -14.816144 -0.000001
 -14.695139 -14.695139 -14.695139 -0.000001
 -14.940441 -14.940441 -14.940441 -0.000001
 -14.862831 -14.862831 -14.862831 -0.000001
 -14.767170 -14.767170 -14.767170 -0.000001
 -14.630877 -14.630877 -14.630877 -0.000001
 -15.158377 -15.158377 -15.158377 -0.000001
 -1.386294 -1.386294 -1.386294 -1.386294
 -1.386294 -1.386294 -1.386294 -1.386294
 -1.386294 -1.386294 -1.386294 -1.386294
 -1.614902 -1.494586 -1.303531 -1.186863
 -1.386294 -1.386294 -1.386294 -1.386294
 -1.386294 -1.386294 -1.386294 -1.386294
 -1.386294 -1.386294 -1.386294 -1.386294
 -1.728347 -1.407801 -1.285198 -1.200161
 -1.386294 -1.386294 -1.386294 -1.386294
 -1.386294 -1.386294 -1.386294 -1.386294
 -1.386294 -1.386294 -1.386294 -1.386294
 -1.614902 -1.494586 -1.303531 -1.186863
 -1.386294 -1.386294 -1.386294 -1.386294
 -1.386294 -1.386294 -1.386294 -1.386294
 -1.386294 -1.386294 -1.386294 -1.386294
 -1.728347 -1.407801 -1.285198 -1.200161
 -1.386294 -1.386294 -1.386294 -1.386294
 -1.386294 -1.386294 -1.386294 -1.386294
 -1.386294 -1.386294 -1.386294 -1.386294
 -1.386294 -1.386294 -1.386294 -1.386294
 -1.350254 -1.555853 -1.555853 -1.143169
 -1.172720 -1.523495 -1.920592 -1.120836
 -1.529516 -1.158452 -1.439490 -1.459557
 -1.728464 -1.526340 -1.243572 -1.149607
 -1.386294 -1.386294 -1.386294 -1.386294
 -1.386294 -1.386294 -1.386294 -1.386294
 -1.386294 -1.386294 -1.386294 -1.386294
 -1.386294 -1.386294 -1.386294 -1.386294
 -1.350254 -1.555853 -1.555853 -1.143169
 -1.172720 -1.523495 -1.920592 -1.120836
 -1.529516 -1.158452 -1.439490 -1.459557
 -1.728464 -1.526340 -1.243572 -1.149607
 -1.414579 -1.914534 -1.335798 -1.059545
 -0.801557 -1.939083 -2.180244 -1.222407
 -1.244566 -1.382188 -1.541817 -1.398717
 -1.396802 -1.809334 -1.193574 -1.252763
 -1.352847 -1.694595 -1.289131 -1.264739
 -1.031092 -1.844601 -1.916922 -1.084014
 -1.288738 -1.368781 -1.518312 -1.382767
 -1.703502 -1.637252 -1.111160 -1.223277
 -1.414579 -1.914534 -1.335798 -1.059545
 -0.801557 -1.939083 -2.180244 -1.222407
 -1.244566 -1.382188 -1.541817 -1.398717
 -1.396802 -1.809334 -1.193574 -1.252763
 -1.352847 -1.694595 -1.289131 -1.264739
 -1.031092 -1.844601 -1.916922 -1.084014
 -1.288738 -1.368781 -1.518312 -1.382767
 -1.703502 -1.637252 -1.111160 -1.223277
 -1.270463 -1.938916 -1.221673 -1.270463
 -1.029620 -1.441354 -2.153548 -1.237259
 -1.207812 -1.437386 -1.613276 -1.330414
 -1.487602 -1.502417 -1.288270 -1.288270
 -1.464546 -1.875842 -1.246065 -1.114873
 -0.990399 -1.562918 -2.128230 -1.203973
 -1.414074 -1.188118 -1.565880 -1.414074
 -1.617406 -1.402295 -1.300165 -1.262066
 -1.270463 -1.938916 -1.221673 -1.270463
 -1.029620 -1.441354 -2.153548 -1.237259
 -1.207812 -1.437386 -1.613276 -1.330414
 -1.487602 -1.502417 -1.288270 -1.288270
 -1.464546 -1.875842 -1.246065 -1.114873
 -0.990399 -1.562918 -2.128230 -1.203973
 -1.414074 -1.188118 -1.565880 -1.414074
 -1.617406 -1.402295 -1.300165 -1.262066
 -1.275236 -1.902424 -1.518466 -1.043043
 -0.974159 -1.625632 -2.426408 -1.086637
 -1.262681 -1.656584 -1.426568 -1.251120
 -1.600704 -1.691676 -1.368903 -1.022627
 -1.416651 -1.699777 -1.337662 -1.163816
 -1.071740 -1.617250 -1.835503 -1.205271
 -1.407617 -1.683870 -1.407617 -1.124255
 -1.634917 -1.572396 -1.367602 -1.070704
 -1.275236 -1.902424 -1.518466 -1.043043
 -0.974159 -1.625632 -2.426408 -1.086637
 -1.262681 -1.656584 -1.426568 -1.251120
 -1.600704 -1.691676 -1.368903 -1.022627
 -1.416651 -1.699777 -1.337662 -1.163816
 -1.071740 -1.617250 -1.835503 -1.205271
 -1.407617 -1.683870 -1.407617 -1.124255
 -1.634917 -1.572396 -1.367602 -1.070704
 -1.500804 -1.828491 -1.416247 -0.984114
 -1.533930 -1.511457 -1.791759 -0.923672
 -1.553674 -1.382717 -1.300479 -1.327147
 -1.634130 -1.634130 -1.106776 -1.276068
 -1.327363 -1.875001 -1.224415 -1.246394
 -1.244068 -1.521699 -1.907360 -1.064275
 -1.778855 -1.179738 -1.252763 -1.435084
 -1.739703 -1.862935 -1.061155 -1.129623
 -1.500804 -1.828491 -1.416247 -0.984114
 -1.533930 -1.511457 -1.791759 -0.923672
 -1.553674 -1.382717 -1.300479 -1.327147
 -1.634130 -1.634130 -1.106776 -1.276068
 -1.327363 -1.875001 -1.224415 -1.246394
 -1.244068 -1.521699 -1.907360 -1.064275
 -1.778855 -1.179738 -1.252763 -1.435084
 -1.739703 -1.862935 -1.061155 -1.129623
 -1.312760 -1.343066 -1.688811 -1.254773
 -1.102823 -1.446919 -1.945909 -1.238164
 -1.467420 -1.066661 -1.619226 -1.481604
 -1.559647 -1.665007 -1.477409 -0.987861
 -1.248787 -1.262773 -1.836573 -1.305945
 -1.152680 -1.286211 -1.963608 -1.318472
 -1.344246 -1.171777 -1.430189 -1.659763
 -1.823011 -1.170356 -1.477510 -1.203973
 -1.312760 -1.343066 -1.688811 -1.254773
 -1.102823 -1.446919 -1.945909 -1.238164
 -1.467420 -1.066661 -1.619226 -1.481604
 -1.559647 -1.665007 -1.477409 -0.987861
 -1.248787 -1.262773 -1.836573 -1.305945
 -1.152680 -1.286211 -1.963608 -1.318472
 -1.344246 -1.171777 -1.430189 -1.659763
 -1.823011 -1.170356 -1.477510 -1.203973
 -14.897317 -14.897317 -14.897317 -0.000001
 -15.048072 -15.048072 -15.048072 -0.000001
 -14.626443 -14.626443 -14.626443 -0.000001
 -14.812461 -14.812461 -14.812461 -0.000001
 -14.859316 -14.859316 -14.859316 -0.000001
 -14.924074 -14.924074 -14.924074 -0.000001
 -14.652760 -14.652760 -14.652760 -0.000001
 -15.126544 -15.126544 -15.126544 -0.000001
 -14.897317 -14.897317 -14.897317 -0.000001
 -15.048072 -15.048072 -15.048072 -0.000001
 -14.626443 -14.626443 -14.626443 -0.000001
 -14.812461 -14.812461 -14.812461 -0.000001
 -14.859316 -14.859316 -14.859316 -0.000001
 -14.924074 -14.924074 -14.924074 -0.000001
 -14.652760 -14.652760 -14.652760 -0.000001
 -15.126544 -15.126544 -15.126544 -0.000001
 -1.386294 -1.386294 -1.386294 -1.386294
 -1.386294 -1.386294 -1.386294 -1.386294
 -1.386294 -1.386294 -1.386294 -1.386294
 -16.152498 -16.152498 -0.000000 -16.152498
 -1.386294 -1.386294 -1.386294 -1.386294
 -1.386294 -1.386294 -1.386294 -1.386294
 -1.386294 -1.386294 -1.386294 -1.386294
 -16.371187 -16.371187 -0.000000 -16.371187
 -1.386294 -1.386294 -1.386294 -1.386294
 -1.386294 -1.386294 -1.386294 -1.386294
 -1.386294 -1.386294 -1.386294 -1.386294
 -16.152498 -16.152498 -0.000000 -16.152498
 -1.386294 -1.386294 -1.386294 -1.386294
 -1.386294 -1.386294 -1.386294 -1.386294
 -1.386294 -1.386294 -1.386294 -1.386294
 -16.371187 -16.371187 -0.000000 -16.371187
 -1.386294 -1.386294 -1.386294 -1.386294
 -1.386294 -1.386294 -1.386294 -1.386294
 -1.386294 -1.386294 -1.386294 -1.386294
 -1.386294 -1.386294 -1.386294 -1.386294
 -1.386294 -1.386294 -1.386294 -1.386294
 -1.386294 -1.386294 -1.386294 -1.386294
 -16.960955 0.000000 -16.960955 -16.960955
 -1.386294 -1.386294 -1.386294 -1.386294
 -1.386294 -1.386294 -1.386294 -1.386294
 -1.386294 -1.386294 -1.386294 -1.386294
 -1.386294 -1.386294 -1.386294 -1.386294
 -1.386294 -1.386294 -1.386294 -1.386294
 -1.386294 -1.386294 -1.386294 -1.386294
 -1.386294 -1.386294 -1.386294 -1.386294
 -16.960955 0.000000 -16.960955 -16.960955
 -1.386294 -1.386294 -1.386294 -1.386294
 -1.386294 -1.386294 -1.386294 -1.386294
 0.000000 -16.960955 -16.960955 -16.960955
 -1.386294 -1.386294 -1.386294 -1.386294
 -1.386294 -1.386294 -1.386294 -1.386294
 -1.386294 -1.386294 -1.386294 -1.386294
 -1.386294 -1.386294 -1.386294 -1.386294
 -1.386294 -1.386294 -1.386294 -1.386294
 -1.386294 -1.386294 -1.386294 -1.386294
 -1.386294 -1.386294 -1.386294 -1.386294
 0.000000 -16.960955 -16.960955 -16.960955
 -1.386294 -1.386294 -1.386294 -1.386294
 -1.386294 -1.386294 -1.386294 -1.386294
 -1.386294 -1.386294 -1.386294 -1.386294
 -1.386294 -1.386294 -1.386294 -1.386294
 -1.386294 -1.386294 -1.386294 -1.386294
 -1.386294 -1.386294 -1.386294 -1.386294
 -1.386294 -1.386294 -1.386294 -1.386294
 -1.386294 -1.386294 -1.386294 -1.386294
 -1.386294 -1.386294 -1.386294 -1.386294
 -1.386294 -1.386294 -1.386294 -1.386294
 -16.960955 -16.960955 -0.000000 -16.960955
 -1.386294 -1.386294 -1.386294 -1.386294
 -1.386294 -1.386294 -1.386294 -1.386294
 -1.386294 -1.386294 -1.386294 -1.386294
 -1.386294 -1.386294 -1.386294 -1.386294
 -1.386294 -1.386294 -1.386294 -1.386294
 -1.386294 -1.386294 -1.386294 -1.386294
 -1.386294 -1.386294 -1.386294 -1.386294
 -16.960955 -16.960955 -0.000000 -16.960955
 -1.386294 -1.386294 -1.386294 -1.386294
 -1.386294 -1.386294 -1.386294 -1.386294
 -1.386294 -1.386294 -1.386294 -1.386294
 -1.386294 -1.386294 -1.386294 -1.386294
 -1.386294 -1.386294 -1.386294 -1.386294
 -1.153469 -1.078582 -16.960955 -1.066003
 -1.386294 -1.386294 -1.386294 -1.386294
 -1.386294 -1.386294 -1.386294 -1.386294
 -1.386294 -1.386294 -1.386294 -1.386294
 -1.386294 -1.386294 -1.386294 -1.386294
 -1.386294 -1.386294 -1.386294 -1.386294
 -1.386294 -1.386294 -1.386294 -1.386294
 -1.386294 -1.386294 -1.386294 -1.386294
 -1.153469 -1.078582 -16.960955 -1.066003
 -1.386294 -1.386294 -1.386294 -1.386294
 -1.386294 -1.386294 -1.386294 -1.386294
 -1.386294 -1.386294 -1.386294 -1.386294
 -1.386294 -1.386294 -1.386294 -1.386294
 -1.386294 -1.386294 -1.386294 -1.386294
 -1.154728 -2.022434 -1.509549 -1.104084
 -1.019544 -1.566087 -2.037303 -1.203973
 -1.386294 -1.386294 -1.386294 -1.386294
 -1.491655 -1.817077 -1.351893 -1.039165
 -1.386294 -1.386294 -1.386294 -1.386294
 -1.386294 -1.386294 -1.386294 -1.386294
 -1.386294 -1.386294 -1.386294 -1.386294
 -1.386294 -1.386294 -1.386294 -1.386294
 -1.154728 -2.022434 -1.509549 -1.104084
 -1.019544 -1.566087 -2.037303 -1.203973
 -1.386294 -1.386294 -1.386294 -1.386294
 -1.491655 -1.817077 -1.351893 -1.039165
 -1.386294 -1.386294 -1.386294 -1.386294
 -1.386294 -1.386294 -1.386294 -1.386294
 -1.386294 -1.386294 -1.386294 -1.386294
 -1.386294 -1.386294 -1.386294 -1.386294
 -1.165752 -1.858898 -1.193923 -1.472126
 -0.937126 -2.009758 -1.866658 -1.140725
 -1.280934 -1.532248 -1.349927 -1.398717
 -1.522769 -1.708871 -1.123614 -1.288369
 -1.138091 -1.772589 -1.405839 -1.329853
 -0.977446 -1.643924 -2.076056 -1.187166
 -1.214784 -1.432507 -1.488077 -1.432507
 -1.500238 -1.590389 -1.326575 -1.178655
 -1.165752 -1.858898 -1.193923 -1.472126
 -0.937126 -2.009758 -1.866658 -1.140725
 -1.280934 -1.532248 -1.349927 -1.398717
 -1.522769 -1.708871 -1.123614 -1.288369
 -1.138091 -1.772589 -1.405839 -1.329853
 -0.977446 -1.643924 -2.076056 -1.187166
 -1.214784 -1.432507 -1.488077 -1.432507
 -1.500238 -1.590389 -1.326575 -1.178655
 -2.716914 0.000100 0.000100 0.000100
 -3.010040 0.000100 0.000100 0.000100
 -2.860265 0.000100 0.000100 0.000100
 -2.723450 0.000100 0.000100 0.000100
 -2.750030 0.000100 0.000100 0.000100
 -2.918309 0.000100 0.000100 0.000100
 -2.777335 0.000100 0.000100 0.000100
 -2.506226 0.000100 0.000100 0.000100
 -2.716914 0.000100 0.000100 0.000100
 -3.010040 0.000100 0.000100 0.000100
 -2.860265 0.000100 0.000100 0.000100
 -2.723450 0.000100 0.000100 0.000100
 -2.750030 0.000100 0.000100 0.000100
 -2.918309 0.000100 0.000100 0.000100
 -2.777335 0.000100 0.000100 0.000100
 -2.506226 0.000100 0.000100 0.000100
 -1.092119 -1.835027 -1.332399 -1.422783
 -1.185227 -1.339378 -1.878373 -1.274839
 -1.378804 -1.279431 -1.505959 -1.393842
 -1.712978 -1.561428 -1.254404 -1.125192
 -1.251081 -1.519345 -1.599387 -1.227824
 -1.131004 -1.398319 -2.124254 -1.168744
 -1.335693 -1.189090 -1.507543 -1.555553
 -1.732843 -1.394241 -1.274097 -1.219038
 -1.092119 -1.835027 -1.332399 -1.422783
 -1.185227 -1.339378 -1.878373 -1.274839
 -1.378804 -1.279431 -1.505959 -1.393842
 -1.712978 -1.561428 -1.254404 -1.125192
 -1.251081 -1.519345 -1.599387 -1.227824
 -1.131004 -1.398319 -2.124254 -1.168744
 -1.335693 -1.189090 -1.507543 -1.555553
 -1.732843 -1.394241 -1.274097 -1.219038
 -0.981837 -1.890095 -1.724580 -1.217151
 -1.131765 -1.386294 -1.906828 -1.276596
 -1.121602 -1.432814 -1.586965 -1.465075
 -1.619909 -1.488573 -1.372501 -1.130361
 -1.466337 -1.639179 -1.332806 -1.166821
 -1.019670 -1.591738 -1.828126 -1.290984
 -1.509908 -1.304464 -1.158511 -1.640936
 -1.632361 -1.617972 -1.251348 -1.139081
 -0.981837 -1.890095 -1.724580 -1.217151
 -1.131765 -1.386294 -1.906828 -1.276596
 -1.121602 -1.432814 -1.586965 -1.465075
 -1.619909 -1.488573 -1.372501 -1.130361
 -1.466337 -1.639179 -1.332806 -1.166821
 -1.019670 -1.591738 -1.828126 -1.290984
 -1.509908 -1.304464 -1.158511 -1.640936
 -1.632361 -1.617972 -1.251348 -1.139081
 -1.442384 -1.550597 -1.299283 -1.277304
 -1.044992 -1.532006 -2.244954 -1.120027
 -1.349390 -1.293037 -1.523053 -1.393842
 -1.676246 -1.899389 -1.029620 -1.183770
 -1.493062 -1.927100 -1.255933 -1.064395
 -1.157802 -1.803319 -1.850947 -1.010644
 -1.256617 -1.371027 -1.609438 -1.341174
 -1.651997 -1.568616 -1.261131 -1.149906
 -1.442384 -1.550597 -1.299283 -1.277304
 -1.044992 -1.532006 -2.244954 -1.120027
 -1.349390 -1.293037 -1.523053 -1.393842
 -1.676246 -1.899389 -1.029620 -1.183770
 -1.493062 -1.927100 -1.255933 -1.064395
 -1.157802 -1.803319 -1.850947 -1.010644
 -1.256617 -1.371027 -1.609438 -1.341174
 -1.651997 -1.568616 -1.261131 -1.149906
 -1.112406 -1.687769 -1.517871 -1.320045
 -1.210530 -1.498212 -1.590019 -1.292768
 -1.352393 -1.421386 -1.435774 -1.339148
 -1.551450 -1.609438 -1.336794 -1.122783
 -1.309718 -1.539292 -1.659093 -1.123132
 -1.391000 -1.647720 -1.577102 -1.043805
 -1.549029 -1.319012 -1.450589 -1.252763
 -1.869146 -1.220059 -1.375712 -1.211090
 -1.112406 -1.687769 -1.517871 -1.320045
 -1.210530 -1.498212 -1.590019 -1.292768
 -1.352393 -1.421386 -1.435774 -1.339148
 -1.551450 -1.609438 -1.336794 -1.122783
 -1.309718 -1.539292 -1.659093 -1.123132
 -1.391000 -1.647720 -1.577102 -1.043805
 -1.549029 -1.319012 -1.450589 -1.252763
 -1.869146 -1.220059 -1.375712 -1.211090
 -1.272501 -1.599713 -1.357400 -1.344821
 -1.102481 -1.625002 -1.795627 -1.187380
 -1.110589 -1.468986 -1.791759 -1.295323
 -1.726454 -1.567389 -1.142507 -1.222549
 -1.363305 -1.621134 -1.621134 -1.053150
 -1.238374 -1.708377 -1.813738 -1.005281
 -1.354546 -1.623878 -1.313724 -1.287406
 -1.932341 -1.359339 -1.425296 -1.027436
 -1.272501 -1.599713 -1.357400 -1.344821
 -1.102481 -1.625002 -1.795627 -1.187380
 -1.110589 -1.468986 -1.791759 -1.295323
 -1.726454 -1.567389 -1.142507 -1.222549
 -1.363305 -1.621134 -1.621134 -1.053150
 -1.238374 -1.708377 -1.813738 -1.005281
 -1.354546 -1.623878 -1.313724 -1.287406
 -1.932341 -1.359339 -1.425296 -1.027436
 -1.205059 -1.855646 -1.409360 -1.205059
 -1.201028 -1.894173 -1.924026 -0.909676
 -1.275282 -1.502055 -1.558144 -1.246709
 -1.766758 -1.661397 -1.140622 -1.140622
 -1.513143 -1.513143 -1.434363 -1.135381
 -1.202706 -1.564821 -1.908591 -1.072345
 -1.540445 -1.415282 -1.290984 -1.317302
 -1.718353 -1.639365 -1.156783 -1.164626
 -1.205059 -1.855646 -1.409360 -1.205059
 -1.201028 -1.894173 -1.924026 -0.909676
 -1.275282 -1.502055 -1.558144 -1.246709
 -1.766758 -1.661397 -1.140622 -1.140622
 -1.513143 -1.513143 -1.434363 -1.135381
 -1.202706 -1.564821 -1.908591 -1.072345
 -1.540445 -1.415282 -1.290984 -1.317302
 -1.718353 -1.639365 -1.156783 -1.164626
 -1.272459 -1.690663 -1.483024 -1.175999
 -1.257083 -1.369200 -1.809150 -1.212631
 -1.241713 -1.378914 -1.591088 -1.364316
 -1.600305 -1.570452 -1.335613 -1.117132
 -1.364633 -1.624144 -1.379022 -1.218679
 -1.022627 -1.645155 -1.715773 -1.318472
 -1.218474 -1.363305 -1.502417 -1.487602
 -1.824060 -1.525079 -1.277517 -1.072073
 -1.272459 -1.690663 -1.483024 -1.175999
 -1.257083 -1.369200 -1.809150 -1.212631
 -1.241713 -1.378914 -1.591088 -1.364316
 -1.600305 -1.570452 -1.335613 -1.117132
 -1.364633 -1.624144 -1.379022 -1.218679
 -1.022627 -1.645155 -1.715773 -1.318472
 -1.218474 -1.363305 -1.502417 -1.487602
 -1.824060 -1.525079 -1.277517 -1.072073
 -1.324926 -1.843719 -1.267106 -1.223143
 -1.168744 -1.654251 -1.914534 -1.048117
 -1.446919 -1.321756 -1.570971 -1.237199
 -1.593177 -1.545924 -1.389578 -1.095339
 -1.400683 -1.664497 -1.344330 -1.192139
 -0.965562 -1.847109 -1.897119 -1.166233
 -1.536867 -1.441557 -1.261764 -1.327147
 -1.805110 -1.489594 -1.337125 -1.057048
 -1.324926 -1.843719 -1.267106 -1.223143
 -1.168744 -1.654251 -1.914534 -1.048117
 -1.446919 -1.321756 -1.570971 -1.237199
 -1.593177 -1.545924 -1.389578 -1.095339
 -1.400683 -1.664497 -1.344330 -1.192139
 -0.965562 -1.847109 -1.897119 -1.166233
 -1.536867 -1.441557 -1.261764 -1.327147
 -1.805110 -1.489594 -1.337125 -1.057048
 -1.066177 -1.920591 -1.450589 -1.291984
 -1.111352 -1.683870 -2.002323 -1.049220
 -1.509192 -1.289131 -1.606042 -1.194944
 -1.368057 -1.779564 -1.298261 -1.191778
 -1.458615 -1.699777 -1.376377 -1.101940
 -1.158976 -1.544638 -2.010726 -1.082015
 -1.431108 -1.366570 -1.398319 -1.351066
 -1.692387 -1.474663 -1.260254 -1.192431
 -1.066177 -1.920591 -1.450589 -1.291984
 -1.111352 -1.683870 -2.002323 -1.049220
 -1.509192 -1.289131 -1.606042 -1.194944
 -1.368057 -1.779564 -1.298261 -1.191778
 -1.458615 -1.699777 -1.376377 -1.101940
 -1.158976 -1.544638 -2.010726 -1.082015
 -1.431108 -1.366570 -1.398319 -1.351066
 -1.692387 -1.474663 -1.260254 -1.192431
 -1.200519 -1.952854 -1.223776 -1.335693
 -1.217959 -1.337504 -2.079440 -1.149906
 -1.247033 -1.359828 -1.453646 -1.504077
 -1.621670 -1.491992 -1.200938 -1.285198
 -1.305756 -1.531879 -1.367124 -1.354546
 -1.094489 -1.638790 -1.576914 -1.330055
 -1.460114 -1.230540 -1.296789 -1.598264
 -1.748550 -1.318514 -1.338123 -1.217045
 -1.200519 -1.952854 -1.223776 -1.335693
 -1.217959 -1.337504 -2.079440 -1.149906
 -1.247033 -1.359828 -1.453646 -1.504077
 -1.621670 -1.491992 -1.200938 -1.285198
 -1.305756 -1.531879 -1.367124 -1.354546
 -1.094489 -1.638790 -1.576914 -1.330055
 -1.460114 -1.230540 -1.296789 -1.598264
 -1.748550 -1.318514 -1.338123 -1.217045
 -1.197500 -1.778855 -1.467420 -1.208311
 -1.056053 -1.472946 -2.201183 -1.163942
 -1.219757 -1.219757 -1.708109 -1.477586
 -1.513449 -1.784324 -1.314321 -1.069199
 -1.183066 -1.623622 -1.571437 -1.242255
 -1.216831 -1.382816 -1.852819 -1.216831
 -1.240341 -1.304056 -1.591738 -1.445135
 -1.873252 -1.412728 -1.449095 -0.999358
 -1.197500 -1.778855 -1.467420 -1.208311
 -1.056053 -1.472946 -2.201183 -1.163942
 -1.219757 -1.219757 -1.708109 -1.477586
 -1.513449 -1.784324 -1.314321 -1.069199
 -1.183066 -1.623622 -1.571437 -1.242255
 -1.216831 -1.382816 -1.852819 -1.216831
 -1.240341 -1.304056 -1.591738 -1.445135
 -1.873252 -1.412728 -1.449095 -0.999358
 -15.065413 -15.065413 -15.065413 -0.000001
 -14.816144 -14.816144 -14.816144 -0.000001
 -14.695139 -14.695139 -14.695139 -0.000001
 -14.940441 -14.940441 -14.940441 -0.000001
 -14.862831 -14.862831 -14.862831 -0.000001
 -14.767170 -14.767170 -14.767170 -0.000001
 -14.630877 -14.630877 -14.630877 -0.000001
 -15.158377 -15.158377 -15.158377 -0.000001
 -15.065413 -15.065413 -15.065413 -0.000001
 -14.816144 -14.816144 -14.816144 -0.000001
 -14.695139 -14.695139 -14.695139 -0.000001
 -14.940441 -14.940441 -14.940441 -0.000001
 -14.862831 -14.862831 -14.862831 -0.000001
 -14.767170 -14.767170 -14.767170 -0.000001
 -14.630877 -14.630877 -14.630877 -0.000001
 -15.158377 -15.158377 -15.158377 -0.000001
 -1.386294 -1.386294 -1.386294 -1.386294
 -1.386294 -1.386294 -1.386294 -1.386294
 -1.386294 -1.386294 -1.386294 -1.386294
 -1.614902 -1.494586 -1.303531 -1.186863
 -1.386294 -1.386294 -1.386294 -1.386294
 -1.386294 -1.386294 -1.386294 -1.386294
 -1.386294 -1.386294 -1.386294 -1.386294
 -1.728347 -1.407801 -1.285198 -1.200161
 -1.386294 -1.386294 -1.386294 -1.386294
 -1.386294 -1.386294 -1.386294 -1.386294
 -1.386294 -1.386294 -1.386294 -1.386294
 -1.614902 -1.494586 -1.303531 -1.186863
 -1.386294 -1.386294 -1.386294 -1.386294
 -1.386294 -1.386294 -1.386294 -1.386294
 -1.386294 -1.386294 -1.386294 -1.386294
 -1.728347 -1.407801 -1.285198 -1.200161
 -1.386294 -1.386294 -1.386294 -1.386294
 -1.386294 -1.386294 -1.386294 -1.386294
 -1.386294 -1.386294 -1.386294 -1.386294
 -1.386294 -1.386294 -1.386294 -1.386294
 -1.350254 -1.555853 -1.555853 -1.143169
 -1.172720 -1.523495 -1.920592 -1.120836
 -1.529516 -1.158452 -1.439490 -1.459557
 -1.728464 -1.526340 -1.243572 -1.149607
 -1.386294 -1.386294 -1.386294 -1.386294
 -1.386294 -1.386294 -1.386294 -1.386294
 -1.386294 -1.386294 -1.386294 -1.386294
 -1.386294 -1.386294 -1.386294 -1.386294
 -1.350254 -1.555853 -1.555853 -1.143169
 -1.172720 -1.523495 -1.920592 -1.120836
 -1.529516 -1.158452 -1.439490 -1.459557
 -1.728464 -1.526340 -1.243572 -1.149607
 -1.414579 -1.914534 -1.335798 -1.059545
 -0.801557 -1.939083 -2.180244 -1.222407
 -1.244566 -1.382188 -1.541817 -1.398717
 -1.396802 -1.809334 -1.193574 -1.252763
 -1.352847 -1.694595 -1.289131 -1.264739
 -1.031092 -1.844601 -1.916922 -1.084014
 -1.288738 -1.368781 -1.518312 -1.382767
 -1.703502 -1.637252 -1.111160 -1.223277
 -1.414579 -1.914534 -1.335798 -1.059545
 -0.801557 -1.939083 -2.180244 -1.222407
 -1.244566 -1.382188 -1.541817 -1.398717
 -1.396802 -1.809334 -1.193574 -1.252763
 -1.352847 -1.694595 -1.289131 -1.264739
 -1.031092 -1.844601 -1.916922 -1.084014
 -1.288738 -1.368781 -1.518312 -1.382767
 -1.703502 -1.637252 -1.111160 -1.223277
 -1.270463 -1.938916 -1.221673 -1.270463
 -1.029620 -1.441354 -2.153548 -1.237259
 -1.207812 -1.437386 -1.613276 -1.330414
 -1.487602 -1.502417 -1.288270 -1.288270
 -1.464546 -1.875842 -1.246065 -1.114873
 -0.990399 -1.562918 -2.128230 -1.203973
 -1.414074 -1.188118 -1.565880 -1.414074
 -1.617406 -1.402295 -1.300165 -1.262066
 -1.270463 -1.938916 -1.221673 -1.270463
 -1.029620 -1.441354 -2.153548 -1.237259
 -1.207812 -1.437386 -1.613276 -1.330414
 -1.487602 -1.502417 -1.288270 -1.288270
 -1.464546 -1.875842 -1.246065 -1.114873
 -0.990399 -1.562918 -2.128230 -1.203973
 -1.414074 -1.188118 -1.565880 -1.414074
 -1.617406 -1.402295 -1.300165 -1.262066
 -1.275236 -1.902424 -1.518466 -1.043043
 -0.974159 -1.625632 -2.426408 -1.086637
 -1.262681 -1.656584 -1.426568 -1.251120
 -1.600704 -1.691676 -1.368903 -1.022627
 -1.416651 -1.699777 -1.337662 -1.163816
 -1.071740 -1.617250 -1.835503 -1.205271
 -1.407617 -1.683870 -1.407617 -1.124255
 -1.634917 -1.572396 -1.367602 -1.070704
 -1.275236 -1.902424 -1.518466 -1.043043
 -0.974159 -1.625632 -2.426408 -1.086637
 -1.262681 -1.656584 -1.426568 -1.251120
 -1.600704 -1.691676 -1.368903 -1.022627
 -1.416651 -1.699777 -1.337662 -1.163816
 -1.071740 -1.617250 -1.835503 -1.205271
 -1.407617 -1.683870 -1.407617 -1.124255
 -1.634917 -1.572396 -1.367602 -1.070704
 -1.500804 -1.828491 -1.416247 -0.984114
 -1.533930 -1.511457 -1.791759 -0.923672
 -1.553674 -1.382717 -1.300479 -1.327147
 -1.634130 -1.634130 -1.106776 -1.276068
 -1.327363 -1.875001 -1.224415 -1.246394
 -1.244068 -1.521699 -1.907360 -1.064275
 -1.778855 -1.179738 -1.252763 -1.435084
 -1.739703 -1.862935 -1.061155 -1.129623
 -1.500804 -1.828491 -1.416247 -0.984114
 -1.533930 -1.511457 -1.791759 -0.923672
 -1.553674 -1.382717 -1.300479 -1.327147
 -1.634130 -1.634130 -1.106776 -1.276068
 -1.327363 -1.875001 -1.224415 -1.246394
 -1.244068 -1.521699 -1.907360 -1.064275
 -1.778855 -1.179738 -1.252763 -1.435084
 -1.739703 -1.862935 -1.061155 -1.129623
 -1.312760 -1.343066 -1.688811 -1.254773
 -1.102823 -1.446919 -1.945909 -1.238164
 -1.467420 -1.066661 -1.619226 -1.481604
 -1.559647 -1.665007 -1.477409 -0.987861
 -1.248787 -1.262773 -1.836573 -1.305945
 -1.152680 -1.286211 -1.963608 -1.318472
 -1.344246 -1.171777 -1.430189 -1.659763
 -1.823011 -1.170356 -1.477510 -1.203973
 -1.312760 -1.343066 -1.688811 -1.254773
 -1.102823 -1.446919 -1.945909 -1.238164
 -1.467420 -1.066661 -1.619226 -1.481604
 -1.559647 -1.665007 -1.477409 -0.987861
 -1.248787 -1.262773 -1.836573 -1.305945
 -1.152680 -1.286211 -1.963608 -1.318472
 -1.344246 -1.171777 -1.430189 -1.659763
 -1.823011 -1.170356 -1.477510 -1.203973
 -14.897317 -14.897317 -14.897317 -0.000001
 -15.048072 -15.048072 -15.048072 -0.000001
 -14.626443 -14.626443 -14.626443 -0.000001
 -14.812461 -14.812461 -14.812461 -0.000001
 -14.859316 -14.859316 -14.859316 -0.000001
 -14.924074 -14.924074 -14.924074 -0.000001
 -14.652760 -14.652760 -14.652760 -0.000001
 -15.126544 -15.126544 -15.126544 -0.000001
 -14.897317 -14.897317 -14.897317 -0.000001
 -15.048072 -15.048072 -15.048072 -0.000001
 -14.626443 -14.626443 -14.626443 -0.000001
 -14.812461 -14.812461 -14.812461 -0.000001
 -14.859316 -14.859316 -14.859316 -0.000001
 -14.924074 -14.924074 -14.924074 -0.000001
 -14.652760 -14.652760 -14.652760 -0.000001
 -15.126544 -15.126544 -15.126544 -0.000001
 -1.386294 -1.386294 -1.386294 -1.386294
 -1.386294 -1.386294 -1.386294 -1.386294
 -1.386294 -1.386294 -1.386294 -1.386294
 -16.152498 -16.152498 -0.000000 -16.152498
 -1.386294 -1.386294 -1.386294 -1.386294
 -1.386294 -1.386294 -1.386294 -1.386294
 -1.386294 -1.386294 -1.386294 -1.386294
 -16.371187 -16.371187 -0.000000 -16.371187
 -1.386294 -1.386294 -1.386294 -1.386294
 -1.386294 -1.386294 -1.386294 -1.386294
 -1.386294 -1.386294 -1.386294 -1.386294
 -16.152498 -16.152498 -0.000000 -16.152498
 -1.386294 -1.386294 -1.386294 -1.386294
 -1.386294 -1.386294 -1.386294 -1.386294
 -1.386294 -1.386294 -1.386294 -1.386294
 -16.371187 -16.371187 -0.000000 -16.371187
 -1.386294 -1.386294 -1.386294 -1.386294
 -1.386294 -1.386294 -1.386294 -1.386294
 -1.386294 -1.386294 -1.386294 -1.386294
 -1.386294 -1.386294 -1.386294 -1.386294
 -1.386294 -1.386294 -1.386294 -1.386294
 -1.386294 -1.386294 -1.386294 -1.386294
 -16.960955 0.000000 -16.960955 -16.960955
 -1.386294 -1.386294 -1.386294 -1.386294
 -1.386294 -1.386294 -1.386294 -1.386294
 -1.386294 -1.386294 -1.386294 -1.386294
 -1.386294 -1.386294 -1.386294 -1.386294
 -1.386294 -1.386294 -1.386294 -1.386294
 -1.386294 -1.386294 -1.386294 -1.386294
 -1.386294 -1.386294 -1.386294 -1.386294
 -16.960955 0.000000 -16.960955 -16.960955
 -1.386294 -1.386294 -1.386294 -1.386294
 -1.386294 -1.386294 -1.386294 -1.386294
 0.000000 -16.960955 -16.960955 -16.960955
 -1.386294 -1.386294 -1.386294 -1.386294
 -1.386294 -1.386294 -1.386294 -1.386294
 -1.386294 -1.386294 -1.386294 -1.386294
 -1.386294 -1.386294 -1.386294 -1.386294
 -1.386294 -1.386294 -1.386294 -1.386294
 -1.386294 -1.386294 -1.386294 -1.386294
 -1.386294 -1.386294 -1.386294 -1.386294
 0.000000 -16.960955 -16.960955 -16.960955
 -1.386294 -1.386294 -1.386294 -1.386294
 -1.386294 -1.386294 -1.386294 -1.386294
 -1.386294 -1.386294 -1.386294 -1.386294
 -1.386294 -1.386294 -1.386294 -1.386294
 -1.386294 -1.386294 -1.386294 -1.386294
 -1.386294 -1.386294 -1.386294 -1.386294
 -1.386294 -1.386294 -1.386294 -1.386294
 -1.386294 -1.386294 -1.386294 -1.386294
 -1.386294 -1.386294 -1.386294 -1.386294
 -1.386294 -1.386294 -1.386294 -1.386294
 -16.960955 -16.960955 -0.000000 -16.960955
 -1.386294 -1.386294 -1.386294 -1.386294
 -1.386294 -1.386294 -1.386294 -1.386294
 -1.386294 -1.386294 -1.386294 -1.386294
 -1.386294 -1.386294 -1.386294 -1.386294
 -1.386294 -1.386294 -1.386294 -1.386294
 -1.386294 -1.386294 -1.386294 -1.386294
 -1.386294 -1.386294 -1.386294 -1.386294
 -16.960955 -16.960955 -0.000000 -16.960955
 -1.386294 -1.386294 -1.386294 -1.386294
 -1.386294 -1.386294 -1.386294 -1.386294
 -1.386294 -1.386294 -1.386294 -1.386294
 -1.386294 -1.386294 -1.386294 -1.386294
 -1.386294 -1.386294 -1.386294 -1.386294
 -1.153469 -1.078582 -16.960955 -1.066003
 -1.386294 -1.386294 -1.386294 -1.386294
 -1.386294 -1.386294 -1.386294 -1.386294
 -1.386294 -1.386294 -1.386294 -1.386294
 -1.386294 -1.386294 -1.386294 -1.386294
 -1.386294 -1.386294 -1.386294 -1.386294
 -1.386294 -1.386294 -1.386294 -1.386294
 -1.386294 -1.386294 -1.386294 -1.386294
 -1.153469 -1.078582 -16.960955 -1.066003
 -1.386294 -1.386294 -1.386294 -1.386294
 -1.386294 -1.386294 -1.386294 -1.386294
 -1.386294 -1.386294 -1.386294 -1.386294
 -1.386294 -1.386294 -1.386294 -1.386294
 -1.386294 -1.386294 -1.386294 -1.386294
 -1.154728 -2.022434 -1.509549 -1.104084
 -1.019544 -1.566087 -2.037303 -1.203973
 -1.386294 -1.386294 -1.386294 -1.386294
 -1.491655 -1.817077 -1.351893 -1.039165
 -1.386294 -1.386294 -1.386294 -1.386294
 -1.386294 -1.386294 -1.386294 -1.386294
 -1.386294 -1.386294 -1.386294 -1.386294
 -1.386294 -1.386294 -1.386294 -1.386294
 -1.154728 -2.022434 -1.509549 -1.104084
 -1.019544 -1.566087 -2.037303 -1.203973
 -1.386294 -1.386294 -1.386294 -1.386294
 -1.491655 -1.817077 -1.351893 -1.039165
 -1.386294 -1.386294 -1.386294 -1.386294
 -1.386294 -1.386294 -1.386294 -1.386294
 -1.386294 -1.386294 -1.386294 -1.386294
 -1.386294 -1.386294 -1.386294 -1.386294
 -1.165752 -1.858898 -1.193923 -1.472126
 -0.937126 -2.009758 -1.866658 -1.140725
 -1.280934 -1.532248 -1.349927 -1.398717
 -1.522769 -1.708871 -1.123614 -1.288369
 -1.138091 -1.772589 -1.405839 -1.329853
 -0.977446 -1.643924 -2.076056 -1.187166
 -1.214784 -1.432507 -1.488077 -1.432507
 -1.500238 -1.590389 -1.326575 -1.178655
 -1.165752 -1.858898 -1.193923 -1.472126
 -0.937126 -2.009758 -1.866658 -1.140725
 -1.280934 -1.532248 -1.349927 -1.398717
 -1.522769 -1.708871 -1.123614 -1.288369
 -1.138091 -1.772589 -1.405839 -1.329853
 -0.977446 -1.643924 -2.076056 -1.187166
 -1.214784 -1.432507 -1.488077 -1.432507
 -1.500238 -1.590389 -1.326575 -1.178655
