 -3.215856 0.000100 0.000100 0.000100
 -2.537899 0.000100 0.000100 0.000100
 -2.466528 0.000100 0.000100 0.000100
 -3.200893 0.000100 0.000100 0.000100
 -3.220894 0.000100 0.000100 0.000100
 -2.545582 0.000100 0.000100 0.000100
 -2.420116 0.000100 0.000100 0.000100
 -3.036890 0.000100 0.000100 0.000100
 -3.215856 0.000100 0.000100 0.000100
 -2.537899 0.000100 0.000100 0.000100
 -2.466528 0.000100 0.000100 0.000100
 -3.200893 0.000100 0.000100 0.000100
 -3.220894 0.000100 0.000100 0.000100
 -2.545582 0.000100 0.000100 0.000100
 -2.420116 0.000100 0.000100 0.000100
 -3.036890 0.000100 0.000100 0.000100
 -1.361479 -1.859316 -1.059199 -1.422104
 -1.471452 -1.317302 -1.103728 -1.766569
 -1.230449 -1.351285 -1.255141 -1.808526
 -1.811759 -1.479626 -1.059773 -1.337976
 -1.356441 -1.438119 -1.245216 -1.527067
 -1.348459 -1.606870 -1.036326 -1.686913
 -1.771556 -1.309922 -0.941551 -1.771556
 -1.888751 -1.252763 -1.141538 -1.411828
 -1.361479 -1.859316 -1.059199 -1.422104
 -1.471452 -1.317302 -1.103728 -1.766569
 -1.230449 -1.351285 -1.255141 -1.808526
 -1.811759 -1.479626 -1.059773 -1.337976
 -1.356441 -1.438119 -1.245216 -1.527067
 -1.348459 -1.606870 -1.036326 -1.686913
 -1.771556 -1.309922 -0.941551 -1.771556
 -1.888751 -1.252763 -1.141538 -1.411828
 -1.192923 -1.771956 -1.334335 -1.334335
 -1.223776 -1.518892 -1.716251 -1.180291
 -1.183451 -1.215200 -1.666033 -1.569573
 -1.609437 -1.489293 -1.348712 -1.155521
 -1.312186 -1.483144 -1.517630 -1.256617
 -1.287013 -1.616194 -1.216395 -1.474224
 -1.280934 -1.371906 -1.280934 -1.656418
 -1.783790 -1.102621 -1.570217 -1.231002
 -1.192923 -1.771956 -1.334335 -1.334335
 -1.223776 -1.518892 -1.716251 -1.180291
 -1.183451 -1.215200 -1.666033 -1.569573
 -1.609437 -1.489293 -1.348712 -1.155521
 -1.312186 -1.483144 -1.517630 -1.256617
 -1.287013 -1.616194 -1.216395 -1.474224
 -1.280934 -1.371906 -1.280934 -1.656418
 -1.783790 -1.102621 -1.570217 -1.231002
 -1.683926 -1.310067 -0.913819 -1.940971
 -1.636345 -1.172040 -1.021979 -1.997358
 -1.671958 -0.850333 -1.380252 -2.014902
 -2.209841 -1.130462 -0.928910 -1.757857
 -2.009171 -1.110173 -1.170072 -1.486983
 -1.784154 -1.125694 -1.224539 -1.542993
 -1.738514 -1.079270 -1.241113 -1.633154
 -2.737605 -1.014843 -1.079381 -1.456675
 -1.683926 -1.310067 -0.913819 -1.940971
 -1.636345 -1.172040 -1.021979 -1.997358
 -1.671958 -0.850333 -1.380252 -2.014902
 -2.209841 -1.130462 -0.928910 -1.757857
 -2.009171 -1.110173 -1.170072 -1.486983
 -1.784154 -1.125694 -1.224539 -1.542993
 -1.738514 -1.079270 -1.241113 -1.633154
 -2.737605 -1.014843 -1.079381 -1.456675
 -1.595707 -1.372564 -1.131402 -1.508696
 -1.514773 -1.285198 -1.050160 -1.872984
 -1.416754 -1.212341 -1.179280 -1.880590
 -2.093760 -1.257514 -1.162204 -1.274321
 -1.550597 -1.344745 -1.368276 -1.299283
 -1.398717 -1.597168 -0.966935 -1.769780
 -1.719979 -1.267995 -1.059839 -1.644944
 -1.937213 -1.306588 -1.229030 -1.229030
 -1.595707 -1.372564 -1.131402 -1.508696
 -1.514773 -1.285198 -1.050160 -1.872984
 -1.416754 -1.212341 -1.179280 -1.880590
 -2.093760 -1.257514 -1.162204 -1.274321
 -1.550597 -1.344745 -1.368276 -1.299283
 -1.398717 -1.597168 -0.966935 -1.769780
 -1.719979 -1.267995 -1.059839 -1.644944
 -1.937213 -1.306588 -1.229030 -1.229030
 -1.163942 -1.949869 -1.151363 -1.472946
 -1.217876 -1.380395 -1.779994 -1.258698
 -1.163151 -1.130361 -1.673976 -1.731134
 -1.884540 -1.373716 -1.407617 -1.049220
 -1.280934 -1.891842 -1.451892 -1.086778
 -1.467376 -1.467376 -1.537334 -1.127051
 -1.313172 -1.460225 -1.304662 -1.480226
 -2.034320 -1.417547 -1.298002 -1.038893
 -1.163942 -1.949869 -1.151363 -1.472946
 -1.217876 -1.380395 -1.779994 -1.258698
 -1.163151 -1.130361 -1.673976 -1.731134
 -1.884540 -1.373716 -1.407617 -1.049220
 -1.280934 -1.891842 -1.451892 -1.086778
 -1.467376 -1.467376 -1.537334 -1.127051
 -1.313172 -1.460225 -1.304662 -1.480226
 -2.034320 -1.417547 -1.298002 -1.038893
 -1.861492 -1.301877 -0.899592 -1.796954
 -1.657392 -1.136096 -1.075471 -1.916253
 -1.606403 -0.959776 -1.231710 -2.082484
 -1.865371 -1.270664 -0.974399 -1.676129
 -1.647020 -1.292476 -1.115142 -1.585145
 -1.483024 -1.547562 -1.056940 -1.547562
 -1.780063 -1.086917 -1.122423 -1.780063
 -2.213352 -1.044124 -1.156242 -1.496109
 -1.861492 -1.301877 -0.899592 -1.796954
 -1.657392 -1.136096 -1.075471 -1.916253
 -1.606403 -0.959776 -1.231710 -2.082484
 -1.865371 -1.270664 -0.974399 -1.676129
 -1.647020 -1.292476 -1.115142 -1.585145
 -1.483024 -1.547562 -1.056940 -1.547562
 -1.780063 -1.086917 -1.122423 -1.780063
 -2.213352 -1.044124 -1.156242 -1.496109
 -1.332227 -1.791759 -1.057791 -1.504077
 -1.365675 -1.462006 -1.130361 -1.660183
 -1.466337 -1.210404 -1.178655 -1.811177
 -2.197222 -1.438119 -0.857451 -1.481604
 -1.540445 -1.496960 -1.321756 -1.219973
 -1.405137 -1.508085 -1.082739 -1.636466
 -1.440617 -1.207812 -1.170071 -1.870653
 -2.071343 -1.148623 -1.174598 -1.394458
 -1.332227 -1.791759 -1.057791 -1.504077
 -1.365675 -1.462006 -1.130361 -1.660183
 -1.466337 -1.210404 -1.178655 -1.811177
 -2.197222 -1.438119 -0.857451 -1.481604
 -1.540445 -1.496960 -1.321756 -1.219973
 -1.405137 -1.508085 -1.082739 -1.636466
 -1.440617 -1.207812 -1.170071 -1.870653
 -2.071343 -1.148623 -1.174598 -1.394458
 -1.264459 -1.646667 -1.325084 -1.350402
 -1.354175 -1.389266 -1.831098 -1.101584
 -1.248963 -1.188859 -1.569631 -1.606903
 -1.740057 -1.390384 -1.119232 -1.390384
 -1.258955 -1.522769 -1.581038 -1.230382
 -1.431052 -1.742488 -1.287013 -1.171944
 -1.575942 -1.309063 -1.300094 -1.383864
 -1.768228 -1.339774 -1.386294 -1.147403
 -1.264459 -1.646667 -1.325084 -1.350402
 -1.354175 -1.389266 -1.831098 -1.101584
 -1.248963 -1.188859 -1.569631 -1.606903
 -1.740057 -1.390384 -1.119232 -1.390384
 -1.258955 -1.522769 -1.581038 -1.230382
 -1.431052 -1.742488 -1.287013 -1.171944
 -1.575942 -1.309063 -1.300094 -1.383864
 -1.768228 -1.339774 -1.386294 -1.147403
 -1.951607 -1.288920 -0.996097 -1.546143
 -1.491005 -1.134331 -1.006497 -2.433611
 -1.669869 -1.053356 -1.155771 -1.909542
 -2.305609 -1.407669 -0.752263 -1.691244
 -1.808288 -1.140460 -1.115142 -1.668526
 -1.601862 -1.397767 -1.061295 -1.583170
 -1.870011 -1.142576 -0.939864 -1.993624
 -2.260024 -1.081371 -0.923564 -1.836211
 -1.951607 -1.288920 -0.996097 -1.546143
 -1.491005 -1.134331 -1.006497 -2.433611
 -1.669869 -1.053356 -1.155771 -1.909542
 -2.305609 -1.407669 -0.752263 -1.691244
 -1.808288 -1.140460 -1.115142 -1.668526
 -1.601862 -1.397767 -1.061295 -1.583170
 -1.870011 -1.142576 -0.939864 -1.993624
 -2.260024 -1.081371 -0.923564 -1.836211
 -1.604296 -1.355835 -1.124724 -1.530188
 -1.421386 -1.399646 -1.034406 -1.854707
 -1.222351 -1.255141 -1.447513 -1.685924
 -1.749199 -1.173836 -1.113212 -1.669157
 -1.304321 -1.486642 -1.215768 -1.579732
 -1.203080 -1.687472 -1.038777 -1.827233
 -1.801631 -1.061964 -1.195495 -1.678571
 -1.966111 -1.469676 -1.187444 -1.123931
 -1.604296 -1.355835 -1.124724 -1.530188
 -1.421386 -1.399646 -1.034406 -1.854707
 -1.222351 -1.255141 -1.447513 -1.685924
 -1.749199 -1.173836 -1.113212 -1.669157
 -1.304321 -1.486642 -1.215768 -1.579732
 -1.203080 -1.687472 -1.038777 -1.827233
 -1.801631 -1.061964 -1.195495 -1.678571
 -1.966111 -1.469676 -1.187444 -1.123931
 -1.376377 -1.795087 -1.276294 -1.196251
 -1.268227 -1.436108 -1.720212 -1.198023
 -1.292197 -1.217396 -1.557478 -1.520207
 -1.574885 -1.311071 -1.188469 -1.519826
 -1.310583 -1.695428 -1.509711 -1.121341
 -1.211353 -1.635510 -1.511457 -1.249093
 -1.363765 -1.334495 -1.490249 -1.363765
 -2.039874 -1.144492 -1.264037 -1.312827
 -1.376377 -1.795087 -1.276294 -1.196251
 -1.268227 -1.436108 -1.720212 -1.198023
 -1.292197 -1.217396 -1.557478 -1.520207
 -1.574885 -1.311071 -1.188469 -1.519826
 -1.310583 -1.695428 -1.509711 -1.121341
 -1.211353 -1.635510 -1.511457 -1.249093
 -1.363765 -1.334495 -1.490249 -1.363765
 -2.039874 -1.144492 -1.264037 -1.312827
 -1.546143 -1.076140 -0.807386 -15.073973
 -1.405588 -0.953603 -0.995803 -14.959735
 -1.262456 -0.935772 -1.124673 -14.950134
 -2.104687 -1.143946 -0.580611 -15.099219
 -1.602138 -1.252763 -0.667830 -14.819814
 -1.299283 -1.201645 -0.851971 -14.866334
 -1.443236 -0.874732 -1.058824 -14.812461
 -2.029430 -0.890973 -0.780159 -14.953344
 -1.546143 -1.076140 -0.807386 -15.073973
 -1.405588 -0.953603 -0.995803 -14.959735
 -1.262456 -0.935772 -1.124673 -14.950134
 -2.104687 -1.143946 -0.580611 -15.099219
 -1.602138 -1.252763 -0.667830 -14.819814
 -1.299283 -1.201645 -0.851971 -14.866334
 -1.443236 -0.874732 -1.058824 -14.812461
 -2.029430 -0.890973 -0.780159 -14.953344
 -1.564369 -1.564369 -1.120119 -1.365241
 -1.325806 -1.538138 -1.203203 -1.516861
 -1.293204 -1.098612 -1.410987 -1.908019
 -1.386294 -1.386294 -1.386294 -1.386294
 -1.275946 -1.548813 -1.176574 -1.609437
 -1.196593 -1.609438 -1.146403 -1.714798
 -1.572396 -1.192038 -1.105497 -1.846398
 -1.386294 -1.386294 -1.386294 -1.386294
 -1.564369 -1.564369 -1.120119 -1.365241
 -1.325806 -1.538138 -1.203203 -1.516861
 -1.293204 -1.098612 -1.410987 -1.908019
 -1.386294 -1.386294 -1.386294 -1.386294
 -1.275946 -1.548813 -1.176574 -1.609437
 -1.196593 -1.609438 -1.146403 -1.714798
 -1.572396 -1.192038 -1.105497 -1.846398
 -1.386294 -1.386294 -1.386294 -1.386294
 -1.272592 -1.696925 -1.235891 -1.402126
 -1.191487 -1.645559 -1.476738 -1.291186
 -1.194967 -1.128276 -1.694363 -1.660841
 -1.740466 -1.389809 -1.308684 -1.186581
 -1.156005 -1.836573 -1.248787 -1.431108
 -1.317666 -1.808288 -1.258243 -1.258243
 -1.482337 -1.045124 -1.466337 -1.658228
 -1.912386 -1.278664 -1.409284 -1.110041
 -1.272592 -1.696925 -1.235891 -1.402126
 -1.191487 -1.645559 -1.476738 -1.291186
 -1.194967 -1.128276 -1.694363 -1.660841
 -1.740466 -1.389809 -1.308684 -1.186581
 -1.156005 -1.836573 -1.248787 -1.431108
 -1.317666 -1.808288 -1.258243 -1.258243
 -1.482337 -1.045124 -1.466337 -1.658228
 -1.912386 -1.278664 -1.409284 -1.110041
 -1.683350 -1.462950 -0.892406 -1.754301
 -1.729994 -1.263905 -0.954404 -1.863526
 -1.636753 -1.023650 -1.129010 -2.097568
 -2.167370 -1.239385 -0.744973 -2.110212
 -1.507901 -1.393957 -1.003997 -1.807144
 -1.576239 -1.233954 -1.037244 -1.912711
 -1.766623 -1.073477 -0.972381 -2.215572
 -2.160522 -1.207093 -0.935160 -1.644306
 -1.683350 -1.462950 -0.892406 -1.754301
 -1.729994 -1.263905 -0.954404 -1.863526
 -1.636753 -1.023650 -1.129010 -2.097568
 -2.167370 -1.239385 -0.744973 -2.110212
 -1.507901 -1.393957 -1.003997 -1.807144
 -1.576239 -1.233954 -1.037244 -1.912711
 -1.766623 -1.073477 -0.972381 -2.215572
 -2.160522 -1.207093 -0.935160 -1.644306
 -1.415524 -1.642913 -0.993252 -1.642913
 -1.298383 -1.494662 -1.117713 -1.739115
 -1.338418 -1.075429 -1.414404 -1.873936
 -1.707498 -1.215023 -1.233715 -1.466337
 -1.225952 -1.408273 -1.501363 -1.430746
 -1.333869 -1.707585 -0.862522 -2.016320
 -1.837696 -1.138160 -1.058607 -1.751754
 -1.604160 -1.271455 -1.067360 -1.745239
 -1.415524 -1.642913 -0.993252 -1.642913
 -1.298383 -1.494662 -1.117713 -1.739115
 -1.338418 -1.075429 -1.414404 -1.873936
 -1.707498 -1.215023 -1.233715 -1.466337
 -1.225952 -1.408273 -1.501363 -1.430746
 -1.333869 -1.707585 -0.862522 -2.016320
 -1.837696 -1.138160 -1.058607 -1.751754
 -1.604160 -1.271455 -1.067360 -1.745239
 -1.124420 -1.817567 -1.405588 -1.318576
 -1.177433 -1.737049 -1.644267 -1.130913
 -1.058465 -1.300891 -1.808770 -1.528469
 -1.799856 -1.386294 -1.279322 -1.182696
 -1.160890 -1.667706 -1.628486 -1.197703
 -1.219846 -1.645514 -1.362947 -1.362947
 -1.224807 -1.355835 -1.439217 -1.554286
 -1.517536 -1.402467 -1.319086 -1.319086
 -1.124420 -1.817567 -1.405588 -1.318576
 -1.177433 -1.737049 -1.644267 -1.130913
 -1.058465 -1.300891 -1.808770 -1.528469
 -1.799856 -1.386294 -1.279322 -1.182696
 -1.160890 -1.667706 -1.628486 -1.197703
 -1.219846 -1.645514 -1.362947 -1.362947
 -1.224807 -1.355835 -1.439217 -1.554286
 -1.517536 -1.402467 -1.319086 -1.319086
 -1.749764 -1.393089 -0.923086 -1.711543
 -1.760408 -1.174682 -0.987219 -1.920751
 -1.588889 -1.112550 -1.155567 -1.882236
 -2.383122 -1.284512 -0.780159 -1.756668
 -1.816805 -1.238728 -0.972619 -1.774245
 -1.822803 -1.444738 -0.890428 -1.649532
 -2.239948 -1.039555 -0.871674 -2.106416
 -2.281143 -1.123692 -0.933466 -1.717209
 -1.749764 -1.393089 -0.923086 -1.711543
 -1.760408 -1.174682 -0.987219 -1.920751
 -1.588889 -1.112550 -1.155567 -1.882236
 -2.383122 -1.284512 -0.780159 -1.756668
 -1.816805 -1.238728 -0.972619 -1.774245
 -1.822803 -1.444738 -0.890428 -1.649532
 -2.239948 -1.039555 -0.871674 -2.106416
 -2.281143 -1.123692 -0.933466 -1.717209
 -1.415282 -1.304056 -1.252763 -1.609437
 -1.914819 -0.929536 -1.186581 -1.879727
 -1.649485 -0.849366 -1.330055 -2.156732
 -1.884132 -1.366876 -1.556920 -0.961412
 -1.379864 -1.259236 -1.577689 -1.354546
 -1.696188 -1.355262 -0.942418 -1.777534
 -1.755827 -0.905174 -1.074515 -2.509598
 -1.477728 -1.093770 -1.543686 -1.499235
 -1.415282 -1.304056 -1.252763 -1.609437
 -1.914819 -0.929536 -1.186581 -1.879727
 -1.649485 -0.849366 -1.330055 -2.156732
 -1.884132 -1.366876 -1.556920 -0.961412
 -1.379864 -1.259236 -1.577689 -1.354546
 -1.696188 -1.355262 -0.942418 -1.777534
 -1.755827 -0.905174 -1.074515 -2.509598
 -1.477728 -1.093770 -1.543686 -1.499235
 -14.801329 -14.801329 -14.801329 -0.000001
 -15.438852 -15.438852 -15.438852 -0.000001
 -15.171347 -15.171347 -15.171347 -0.000001
 -14.392126 -14.392126 -14.392126 -0.000002
 -14.498610 -14.498610 -14.498610 -0.000002
 -15.099219 -15.099219 -15.099219 -0.000001
 -15.036342 -15.036342 -15.036342 -0.000001
 -14.695139 -14.695139 -14.695139 -0.000001
 -14.801329 -14.801329 -14.801329 -0.000001
 -15.438852 -15.438852 -15.438852 -0.000001
 -15.171347 -15.171347 -15.171347 -0.000001
 -14.392126 -14.392126 -14.392126 -0.000002
 -14.498610 -14.498610 -14.498610 -0.000002
 -15.099219 -15.099219 -15.099219 -0.000001
 -15.036342 -15.036342 -15.036342 -0.000001
 -14.695139 -14.695139 -14.695139 -0.000001
 -1.386294 -1.386294 -1.386294 -1.386294
 -1.386294 -1.386294 -1.386294 -1.386294
 -1.386294 -1.386294 -1.386294 -1.386294
 -16.294567 -16.294567 -0.000000 -16.294567
 -1.386294 -1.386294 -1.386294 -1.386294
 -1.386294 -1.386294 -1.386294 -1.386294
 -1.386294 -1.386294 -1.386294 -1.386294
 -16.370411 -16.370411 -0.000000 -16.370411
 -1.386294 -1.386294 -1.386294 -1.386294
 -1.386294 -1.386294 -1.386294 -1.386294
 -1.386294 -1.386294 -1.386294 -1.386294
 -16.294567 -16.294567 -0.000000 -16.294567
 -1.386294 -1.386294 -1.386294 -1.386294
 -1.386294 -1.386294 -1.386294 -1.386294
 -1.386294 -1.386294 -1.386294 -1.386294
 -16.370411 -16.370411 -0.000000 -16.370411
 -1.386294 -1.386294 -1.386294 -1.386294
 -1.386294 -1.386294 -1.386294 -1.386294
 -1.386294 -1.386294 -1.386294 -1.386294
 -1.386294 -1.386294 -1.386294 -1.386294
 -1.386294 -1.386294 -1.386294 -1.386294
 -1.386294 -1.386294 -1.386294 -1.386294
 -17.026354 0.000000 -17.026354 -17.026354
 -1.386294 -1.386294 -1.386294 -1.386294
 -1.386294 -1.386294 -1.386294 -1.386294
 -1.386294 -1.386294 -1.386294 -1.386294
 -1.386294 -1.386294 -1.386294 -1.386294
 -1.386294 -1.386294 -1.386294 -1.386294
 -1.386294 -1.386294 -1.386294 -1.386294
 -1.386294 -1.386294 -1.386294 -1.386294
 -17.026354 0.000000 -17.026354 -17.026354
 -1.386294 -1.386294 -1.386294 -1.386294
 -1.386294 -1.386294 -1.386294 -1.386294
 0.000000 -17.026354 -17.026354 -17.026354
 -1.386294 -1.386294 -1.386294 -1.386294
 -1.386294 -1.386294 -1.386294 -1.386294
 -1.386294 -1.386294 -1.386294 -1.386294
 -1.386294 -1.386294 -1.386294 -1.386294
 -1.386294 -1.386294 -1.386294 -1.386294
 -1.386294 -1.386294 -1.386294 -1.386294
 -1.386294 -1.386294 -1.386294 -1.386294
 0.000000 -17.026354 -17.026354 -17.026354
 -1.386294 -1.386294 -1.386294 -1.386294
 -1.386294 -1.386294 -1.386294 -1.386294
 -1.386294 -1.386294 -1.386294 -1.386294
 -1.386294 -1.386294 -1.386294 -1.386294
 -1.386294 -1.386294 -1.386294 -1.386294
 -1.386294 -1.386294 -1.386294 -1.386294
 -1.386294 -1.386294 -1.386294 -1.386294
 -1.386294 -1.386294 -1.386294 -1.386294
 -1.386294 -1.386294 -1.386294 -1.386294
 -1.386294 -1.386294 -1.386294 -1.386294
 -17.026354 -17.026354 -0.000000 -17.026354
 -1.386294 -1.386294 -1.386294 -1.386294
 -1.386294 -1.386294 -1.386294 -1.386294
 -1.386294 -1.386294 -1.386294 -1.386294
 -1.386294 -1.386294 -1.386294 -1.386294
 -1.386294 -1.386294 -1.386294 -1.386294
 -1.386294 -1.386294 -1.386294 -1.386294
 -1.386294 -1.386294 -1.386294 -1.386294
 -17.026354 -17.026354 -0.000000 -17.026354
 -1.386294 -1.386294 -1.386294 -1.386294
 -1.386294 -1.386294 -1.386294 -1.386294
 -1.386294 -1.386294 -1.386294 -1.386294
 -1.386294 -1.386294 -1.386294 -1.386294
 -1.386294 -1.386294 -1.386294 -1.386294
 -17.026354 -17.026354 -0.000000 -17.026354
 -1.386294 -1.386294 -1.386294 -1.386294
 -1.386294 -1.386294 -1.386294 -1.386294
 -1.386294 -1.386294 -1.386294 -1.386294
 -1.386294 -1.386294 -1.386294 -1.386294
 -1.386294 -1.386294 -1.386294 -1.386294
 -1.386294 -1.386294 -1.386294 -1.386294
 -1.386294 -1.386294 -1.386294 -1.386294
 -17.026354 -17.026354 -0.000000 -17.026354
 -1.386294 -1.386294 -1.386294 -1.386294
 -1.386294 -1.386294 -1.386294 -1.386294
 -1.386294 -1.386294 -1.386294 -1.386294
 -1.386294 -1.386294 -1.386294 -1.386294
 -1.386294 -1.386294 -1.386294 -1.386294
 -1.386294 -1.386294 -1.386294 -1.386294
 -1.386294 -1.386294 -1.386294 -1.386294
 -1.228464 -1.461644 -1.526298 -1.354546
 -1.386294 -1.386294 -1.386294 -1.386294
 -1.386294 -1.386294 -1.386294 -1.386294
 -1.386294 -1.386294 -1.386294 -1.386294
 -1.386294 -1.386294 -1.386294 -1.386294
 -1.386294 -1.386294 -1.386294 -1.386294
 -1.386294 -1.386294 -1.386294 -1.386294
 -1.386294 -1.386294 -1.386294 -1.386294
 -1.228464 -1.461644 -1.526298 -1.354546
 -1.386294 -1.386294 -1.386294 -1.386294
 -1.386294 -1.386294 -1.386294 -1.386294
 -1.386294 -1.386294 -1.386294 -1.386294
 -1.386294 -1.386294 -1.386294 -1.386294
 -1.386294 -1.386294 -1.386294 -1.386294
 -1.610816 -1.583604 -0.863965 -1.751268
 -1.672239 -1.337090 -0.974473 -1.759250
 -1.369735 -1.091219 -1.399366 -1.812378
 -1.673976 -1.673976 -0.866757 -1.586271
 -1.386294 -1.386294 -1.386294 -1.386294
 -1.386294 -1.386294 -1.386294 -1.386294
 -1.386294 -1.386294 -1.386294 -1.386294
 -1.386294 -1.386294 -1.386294 -1.386294
 -1.610816 -1.583604 -0.863965 -1.751268
 -1.672239 -1.337090 -0.974473 -1.759250
 -1.369735 -1.091219 -1.399366 -1.812378
 -1.673976 -1.673976 -0.866757 -1.586271
 -1.386294 -1.386294 -1.386294 -1.386294
 -1.386294 -1.386294 -1.386294 -1.386294
 -1.386294 -1.386294 -1.386294 -1.386294
 -1.386294 -1.386294 -1.386294 -1.386294
 -3.215856 0.000100 0.000100 0.000100
 -2.537899 0.000100 0.000100 0.000100
 -2.466528 0.000100 0.000100 0.000100
 -3.200893 0.000100 0.000100 0.000100
 -3.220894 0.000100 0.000100 0.000100
 -2.545582 0.000100 0.000100 0.000100
 -2.420116 0.000100 0.000100 0.000100
 -3.036890 0.000100 0.000100 0.000100
 -3.215856 0.000100 0.000100 0.000100
 -2.537899 0.000100 0.000100 0.000100
 -2.466528 0.000100 0.000100 0.000100
 -3.200893 0.000100 0.000100 0.000100
 -3.220894 0.000100 0.000100 0.000100
 -2.545582 0.000100 0.000100 0.000100
 -2.420116 0.000100 0.000100 0.000100
 -3.036890 0.000100 0.000100 0.000100
 -1.361479 -1.859316 -1.059199 -1.422104
 -1.471452 -1.317302 -1.103728 -1.766569
 -1.230449 -1.351285 -1.255141 -1.808526
 -1.811759 -1.479626 -1.059773 -1.337976
 -1.356441 -1.438119 -1.245216 -1.527067
 -1.348459 -1.606870 -1.036326 -1.686913
 -1.771556 -1.309922 -0.941551 -1.771556
 -1.888751 -1.252763 -1.141538 -1.411828
 -1.361479 -1.859316 -1.059199 -1.422104
 -1.471452 -1.317302 -1.103728 -1.766569
 -1.230449 -1.351285 -1.255141 -1.808526
 -1.811759 -1.479626 -1.059773 -1.337976
 -1.356441 -1.438119 -1.245216 -1.527067
 -1.348459 -1.606870 -1.036326 -1.686913
 -1.771556 -1.309922 -0.941551 -1.771556
 -1.888751 -1.252763 -1.141538 -1.411828
 -1.192923 -1.771956 -1.334335 -1.334335
 -1.223776 -1.518892 -1.716251 -1.180291
 -1.183451 -1.215200 -1.666033 -1.569573
 -1.609437 -1.489293 -1.348712 -1.155521
 -1.312186 -1.483144 -1.517630 -1.256617
 -1.287013 -1.616194 -1.216395 -1.474224
 -1.280934 -1.371906 -1.280934 -1.656418
 -1.783790 -1.102621 -1.570217 -1.231002
 -1.192923 -1.771956 -1.334335 -1.334335
 -1.223776 -1.518892 -1.716251 -1.180291
 -1.183451 -1.215200 -1.666033 -1.569573
 -1.609437 -1.489293 -1.348712 -1.155521
 -1.312186 -1.483144 -1.517630 -1.256617
 -1.287013 -1.616194 -1.216395 -1.474224
 -1.280934 -1.371906 -1.280934 -1.656418
 -1.783790 -1.102621 -1.570217 -1.231002
 -1.683926 -1.310067 -0.913819 -1.940971
 -1.636345 -1.172040 -1.021979 -1.997358
 -1.671958 -0.850333 -1.380252 -2.014902
 -2.209841 -1.130462 -0.928910 -1.757857
 -2.009171 -1.110173 -1.170072 -1.486983
 -1.784154 -1.125694 -1.224539 -1.542993
 -1.738514 -1.079270 -1.241113 -1.633154
 -2.737605 -1.014843 -1.079381 -1.456675
 -1.683926 -1.310067 -0.913819 -1.940971
 -1.636345 -1.172040 -1.021979 -1.997358
 -1.671958 -0.850333 -1.380252 -2.014902
 -2.209841 -1.130462 -0.928910 -1.757857
 -2.009171 -1.110173 -1.170072 -1.486983
 -1.784154 -1.125694 -1.224539 -1.542993
 -1.738514 -1.079270 -1.241113 -1.633154
 -2.737605 -1.014843 -1.079381 -1.456675
 -1.595707 -1.372564 -1.131402 -1.508696
 -1.514773 -1.285198 -1.050160 -1.872984
 -1.416754 -1.212341 -1.179280 -1.880590
 -2.093760 -1.257514 -1.162204 -1.274321
 -1.550597 -1.344745 -1.368276 -1.299283
 -1.398717 -1.597168 -0.966935 -1.769780
 -1.719979 -1.267995 -1.059839 -1.644944
 -1.937213 -1.306588 -1.229030 -1.229030
 -1.595707 -1.372564 -1.131402 -1.508696
 -1.514773 -1.285198 -1.050160 -1.872984
 -1.416754 -1.212341 -1.179280 -1.880590
 -2.093760 -1.257514 -1.162204 -1.274321
 -1.550597 -1.344745 -1.368276 -1.299283
 -1.398717 -1.597168 -0.966935 -1.769780
 -1.719979 -1.267995 -1.059839 -1.644944
 -1.937213 -1.306588 -1.229030 -1.229030
 -1.163942 -1.949869 -1.151363 -1.472946
 -1.217876 -1.380395 -1.779994 -1.258698
 -1.163151 -1.130361 -1.673976 -1.731134
 -1.884540 -1.373716 -1.407617 -1.049220
 -1.280934 -1.891842 -1.451892 -1.086778
 -1.467376 -1.467376 -1.537334 -1.127051
 -1.313172 -1.460225 -1.304662 -1.480226
 -2.034320 -1.417547 -1.298002 -1.038893
 -1.163942 -1.949869 -1.151363 -1.472946
 -1.217876 -1.380395 -1.779994 -1.258698
 -1.163151 -1.130361 -1.673976 -1.731134
 -1.884540 -1.373716 -1.407617 -1.049220
 -1.280934 -1.891842 -1.451892 -1.086778
 -1.467376 -1.467376 -1.537334 -1.127051
 -1.313172 -1.460225 -1.304662 -1.480226
 -2.034320 -1.417547 -1.298002 -1.038893
 -1.861492 -1.301877 -0.899592 -1.796954
 -1.657392 -1.136096 -1.075471 -1.916253
 -1.606403 -0.959776 -1.231710 -2.082484
 -1.865371 -1.270664 -0.974399 -1.676129
 -1.647020 -1.292476 -1.115142 -1.585145
 -1.483024 -1.547562 -1.056940 -1.547562
 -1.780063 -1.086917 -1.122423 -1.780063
 -2.213352 -1.044124 -1.156242 -1.496109
 -1.861492 -1.301877 -0.899592 -1.796954
 -1.657392 -1.136096 -1.075471 -1.916253
 -1.606403 -0.959776 -1.231710 -2.082484
 -1.865371 -1.270664 -0.974399 -1.676129
 -1.647020 -1.292476 -1.115142 -1.585145
 -1.483024 -1.547562 -1.056940 -1.547562
 -1.780063 -1.086917 -1.122423 -1.780063
 -2.213352 -1.044124 -1.156242 -1.496109
 -1.332227 -1.791759 -1.057791 -1.504077
 -1.365675 -1.462006 -1.130361 -1.660183
 -1.466337 -1.210404 -1.178655 -1.811177
 -2.197222 -1.438119 -0.857451 -1.481604
 -1.540445 -1.496960 -1.321756 -1.219973
 -1.405137 -1.508085 -1.082739 -1.636466
 -1.440617 -1.207812 -1.170071 -1.870653
 -2.071343 -1.148623 -1.174598 -1.394458
 -1.332227 -1.791759 -1.057791 -1.504077
 -1.365675 -1.462006 -1.130361 -1.660183
 -1.466337 -1.210404 -1.178655 -1.811177
 -2.197222 -1.438119 -0.857451 -1.481604
 -1.540445 -1.496960 -1.321756 -1.219973
 -1.405137 -1.508085 -1.082739 -1.636466
 -1.440617 -1.207812 -1.170071 -1.870653
 -2.071343 -1.148623 -1.174598 -1.394458
 -1.264459 -1.646667 -1.325084 -1.350402
 -1.354175 -1.389266 -1.831098 -1.101584
 -1.248963 -1.188859 -1.569631 -1.606903
 -1.740057 -1.390384 -1.119232 -1.390384
 -1.258955 -1.522769 -1.581038 -1.230382
 -1.431052 -1.742488 -1.287013 -1.171944
 -1.575942 -1.309063 -1.300094 -1.383864
 -1.768228 -1.339774 -1.386294 -1.147403
 -1.264459 -1.646667 -1.325084 -1.350402
 -1.354175 -1.389266 -1.831098 -1.101584
 -1.248963 -1.188859 -1.569631 -1.606903
 -1.740057 -1.390384 -1.119232 -1.390384
 -1.258955 -1.522769 -1.581038 -1.230382
 -1.431052 -1.742488 -1.287013 -1.171944
 -1.575942 -1.309063 -1.300094 -1.383864
 -1.768228 -1.339774 -1.386294 -1.147403
 -1.951607 -1.288920 -0.996097 -1.546143
 -1.491005 -1.134331 -1.006497 -2.433611
 -1.669869 -1.053356 -1.155771 -1.909542
 -2.305609 -1.407669 -0.752263 -1.691244
 -1.808288 -1.140460 -1.115142 -1.668526
 -1.601862 -1.397767 -1.061295 -1.583170
 -1.870011 -1.142576 -0.939864 -1.993624
 -2.260024 -1.081371 -0.923564 -1.836211
 -1.951607 -1.288920 -0.996097 -1.546143
 -1.491005 -1.134331 -1.006497 -2.433611
 -1.669869 -1.053356 -1.155771 -1.909542
 -2.305609 -1.407669 -0.752263 -1.691244
 -1.808288 -1.140460 -1.115142 -1.668526
 -1.601862 -1.397767 -1.061295 -1.583170
 -1.870011 -1.142576 -0.939864 -1.993624
 -2.260024 -1.081371 -0.923564 -1.836211
 -1.604296 -1.355835 -1.124724 -1.530188
 -1.421386 -1.399646 -1.034406 -1.854707
 -1.222351 -1.255141 -1.447513 -1.685924
 -1.749199 -1.173836 -1.113212 -1.669157
 -1.304321 -1.486642 -1.215768 -1.579732
 -1.203080 -1.687472 -1.038777 -1.827233
 -1.801631 -1.061964 -1.195495 -1.678571
 -1.966111 -1.469676 -1.187444 -1.123931
 -1.604296 -1.355835 -1.124724 -1.530188
 -1.421386 -1.399646 -1.034406 -1.854707
 -1.222351 -1.255141 -1.447513 -1.685924
 -1.749199 -1.173836 -1.113212 -1.669157
 -1.304321 -1.486642 -1.215768 -1.579732
 -1.203080 -1.687472 -1.038777 -1.827233
 -1.801631 -1.061964 -1.195495 -1.678571
 -1.966111 -1.469676 -1.187444 -1.123931
 -1.376377 -1.795087 -1.276294 -1.196251
 -1.268227 -1.436108 -1.720212 -1.198023
 -1.292197 -1.217396 -1.557478 -1.520207
 -1.574885 -1.311071 -1.188469 -1.519826
 -1.310583 -1.695428 -1.509711 -1.121341
 -1.211353 -1.635510 -1.511457 -1.249093
 -1.363765 -1.334495 -1.490249 -1.363765
 -2.039874 -1.144492 -1.264037 -1.312827
 -1.376377 -1.795087 -1.276294 -1.196251
 -1.268227 -1.436108 -1.720212 -1.198023
 -1.292197 -1.217396 -1.557478 -1.520207
 -1.574885 -1.311071 -1.188469 -1.519826
 -1.310583 -1.695428 -1.509711 -1.121341
 -1.211353 -1.635510 -1.511457 -1.249093
 -1.363765 -1.334495 -1.490249 -1.363765
 -2.039874 -1.144492 -1.264037 -1.312827
 -1.546143 -1.076140 -0.807386 -15.073973
 -1.405588 -0.953603 -0.995803 -14.959735
 -1.262456 -0.935772 -1.124673 -14.950134
 -2.104687 -1.143946 -0.580611 -15.099219
 -1.602138 -1.252763 -0.667830 -14.819814
 -1.299283 -1.201645 -0.851971 -14.866334
 -1.443236 -0.874732 -1.058824 -14.812461
 -2.029430 -0.890973 -0.780159 -14.953344
 -1.546143 -1.076140 -0.807386 -15.073973
 -1.405588 -0.953603 -0.995803 -14.959735
 -1.262456 -0.935772 -1.124673 -14.950134
 -2.104687 -1.143946 -0.580611 -15.099219
 -1.602138 -1.252763 -0.667830 -14.819814
 -1.299283 -1.201645 -0.851971 -14.866334
 -1.443236 -0.874732 -1.058824 -14.812461
 -2.029430 -0.890973 -0.780159 -14.953344
 -1.564369 -1.564369 -1.120119 -1.365241
 -1.325806 -1.538138 -1.203203 -1.516861
 -1.293204 -1.098612 -1.410987 -1.908019
 -1.386294 -1.386294 -1.386294 -1.386294
 -1.275946 -1.548813 -1.176574 -1.609437
 -1.196593 -1.609438 -1.146403 -1.714798
 -1.572396 -1.192038 -1.105497 -1.846398
 -1.386294 -1.386294 -1.386294 -1.386294
 -1.564369 -1.564369 -1.120119 -1.365241
 -1.325806 -1.538138 -1.203203 -1.516861
 -1.293204 -1.098612 -1.410987 -1.908019
 -1.386294 -1.386294 -1.386294 -1.386294
 -1.275946 -1.548813 -1.176574 -1.609437
 -1.196593 -1.609438 -1.146403 -1.714798
 -1.572396 -1.192038 -1.105497 -1.846398
 -1.386294 -1.386294 -1.386294 -1.386294
 -1.272592 -1.696925 -1.235891 -1.402126
 -1.191487 -1.645559 -1.476738 -1.291186
 -1.194967 -1.128276 -1.694363 -1.660841
 -1.740466 -1.389809 -1.308684 -1.186581
 -1.156005 -1.836573 -1.248787 -1.431108
 -1.317666 -1.808288 -1.258243 -1.258243
 -1.482337 -1.045124 -1.466337 -1.658228
 -1.912386 -1.278664 -1.409284 -1.110041
 -1.272592 -1.696925 -1.235891 -1.402126
 -1.191487 -1.645559 -1.476738 -1.291186
 -1.194967 -1.128276 -1.694363 -1.660841
 -1.740466 -1.389809 -1.308684 -1.186581
 -1.156005 -1.836573 -1.248787 -1.431108
 -1.317666 -1.808288 -1.258243 -1.258243
 -1.482337 -1.045124 -1.466337 -1.658228
 -1.912386 -1.278664 -1.409284 -1.110041
 -1.683350 -1.462950 -0.892406 -1.754301
 -1.729994 -1.263905 -0.954404 -1.863526
 -1.636753 -1.023650 -1.129010 -2.097568
 -2.167370 -1.239385 -0.744973 -2.110212
 -1.507901 -1.393957 -1.003997 -1.807144
 -1.576239 -1.233954 -1.037244 -1.912711
 -1.766623 -1.073477 -0.972381 -2.215572
 -2.160522 -1.207093 -0.935160 -1.644306
 -1.683350 -1.462950 -0.892406 -1.754301
 -1.729994 -1.263905 -0.954404 -1.863526
 -1.636753 -1.023650 -1.129010 -2.097568
 -2.167370 -1.239385 -0.744973 -2.110212
 -1.507901 -1.393957 -1.003997 -1.807144
 -1.576239 -1.233954 -1.037244 -1.912711
 -1.766623 -1.073477 -0.972381 -2.215572
 -2.160522 -1.207093 -0.935160 -1.644306
 -1.415524 -1.642913 -0.993252 -1.642913
 -1.298383 -1.494662 -1.117713 -1.739115
 -1.338418 -1.075429 -1.414404 -1.873936
 -1.707498 -1.215023 -1.233715 -1.466337
 -1.225952 -1.408273 -1.501363 -1.430746
 -1.333869 -1.707585 -0.862522 -2.016320
 -1.837696 -1.138160 -1.058607 -1.751754
 -1.604160 -1.271455 -1.067360 -1.745239
 -1.415524 -1.642913 -0.993252 -1.642913
 -1.298383 -1.494662 -1.117713 -1.739115
 -1.338418 -1.075429 -1.414404 -1.873936
 -1.707498 -1.215023 -1.233715 -1.466337
 -1.225952 -1.408273 -1.501363 -1.430746
 -1.333869 -1.707585 -0.862522 -2.016320
 -1.837696 -1.138160 -1.058607 -1.751754
 -1.604160 -1.271455 -1.067360 -1.745239
 -1.124420 -1.817567 -1.405588 -1.318576
 -1.177433 -1.737049 -1.644267 -1.130913
 -1.058465 -1.300891 -1.808770 -1.528469
 -1.799856 -1.386294 -1.279322 -1.182696
 -1.160890 -1.667706 -1.628486 -1.197703
 -1.219846 -1.645514 -1.362947 -1.362947
 -1.224807 -1.355835 -1.439217 -1.554286
 -1.517536 -1.402467 -1.319086 -1.319086
 -1.124420 -1.817567 -1.405588 -1.318576
 -1.177433 -1.737049 -1.644267 -1.130913
 -1.058465 -1.300891 -1.808770 -1.528469
 -1.799856 -1.386294 -1.279322 -1.182696
 -1.160890 -1.667706 -1.628486 -1.197703
 -1.219846 -1.645514 -1.362947 -1.362947
 -1.224807 -1.355835 -1.439217 -1.554286
 -1.517536 -1.402467 -1.319086 -1.319086
 -1.749764 -1.393089 -0.923086 -1.711543
 -1.760408 -1.174682 -0.987219 -1.920751
 -1.588889 -1.112550 -1.155567 -1.882236
 -2.383122 -1.284512 -0.780159 -1.756668
 -1.816805 -1.238728 -0.972619 -1.774245
 -1.822803 -1.444738 -0.890428 -1.649532
 -2.239948 -1.039555 -0.871674 -2.106416
 -2.281143 -1.123692 -0.933466 -1.717209
 -1.749764 -1.393089 -0.923086 -1.711543
 -1.760408 -1.174682 -0.987219 -1.920751
 -1.588889 -1.112550 -1.155567 -1.882236
 -2.383122 -1.284512 -0.780159 -1.756668
 -1.816805 -1.238728 -0.972619 -1.774245
 -1.822803 -1.444738 -0.890428 -1.649532
 -2.239948 -1.039555 -0.871674 -2.106416
 -2.281143 -1.123692 -0.933466 -1.717209
 -1.415282 -1.304056 -1.252763 -1.609437
 -1.914819 -0.929536 -1.186581 -1.879727
 -1.649485 -0.849366 -1.330055 -2.156732
 -1.884132 -1.366876 -1.556920 -0.961412
 -1.379864 -1.259236 -1.577689 -1.354546
 -1.696188 -1.355262 -0.942418 -1.777534
 -1.755827 -0.905174 -1.074515 -2.509598
 -1.477728 -1.093770 -1.543686 -1.499235
 -1.415282 -1.304056 -1.252763 -1.609437
 -1.914819 -0.929536 -1.186581 -1.879727
 -1.649485 -0.849366 -1.330055 -2.156732
 -1.884132 -1.366876 -1.556920 -0.961412
 -1.379864 -1.259236 -1.577689 -1.354546
 -1.696188 -1.355262 -0.942418 -1.777534
 -1.755827 -0.905174 -1.074515 -2.509598
 -1.477728 -1.093770 -1.543686 -1.499235
 -14.801329 -14.801329 -14.801329 -0.000001
 -15.438852 -15.438852 -15.438852 -0.000001
 -15.171347 -15.171347 -15.171347 -0.000001
 -14.392126 -14.392126 -14.392126 -0.000002
 -14.498610 -14.498610 -14.498610 -0.000002
 -15.099219 -15.099219 -15.099219 -0.000001
 -15.036342 -15.036342 -15.036342 -0.000001
 -14.695139 -14.695139 -14.695139 -0.000001
 -14.801329 -14.801329 -14.801329 -0.000001
 -15.438852 -15.438852 -15.438852 -0.000001
 -15.171347 -15.171347 -15.171347 -0.000001
 -14.392126 -14.392126 -14.392126 -0.000002
 -14.498610 -14.498610 -14.498610 -0.000002
 -15.099219 -15.099219 -15.099219 -0.000001
 -15.036342 -15.036342 -15.036342 -0.000001
 -14.695139 -14.695139 -14.695139 -0.000001
 -1.386294 -1.386294 -1.386294 -1.386294
 -1.386294 -1.386294 -1.386294 -1.386294
 -1.386294 -1.386294 -1.386294 -1.386294
 -16.294567 -16.294567 -0.000000 -16.294567
 -1.386294 -1.386294 -1.386294 -1.386294
 -1.386294 -1.386294 -1.386294 -1.386294
 -1.386294 -1.386294 -1.386294 -1.386294
 -16.370411 -16.370411 -0.000000 -16.370411
 -1.386294 -1.386294 -1.386294 -1.386294
 -1.386294 -1.386294 -1.386294 -1.386294
 -1.386294 -1.386294 -1.386294 -1.386294
 -16.294567 -16.294567 -0.000000 -16.294567
 -1.386294 -1.386294 -1.386294 -1.386294
 -1.386294 -1.386294 -1.386294 -1.386294
 -1.386294 -1.386294 -1.386294 -1.386294
 -16.370411 -16.370411 -0.000000 -16.370411
 -1.386294 -1.386294 -1.386294 -1.386294
 -1.386294 -1.386294 -1.386294 -1.386294
 -1.386294 -1.386294 -1.386294 -1.386294
 -1.386294 -1.386294 -1.386294 -1.386294
 -1.386294 -1.386294 -1.386294 -1.386294
 -1.386294 -1.386294 -1.386294 -1.386294
 -17.026354 0.000000 -17.026354 -17.026354
 -1.386294 -1.386294 -1.386294 -1.386294
 -1.386294 -1.386294 -1.386294 -1.386294
 -1.386294 -1.386294 -1.386294 -1.386294
 -1.386294 -1.386294 -1.386294 -1.386294
 -1.386294 -1.386294 -1.386294 -1.386294
 -1.386294 -1.386294 -1.386294 -1.386294
 -1.386294 -1.386294 -1.386294 -1.386294
 -17.026354 0.000000 -17.026354 -17.026354
 -1.386294 -1.386294 -1.386294 -1.386294
 -1.386294 -1.386294 -1.386294 -1.386294
 0.000000 -17.026354 -17.026354 -17.026354
 -1.386294 -1.386294 -1.386294 -1.386294
 -1.386294 -1.386294 -1.386294 -1.386294
 -1.386294 -1.386294 -1.386294 -1.386294
 -1.386294 -1.386294 -1.386294 -1.386294
 -1.386294 -1.386294 -1.386294 -1.386294
 -1.386294 -1.386294 -1.386294 -1.386294
 -1.386294 -1.386294 -1.386294 -1.386294
 0.000000 -17.026354 -17.026354 -17.026354
 -1.386294 -1.386294 -1.386294 -1.386294
 -1.386294 -1.386294 -1.386294 -1.386294
 -1.386294 -1.386294 -1.386294 -1.386294
 -1.386294 -1.386294 -1.386294 -1.386294
 -1.386294 -1.386294 -1.386294 -1.386294
 -1.386294 -1.386294 -1.386294 -1.386294
 -1.386294 -1.386294 -1.386294 -1.386294
 -1.386294 -1.386294 -1.386294 -1.386294
 -1.386294 -1.386294 -1.386294 -1.386294
 -1.386294 -1.386294 -1.386294 -1.386294
 -17.026354 -17.026354 -0.000000 -17.026354
 -1.386294 -1.386294 -1.386294 -1.386294
 -1.386294 -1.386294 -1.386294 -1.386294
 -1.386294 -1.386294 -1.386294 -1.386294
 -1.386294 -1.386294 -1.386294 -1.386294
 -1.386294 -1.386294 -1.386294 -1.386294
 -1.386294 -1.386294 -1.386294 -1.386294
 -1.386294 -1.386294 -1.386294 -1.386294
 -17.026354 -17.026354 -0.000000 -17.026354
 -1.386294 -1.386294 -1.386294 -1.386294
 -1.386294 -1.386294 -1.386294 -1.386294
 -1.386294 -1.386294 -1.386294 -1.386294
 -1.386294 -1.386294 -1.386294 -1.386294
 -1.386294 -1.386294 -1.386294 -1.386294
 -17.026354 -17.026354 -0.000000 -17.026354
 -1.386294 -1.386294 -1.386294 -1.386294
 -1.386294 -1.386294 -1.386294 -1.386294
 -1.386294 -1.386294 -1.386294 -1.386294
 -1.386294 -1.386294 -1.386294 -1.386294
 -1.386294 -1.386294 -1.386294 -1.386294
 -1.386294 -1.386294 -1.386294 -1.386294
 -1.386294 -1.386294 -1.386294 -1.386294
 -17.026354 -17.026354 -0.000000 -17.026354
 -1.386294 -1.386294 -1.386294 -1.386294
 -1.386294 -1.386294 -1.386294 -1.386294
 -1.386294 -1.386294 -1.386294 -1.386294
 -1.386294 -1.386294 -1.386294 -1.386294
 -1.386294 -1.386294 -1.386294 -1.386294
 -1.386294 -1.386294 -1.386294 -1.386294
 -1.386294 -1.386294 -1.386294 -1.386294
 -1.228464 -1.461644 -1.526298 -1.354546
 -1.386294 -1.386294 -1.386294 -1.386294
 -1.386294 -1.386294 -1.386294 -1.386294
 -1.386294 -1.386294 -1.386294 -1.386294
 -1.386294 -1.386294 -1.386294 -1.386294
 -1.386294 -1.386294 -1.386294 -1.386294
 -1.386294 -1.386294 -1.386294 -1.386294
 -1.386294 -1.386294 -1.386294 -1.386294
 -1.228464 -1.461644 -1.526298 -1.354546
 -1.386294 -1.386294 -1.386294 -1.386294
 -1.386294 -1.386294 -1.386294 -1.386294
 -1.386294 -1.386294 -1.386294 -1.386294
 -1.386294 -1.386294 -1.386294 -1.386294
 -1.386294 -1.386294 -1.386294 -1.386294
 -1.610816 -1.583604 -0.863965 -1.751268
 -1.672239 -1.337090 -0.974473 -1.759250
 -1.369735 -1.091219 -1.399366 -1.812378
 -1.673976 -1.673976 -0.866757 -1.586271
 -1.386294 -1.386294 -1.386294 -1.386294
 -1.386294 -1.386294 -1.386294 -1.386294
 -1.386294 -1.386294 -1.386294 -1.386294
 -1.386294 -1.386294 -1.386294 -1.386294
 -1.610816 -1.583604 -0.863965 -1.751268
 -1.672239 -1.337090 -0.974473 -1.759250
 -1.369735 -1.091219 -1.399366 -1.812378
 -1.673976 -1.673976 -0.866757 -1.586271
 -1.386294 -1.386294 -1.386294 -1.386294
 -1.386294 -1.386294 -1.386294 -1.386294
 -1.386294 -1.386294 -1.386294 -1.386294
 -1.386294 -1.386294 -1.386294 -1.386294
