 -2.964113 0.000100 0.000100 0.000100
 -2.735981 0.000100 0.000100 0.000100
 -2.600338 0.000100 0.000100 0.000100
 -2.972901 0.000100 0.000100 0.000100
 -2.967870 0.000100 0.000100 0.000100
 -2.704637 0.000100 0.000100 0.000100
 -2.467132 0.000100 0.000100 0.000100
 -2.899965 0.000100 0.000100 0.000100
 -2.964113 0.000100 0.000100 0.000100
 -2.735981 0.000100 0.000100 0.000100
 -2.600338 0.000100 0.000100 0.000100
 -2.972901 0.000100 0.000100 0.000100
 -2.967870 0.000100 0.000100 0.000100
 -2.704637 0.000100 0.000100 0.000100
 -2.467132 0.000100 0.000100 0.000100
 -2.899965 0.000100 0.000100 0.000100
 -1.250890 -1.566618 -1.361602 -1.391307
 -1.306941 -1.423805 -1.352061 -1.470325
 -1.234256 -1.289485 -1.487705 -1.571923
 -1.645385 -1.434076 -1.233406 -1.282196
 -1.407855 -1.516069 -1.352978 -1.282692
 -1.240305 -1.582795 -1.270764 -1.493049
 -1.477809 -1.295488 -1.246698 -1.557574
 -1.799999 -1.276489 -1.328225 -1.235331
 -1.250890 -1.566618 -1.361602 -1.391307
 -1.306941 -1.423805 -1.352061 -1.470325
 -1.234256 -1.289485 -1.487705 -1.571923
 -1.645385 -1.434076 -1.233406 -1.282196
 -1.407855 -1.516069 -1.352978 -1.282692
 -1.240305 -1.582795 -1.270764 -1.493049
 -1.477809 -1.295488 -1.246698 -1.557574
 -1.799999 -1.276489 -1.328225 -1.235331
 -1.291757 -1.761073 -1.351952 -1.222077
 -1.155136 -1.589039 -1.728080 -1.193236
 -1.255149 -1.292632 -1.632583 -1.406517
 -1.648659 -1.528409 -1.300352 -1.144522
 -1.352239 -1.570928 -1.379390 -1.266717
 -1.098612 -1.556445 -1.798585 -1.237015
 -1.362764 -1.284512 -1.362764 -1.554431
 -1.755928 -1.407987 -1.348395 -1.130223
 -1.291757 -1.761073 -1.351952 -1.222077
 -1.155136 -1.589039 -1.728080 -1.193236
 -1.255149 -1.292632 -1.632583 -1.406517
 -1.648659 -1.528409 -1.300352 -1.144522
 -1.352239 -1.570928 -1.379390 -1.266717
 -1.098612 -1.556445 -1.798585 -1.237015
 -1.362764 -1.284512 -1.362764 -1.554431
 -1.755928 -1.407987 -1.348395 -1.130223
 -1.606643 -1.505011 -1.016276 -1.534864
 -1.413574 -1.258160 -1.281149 -1.635612
 -1.441176 -1.181539 -1.281982 -1.720048
 -1.833556 -1.331304 -0.980180 -1.605547
 -1.492120 -1.365590 -1.189435 -1.534882
 -1.392373 -1.579585 -1.166307 -1.452693
 -1.566676 -1.172907 -1.208839 -1.696890
 -2.048982 -1.260525 -1.093471 -1.376038
 -1.606643 -1.505011 -1.016276 -1.534864
 -1.413574 -1.258160 -1.281149 -1.635612
 -1.441176 -1.181539 -1.281982 -1.720048
 -1.833556 -1.331304 -0.980180 -1.605547
 -1.492120 -1.365590 -1.189435 -1.534882
 -1.392373 -1.579585 -1.166307 -1.452693
 -1.566676 -1.172907 -1.208839 -1.696890
 -2.048982 -1.260525 -1.093471 -1.376038
 -1.181679 -1.589114 -1.440898 -1.376679
 -1.223581 -1.396051 -1.403925 -1.548242
 -1.223776 -1.246898 -1.358124 -1.824213
 -1.704748 -1.526056 -1.220356 -1.185264
 -1.355889 -1.664624 -1.403898 -1.179662
 -1.307367 -1.562259 -1.248425 -1.457360
 -1.438812 -1.262500 -1.267995 -1.617220
 -1.838606 -1.370403 -1.251619 -1.200926
 -1.181679 -1.589114 -1.440898 -1.376679
 -1.223581 -1.396051 -1.403925 -1.548242
 -1.223776 -1.246898 -1.358124 -1.824213
 -1.704748 -1.526056 -1.220356 -1.185264
 -1.355889 -1.664624 -1.403898 -1.179662
 -1.307367 -1.562259 -1.248425 -1.457360
 -1.438812 -1.262500 -1.267995 -1.617220
 -1.838606 -1.370403 -1.251619 -1.200926
 -1.261879 -1.763135 -1.321302 -1.278034
 -1.184820 -1.535541 -1.818667 -1.150061
 -1.146496 -1.348837 -1.666372 -1.453381
 -1.645053 -1.453998 -1.314446 -1.188295
 -1.301611 -1.794088 -1.419394 -1.140161
 -1.153650 -1.668172 -1.614105 -1.214505
 -1.422083 -1.282498 -1.394138 -1.455008
 -1.792807 -1.348283 -1.519377 -1.035711
 -1.261879 -1.763135 -1.321302 -1.278034
 -1.184820 -1.535541 -1.818667 -1.150061
 -1.146496 -1.348837 -1.666372 -1.453381
 -1.645053 -1.453998 -1.314446 -1.188295
 -1.301611 -1.794088 -1.419394 -1.140161
 -1.153650 -1.668172 -1.614105 -1.214505
 -1.422083 -1.282498 -1.394138 -1.455008
 -1.792807 -1.348283 -1.519377 -1.035711
 -1.605892 -1.428005 -1.045013 -1.571106
 -1.342234 -1.390809 -1.161351 -1.732726
 -1.426942 -1.156881 -1.363495 -1.662166
 -1.981236 -1.426491 -0.926663 -1.486872
 -1.595284 -1.412963 -1.138886 -1.454348
 -1.367337 -1.481604 -1.308094 -1.395910
 -1.498347 -1.182494 -1.278638 -1.652497
 -1.984591 -1.211874 -1.114762 -1.439987
 -1.605892 -1.428005 -1.045013 -1.571106
 -1.342234 -1.390809 -1.161351 -1.732726
 -1.426942 -1.156881 -1.363495 -1.662166
 -1.981236 -1.426491 -0.926663 -1.486872
 -1.595284 -1.412963 -1.138886 -1.454348
 -1.367337 -1.481604 -1.308094 -1.395910
 -1.498347 -1.182494 -1.278638 -1.652497
 -1.984591 -1.211874 -1.114762 -1.439987
 -1.210127 -1.827991 -1.243603 -1.375312
 -1.333452 -1.409825 -1.308042 -1.505532
 -1.206876 -1.272966 -1.438045 -1.695659
 -1.556860 -1.550781 -1.184456 -1.304868
 -1.348603 -1.473426 -1.467662 -1.270131
 -1.217131 -1.649443 -1.285651 -1.446919
 -1.441799 -1.246698 -1.338048 -1.543237
 -1.749764 -1.384040 -1.348638 -1.151927
 -1.210127 -1.827991 -1.243603 -1.375312
 -1.333452 -1.409825 -1.308042 -1.505532
 -1.206876 -1.272966 -1.438045 -1.695659
 -1.556860 -1.550781 -1.184456 -1.304868
 -1.348603 -1.473426 -1.467662 -1.270131
 -1.217131 -1.649443 -1.285651 -1.446919
 -1.441799 -1.246698 -1.338048 -1.543237
 -1.749764 -1.384040 -1.348638 -1.151927
 -1.338114 -1.689328 -1.303864 -1.267496
 -1.207965 -1.588737 -1.735597 -1.137196
 -1.217370 -1.328595 -1.559119 -1.474812
 -1.660153 -1.515127 -1.300016 -1.147018
 -1.321195 -1.640174 -1.460747 -1.180338
 -1.114304 -1.703551 -1.562646 -1.272111
 -1.426954 -1.312325 -1.364189 -1.447405
 -1.690783 -1.477862 -1.310105 -1.146622
 -1.338114 -1.689328 -1.303864 -1.267496
 -1.207965 -1.588737 -1.735597 -1.137196
 -1.217370 -1.328595 -1.559119 -1.474812
 -1.660153 -1.515127 -1.300016 -1.147018
 -1.321195 -1.640174 -1.460747 -1.180338
 -1.114304 -1.703551 -1.562646 -1.272111
 -1.426954 -1.312325 -1.364189 -1.447405
 -1.690783 -1.477862 -1.310105 -1.146622
 -1.483837 -1.517174 -1.075644 -1.547284
 -1.275753 -1.412612 -1.315283 -1.566022
 -1.443872 -1.160509 -1.295898 -1.731554
 -1.921655 -1.408252 -0.948923 -1.505495
 -1.467420 -1.403762 -1.237725 -1.453434
 -1.288177 -1.401879 -1.412405 -1.450146
 -1.573985 -1.226340 -1.172273 -1.662019
 -1.972343 -1.233387 -1.058556 -1.502340
 -1.483837 -1.517174 -1.075644 -1.547284
 -1.275753 -1.412612 -1.315283 -1.566022
 -1.443872 -1.160509 -1.295898 -1.731554
 -1.921655 -1.408252 -0.948923 -1.505495
 -1.467420 -1.403762 -1.237725 -1.453434
 -1.288177 -1.401879 -1.412405 -1.450146
 -1.573985 -1.226340 -1.172273 -1.662019
 -1.972343 -1.233387 -1.058556 -1.502340
 -1.223776 -1.518015 -1.446919 -1.380544
 -1.278006 -1.425163 -1.409034 -1.441557
 -1.198291 -1.271745 -1.485029 -1.653113
 -1.678248 -1.409581 -1.277360 -1.236905
 -1.265551 -1.492078 -1.453292 -1.350108
 -1.203973 -1.515028 -1.416447 -1.437067
 -1.359373 -1.211492 -1.353142 -1.676655
 -1.911854 -1.234456 -1.287421 -1.254497
 -1.223776 -1.518015 -1.446919 -1.380544
 -1.278006 -1.425163 -1.409034 -1.441557
 -1.198291 -1.271745 -1.485029 -1.653113
 -1.678248 -1.409581 -1.277360 -1.236905
 -1.265551 -1.492078 -1.453292 -1.350108
 -1.203973 -1.515028 -1.416447 -1.437067
 -1.359373 -1.211492 -1.353142 -1.676655
 -1.911854 -1.234456 -1.287421 -1.254497
 -1.175400 -1.795244 -1.398543 -1.279196
 -1.125230 -1.663401 -1.740560 -1.169550
 -1.236991 -1.310283 -1.672951 -1.377106
 -1.697380 -1.553038 -1.143995 -1.249356
 -1.343155 -1.715830 -1.486256 -1.099773
 -1.144662 -1.696549 -1.696549 -1.155061
 -1.353233 -1.446919 -1.365504 -1.382102
 -1.793854 -1.584643 -1.309798 -1.025028
 -1.175400 -1.795244 -1.398543 -1.279196
 -1.125230 -1.663401 -1.740560 -1.169550
 -1.236991 -1.310283 -1.672951 -1.377106
 -1.697380 -1.553038 -1.143995 -1.249356
 -1.343155 -1.715830 -1.486256 -1.099773
 -1.144662 -1.696549 -1.696549 -1.155061
 -1.353233 -1.446919 -1.365504 -1.382102
 -1.793854 -1.584643 -1.309798 -1.025028
 -1.252312 -1.310770 -0.810705 -16.221554
 -1.149085 -1.097413 -1.051710 -15.935374
 -1.169580 -1.014921 -1.117576 -16.018276
 -1.431246 -1.193648 -0.781158 -16.206106
 -1.196331 -1.245987 -0.891496 -16.073099
 -0.990194 -1.241508 -1.080142 -15.831746
 -1.308669 -1.044073 -0.973383 -16.003807
 -1.595520 -0.943873 -0.896294 -16.311193
 -1.252312 -1.310770 -0.810705 -16.221554
 -1.149085 -1.097413 -1.051710 -15.935374
 -1.169580 -1.014921 -1.117576 -16.018276
 -1.431246 -1.193648 -0.781158 -16.206106
 -1.196331 -1.245987 -0.891496 -16.073099
 -0.990194 -1.241508 -1.080142 -15.831746
 -1.308669 -1.044073 -0.973383 -16.003807
 -1.595520 -0.943873 -0.896294 -16.311193
 -1.214071 -1.531033 -1.498772 -1.334469
 -1.245389 -1.406229 -1.464967 -1.443840
 -1.191751 -1.233839 -1.514008 -1.686794
 -1.386294 -1.386294 -1.386294 -1.386294
 -1.293585 -1.527200 -1.399717 -1.339774
 -1.205001 -1.530225 -1.435239 -1.403389
 -1.434825 -1.156038 -1.366377 -1.649827
 -1.386294 -1.386294 -1.386294 -1.386294
 -1.214071 -1.531033 -1.498772 -1.334469
 -1.245389 -1.406229 -1.464967 -1.443840
 -1.191751 -1.233839 -1.514008 -1.686794
 -1.386294 -1.386294 -1.386294 -1.386294
 -1.293585 -1.527200 -1.399717 -1.339774
 -1.205001 -1.530225 -1.435239 -1.403389
 -1.434825 -1.156038 -1.366377 -1.649827
 -1.386294 -1.386294 -1.386294 -1.386294
 -1.200075 -1.932901 -1.399475 -1.179689
 -1.156738 -1.615892 -1.809791 -1.129831
 -1.149991 -1.266181 -1.798242 -1.444499
 -1.521194 -1.587062 -1.256687 -1.229536
 -1.167219 -1.649471 -1.446243 -1.342608
 -1.286129 -1.726573 -1.716911 -1.004716
 -1.489773 -1.198339 -1.336697 -1.559841
 -1.611089 -1.494225 -1.225097 -1.265216
 -1.200075 -1.932901 -1.399475 -1.179689
 -1.156738 -1.615892 -1.809791 -1.129831
 -1.149991 -1.266181 -1.798242 -1.444499
 -1.521194 -1.587062 -1.256687 -1.229536
 -1.167219 -1.649471 -1.446243 -1.342608
 -1.286129 -1.726573 -1.716911 -1.004716
 -1.489773 -1.198339 -1.336697 -1.559841
 -1.611089 -1.494225 -1.225097 -1.265216
 -1.455767 -1.628067 -0.941351 -1.712750
 -1.362684 -1.349439 -1.199055 -1.697380
 -1.455928 -1.308669 -1.169449 -1.681478
 -1.879892 -1.439835 -0.904512 -1.581399
 -1.394559 -1.402892 -1.172246 -1.627082
 -1.280402 -1.492838 -1.266150 -1.535140
 -1.499909 -1.323846 -1.143770 -1.649614
 -1.802923 -1.316220 -0.987971 -1.636268
 -1.455767 -1.628067 -0.941351 -1.712750
 -1.362684 -1.349439 -1.199055 -1.697380
 -1.455928 -1.308669 -1.169449 -1.681478
 -1.879892 -1.439835 -0.904512 -1.581399
 -1.394559 -1.402892 -1.172246 -1.627082
 -1.280402 -1.492838 -1.266150 -1.535140
 -1.499909 -1.323846 -1.143770 -1.649614
 -1.802923 -1.316220 -0.987971 -1.636268
 -1.100803 -1.862003 -1.437933 -1.292378
 -1.165930 -1.622327 -1.444521 -1.366220
 -1.316996 -1.156759 -1.474000 -1.668394
 -1.599933 -1.586510 -1.221867 -1.208074
 -1.331960 -1.551504 -1.391383 -1.289601
 -1.115402 -1.663968 -1.315015 -1.540098
 -1.523671 -1.194072 -1.284223 -1.598306
 -1.847999 -1.263892 -1.325670 -1.223255
 -1.100803 -1.862003 -1.437933 -1.292378
 -1.165930 -1.622327 -1.444521 -1.366220
 -1.316996 -1.156759 -1.474000 -1.668394
 -1.599933 -1.586510 -1.221867 -1.208074
 -1.331960 -1.551504 -1.391383 -1.289601
 -1.115402 -1.663968 -1.315015 -1.540098
 -1.523671 -1.194072 -1.284223 -1.598306
 -1.847999 -1.263892 -1.325670 -1.223255
 -1.149222 -1.826109 -1.351412 -1.334828
 -1.138437 -1.629152 -1.897416 -1.097726
 -1.277986 -1.274680 -1.603918 -1.423893
 -1.546549 -1.590351 -1.384268 -1.100643
 -1.199417 -1.587980 -1.571359 -1.249913
 -1.109571 -1.762227 -1.862310 -1.069080
 -1.403120 -1.240601 -1.493015 -1.426005
 -1.528531 -1.388544 -1.473101 -1.189103
 -1.149222 -1.826109 -1.351412 -1.334828
 -1.138437 -1.629152 -1.897416 -1.097726
 -1.277986 -1.274680 -1.603918 -1.423893
 -1.546549 -1.590351 -1.384268 -1.100643
 -1.199417 -1.587980 -1.571359 -1.249913
 -1.109571 -1.762227 -1.862310 -1.069080
 -1.403120 -1.240601 -1.493015 -1.426005
 -1.528531 -1.388544 -1.473101 -1.189103
 -1.561185 -1.599084 -0.979385 -1.548864
 -1.495494 -1.327700 -1.194677 -1.570341
 -1.556481 -1.262242 -1.099723 -1.753649
 -1.839387 -1.437996 -0.955318 -1.518719
 -1.645879 -1.561879 -1.078927 -1.356909
 -1.420644 -1.487335 -1.178330 -1.493099
 -1.836335 -1.209437 -1.026355 -1.693234
 -1.994333 -1.260125 -0.938541 -1.665590
 -1.561185 -1.599084 -0.979385 -1.548864
 -1.495494 -1.327700 -1.194677 -1.570341
 -1.556481 -1.262242 -1.099723 -1.753649
 -1.839387 -1.437996 -0.955318 -1.518719
 -1.645879 -1.561879 -1.078927 -1.356909
 -1.420644 -1.487335 -1.178330 -1.493099
 -1.836335 -1.209437 -1.026355 -1.693234
 -1.994333 -1.260125 -0.938541 -1.665590
 -1.254110 -1.445910 -1.647851 -1.249404
 -1.333260 -1.169708 -1.559507 -1.533930
 -1.387790 -0.931731 -1.642103 -1.814436
 -1.590746 -1.336008 -1.542544 -1.141008
 -1.404388 -1.376686 -1.602565 -1.201677
 -1.395219 -1.257711 -1.367712 -1.545393
 -1.491257 -0.928915 -1.402919 -2.009541
 -1.716958 -1.072264 -1.510164 -1.357584
 -1.254110 -1.445910 -1.647851 -1.249404
 -1.333260 -1.169708 -1.559507 -1.533930
 -1.387790 -0.931731 -1.642103 -1.814436
 -1.590746 -1.336008 -1.542544 -1.141008
 -1.404388 -1.376686 -1.602565 -1.201677
 -1.395219 -1.257711 -1.367712 -1.545393
 -1.491257 -0.928915 -1.402919 -2.009541
 -1.716958 -1.072264 -1.510164 -1.357584
 -16.155392 -16.155392 -16.155392 -0.000000
 -16.479958 -16.479958 -16.479958 -0.000000
 -16.002686 -16.002686 -16.002686 -0.000000
 -15.938970 -15.938970 -15.938970 -0.000000
 -15.898696 -15.898696 -15.898696 -0.000000
 -16.180132 -16.180132 -16.180132 -0.000000
 -15.898696 -15.898696 -15.898696 -0.000000
 -15.990263 -15.990263 -15.990263 -0.000000
 -16.155392 -16.155392 -16.155392 -0.000000
 -16.479958 -16.479958 -16.479958 -0.000000
 -16.002686 -16.002686 -16.002686 -0.000000
 -15.938970 -15.938970 -15.938970 -0.000000
 -15.898696 -15.898696 -15.898696 -0.000000
 -16.180132 -16.180132 -16.180132 -0.000000
 -15.898696 -15.898696 -15.898696 -0.000000
 -15.990263 -15.990263 -15.990263 -0.000000
 -1.386294 -1.386294 -1.386294 -1.386294
 -1.386294 -1.386294 -1.386294 -1.386294
 -1.386294 -1.386294 -1.386294 -1.386294
 -17.380810 -17.380810 -0.000000 -17.380810
 -1.386294 -1.386294 -1.386294 -1.386294
 -1.386294 -1.386294 -1.386294 -1.386294
 -1.386294 -1.386294 -1.386294 -1.386294
 -17.556982 -17.556982 0.000000 -17.556982
 -1.386294 -1.386294 -1.386294 -1.386294
 -1.386294 -1.386294 -1.386294 -1.386294
 -1.386294 -1.386294 -1.386294 -1.386294
 -17.380810 -17.380810 -0.000000 -17.380810
 -1.386294 -1.386294 -1.386294 -1.386294
 -1.386294 -1.386294 -1.386294 -1.386294
 -1.386294 -1.386294 -1.386294 -1.386294
 -17.556982 -17.556982 0.000000 -17.556982
 -1.386294 -1.386294 -1.386294 -1.386294
 -1.386294 -1.386294 -1.386294 -1.386294
 -1.386294 -1.386294 -1.386294 -1.386294
 -1.386294 -1.386294 -1.386294 -1.386294
 -1.386294 -1.386294 -1.386294 -1.386294
 -1.386294 -1.386294 -1.386294 -1.386294
 -18.165918 0.000000 -18.165918 -18.165918
 -1.386294 -1.386294 -1.386294 -1.386294
 -1.386294 -1.386294 -1.386294 -1.386294
 -1.386294 -1.386294 -1.386294 -1.386294
 -1.386294 -1.386294 -1.386294 -1.386294
 -1.386294 -1.386294 -1.386294 -1.386294
 -1.386294 -1.386294 -1.386294 -1.386294
 -1.386294 -1.386294 -1.386294 -1.386294
 -18.165918 0.000000 -18.165918 -18.165918
 -1.386294 -1.386294 -1.386294 -1.386294
 -1.386294 -1.386294 -1.386294 -1.386294
 0.000000 -18.165918 -18.165918 -18.165918
 -1.386294 -1.386294 -1.386294 -1.386294
 -1.386294 -1.386294 -1.386294 -1.386294
 -1.386294 -1.386294 -1.386294 -1.386294
 -1.386294 -1.386294 -1.386294 -1.386294
 -1.386294 -1.386294 -1.386294 -1.386294
 -1.386294 -1.386294 -1.386294 -1.386294
 -1.386294 -1.386294 -1.386294 -1.386294
 0.000000 -18.165918 -18.165918 -18.165918
 -1.386294 -1.386294 -1.386294 -1.386294
 -1.386294 -1.386294 -1.386294 -1.386294
 -1.386294 -1.386294 -1.386294 -1.386294
 -1.386294 -1.386294 -1.386294 -1.386294
 -1.386294 -1.386294 -1.386294 -1.386294
 -1.386294 -1.386294 -1.386294 -1.386294
 -1.386294 -1.386294 -1.386294 -1.386294
 -1.386294 -1.386294 -1.386294 -1.386294
 -1.386294 -1.386294 -1.386294 -1.386294
 -1.386294 -1.386294 -1.386294 -1.386294
 -18.165918 -18.165918 0.000000 -18.165918
 -1.386294 -1.386294 -1.386294 -1.386294
 -1.386294 -1.386294 -1.386294 -1.386294
 -1.386294 -1.386294 -1.386294 -1.386294
 -1.386294 -1.386294 -1.386294 -1.386294
 -1.386294 -1.386294 -1.386294 -1.386294
 -1.386294 -1.386294 -1.386294 -1.386294
 -1.386294 -1.386294 -1.386294 -1.386294
 -18.165918 -18.165918 0.000000 -18.165918
 -1.386294 -1.386294 -1.386294 -1.386294
 -1.386294 -1.386294 -1.386294 -1.386294
 -1.386294 -1.386294 -1.386294 -1.386294
 -1.386294 -1.386294 -1.386294 -1.386294
 -1.386294 -1.386294 -1.386294 -1.386294
 -1.089622 -0.937610 -18.165918 -1.301608
 -1.386294 -1.386294 -1.386294 -1.386294
 -1.386294 -1.386294 -1.386294 -1.386294
 -1.386294 -1.386294 -1.386294 -1.386294
 -1.386294 -1.386294 -1.386294 -1.386294
 -1.386294 -1.386294 -1.386294 -1.386294
 -1.386294 -1.386294 -1.386294 -1.386294
 -1.386294 -1.386294 -1.386294 -1.386294
 -1.089622 -0.937610 -18.165918 -1.301608
 -1.386294 -1.386294 -1.386294 -1.386294
 -1.386294 -1.386294 -1.386294 -1.386294
 -1.386294 -1.386294 -1.386294 -1.386294
 -1.386294 -1.386294 -1.386294 -1.386294
 -1.386294 -1.386294 -1.386294 -1.386294
 -1.137327 -1.899809 -1.354210 -1.303511
 -1.105224 -1.722701 -1.779642 -1.134504
 -1.386294 -1.386294 -1.386294 -1.386294
 -1.511932 -1.724380 -1.344051 -1.077500
 -1.386294 -1.386294 -1.386294 -1.386294
 -1.386294 -1.386294 -1.386294 -1.386294
 -1.386294 -1.386294 -1.386294 -1.386294
 -1.386294 -1.386294 -1.386294 -1.386294
 -1.137327 -1.899809 -1.354210 -1.303511
 -1.105224 -1.722701 -1.779642 -1.134504
 -1.386294 -1.386294 -1.386294 -1.386294
 -1.511932 -1.724380 -1.344051 -1.077500
 -1.386294 -1.386294 -1.386294 -1.386294
 -1.386294 -1.386294 -1.386294 -1.386294
 -1.386294 -1.386294 -1.386294 -1.386294
 -1.386294 -1.386294 -1.386294 -1.386294
 -1.400752 -1.592830 -1.038269 -1.628762
 -1.331418 -1.596699 -1.221215 -1.433547
 -1.259472 -1.341261 -1.223478 -1.829614
 -1.791759 -1.474848 -0.945673 -1.532006
 -1.472935 -1.500004 -1.025817 -1.665396
 -1.300737 -1.513930 -1.238701 -1.523880
 -1.487270 -1.224906 -1.147826 -1.814617
 -1.917395 -1.246584 -1.154452 -1.385114
 -1.400752 -1.592830 -1.038269 -1.628762
 -1.331418 -1.596699 -1.221215 -1.433547
 -1.259472 -1.341261 -1.223478 -1.829614
 -1.791759 -1.474848 -0.945673 -1.532006
 -1.472935 -1.500004 -1.025817 -1.665396
 -1.300737 -1.513930 -1.238701 -1.523880
 -1.487270 -1.224906 -1.147826 -1.814617
 -1.917395 -1.246584 -1.154452 -1.385114
 -2.964113 0.000100 0.000100 0.000100
 -2.735981 0.000100 0.000100 0.000100
 -2.600338 0.000100 0.000100 0.000100
 -2.972901 0.000100 0.000100 0.000100
 -2.967870 0.000100 0.000100 0.000100
 -2.704637 0.000100 0.000100 0.000100
 -2.467132 0.000100 0.000100 0.000100
 -2.899965 0.000100 0.000100 0.000100
 -2.964113 0.000100 0.000100 0.000100
 -2.735981 0.000100 0.000100 0.000100
 -2.600338 0.000100 0.000100 0.000100
 -2.972901 0.000100 0.000100 0.000100
 -2.967870 0.000100 0.000100 0.000100
 -2.704637 0.000100 0.000100 0.000100
 -2.467132 0.000100 0.000100 0.000100
 -2.899965 0.000100 0.000100 0.000100
 -1.250890 -1.566618 -1.361602 -1.391307
 -1.306941 -1.423805 -1.352061 -1.470325
 -1.234256 -1.289485 -1.487705 -1.571923
 -1.645385 -1.434076 -1.233406 -1.282196
 -1.407855 -1.516069 -1.352978 -1.282692
 -1.240305 -1.582795 -1.270764 -1.493049
 -1.477809 -1.295488 -1.246698 -1.557574
 -1.799999 -1.276489 -1.328225 -1.235331
 -1.250890 -1.566618 -1.361602 -1.391307
 -1.306941 -1.423805 -1.352061 -1.470325
 -1.234256 -1.289485 -1.487705 -1.571923
 -1.645385 -1.434076 -1.233406 -1.282196
 -1.407855 -1.516069 -1.352978 -1.282692
 -1.240305 -1.582795 -1.270764 -1.493049
 -1.477809 -1.295488 -1.246698 -1.557574
 -1.799999 -1.276489 -1.328225 -1.235331
 -1.291757 -1.761073 -1.351952 -1.222077
 -1.155136 -1.589039 -1.728080 -1.193236
 -1.255149 -1.292632 -1.632583 -1.406517
 -1.648659 -1.528409 -1.300352 -1.144522
 -1.352239 -1.570928 -1.379390 -1.266717
 -1.098612 -1.556445 -1.798585 -1.237015
 -1.362764 -1.284512 -1.362764 -1.554431
 -1.755928 -1.407987 -1.348395 -1.130223
 -1.291757 -1.761073 -1.351952 -1.222077
 -1.155136 -1.589039 -1.728080 -1.193236
 -1.255149 -1.292632 -1.632583 -1.406517
 -1.648659 -1.528409 -1.300352 -1.144522
 -1.352239 -1.570928 -1.379390 -1.266717
 -1.098612 -1.556445 -1.798585 -1.237015
 -1.362764 -1.284512 -1.362764 -1.554431
 -1.755928 -1.407987 -1.348395 -1.130223
 -1.606643 -1.505011 -1.016276 -1.534864
 -1.413574 -1.258160 -1.281149 -1.635612
 -1.441176 -1.181539 -1.281982 -1.720048
 -1.833556 -1.331304 -0.980180 -1.605547
 -1.492120 -1.365590 -1.189435 -1.534882
 -1.392373 -1.579585 -1.166307 -1.452693
 -1.566676 -1.172907 -1.208839 -1.696890
 -2.048982 -1.260525 -1.093471 -1.376038
 -1.606643 -1.505011 -1.016276 -1.534864
 -1.413574 -1.258160 -1.281149 -1.635612
 -1.441176 -1.181539 -1.281982 -1.720048
 -1.833556 -1.331304 -0.980180 -1.605547
 -1.492120 -1.365590 -1.189435 -1.534882
 -1.392373 -1.579585 -1.166307 -1.452693
 -1.566676 -1.172907 -1.208839 -1.696890
 -2.048982 -1.260525 -1.093471 -1.376038
 -1.181679 -1.589114 -1.440898 -1.376679
 -1.223581 -1.396051 -1.403925 -1.548242
 -1.223776 -1.246898 -1.358124 -1.824213
 -1.704748 -1.526056 -1.220356 -1.185264
 -1.355889 -1.664624 -1.403898 -1.179662
 -1.307367 -1.562259 -1.248425 -1.457360
 -1.438812 -1.262500 -1.267995 -1.617220
 -1.838606 -1.370403 -1.251619 -1.200926
 -1.181679 -1.589114 -1.440898 -1.376679
 -1.223581 -1.396051 -1.403925 -1.548242
 -1.223776 -1.246898 -1.358124 -1.824213
 -1.704748 -1.526056 -1.220356 -1.185264
 -1.355889 -1.664624 -1.403898 -1.179662
 -1.307367 -1.562259 -1.248425 -1.457360
 -1.438812 -1.262500 -1.267995 -1.617220
 -1.838606 -1.370403 -1.251619 -1.200926
 -1.261879 -1.763135 -1.321302 -1.278034
 -1.184820 -1.535541 -1.818667 -1.150061
 -1.146496 -1.348837 -1.666372 -1.453381
 -1.645053 -1.453998 -1.314446 -1.188295
 -1.301611 -1.794088 -1.419394 -1.140161
 -1.153650 -1.668172 -1.614105 -1.214505
 -1.422083 -1.282498 -1.394138 -1.455008
 -1.792807 -1.348283 -1.519377 -1.035711
 -1.261879 -1.763135 -1.321302 -1.278034
 -1.184820 -1.535541 -1.818667 -1.150061
 -1.146496 -1.348837 -1.666372 -1.453381
 -1.645053 -1.453998 -1.314446 -1.188295
 -1.301611 -1.794088 -1.419394 -1.140161
 -1.153650 -1.668172 -1.614105 -1.214505
 -1.422083 -1.282498 -1.394138 -1.455008
 -1.792807 -1.348283 -1.519377 -1.035711
 -1.605892 -1.428005 -1.045013 -1.571106
 -1.342234 -1.390809 -1.161351 -1.732726
 -1.426942 -1.156881 -1.363495 -1.662166
 -1.981236 -1.426491 -0.926663 -1.486872
 -1.595284 -1.412963 -1.138886 -1.454348
 -1.367337 -1.481604 -1.308094 -1.395910
 -1.498347 -1.182494 -1.278638 -1.652497
 -1.984591 -1.211874 -1.114762 -1.439987
 -1.605892 -1.428005 -1.045013 -1.571106
 -1.342234 -1.390809 -1.161351 -1.732726
 -1.426942 -1.156881 -1.363495 -1.662166
 -1.981236 -1.426491 -0.926663 -1.486872
 -1.595284 -1.412963 -1.138886 -1.454348
 -1.367337 -1.481604 -1.308094 -1.395910
 -1.498347 -1.182494 -1.278638 -1.652497
 -1.984591 -1.211874 -1.114762 -1.439987
 -1.210127 -1.827991 -1.243603 -1.375312
 -1.333452 -1.409825 -1.308042 -1.505532
 -1.206876 -1.272966 -1.438045 -1.695659
 -1.556860 -1.550781 -1.184456 -1.304868
 -1.348603 -1.473426 -1.467662 -1.270131
 -1.217131 -1.649443 -1.285651 -1.446919
 -1.441799 -1.246698 -1.338048 -1.543237
 -1.749764 -1.384040 -1.348638 -1.151927
 -1.210127 -1.827991 -1.243603 -1.375312
 -1.333452 -1.409825 -1.308042 -1.505532
 -1.206876 -1.272966 -1.438045 -1.695659
 -1.556860 -1.550781 -1.184456 -1.304868
 -1.348603 -1.473426 -1.467662 -1.270131
 -1.217131 -1.649443 -1.285651 -1.446919
 -1.441799 -1.246698 -1.338048 -1.543237
 -1.749764 -1.384040 -1.348638 -1.151927
 -1.338114 -1.689328 -1.303864 -1.267496
 -1.207965 -1.588737 -1.735597 -1.137196
 -1.217370 -1.328595 -1.559119 -1.474812
 -1.660153 -1.515127 -1.300016 -1.147018
 -1.321195 -1.640174 -1.460747 -1.180338
 -1.114304 -1.703551 -1.562646 -1.272111
 -1.426954 -1.312325 -1.364189 -1.447405
 -1.690783 -1.477862 -1.310105 -1.146622
 -1.338114 -1.689328 -1.303864 -1.267496
 -1.207965 -1.588737 -1.735597 -1.137196
 -1.217370 -1.328595 -1.559119 -1.474812
 -1.660153 -1.515127 -1.300016 -1.147018
 -1.321195 -1.640174 -1.460747 -1.180338
 -1.114304 -1.703551 -1.562646 -1.272111
 -1.426954 -1.312325 -1.364189 -1.447405
 -1.690783 -1.477862 -1.310105 -1.146622
 -1.483837 -1.517174 -1.075644 -1.547284
 -1.275753 -1.412612 -1.315283 -1.566022
 -1.443872 -1.160509 -1.295898 -1.731554
 -1.921655 -1.408252 -0.948923 -1.505495
 -1.467420 -1.403762 -1.237725 -1.453434
 -1.288177 -1.401879 -1.412405 -1.450146
 -1.573985 -1.226340 -1.172273 -1.662019
 -1.972343 -1.233387 -1.058556 -1.502340
 -1.483837 -1.517174 -1.075644 -1.547284
 -1.275753 -1.412612 -1.315283 -1.566022
 -1.443872 -1.160509 -1.295898 -1.731554
 -1.921655 -1.408252 -0.948923 -1.505495
 -1.467420 -1.403762 -1.237725 -1.453434
 -1.288177 -1.401879 -1.412405 -1.450146
 -1.573985 -1.226340 -1.172273 -1.662019
 -1.972343 -1.233387 -1.058556 -1.502340
 -1.223776 -1.518015 -1.446919 -1.380544
 -1.278006 -1.425163 -1.409034 -1.441557
 -1.198291 -1.271745 -1.485029 -1.653113
 -1.678248 -1.409581 -1.277360 -1.236905
 -1.265551 -1.492078 -1.453292 -1.350108
 -1.203973 -1.515028 -1.416447 -1.437067
 -1.359373 -1.211492 -1.353142 -1.676655
 -1.911854 -1.234456 -1.287421 -1.254497
 -1.223776 -1.518015 -1.446919 -1.380544
 -1.278006 -1.425163 -1.409034 -1.441557
 -1.198291 -1.271745 -1.485029 -1.653113
 -1.678248 -1.409581 -1.277360 -1.236905
 -1.265551 -1.492078 -1.453292 -1.350108
 -1.203973 -1.515028 -1.416447 -1.437067
 -1.359373 -1.211492 -1.353142 -1.676655
 -1.911854 -1.234456 -1.287421 -1.254497
 -1.175400 -1.795244 -1.398543 -1.279196
 -1.125230 -1.663401 -1.740560 -1.169550
 -1.236991 -1.310283 -1.672951 -1.377106
 -1.697380 -1.553038 -1.143995 -1.249356
 -1.343155 -1.715830 -1.486256 -1.099773
 -1.144662 -1.696549 -1.696549 -1.155061
 -1.353233 -1.446919 -1.365504 -1.382102
 -1.793854 -1.584643 -1.309798 -1.025028
 -1.175400 -1.795244 -1.398543 -1.279196
 -1.125230 -1.663401 -1.740560 -1.169550
 -1.236991 -1.310283 -1.672951 -1.377106
 -1.697380 -1.553038 -1.143995 -1.249356
 -1.343155 -1.715830 -1.486256 -1.099773
 -1.144662 -1.696549 -1.696549 -1.155061
 -1.353233 -1.446919 -1.365504 -1.382102
 -1.793854 -1.584643 -1.309798 -1.025028
 -1.252312 -1.310770 -0.810705 -16.221554
 -1.149085 -1.097413 -1.051710 -15.935374
 -1.169580 -1.014921 -1.117576 -16.018276
 -1.431246 -1.193648 -0.781158 -16.206106
 -1.196331 -1.245987 -0.891496 -16.073099
 -0.990194 -1.241508 -1.080142 -15.831746
 -1.308669 -1.044073 -0.973383 -16.003807
 -1.595520 -0.943873 -0.896294 -16.311193
 -1.252312 -1.310770 -0.810705 -16.221554
 -1.149085 -1.097413 -1.051710 -15.935374
 -1.169580 -1.014921 -1.117576 -16.018276
 -1.431246 -1.193648 -0.781158 -16.206106
 -1.196331 -1.245987 -0.891496 -16.073099
 -0.990194 -1.241508 -1.080142 -15.831746
 -1.308669 -1.044073 -0.973383 -16.003807
 -1.595520 -0.943873 -0.896294 -16.311193
 -1.214071 -1.531033 -1.498772 -1.334469
 -1.245389 -1.406229 -1.464967 -1.443840
 -1.191751 -1.233839 -1.514008 -1.686794
 -1.386294 -1.386294 -1.386294 -1.386294
 -1.293585 -1.527200 -1.399717 -1.339774
 -1.205001 -1.530225 -1.435239 -1.403389
 -1.434825 -1.156038 -1.366377 -1.649827
 -1.386294 -1.386294 -1.386294 -1.386294
 -1.214071 -1.531033 -1.498772 -1.334469
 -1.245389 -1.406229 -1.464967 -1.443840
 -1.191751 -1.233839 -1.514008 -1.686794
 -1.386294 -1.386294 -1.386294 -1.386294
 -1.293585 -1.527200 -1.399717 -1.339774
 -1.205001 -1.530225 -1.435239 -1.403389
 -1.434825 -1.156038 -1.366377 -1.649827
 -1.386294 -1.386294 -1.386294 -1.386294
 -1.200075 -1.932901 -1.399475 -1.179689
 -1.156738 -1.615892 -1.809791 -1.129831
 -1.149991 -1.266181 -1.798242 -1.444499
 -1.521194 -1.587062 -1.256687 -1.229536
 -1.167219 -1.649471 -1.446243 -1.342608
 -1.286129 -1.726573 -1.716911 -1.004716
 -1.489773 -1.198339 -1.336697 -1.559841
 -1.611089 -1.494225 -1.225097 -1.265216
 -1.200075 -1.932901 -1.399475 -1.179689
 -1.156738 -1.615892 -1.809791 -1.129831
 -1.149991 -1.266181 -1.798242 -1.444499
 -1.521194 -1.587062 -1.256687 -1.229536
 -1.167219 -1.649471 -1.446243 -1.342608
 -1.286129 -1.726573 -1.716911 -1.004716
 -1.489773 -1.198339 -1.336697 -1.559841
 -1.611089 -1.494225 -1.225097 -1.265216
 -1.455767 -1.628067 -0.941351 -1.712750
 -1.362684 -1.349439 -1.199055 -1.697380
 -1.455928 -1.308669 -1.169449 -1.681478
 -1.879892 -1.439835 -0.904512 -1.581399
 -1.394559 -1.402892 -1.172246 -1.627082
 -1.280402 -1.492838 -1.266150 -1.535140
 -1.499909 -1.323846 -1.143770 -1.649614
 -1.802923 -1.316220 -0.987971 -1.636268
 -1.455767 -1.628067 -0.941351 -1.712750
 -1.362684 -1.349439 -1.199055 -1.697380
 -1.455928 -1.308669 -1.169449 -1.681478
 -1.879892 -1.439835 -0.904512 -1.581399
 -1.394559 -1.402892 -1.172246 -1.627082
 -1.280402 -1.492838 -1.266150 -1.535140
 -1.499909 -1.323846 -1.143770 -1.649614
 -1.802923 -1.316220 -0.987971 -1.636268
 -1.100803 -1.862003 -1.437933 -1.292378
 -1.165930 -1.622327 -1.444521 -1.366220
 -1.316996 -1.156759 -1.474000 -1.668394
 -1.599933 -1.586510 -1.221867 -1.208074
 -1.331960 -1.551504 -1.391383 -1.289601
 -1.115402 -1.663968 -1.315015 -1.540098
 -1.523671 -1.194072 -1.284223 -1.598306
 -1.847999 -1.263892 -1.325670 -1.223255
 -1.100803 -1.862003 -1.437933 -1.292378
 -1.165930 -1.622327 -1.444521 -1.366220
 -1.316996 -1.156759 -1.474000 -1.668394
 -1.599933 -1.586510 -1.221867 -1.208074
 -1.331960 -1.551504 -1.391383 -1.289601
 -1.115402 -1.663968 -1.315015 -1.540098
 -1.523671 -1.194072 -1.284223 -1.598306
 -1.847999 -1.263892 -1.325670 -1.223255
 -1.149222 -1.826109 -1.351412 -1.334828
 -1.138437 -1.629152 -1.897416 -1.097726
 -1.277986 -1.274680 -1.603918 -1.423893
 -1.546549 -1.590351 -1.384268 -1.100643
 -1.199417 -1.587980 -1.571359 -1.249913
 -1.109571 -1.762227 -1.862310 -1.069080
 -1.403120 -1.240601 -1.493015 -1.426005
 -1.528531 -1.388544 -1.473101 -1.189103
 -1.149222 -1.826109 -1.351412 -1.334828
 -1.138437 -1.629152 -1.897416 -1.097726
 -1.277986 -1.274680 -1.603918 -1.423893
 -1.546549 -1.590351 -1.384268 -1.100643
 -1.199417 -1.587980 -1.571359 -1.249913
 -1.109571 -1.762227 -1.862310 -1.069080
 -1.403120 -1.240601 -1.493015 -1.426005
 -1.528531 -1.388544 -1.473101 -1.189103
 -1.561185 -1.599084 -0.979385 -1.548864
 -1.495494 -1.327700 -1.194677 -1.570341
 -1.556481 -1.262242 -1.099723 -1.753649
 -1.839387 -1.437996 -0.955318 -1.518719
 -1.645879 -1.561879 -1.078927 -1.356909
 -1.420644 -1.487335 -1.178330 -1.493099
 -1.836335 -1.209437 -1.026355 -1.693234
 -1.994333 -1.260125 -0.938541 -1.665590
 -1.561185 -1.599084 -0.979385 -1.548864
 -1.495494 -1.327700 -1.194677 -1.570341
 -1.556481 -1.262242 -1.099723 -1.753649
 -1.839387 -1.437996 -0.955318 -1.518719
 -1.645879 -1.561879 -1.078927 -1.356909
 -1.420644 -1.487335 -1.178330 -1.493099
 -1.836335 -1.209437 -1.026355 -1.693234
 -1.994333 -1.260125 -0.938541 -1.665590
 -1.254110 -1.445910 -1.647851 -1.249404
 -1.333260 -1.169708 -1.559507 -1.533930
 -1.387790 -0.931731 -1.642103 -1.814436
 -1.590746 -1.336008 -1.542544 -1.141008
 -1.404388 -1.376686 -1.602565 -1.201677
 -1.395219 -1.257711 -1.367712 -1.545393
 -1.491257 -0.928915 -1.402919 -2.009541
 -1.716958 -1.072264 -1.510164 -1.357584
 -1.254110 -1.445910 -1.647851 -1.249404
 -1.333260 -1.169708 -1.559507 -1.533930
 -1.387790 -0.931731 -1.642103 -1.814436
 -1.590746 -1.336008 -1.542544 -1.141008
 -1.404388 -1.376686 -1.602565 -1.201677
 -1.395219 -1.257711 -1.367712 -1.545393
 -1.491257 -0.928915 -1.402919 -2.009541
 -1.716958 -1.072264 -1.510164 -1.357584
 -16.155392 -16.155392 -16.155392 -0.000000
 -16.479958 -16.479958 -16.479958 -0.000000
 -16.002686 -16.002686 -16.002686 -0.000000
 -15.938970 -15.938970 -15.938970 -0.000000
 -15.898696 -15.898696 -15.898696 -0.000000
 -16.180132 -16.180132 -16.180132 -0.000000
 -15.898696 -15.898696 -15.898696 -0.000000
 -15.990263 -15.990263 -15.990263 -0.000000
 -16.155392 -16.155392 -16.155392 -0.000000
 -16.479958 -16.479958 -16.479958 -0.000000
 -16.002686 -16.002686 -16.002686 -0.000000
 -15.938970 -15.938970 -15.938970 -0.000000
 -15.898696 -15.898696 -15.898696 -0.000000
 -16.180132 -16.180132 -16.180132 -0.000000
 -15.898696 -15.898696 -15.898696 -0.000000
 -15.990263 -15.990263 -15.990263 -0.000000
 -1.386294 -1.386294 -1.386294 -1.386294
 -1.386294 -1.386294 -1.386294 -1.386294
 -1.386294 -1.386294 -1.386294 -1.386294
 -17.380810 -17.380810 -0.000000 -17.380810
 -1.386294 -1.386294 -1.386294 -1.386294
 -1.386294 -1.386294 -1.386294 -1.386294
 -1.386294 -1.386294 -1.386294 -1.386294
 -17.556982 -17.556982 0.000000 -17.556982
 -1.386294 -1.386294 -1.386294 -1.386294
 -1.386294 -1.386294 -1.386294 -1.386294
 -1.386294 -1.386294 -1.386294 -1.386294
 -17.380810 -17.380810 -0.000000 -17.380810
 -1.386294 -1.386294 -1.386294 -1.386294
 -1.386294 -1.386294 -1.386294 -1.386294
 -1.386294 -1.386294 -1.386294 -1.386294
 -17.556982 -17.556982 0.000000 -17.556982
 -1.386294 -1.386294 -1.386294 -1.386294
 -1.386294 -1.386294 -1.386294 -1.386294
 -1.386294 -1.386294 -1.386294 -1.386294
 -1.386294 -1.386294 -1.386294 -1.386294
 -1.386294 -1.386294 -1.386294 -1.386294
 -1.386294 -1.386294 -1.386294 -1.386294
 -18.165918 0.000000 -18.165918 -18.165918
 -1.386294 -1.386294 -1.386294 -1.386294
 -1.386294 -1.386294 -1.386294 -1.386294
 -1.386294 -1.386294 -1.386294 -1.386294
 -1.386294 -1.386294 -1.386294 -1.386294
 -1.386294 -1.386294 -1.386294 -1.386294
 -1.386294 -1.386294 -1.386294 -1.386294
 -1.386294 -1.386294 -1.386294 -1.386294
 -18.165918 0.000000 -18.165918 -18.165918
 -1.386294 -1.386294 -1.386294 -1.386294
 -1.386294 -1.386294 -1.386294 -1.386294
 0.000000 -18.165918 -18.165918 -18.165918
 -1.386294 -1.386294 -1.386294 -1.386294
 -1.386294 -1.386294 -1.386294 -1.386294
 -1.386294 -1.386294 -1.386294 -1.386294
 -1.386294 -1.386294 -1.386294 -1.386294
 -1.386294 -1.386294 -1.386294 -1.386294
 -1.386294 -1.386294 -1.386294 -1.386294
 -1.386294 -1.386294 -1.386294 -1.386294
 0.000000 -18.165918 -18.165918 -18.165918
 -1.386294 -1.386294 -1.386294 -1.386294
 -1.386294 -1.386294 -1.386294 -1.386294
 -1.386294 -1.386294 -1.386294 -1.386294
 -1.386294 -1.386294 -1.386294 -1.386294
 -1.386294 -1.386294 -1.386294 -1.386294
 -1.386294 -1.386294 -1.386294 -1.386294
 -1.386294 -1.386294 -1.386294 -1.386294
 -1.386294 -1.386294 -1.386294 -1.386294
 -1.386294 -1.386294 -1.386294 -1.386294
 -1.386294 -1.386294 -1.386294 -1.386294
 -18.165918 -18.165918 0.000000 -18.165918
 -1.386294 -1.386294 -1.386294 -1.386294
 -1.386294 -1.386294 -1.386294 -1.386294
 -1.386294 -1.386294 -1.386294 -1.386294
 -1.386294 -1.386294 -1.386294 -1.386294
 -1.386294 -1.386294 -1.386294 -1.386294
 -1.386294 -1.386294 -1.386294 -1.386294
 -1.386294 -1.386294 -1.386294 -1.386294
 -18.165918 -18.165918 0.000000 -18.165918
 -1.386294 -1.386294 -1.386294 -1.386294
 -1.386294 -1.386294 -1.386294 -1.386294
 -1.386294 -1.386294 -1.386294 -1.386294
 -1.386294 -1.386294 -1.386294 -1.386294
 -1.386294 -1.386294 -1.386294 -1.386294
 -1.089622 -0.937610 -18.165918 -1.301608
 -1.386294 -1.386294 -1.386294 -1.386294
 -1.386294 -1.386294 -1.386294 -1.386294
 -1.386294 -1.386294 -1.386294 -1.386294
 -1.386294 -1.386294 -1.386294 -1.386294
 -1.386294 -1.386294 -1.386294 -1.386294
 -1.386294 -1.386294 -1.386294 -1.386294
 -1.386294 -1.386294 -1.386294 -1.386294
 -1.089622 -0.937610 -18.165918 -1.301608
 -1.386294 -1.386294 -1.386294 -1.386294
 -1.386294 -1.386294 -1.386294 -1.386294
 -1.386294 -1.386294 -1.386294 -1.386294
 -1.386294 -1.386294 -1.386294 -1.386294
 -1.386294 -1.386294 -1.386294 -1.386294
 -1.137327 -1.899809 -1.354210 -1.303511
 -1.105224 -1.722701 -1.779642 -1.134504
 -1.386294 -1.386294 -1.386294 -1.386294
 -1.511932 -1.724380 -1.344051 -1.077500
 -1.386294 -1.386294 -1.386294 -1.386294
 -1.386294 -1.386294 -1.386294 -1.386294
 -1.386294 -1.386294 -1.386294 -1.386294
 -1.386294 -1.386294 -1.386294 -1.386294
 -1.137327 -1.899809 -1.354210 -1.303511
 -1.105224 -1.722701 -1.779642 -1.134504
 -1.386294 -1.386294 -1.386294 -1.386294
 -1.511932 -1.724380 -1.344051 -1.077500
 -1.386294 -1.386294 -1.386294 -1.386294
 -1.386294 -1.386294 -1.386294 -1.386294
 -1.386294 -1.386294 -1.386294 -1.386294
 -1.386294 -1.386294 -1.386294 -1.386294
 -1.400752 -1.592830 -1.038269 -1.628762
 -1.331418 -1.596699 -1.221215 -1.433547
 -1.259472 -1.341261 -1.223478 -1.829614
 -1.791759 -1.474848 -0.945673 -1.532006
 -1.472935 -1.500004 -1.025817 -1.665396
 -1.300737 -1.513930 -1.238701 -1.523880
 -1.487270 -1.224906 -1.147826 -1.814617
 -1.917395 -1.246584 -1.154452 -1.385114
 -1.400752 -1.592830 -1.038269 -1.628762
 -1.331418 -1.596699 -1.221215 -1.433547
 -1.259472 -1.341261 -1.223478 -1.829614
 -1.791759 -1.474848 -0.945673 -1.532006
 -1.472935 -1.500004 -1.025817 -1.665396
 -1.300737 -1.513930 -1.238701 -1.523880
 -1.487270 -1.224906 -1.147826 -1.814617
 -1.917395 -1.246584 -1.154452 -1.385114
