 -2.775289 0.000100 0.000100 0.000100
 -2.723569 0.000100 0.000100 0.000100
 -2.668386 0.000100 0.000100 0.000100
 -2.883342 0.000100 0.000100 0.000100
 -2.974947 0.000100 0.000100 0.000100
 -2.724680 0.000100 0.000100 0.000100
 -2.710115 0.000100 0.000100 0.000100
 -2.755608 0.000100 0.000100 0.000100
 -2.775289 0.000100 0.000100 0.000100
 -2.723569 0.000100 0.000100 0.000100
 -2.668386 0.000100 0.000100 0.000100
 -2.883342 0.000100 0.000100 0.000100
 -2.974947 0.000100 0.000100 0.000100
 -2.724680 0.000100 0.000100 0.000100
 -2.710115 0.000100 0.000100 0.000100
 -2.755608 0.000100 0.000100 0.000100
 -1.372477 -1.532719 -1.218063 -1.449143
 -1.344438 -1.293784 -1.415471 -1.503855
 -1.369417 -1.120171 -1.446709 -1.691856
 -1.721231 -1.387467 -1.184665 -1.325769
 -1.395041 -1.447062 -1.401977 -1.306350
 -1.336536 -1.470793 -1.311472 -1.435151
 -1.507369 -1.188646 -1.304408 -1.596811
 -1.889089 -1.243293 -1.289662 -1.255288
 -1.372477 -1.532719 -1.218063 -1.449143
 -1.344438 -1.293784 -1.415471 -1.503855
 -1.369417 -1.120171 -1.446709 -1.691856
 -1.721231 -1.387467 -1.184665 -1.325769
 -1.395041 -1.447062 -1.401977 -1.306350
 -1.336536 -1.470793 -1.311472 -1.435151
 -1.507369 -1.188646 -1.304408 -1.596811
 -1.889089 -1.243293 -1.289662 -1.255288
 -1.274199 -1.691950 -1.314414 -1.318436
 -1.200178 -1.426868 -1.568808 -1.384271
 -1.237333 -1.243498 -1.527194 -1.588043
 -1.643583 -1.487563 -1.231934 -1.241109
 -1.303886 -1.567644 -1.463774 -1.242617
 -1.219703 -1.543124 -1.478488 -1.335648
 -1.449915 -1.269188 -1.311103 -1.537920
 -1.769064 -1.389182 -1.316894 -1.163912
 -1.274199 -1.691950 -1.314414 -1.318436
 -1.200178 -1.426868 -1.568808 -1.384271
 -1.237333 -1.243498 -1.527194 -1.588043
 -1.643583 -1.487563 -1.231934 -1.241109
 -1.303886 -1.567644 -1.463774 -1.242617
 -1.219703 -1.543124 -1.478488 -1.335648
 -1.449915 -1.269188 -1.311103 -1.537920
 -1.769064 -1.389182 -1.316894 -1.163912
 -1.396739 -1.517843 -1.163216 -1.509891
 -1.373246 -1.325408 -1.456028 -1.394886
 -1.337877 -1.157895 -1.434183 -1.686636
 -1.787386 -1.377326 -1.102271 -1.393381
 -1.449540 -1.423513 -1.311897 -1.365916
 -1.354172 -1.483300 -1.413320 -1.303361
 -1.457370 -1.227188 -1.303797 -1.596830
 -1.864889 -1.236415 -1.261512 -1.304023
 -1.396739 -1.517843 -1.163216 -1.509891
 -1.373246 -1.325408 -1.456028 -1.394886
 -1.337877 -1.157895 -1.434183 -1.686636
 -1.787386 -1.377326 -1.102271 -1.393381
 -1.449540 -1.423513 -1.311897 -1.365916
 -1.354172 -1.483300 -1.413320 -1.303361
 -1.457370 -1.227188 -1.303797 -1.596830
 -1.864889 -1.236415 -1.261512 -1.304023
 -1.331684 -1.532604 -1.261403 -1.440797
 -1.403675 -1.261195 -1.372647 -1.525293
 -1.372302 -1.128070 -1.461862 -1.655398
 -1.761867 -1.376674 -1.169833 -1.326365
 -1.388857 -1.445747 -1.417777 -1.298951
 -1.300259 -1.459866 -1.360290 -1.432611
 -1.516967 -1.189890 -1.301178 -1.588860
 -1.894645 -1.230761 -1.289122 -1.265687
 -1.331684 -1.532604 -1.261403 -1.440797
 -1.403675 -1.261195 -1.372647 -1.525293
 -1.372302 -1.128070 -1.461862 -1.655398
 -1.761867 -1.376674 -1.169833 -1.326365
 -1.388857 -1.445747 -1.417777 -1.298951
 -1.300259 -1.459866 -1.360290 -1.432611
 -1.516967 -1.189890 -1.301178 -1.588860
 -1.894645 -1.230761 -1.289122 -1.265687
 -1.253773 -1.719707 -1.324462 -1.311152
 -1.209430 -1.441014 -1.549988 -1.375574
 -1.268650 -1.251064 -1.544573 -1.517835
 -1.669874 -1.475431 -1.221443 -1.243946
 -1.277564 -1.598791 -1.454876 -1.252763
 -1.222834 -1.549316 -1.476755 -1.328650
 -1.454479 -1.256348 -1.328697 -1.528024
 -1.769442 -1.373809 -1.315349 -1.177492
 -1.253773 -1.719707 -1.324462 -1.311152
 -1.209430 -1.441014 -1.549988 -1.375574
 -1.268650 -1.251064 -1.544573 -1.517835
 -1.669874 -1.475431 -1.221443 -1.243946
 -1.277564 -1.598791 -1.454876 -1.252763
 -1.222834 -1.549316 -1.476755 -1.328650
 -1.454479 -1.256348 -1.328697 -1.528024
 -1.769442 -1.373809 -1.315349 -1.177492
 -1.383222 -1.550754 -1.170474 -1.483144
 -1.398362 -1.314287 -1.443986 -1.392926
 -1.358847 -1.160480 -1.457820 -1.624733
 -1.776601 -1.353058 -1.114859 -1.409041
 -1.410558 -1.448411 -1.286171 -1.407629
 -1.355211 -1.485251 -1.364375 -1.346607
 -1.459983 -1.246467 -1.270948 -1.611062
 -1.852981 -1.247327 -1.240125 -1.321964
 -1.383222 -1.550754 -1.170474 -1.483144
 -1.398362 -1.314287 -1.443986 -1.392926
 -1.358847 -1.160480 -1.457820 -1.624733
 -1.776601 -1.353058 -1.114859 -1.409041
 -1.410558 -1.448411 -1.286171 -1.407629
 -1.355211 -1.485251 -1.364375 -1.346607
 -1.459983 -1.246467 -1.270948 -1.611062
 -1.852981 -1.247327 -1.240125 -1.321964
 -1.370007 -1.504136 -1.251346 -1.437308
 -1.368419 -1.280533 -1.390534 -1.520239
 -1.398269 -1.096508 -1.481836 -1.651718
 -1.763143 -1.342197 -1.189584 -1.336072
 -1.401514 -1.442866 -1.405573 -1.300852
 -1.319242 -1.445745 -1.324276 -1.464921
 -1.511415 -1.196218 -1.292573 -1.596997
 -1.896738 -1.214336 -1.300085 -1.271086
 -1.370007 -1.504136 -1.251346 -1.437308
 -1.368419 -1.280533 -1.390534 -1.520239
 -1.398269 -1.096508 -1.481836 -1.651718
 -1.763143 -1.342197 -1.189584 -1.336072
 -1.401514 -1.442866 -1.405573 -1.300852
 -1.319242 -1.445745 -1.324276 -1.464921
 -1.511415 -1.196218 -1.292573 -1.596997
 -1.896738 -1.214336 -1.300085 -1.271086
 -1.269487 -1.695477 -1.297682 -1.338082
 -1.215235 -1.416375 -1.549108 -1.392995
 -1.242102 -1.303407 -1.506100 -1.523971
 -1.653024 -1.491698 -1.217586 -1.246198
 -1.278900 -1.559521 -1.473056 -1.265154
 -1.191335 -1.582154 -1.419981 -1.390567
 -1.409876 -1.317100 -1.296769 -1.539438
 -1.758450 -1.391519 -1.263838 -1.215966
 -1.269487 -1.695477 -1.297682 -1.338082
 -1.215235 -1.416375 -1.549108 -1.392995
 -1.242102 -1.303407 -1.506100 -1.523971
 -1.653024 -1.491698 -1.217586 -1.246198
 -1.278900 -1.559521 -1.473056 -1.265154
 -1.191335 -1.582154 -1.419981 -1.390567
 -1.409876 -1.317100 -1.296769 -1.539438
 -1.758450 -1.391519 -1.263838 -1.215966
 -1.414636 -1.543385 -1.144899 -1.491329
 -1.325123 -1.333670 -1.485281 -1.409430
 -1.358860 -1.194041 -1.423552 -1.613470
 -1.764569 -1.377877 -1.136819 -1.363405
 -1.430927 -1.466298 -1.296050 -1.360532
 -1.314466 -1.494842 -1.364857 -1.379592
 -1.466000 -1.253718 -1.262811 -1.605178
 -1.836192 -1.241877 -1.239293 -1.338853
 -1.414636 -1.543385 -1.144899 -1.491329
 -1.325123 -1.333670 -1.485281 -1.409430
 -1.358860 -1.194041 -1.423552 -1.613470
 -1.764569 -1.377877 -1.136819 -1.363405
 -1.430927 -1.466298 -1.296050 -1.360532
 -1.314466 -1.494842 -1.364857 -1.379592
 -1.466000 -1.253718 -1.262811 -1.605178
 -1.836192 -1.241877 -1.239293 -1.338853
 -1.357549 -1.453911 -1.263819 -1.485091
 -1.346172 -1.232175 -1.437832 -1.557481
 -1.403347 -1.080645 -1.470624 -1.687031
 -1.839296 -1.309769 -1.160903 -1.354853
 -1.401345 -1.390632 -1.440067 -1.317125
 -1.300592 -1.471198 -1.350570 -1.431765
 -1.555806 -1.149310 -1.287664 -1.628566
 -1.852825 -1.183958 -1.325642 -1.303759
 -1.357549 -1.453911 -1.263819 -1.485091
 -1.346172 -1.232175 -1.437832 -1.557481
 -1.403347 -1.080645 -1.470624 -1.687031
 -1.839296 -1.309769 -1.160903 -1.354853
 -1.401345 -1.390632 -1.440067 -1.317125
 -1.300592 -1.471198 -1.350570 -1.431765
 -1.555806 -1.149310 -1.287664 -1.628566
 -1.852825 -1.183958 -1.325642 -1.303759
 -1.209569 -1.761744 -1.317759 -1.338669
 -1.162432 -1.492854 -1.522626 -1.408922
 -1.193529 -1.306131 -1.511472 -1.582799
 -1.690911 -1.504479 -1.179359 -1.251625
 -1.243322 -1.647120 -1.407693 -1.293662
 -1.188986 -1.587251 -1.434226 -1.375617
 -1.385854 -1.311557 -1.319361 -1.545602
 -1.723588 -1.393812 -1.239801 -1.258761
 -1.209569 -1.761744 -1.317759 -1.338669
 -1.162432 -1.492854 -1.522626 -1.408922
 -1.193529 -1.306131 -1.511472 -1.582799
 -1.690911 -1.504479 -1.179359 -1.251625
 -1.243322 -1.647120 -1.407693 -1.293662
 -1.188986 -1.587251 -1.434226 -1.375617
 -1.385854 -1.311557 -1.319361 -1.545602
 -1.723588 -1.393812 -1.239801 -1.258761
 -1.388288 -1.548339 -1.134037 -1.531712
 -1.319674 -1.319674 -1.498493 -1.418451
 -1.320892 -1.207834 -1.418885 -1.648825
 -1.721658 -1.412349 -1.119634 -1.381264
 -1.408417 -1.508793 -1.205599 -1.449104
 -1.271949 -1.537948 -1.377562 -1.375548
 -1.428859 -1.303507 -1.231280 -1.624951
 -1.858432 -1.202932 -1.256701 -1.350234
 -1.388288 -1.548339 -1.134037 -1.531712
 -1.319674 -1.319674 -1.498493 -1.418451
 -1.320892 -1.207834 -1.418885 -1.648825
 -1.721658 -1.412349 -1.119634 -1.381264
 -1.408417 -1.508793 -1.205599 -1.449104
 -1.271949 -1.537948 -1.377562 -1.375548
 -1.428859 -1.303507 -1.231280 -1.624951
 -1.858432 -1.202932 -1.256701 -1.350234
 -1.357565 -1.452181 -1.318829 -1.422104
 -1.340038 -1.257408 -1.442796 -1.525520
 -1.387835 -1.037151 -1.571313 -1.670519
 -1.721944 -1.346880 -1.192146 -1.356106
 -1.340068 -1.390092 -1.514166 -1.312567
 -1.284272 -1.442557 -1.388068 -1.438564
 -1.483577 -1.145484 -1.335651 -1.649644
 -1.878738 -1.196363 -1.325948 -1.275203
 -1.357565 -1.452181 -1.318829 -1.422104
 -1.340038 -1.257408 -1.442796 -1.525520
 -1.387835 -1.037151 -1.571313 -1.670519
 -1.721944 -1.346880 -1.192146 -1.356106
 -1.340068 -1.390092 -1.514166 -1.312567
 -1.284272 -1.442557 -1.388068 -1.438564
 -1.483577 -1.145484 -1.335651 -1.649644
 -1.878738 -1.196363 -1.325948 -1.275203
 -1.250547 -1.734715 -1.283257 -1.346811
 -1.123250 -1.473481 -1.586709 -1.422733
 -1.218759 -1.272494 -1.530694 -1.570767
 -1.668443 -1.491956 -1.207291 -1.246459
 -1.313225 -1.582391 -1.434454 -1.247159
 -1.159779 -1.595097 -1.420656 -1.418818
 -1.398080 -1.329366 -1.290212 -1.546128
 -1.715720 -1.378280 -1.285921 -1.231830
 -1.250547 -1.734715 -1.283257 -1.346811
 -1.123250 -1.473481 -1.586709 -1.422733
 -1.218759 -1.272494 -1.530694 -1.570767
 -1.668443 -1.491956 -1.207291 -1.246459
 -1.313225 -1.582391 -1.434454 -1.247159
 -1.159779 -1.595097 -1.420656 -1.418818
 -1.398080 -1.329366 -1.290212 -1.546128
 -1.715720 -1.378280 -1.285921 -1.231830
 -1.381707 -1.589279 -1.126814 -1.510888
 -1.314759 -1.368211 -1.417179 -1.450289
 -1.284009 -1.239875 -1.414659 -1.657336
 -1.713854 -1.380062 -1.115254 -1.425305
 -1.427737 -1.515910 -1.164881 -1.475865
 -1.253137 -1.518081 -1.361900 -1.430928
 -1.420293 -1.324009 -1.196311 -1.660820
 -1.800069 -1.250723 -1.197723 -1.400255
 -1.381707 -1.589279 -1.126814 -1.510888
 -1.314759 -1.368211 -1.417179 -1.450289
 -1.284009 -1.239875 -1.414659 -1.657336
 -1.713854 -1.380062 -1.115254 -1.425305
 -1.427737 -1.515910 -1.164881 -1.475865
 -1.253137 -1.518081 -1.361900 -1.430928
 -1.420293 -1.324009 -1.196311 -1.660820
 -1.800069 -1.250723 -1.197723 -1.400255
 -1.326510 -1.458481 -1.314389 -1.455128
 -1.316233 -1.239240 -1.478954 -1.540022
 -1.448438 -0.972545 -1.581278 -1.707979
 -1.733070 -1.318718 -1.214167 -1.351609
 -1.398349 -1.351504 -1.438850 -1.358895
 -1.232552 -1.432588 -1.414302 -1.484275
 -1.501943 -1.087243 -1.366194 -1.686955
 -1.830507 -1.170071 -1.327878 -1.330731
 -1.326510 -1.458481 -1.314389 -1.455128
 -1.316233 -1.239240 -1.478954 -1.540022
 -1.448438 -0.972545 -1.581278 -1.707979
 -1.733070 -1.318718 -1.214167 -1.351609
 -1.398349 -1.351504 -1.438850 -1.358895
 -1.232552 -1.432588 -1.414302 -1.484275
 -1.501943 -1.087243 -1.366194 -1.686955
 -1.830507 -1.170071 -1.327878 -1.330731
 -1.236724 -1.755188 -1.330305 -1.300503
 -1.013941 -1.494105 -1.697717 -1.471143
 -1.166834 -1.287481 -1.596199 -1.560560
 -1.581613 -1.530001 -1.240956 -1.242319
 -1.260476 -1.597811 -1.429930 -1.291652
 -1.071307 -1.666747 -1.502015 -1.402839
 -1.366183 -1.332816 -1.325097 -1.535210
 -1.667822 -1.390418 -1.326881 -1.213795
 -1.236724 -1.755188 -1.330305 -1.300503
 -1.013941 -1.494105 -1.697717 -1.471143
 -1.166834 -1.287481 -1.596199 -1.560560
 -1.581613 -1.530001 -1.240956 -1.242319
 -1.260476 -1.597811 -1.429930 -1.291652
 -1.071307 -1.666747 -1.502015 -1.402839
 -1.366183 -1.332816 -1.325097 -1.535210
 -1.667822 -1.390418 -1.326881 -1.213795
 -1.443963 -1.572896 -1.097239 -1.501596
 -1.319718 -1.467566 -1.428368 -1.337109
 -1.277734 -1.292103 -1.387911 -1.624333
 -1.708931 -1.421938 -1.121298 -1.378969
 -1.456457 -1.556051 -1.092614 -1.511254
 -1.289173 -1.619781 -1.301386 -1.368827
 -1.462648 -1.355209 -1.125730 -1.681638
 -1.857766 -1.281495 -1.183116 -1.346941
 -1.443963 -1.572896 -1.097239 -1.501596
 -1.319718 -1.467566 -1.428368 -1.337109
 -1.277734 -1.292103 -1.387911 -1.624333
 -1.708931 -1.421938 -1.121298 -1.378969
 -1.456457 -1.556051 -1.092614 -1.511254
 -1.289173 -1.619781 -1.301386 -1.368827
 -1.462648 -1.355209 -1.125730 -1.681638
 -1.857766 -1.281495 -1.183116 -1.346941
 -1.400551 -1.449434 -1.268410 -1.437347
 -1.317270 -1.286391 -1.444762 -1.513826
 -1.479120 -0.910357 -1.609260 -1.773452
 -1.823292 -1.303394 -1.138883 -1.399493
 -1.380513 -1.451597 -1.409616 -1.308899
 -1.262361 -1.464543 -1.376978 -1.454610
 -1.534676 -1.104165 -1.343664 -1.649745
 -1.910376 -1.223680 -1.264553 -1.289298
 -1.400551 -1.449434 -1.268410 -1.437347
 -1.317270 -1.286391 -1.444762 -1.513826
 -1.479120 -0.910357 -1.609260 -1.773452
 -1.823292 -1.303394 -1.138883 -1.399493
 -1.380513 -1.451597 -1.409616 -1.308899
 -1.262361 -1.464543 -1.376978 -1.454610
 -1.534676 -1.104165 -1.343664 -1.649745
 -1.910376 -1.223680 -1.264553 -1.289298
 -0.759329 -1.597314 -1.109936 -18.261215
 -0.668702 -1.393986 -1.429026 -18.547754
 -0.867249 -1.199448 -1.278216 -18.303360
 -1.181644 -1.285408 -0.875417 -18.160095
 -0.808802 -1.372806 -1.199936 -18.052801
 -0.761396 -1.430788 -1.224632 -18.274498
 -0.923998 -1.260585 -1.140739 -18.284517
 -1.160298 -1.177954 -0.971014 -18.177334
 -0.759329 -1.597314 -1.109936 -18.261215
 -0.668702 -1.393986 -1.429026 -18.547754
 -0.867249 -1.199448 -1.278216 -18.303360
 -1.181644 -1.285408 -0.875417 -18.160095
 -0.808802 -1.372806 -1.199936 -18.052801
 -0.761396 -1.430788 -1.224632 -18.274498
 -0.923998 -1.260585 -1.140739 -18.284517
 -1.160298 -1.177954 -0.971014 -18.177334
 -1.580981 -1.604755 -1.017821 -1.461421
 -1.386526 -1.578533 -1.253516 -1.353706
 -1.563374 -1.288223 -1.138057 -1.637988
 -1.386294 -1.386294 -1.386294 -1.386294
 -1.692085 -1.568316 -0.971739 -1.473839
 -1.434533 -1.588758 -1.281655 -1.272905
 -1.598916 -1.437132 -1.036338 -1.582188
 -1.386294 -1.386294 -1.386294 -1.386294
 -1.580981 -1.604755 -1.017821 -1.461421
 -1.386526 -1.578533 -1.253516 -1.353706
 -1.563374 -1.288223 -1.138057 -1.637988
 -1.386294 -1.386294 -1.386294 -1.386294
 -1.692085 -1.568316 -0.971739 -1.473839
 -1.434533 -1.588758 -1.281655 -1.272905
 -1.598916 -1.437132 -1.036338 -1.582188
 -1.386294 -1.386294 -1.386294 -1.386294
 -18.428549 0.000000 -18.428549 -18.428549
 -18.555737 0.000000 -18.555737 -18.555737
 -19.009855 0.000000 -19.009855 -19.009855
 -18.515718 0.000000 -18.515718 -18.515718
 -17.600609 0.000000 -17.600609 -17.600609
 -17.428049 0.000000 -17.428049 -17.428049
 -17.743801 0.000000 -17.743801 -17.743801
 -17.701189 0.000000 -17.701189 -17.701189
 -18.428549 0.000000 -18.428549 -18.428549
 -18.555737 0.000000 -18.555737 -18.555737
 -19.009855 0.000000 -19.009855 -19.009855
 -18.515718 0.000000 -18.515718 -18.515718
 -17.600609 0.000000 -17.600609 -17.600609
 -17.428049 0.000000 -17.428049 -17.428049
 -17.743801 0.000000 -17.743801 -17.743801
 -17.701189 0.000000 -17.701189 -17.701189
 -1.386294 -1.386294 -1.386294 -1.386294
 0.000000 -19.744833 -19.744833 -19.744833
 -1.386294 -1.386294 -1.386294 -1.386294
 -1.386294 -1.386294 -1.386294 -1.386294
 -1.386294 -1.386294 -1.386294 -1.386294
 0.000000 -19.552696 -19.552696 -19.552696
 -1.386294 -1.386294 -1.386294 -1.386294
 -1.386294 -1.386294 -1.386294 -1.386294
 -1.386294 -1.386294 -1.386294 -1.386294
 0.000000 -19.744833 -19.744833 -19.744833
 -1.386294 -1.386294 -1.386294 -1.386294
 -1.386294 -1.386294 -1.386294 -1.386294
 -1.386294 -1.386294 -1.386294 -1.386294
 0.000000 -19.552696 -19.552696 -19.552696
 -1.386294 -1.386294 -1.386294 -1.386294
 -1.386294 -1.386294 -1.386294 -1.386294
 -1.386294 -1.386294 -1.386294 -1.386294
 -1.386294 -1.386294 -1.386294 -1.386294
 -1.386294 -1.386294 -1.386294 -1.386294
 -1.386294 -1.386294 -1.386294 -1.386294
 -20.346519 -20.346519 0.000000 -20.346519
 -1.386294 -1.386294 -1.386294 -1.386294
 -1.386294 -1.386294 -1.386294 -1.386294
 -1.386294 -1.386294 -1.386294 -1.386294
 -1.386294 -1.386294 -1.386294 -1.386294
 -1.386294 -1.386294 -1.386294 -1.386294
 -1.386294 -1.386294 -1.386294 -1.386294
 -1.386294 -1.386294 -1.386294 -1.386294
 -20.346519 -20.346519 0.000000 -20.346519
 -1.386294 -1.386294 -1.386294 -1.386294
 -1.386294 -1.386294 -1.386294 -1.386294
 -1.386294 -1.386294 -1.386294 -1.386294
 -1.386294 -1.386294 -1.386294 -1.386294
 -1.386294 -1.386294 -1.386294 -1.386294
 -1.208487 -0.815265 -20.346519 -1.351588
 -1.386294 -1.386294 -1.386294 -1.386294
 -1.386294 -1.386294 -1.386294 -1.386294
 -1.386294 -1.386294 -1.386294 -1.386294
 -1.386294 -1.386294 -1.386294 -1.386294
 -1.386294 -1.386294 -1.386294 -1.386294
 -1.386294 -1.386294 -1.386294 -1.386294
 -1.386294 -1.386294 -1.386294 -1.386294
 -1.208487 -0.815265 -20.346519 -1.351588
 -1.386294 -1.386294 -1.386294 -1.386294
 -1.386294 -1.386294 -1.386294 -1.386294
 -1.386294 -1.386294 -1.386294 -1.386294
 -1.386294 -1.386294 -1.386294 -1.386294
 -1.386294 -1.386294 -1.386294 -1.386294
 -1.179229 -1.951440 -1.346961 -1.236546
 -1.110074 -1.573086 -1.633135 -1.317721
 -1.386294 -1.386294 -1.386294 -1.386294
 -1.443181 -1.807653 -1.268599 -1.143942
 -1.386294 -1.386294 -1.386294 -1.386294
 -1.386294 -1.386294 -1.386294 -1.386294
 -1.386294 -1.386294 -1.386294 -1.386294
 -1.386294 -1.386294 -1.386294 -1.386294
 -1.179229 -1.951440 -1.346961 -1.236546
 -1.110074 -1.573086 -1.633135 -1.317721
 -1.386294 -1.386294 -1.386294 -1.386294
 -1.443181 -1.807653 -1.268599 -1.143942
 -1.386294 -1.386294 -1.386294 -1.386294
 -1.386294 -1.386294 -1.386294 -1.386294
 -1.386294 -1.386294 -1.386294 -1.386294
 -1.386294 -1.386294 -1.386294 -1.386294
 -1.317164 -1.656721 -1.086937 -1.589172
 -1.116637 -1.451222 -1.521053 -1.514784
 -1.326553 -1.377326 -1.186853 -1.730605
 -1.706430 -1.388650 -1.099790 -1.443354
 -1.380046 -1.606555 -1.066593 -1.591223
 -1.232982 -1.700306 -1.257879 -1.420084
 -1.380089 -1.348215 -1.195828 -1.680466
 -1.854935 -1.241618 -1.230880 -1.337180
 -1.317164 -1.656721 -1.086937 -1.589172
 -1.116637 -1.451222 -1.521053 -1.514784
 -1.326553 -1.377326 -1.186853 -1.730605
 -1.706430 -1.388650 -1.099790 -1.443354
 -1.380046 -1.606555 -1.066593 -1.591223
 -1.232982 -1.700306 -1.257879 -1.420084
 -1.380089 -1.348215 -1.195828 -1.680466
 -1.854935 -1.241618 -1.230880 -1.337180
 -2.775289 0.000100 0.000100 0.000100
 -2.723569 0.000100 0.000100 0.000100
 -2.668386 0.000100 0.000100 0.000100
 -2.883342 0.000100 0.000100 0.000100
 -2.974947 0.000100 0.000100 0.000100
 -2.724680 0.000100 0.000100 0.000100
 -2.710115 0.000100 0.000100 0.000100
 -2.755608 0.000100 0.000100 0.000100
 -2.775289 0.000100 0.000100 0.000100
 -2.723569 0.000100 0.000100 0.000100
 -2.668386 0.000100 0.000100 0.000100
 -2.883342 0.000100 0.000100 0.000100
 -2.974947 0.000100 0.000100 0.000100
 -2.724680 0.000100 0.000100 0.000100
 -2.710115 0.000100 0.000100 0.000100
 -2.755608 0.000100 0.000100 0.000100
 -1.372477 -1.532719 -1.218063 -1.449143
 -1.344438 -1.293784 -1.415471 -1.503855
 -1.369417 -1.120171 -1.446709 -1.691856
 -1.721231 -1.387467 -1.184665 -1.325769
 -1.395041 -1.447062 -1.401977 -1.306350
 -1.336536 -1.470793 -1.311472 -1.435151
 -1.507369 -1.188646 -1.304408 -1.596811
 -1.889089 -1.243293 -1.289662 -1.255288
 -1.372477 -1.532719 -1.218063 -1.449143
 -1.344438 -1.293784 -1.415471 -1.503855
 -1.369417 -1.120171 -1.446709 -1.691856
 -1.721231 -1.387467 -1.184665 -1.325769
 -1.395041 -1.447062 -1.401977 -1.306350
 -1.336536 -1.470793 -1.311472 -1.435151
 -1.507369 -1.188646 -1.304408 -1.596811
 -1.889089 -1.243293 -1.289662 -1.255288
 -1.274199 -1.691950 -1.314414 -1.318436
 -1.200178 -1.426868 -1.568808 -1.384271
 -1.237333 -1.243498 -1.527194 -1.588043
 -1.643583 -1.487563 -1.231934 -1.241109
 -1.303886 -1.567644 -1.463774 -1.242617
 -1.219703 -1.543124 -1.478488 -1.335648
 -1.449915 -1.269188 -1.311103 -1.537920
 -1.769064 -1.389182 -1.316894 -1.163912
 -1.274199 -1.691950 -1.314414 -1.318436
 -1.200178 -1.426868 -1.568808 -1.384271
 -1.237333 -1.243498 -1.527194 -1.588043
 -1.643583 -1.487563 -1.231934 -1.241109
 -1.303886 -1.567644 -1.463774 -1.242617
 -1.219703 -1.543124 -1.478488 -1.335648
 -1.449915 -1.269188 -1.311103 -1.537920
 -1.769064 -1.389182 -1.316894 -1.163912
 -1.396739 -1.517843 -1.163216 -1.509891
 -1.373246 -1.325408 -1.456028 -1.394886
 -1.337877 -1.157895 -1.434183 -1.686636
 -1.787386 -1.377326 -1.102271 -1.393381
 -1.449540 -1.423513 -1.311897 -1.365916
 -1.354172 -1.483300 -1.413320 -1.303361
 -1.457370 -1.227188 -1.303797 -1.596830
 -1.864889 -1.236415 -1.261512 -1.304023
 -1.396739 -1.517843 -1.163216 -1.509891
 -1.373246 -1.325408 -1.456028 -1.394886
 -1.337877 -1.157895 -1.434183 -1.686636
 -1.787386 -1.377326 -1.102271 -1.393381
 -1.449540 -1.423513 -1.311897 -1.365916
 -1.354172 -1.483300 -1.413320 -1.303361
 -1.457370 -1.227188 -1.303797 -1.596830
 -1.864889 -1.236415 -1.261512 -1.304023
 -1.331684 -1.532604 -1.261403 -1.440797
 -1.403675 -1.261195 -1.372647 -1.525293
 -1.372302 -1.128070 -1.461862 -1.655398
 -1.761867 -1.376674 -1.169833 -1.326365
 -1.388857 -1.445747 -1.417777 -1.298951
 -1.300259 -1.459866 -1.360290 -1.432611
 -1.516967 -1.189890 -1.301178 -1.588860
 -1.894645 -1.230761 -1.289122 -1.265687
 -1.331684 -1.532604 -1.261403 -1.440797
 -1.403675 -1.261195 -1.372647 -1.525293
 -1.372302 -1.128070 -1.461862 -1.655398
 -1.761867 -1.376674 -1.169833 -1.326365
 -1.388857 -1.445747 -1.417777 -1.298951
 -1.300259 -1.459866 -1.360290 -1.432611
 -1.516967 -1.189890 -1.301178 -1.588860
 -1.894645 -1.230761 -1.289122 -1.265687
 -1.253773 -1.719707 -1.324462 -1.311152
 -1.209430 -1.441014 -1.549988 -1.375574
 -1.268650 -1.251064 -1.544573 -1.517835
 -1.669874 -1.475431 -1.221443 -1.243946
 -1.277564 -1.598791 -1.454876 -1.252763
 -1.222834 -1.549316 -1.476755 -1.328650
 -1.454479 -1.256348 -1.328697 -1.528024
 -1.769442 -1.373809 -1.315349 -1.177492
 -1.253773 -1.719707 -1.324462 -1.311152
 -1.209430 -1.441014 -1.549988 -1.375574
 -1.268650 -1.251064 -1.544573 -1.517835
 -1.669874 -1.475431 -1.221443 -1.243946
 -1.277564 -1.598791 -1.454876 -1.252763
 -1.222834 -1.549316 -1.476755 -1.328650
 -1.454479 -1.256348 -1.328697 -1.528024
 -1.769442 -1.373809 -1.315349 -1.177492
 -1.383222 -1.550754 -1.170474 -1.483144
 -1.398362 -1.314287 -1.443986 -1.392926
 -1.358847 -1.160480 -1.457820 -1.624733
 -1.776601 -1.353058 -1.114859 -1.409041
 -1.410558 -1.448411 -1.286171 -1.407629
 -1.355211 -1.485251 -1.364375 -1.346607
 -1.459983 -1.246467 -1.270948 -1.611062
 -1.852981 -1.247327 -1.240125 -1.321964
 -1.383222 -1.550754 -1.170474 -1.483144
 -1.398362 -1.314287 -1.443986 -1.392926
 -1.358847 -1.160480 -1.457820 -1.624733
 -1.776601 -1.353058 -1.114859 -1.409041
 -1.410558 -1.448411 -1.286171 -1.407629
 -1.355211 -1.485251 -1.364375 -1.346607
 -1.459983 -1.246467 -1.270948 -1.611062
 -1.852981 -1.247327 -1.240125 -1.321964
 -1.370007 -1.504136 -1.251346 -1.437308
 -1.368419 -1.280533 -1.390534 -1.520239
 -1.398269 -1.096508 -1.481836 -1.651718
 -1.763143 -1.342197 -1.189584 -1.336072
 -1.401514 -1.442866 -1.405573 -1.300852
 -1.319242 -1.445745 -1.324276 -1.464921
 -1.511415 -1.196218 -1.292573 -1.596997
 -1.896738 -1.214336 -1.300085 -1.271086
 -1.370007 -1.504136 -1.251346 -1.437308
 -1.368419 -1.280533 -1.390534 -1.520239
 -1.398269 -1.096508 -1.481836 -1.651718
 -1.763143 -1.342197 -1.189584 -1.336072
 -1.401514 -1.442866 -1.405573 -1.300852
 -1.319242 -1.445745 -1.324276 -1.464921
 -1.511415 -1.196218 -1.292573 -1.596997
 -1.896738 -1.214336 -1.300085 -1.271086
 -1.269487 -1.695477 -1.297682 -1.338082
 -1.215235 -1.416375 -1.549108 -1.392995
 -1.242102 -1.303407 -1.506100 -1.523971
 -1.653024 -1.491698 -1.217586 -1.246198
 -1.278900 -1.559521 -1.473056 -1.265154
 -1.191335 -1.582154 -1.419981 -1.390567
 -1.409876 -1.317100 -1.296769 -1.539438
 -1.758450 -1.391519 -1.263838 -1.215966
 -1.269487 -1.695477 -1.297682 -1.338082
 -1.215235 -1.416375 -1.549108 -1.392995
 -1.242102 -1.303407 -1.506100 -1.523971
 -1.653024 -1.491698 -1.217586 -1.246198
 -1.278900 -1.559521 -1.473056 -1.265154
 -1.191335 -1.582154 -1.419981 -1.390567
 -1.409876 -1.317100 -1.296769 -1.539438
 -1.758450 -1.391519 -1.263838 -1.215966
 -1.414636 -1.543385 -1.144899 -1.491329
 -1.325123 -1.333670 -1.485281 -1.409430
 -1.358860 -1.194041 -1.423552 -1.613470
 -1.764569 -1.377877 -1.136819 -1.363405
 -1.430927 -1.466298 -1.296050 -1.360532
 -1.314466 -1.494842 -1.364857 -1.379592
 -1.466000 -1.253718 -1.262811 -1.605178
 -1.836192 -1.241877 -1.239293 -1.338853
 -1.414636 -1.543385 -1.144899 -1.491329
 -1.325123 -1.333670 -1.485281 -1.409430
 -1.358860 -1.194041 -1.423552 -1.613470
 -1.764569 -1.377877 -1.136819 -1.363405
 -1.430927 -1.466298 -1.296050 -1.360532
 -1.314466 -1.494842 -1.364857 -1.379592
 -1.466000 -1.253718 -1.262811 -1.605178
 -1.836192 -1.241877 -1.239293 -1.338853
 -1.357549 -1.453911 -1.263819 -1.485091
 -1.346172 -1.232175 -1.437832 -1.557481
 -1.403347 -1.080645 -1.470624 -1.687031
 -1.839296 -1.309769 -1.160903 -1.354853
 -1.401345 -1.390632 -1.440067 -1.317125
 -1.300592 -1.471198 -1.350570 -1.431765
 -1.555806 -1.149310 -1.287664 -1.628566
 -1.852825 -1.183958 -1.325642 -1.303759
 -1.357549 -1.453911 -1.263819 -1.485091
 -1.346172 -1.232175 -1.437832 -1.557481
 -1.403347 -1.080645 -1.470624 -1.687031
 -1.839296 -1.309769 -1.160903 -1.354853
 -1.401345 -1.390632 -1.440067 -1.317125
 -1.300592 -1.471198 -1.350570 -1.431765
 -1.555806 -1.149310 -1.287664 -1.628566
 -1.852825 -1.183958 -1.325642 -1.303759
 -1.209569 -1.761744 -1.317759 -1.338669
 -1.162432 -1.492854 -1.522626 -1.408922
 -1.193529 -1.306131 -1.511472 -1.582799
 -1.690911 -1.504479 -1.179359 -1.251625
 -1.243322 -1.647120 -1.407693 -1.293662
 -1.188986 -1.587251 -1.434226 -1.375617
 -1.385854 -1.311557 -1.319361 -1.545602
 -1.723588 -1.393812 -1.239801 -1.258761
 -1.209569 -1.761744 -1.317759 -1.338669
 -1.162432 -1.492854 -1.522626 -1.408922
 -1.193529 -1.306131 -1.511472 -1.582799
 -1.690911 -1.504479 -1.179359 -1.251625
 -1.243322 -1.647120 -1.407693 -1.293662
 -1.188986 -1.587251 -1.434226 -1.375617
 -1.385854 -1.311557 -1.319361 -1.545602
 -1.723588 -1.393812 -1.239801 -1.258761
 -1.388288 -1.548339 -1.134037 -1.531712
 -1.319674 -1.319674 -1.498493 -1.418451
 -1.320892 -1.207834 -1.418885 -1.648825
 -1.721658 -1.412349 -1.119634 -1.381264
 -1.408417 -1.508793 -1.205599 -1.449104
 -1.271949 -1.537948 -1.377562 -1.375548
 -1.428859 -1.303507 -1.231280 -1.624951
 -1.858432 -1.202932 -1.256701 -1.350234
 -1.388288 -1.548339 -1.134037 -1.531712
 -1.319674 -1.319674 -1.498493 -1.418451
 -1.320892 -1.207834 -1.418885 -1.648825
 -1.721658 -1.412349 -1.119634 -1.381264
 -1.408417 -1.508793 -1.205599 -1.449104
 -1.271949 -1.537948 -1.377562 -1.375548
 -1.428859 -1.303507 -1.231280 -1.624951
 -1.858432 -1.202932 -1.256701 -1.350234
 -1.357565 -1.452181 -1.318829 -1.422104
 -1.340038 -1.257408 -1.442796 -1.525520
 -1.387835 -1.037151 -1.571313 -1.670519
 -1.721944 -1.346880 -1.192146 -1.356106
 -1.340068 -1.390092 -1.514166 -1.312567
 -1.284272 -1.442557 -1.388068 -1.438564
 -1.483577 -1.145484 -1.335651 -1.649644
 -1.878738 -1.196363 -1.325948 -1.275203
 -1.357565 -1.452181 -1.318829 -1.422104
 -1.340038 -1.257408 -1.442796 -1.525520
 -1.387835 -1.037151 -1.571313 -1.670519
 -1.721944 -1.346880 -1.192146 -1.356106
 -1.340068 -1.390092 -1.514166 -1.312567
 -1.284272 -1.442557 -1.388068 -1.438564
 -1.483577 -1.145484 -1.335651 -1.649644
 -1.878738 -1.196363 -1.325948 -1.275203
 -1.250547 -1.734715 -1.283257 -1.346811
 -1.123250 -1.473481 -1.586709 -1.422733
 -1.218759 -1.272494 -1.530694 -1.570767
 -1.668443 -1.491956 -1.207291 -1.246459
 -1.313225 -1.582391 -1.434454 -1.247159
 -1.159779 -1.595097 -1.420656 -1.418818
 -1.398080 -1.329366 -1.290212 -1.546128
 -1.715720 -1.378280 -1.285921 -1.231830
 -1.250547 -1.734715 -1.283257 -1.346811
 -1.123250 -1.473481 -1.586709 -1.422733
 -1.218759 -1.272494 -1.530694 -1.570767
 -1.668443 -1.491956 -1.207291 -1.246459
 -1.313225 -1.582391 -1.434454 -1.247159
 -1.159779 -1.595097 -1.420656 -1.418818
 -1.398080 -1.329366 -1.290212 -1.546128
 -1.715720 -1.378280 -1.285921 -1.231830
 -1.381707 -1.589279 -1.126814 -1.510888
 -1.314759 -1.368211 -1.417179 -1.450289
 -1.284009 -1.239875 -1.414659 -1.657336
 -1.713854 -1.380062 -1.115254 -1.425305
 -1.427737 -1.515910 -1.164881 -1.475865
 -1.253137 -1.518081 -1.361900 -1.430928
 -1.420293 -1.324009 -1.196311 -1.660820
 -1.800069 -1.250723 -1.197723 -1.400255
 -1.381707 -1.589279 -1.126814 -1.510888
 -1.314759 -1.368211 -1.417179 -1.450289
 -1.284009 -1.239875 -1.414659 -1.657336
 -1.713854 -1.380062 -1.115254 -1.425305
 -1.427737 -1.515910 -1.164881 -1.475865
 -1.253137 -1.518081 -1.361900 -1.430928
 -1.420293 -1.324009 -1.196311 -1.660820
 -1.800069 -1.250723 -1.197723 -1.400255
 -1.326510 -1.458481 -1.314389 -1.455128
 -1.316233 -1.239240 -1.478954 -1.540022
 -1.448438 -0.972545 -1.581278 -1.707979
 -1.733070 -1.318718 -1.214167 -1.351609
 -1.398349 -1.351504 -1.438850 -1.358895
 -1.232552 -1.432588 -1.414302 -1.484275
 -1.501943 -1.087243 -1.366194 -1.686955
 -1.830507 -1.170071 -1.327878 -1.330731
 -1.326510 -1.458481 -1.314389 -1.455128
 -1.316233 -1.239240 -1.478954 -1.540022
 -1.448438 -0.972545 -1.581278 -1.707979
 -1.733070 -1.318718 -1.214167 -1.351609
 -1.398349 -1.351504 -1.438850 -1.358895
 -1.232552 -1.432588 -1.414302 -1.484275
 -1.501943 -1.087243 -1.366194 -1.686955
 -1.830507 -1.170071 -1.327878 -1.330731
 -1.236724 -1.755188 -1.330305 -1.300503
 -1.013941 -1.494105 -1.697717 -1.471143
 -1.166834 -1.287481 -1.596199 -1.560560
 -1.581613 -1.530001 -1.240956 -1.242319
 -1.260476 -1.597811 -1.429930 -1.291652
 -1.071307 -1.666747 -1.502015 -1.402839
 -1.366183 -1.332816 -1.325097 -1.535210
 -1.667822 -1.390418 -1.326881 -1.213795
 -1.236724 -1.755188 -1.330305 -1.300503
 -1.013941 -1.494105 -1.697717 -1.471143
 -1.166834 -1.287481 -1.596199 -1.560560
 -1.581613 -1.530001 -1.240956 -1.242319
 -1.260476 -1.597811 -1.429930 -1.291652
 -1.071307 -1.666747 -1.502015 -1.402839
 -1.366183 -1.332816 -1.325097 -1.535210
 -1.667822 -1.390418 -1.326881 -1.213795
 -1.443963 -1.572896 -1.097239 -1.501596
 -1.319718 -1.467566 -1.428368 -1.337109
 -1.277734 -1.292103 -1.387911 -1.624333
 -1.708931 -1.421938 -1.121298 -1.378969
 -1.456457 -1.556051 -1.092614 -1.511254
 -1.289173 -1.619781 -1.301386 -1.368827
 -1.462648 -1.355209 -1.125730 -1.681638
 -1.857766 -1.281495 -1.183116 -1.346941
 -1.443963 -1.572896 -1.097239 -1.501596
 -1.319718 -1.467566 -1.428368 -1.337109
 -1.277734 -1.292103 -1.387911 -1.624333
 -1.708931 -1.421938 -1.121298 -1.378969
 -1.456457 -1.556051 -1.092614 -1.511254
 -1.289173 -1.619781 -1.301386 -1.368827
 -1.462648 -1.355209 -1.125730 -1.681638
 -1.857766 -1.281495 -1.183116 -1.346941
 -1.400551 -1.449434 -1.268410 -1.437347
 -1.317270 -1.286391 -1.444762 -1.513826
 -1.479120 -0.910357 -1.609260 -1.773452
 -1.823292 -1.303394 -1.138883 -1.399493
 -1.380513 -1.451597 -1.409616 -1.308899
 -1.262361 -1.464543 -1.376978 -1.454610
 -1.534676 -1.104165 -1.343664 -1.649745
 -1.910376 -1.223680 -1.264553 -1.289298
 -1.400551 -1.449434 -1.268410 -1.437347
 -1.317270 -1.286391 -1.444762 -1.513826
 -1.479120 -0.910357 -1.609260 -1.773452
 -1.823292 -1.303394 -1.138883 -1.399493
 -1.380513 -1.451597 -1.409616 -1.308899
 -1.262361 -1.464543 -1.376978 -1.454610
 -1.534676 -1.104165 -1.343664 -1.649745
 -1.910376 -1.223680 -1.264553 -1.289298
 -0.759329 -1.597314 -1.109936 -18.261215
 -0.668702 -1.393986 -1.429026 -18.547754
 -0.867249 -1.199448 -1.278216 -18.303360
 -1.181644 -1.285408 -0.875417 -18.160095
 -0.808802 -1.372806 -1.199936 -18.052801
 -0.761396 -1.430788 -1.224632 -18.274498
 -0.923998 -1.260585 -1.140739 -18.284517
 -1.160298 -1.177954 -0.971014 -18.177334
 -0.759329 -1.597314 -1.109936 -18.261215
 -0.668702 -1.393986 -1.429026 -18.547754
 -0.867249 -1.199448 -1.278216 -18.303360
 -1.181644 -1.285408 -0.875417 -18.160095
 -0.808802 -1.372806 -1.199936 -18.052801
 -0.761396 -1.430788 -1.224632 -18.274498
 -0.923998 -1.260585 -1.140739 -18.284517
 -1.160298 -1.177954 -0.971014 -18.177334
 -1.580981 -1.604755 -1.017821 -1.461421
 -1.386526 -1.578533 -1.253516 -1.353706
 -1.563374 -1.288223 -1.138057 -1.637988
 -1.386294 -1.386294 -1.386294 -1.386294
 -1.692085 -1.568316 -0.971739 -1.473839
 -1.434533 -1.588758 -1.281655 -1.272905
 -1.598916 -1.437132 -1.036338 -1.582188
 -1.386294 -1.386294 -1.386294 -1.386294
 -1.580981 -1.604755 -1.017821 -1.461421
 -1.386526 -1.578533 -1.253516 -1.353706
 -1.563374 -1.288223 -1.138057 -1.637988
 -1.386294 -1.386294 -1.386294 -1.386294
 -1.692085 -1.568316 -0.971739 -1.473839
 -1.434533 -1.588758 -1.281655 -1.272905
 -1.598916 -1.437132 -1.036338 -1.582188
 -1.386294 -1.386294 -1.386294 -1.386294
 -18.428549 0.000000 -18.428549 -18.428549
 -18.555737 0.000000 -18.555737 -18.555737
 -19.009855 0.000000 -19.009855 -19.009855
 -18.515718 0.000000 -18.515718 -18.515718
 -17.600609 0.000000 -17.600609 -17.600609
 -17.428049 0.000000 -17.428049 -17.428049
 -17.743801 0.000000 -17.743801 -17.743801
 -17.701189 0.000000 -17.701189 -17.701189
 -18.428549 0.000000 -18.428549 -18.428549
 -18.555737 0.000000 -18.555737 -18.555737
 -19.009855 0.000000 -19.009855 -19.009855
 -18.515718 0.000000 -18.515718 -18.515718
 -17.600609 0.000000 -17.600609 -17.600609
 -17.428049 0.000000 -17.428049 -17.428049
 -17.743801 0.000000 -17.743801 -17.743801
 -17.701189 0.000000 -17.701189 -17.701189
 -1.386294 -1.386294 -1.386294 -1.386294
 0.000000 -19.744833 -19.744833 -19.744833
 -1.386294 -1.386294 -1.386294 -1.386294
 -1.386294 -1.386294 -1.386294 -1.386294
 -1.386294 -1.386294 -1.386294 -1.386294
 0.000000 -19.552696 -19.552696 -19.552696
 -1.386294 -1.386294 -1.386294 -1.386294
 -1.386294 -1.386294 -1.386294 -1.386294
 -1.386294 -1.386294 -1.386294 -1.386294
 0.000000 -19.744833 -19.744833 -19.744833
 -1.386294 -1.386294 -1.386294 -1.386294
 -1.386294 -1.386294 -1.386294 -1.386294
 -1.386294 -1.386294 -1.386294 -1.386294
 0.000000 -19.552696 -19.552696 -19.552696
 -1.386294 -1.386294 -1.386294 -1.386294
 -1.386294 -1.386294 -1.386294 -1.386294
 -1.386294 -1.386294 -1.386294 -1.386294
 -1.386294 -1.386294 -1.386294 -1.386294
 -1.386294 -1.386294 -1.386294 -1.386294
 -1.386294 -1.386294 -1.386294 -1.386294
 -20.346519 -20.346519 0.000000 -20.346519
 -1.386294 -1.386294 -1.386294 -1.386294
 -1.386294 -1.386294 -1.386294 -1.386294
 -1.386294 -1.386294 -1.386294 -1.386294
 -1.386294 -1.386294 -1.386294 -1.386294
 -1.386294 -1.386294 -1.386294 -1.386294
 -1.386294 -1.386294 -1.386294 -1.386294
 -1.386294 -1.386294 -1.386294 -1.386294
 -20.346519 -20.346519 0.000000 -20.346519
 -1.386294 -1.386294 -1.386294 -1.386294
 -1.386294 -1.386294 -1.386294 -1.386294
 -1.386294 -1.386294 -1.386294 -1.386294
 -1.386294 -1.386294 -1.386294 -1.386294
 -1.386294 -1.386294 -1.386294 -1.386294
 -1.208487 -0.815265 -20.346519 -1.351588
 -1.386294 -1.386294 -1.386294 -1.386294
 -1.386294 -1.386294 -1.386294 -1.386294
 -1.386294 -1.386294 -1.386294 -1.386294
 -1.386294 -1.386294 -1.386294 -1.386294
 -1.386294 -1.386294 -1.386294 -1.386294
 -1.386294 -1.386294 -1.386294 -1.386294
 -1.386294 -1.386294 -1.386294 -1.386294
 -1.208487 -0.815265 -20.346519 -1.351588
 -1.386294 -1.386294 -1.386294 -1.386294
 -1.386294 -1.386294 -1.386294 -1.386294
 -1.386294 -1.386294 -1.386294 -1.386294
 -1.386294 -1.386294 -1.386294 -1.386294
 -1.386294 -1.386294 -1.386294 -1.386294
 -1.179229 -1.951440 -1.346961 -1.236546
 -1.110074 -1.573086 -1.633135 -1.317721
 -1.386294 -1.386294 -1.386294 -1.386294
 -1.443181 -1.807653 -1.268599 -1.143942
 -1.386294 -1.386294 -1.386294 -1.386294
 -1.386294 -1.386294 -1.386294 -1.386294
 -1.386294 -1.386294 -1.386294 -1.386294
 -1.386294 -1.386294 -1.386294 -1.386294
 -1.179229 -1.951440 -1.346961 -1.236546
 -1.110074 -1.573086 -1.633135 -1.317721
 -1.386294 -1.386294 -1.386294 -1.386294
 -1.443181 -1.807653 -1.268599 -1.143942
 -1.386294 -1.386294 -1.386294 -1.386294
 -1.386294 -1.386294 -1.386294 -1.386294
 -1.386294 -1.386294 -1.386294 -1.386294
 -1.386294 -1.386294 -1.386294 -1.386294
 -1.317164 -1.656721 -1.086937 -1.589172
 -1.116637 -1.451222 -1.521053 -1.514784
 -1.326553 -1.377326 -1.186853 -1.730605
 -1.706430 -1.388650 -1.099790 -1.443354
 -1.380046 -1.606555 -1.066593 -1.591223
 -1.232982 -1.700306 -1.257879 -1.420084
 -1.380089 -1.348215 -1.195828 -1.680466
 -1.854935 -1.241618 -1.230880 -1.337180
 -1.317164 -1.656721 -1.086937 -1.589172
 -1.116637 -1.451222 -1.521053 -1.514784
 -1.326553 -1.377326 -1.186853 -1.730605
 -1.706430 -1.388650 -1.099790 -1.443354
 -1.380046 -1.606555 -1.066593 -1.591223
 -1.232982 -1.700306 -1.257879 -1.420084
 -1.380089 -1.348215 -1.195828 -1.680466
 -1.854935 -1.241618 -1.230880 -1.337180
