 -2.779769 0.000100 0.000100 0.000100
 -2.909415 0.000100 0.000100 0.000100
 -2.874241 0.000100 0.000100 0.000100
 -2.706036 0.000100 0.000100 0.000100
 -2.782919 0.000100 0.000100 0.000100
 -2.799886 0.000100 0.000100 0.000100
 -2.777675 0.000100 0.000100 0.000100
 -2.585983 0.000100 0.000100 0.000100
 -2.779769 0.000100 0.000100 0.000100
 -2.909415 0.000100 0.000100 0.000100
 -2.874241 0.000100 0.000100 0.000100
 -2.706036 0.000100 0.000100 0.000100
 -2.782919 0.000100 0.000100 0.000100
 -2.799886 0.000100 0.000100 0.000100
 -2.777675 0.000100 0.000100 0.000100
 -2.585983 0.000100 0.000100 0.000100
 -1.180491 -1.754718 -1.480766 -1.229452
 -1.155069 -1.577726 -1.747411 -1.189755
 -1.117218 -1.508696 -1.529750 -1.448072
 -1.491979 -1.651193 -1.321269 -1.150572
 -1.266527 -1.698459 -1.482236 -1.177342
 -1.220146 -1.503008 -1.567547 -1.295369
 -1.451112 -1.337305 -1.298238 -1.469130
 -1.726573 -1.633915 -1.267552 -1.062985
 -1.180491 -1.754718 -1.480766 -1.229452
 -1.155069 -1.577726 -1.747411 -1.189755
 -1.117218 -1.508696 -1.529750 -1.448072
 -1.491979 -1.651193 -1.321269 -1.150572
 -1.266527 -1.698459 -1.482236 -1.177342
 -1.220146 -1.503008 -1.567547 -1.295369
 -1.451112 -1.337305 -1.298238 -1.469130
 -1.726573 -1.633915 -1.267552 -1.062985
 -1.193735 -1.671174 -1.437145 -1.304598
 -1.037837 -1.637974 -2.107977 -1.108895
 -1.191205 -1.454316 -1.529919 -1.402295
 -1.566209 -1.625633 -1.366413 -1.080701
 -1.331527 -1.632213 -1.542152 -1.119296
 -1.140523 -1.583654 -2.074478 -1.051245
 -1.286262 -1.349775 -1.457871 -1.462448
 -1.622467 -1.582301 -1.402608 -1.046591
 -1.193735 -1.671174 -1.437145 -1.304598
 -1.037837 -1.637974 -2.107977 -1.108895
 -1.191205 -1.454316 -1.529919 -1.402295
 -1.566209 -1.625633 -1.366413 -1.080701
 -1.331527 -1.632213 -1.542152 -1.119296
 -1.140523 -1.583654 -2.074478 -1.051245
 -1.286262 -1.349775 -1.457871 -1.462448
 -1.622467 -1.582301 -1.402608 -1.046591
 -1.288530 -1.618488 -1.377326 -1.295088
 -1.214319 -1.310830 -1.907466 -1.255141
 -1.291297 -1.308104 -1.530188 -1.434397
 -1.584839 -1.580177 -1.243705 -1.201422
 -1.313927 -1.513759 -1.518378 -1.230696
 -1.200069 -1.592631 -1.830302 -1.093411
 -1.410457 -1.415906 -1.342189 -1.378368
 -1.771374 -1.391648 -1.314914 -1.162388
 -1.288530 -1.618488 -1.377326 -1.295088
 -1.214319 -1.310830 -1.907466 -1.255141
 -1.291297 -1.308104 -1.530188 -1.434397
 -1.584839 -1.580177 -1.243705 -1.201422
 -1.313927 -1.513759 -1.518378 -1.230696
 -1.200069 -1.592631 -1.830302 -1.093411
 -1.410457 -1.415906 -1.342189 -1.378368
 -1.771374 -1.391648 -1.314914 -1.162388
 -1.128191 -1.802876 -1.389314 -1.338222
 -1.065295 -1.409936 -1.782457 -1.414732
 -1.229233 -1.430334 -1.464072 -1.439858
 -1.609438 -1.614501 -1.220951 -1.183972
 -1.296744 -1.575173 -1.569924 -1.166206
 -1.105127 -1.540445 -1.753538 -1.268031
 -1.405343 -1.339674 -1.485385 -1.322866
 -1.750839 -1.535271 -1.329773 -1.060053
 -1.128191 -1.802876 -1.389314 -1.338222
 -1.065295 -1.409936 -1.782457 -1.414732
 -1.229233 -1.430334 -1.464072 -1.439858
 -1.609438 -1.614501 -1.220951 -1.183972
 -1.296744 -1.575173 -1.569924 -1.166206
 -1.105127 -1.540445 -1.753538 -1.268031
 -1.405343 -1.339674 -1.485385 -1.322866
 -1.750839 -1.535271 -1.329773 -1.060053
 -1.144318 -2.009688 -1.449060 -1.162391
 -1.054649 -1.504077 -2.090740 -1.184603
 -1.220240 -1.413825 -1.724421 -1.261062
 -1.533109 -1.580737 -1.343066 -1.148005
 -1.323984 -1.615390 -1.516018 -1.153504
 -1.081459 -1.728086 -1.952854 -1.074680
 -1.266458 -1.500276 -1.443389 -1.351015
 -1.625479 -1.516720 -1.342061 -1.131821
 -1.144318 -2.009688 -1.449060 -1.162391
 -1.054649 -1.504077 -2.090740 -1.184603
 -1.220240 -1.413825 -1.724421 -1.261062
 -1.533109 -1.580737 -1.343066 -1.148005
 -1.323984 -1.615390 -1.516018 -1.153504
 -1.081459 -1.728086 -1.952854 -1.074680
 -1.266458 -1.500276 -1.443389 -1.351015
 -1.625479 -1.516720 -1.342061 -1.131821
 -1.291229 -1.576735 -1.431318 -1.275021
 -1.168744 -1.361375 -1.951236 -1.234994
 -1.261764 -1.261764 -1.548040 -1.509468
 -1.549963 -1.529258 -1.286634 -1.221292
 -1.310094 -1.573908 -1.527817 -1.184292
 -1.165908 -1.577415 -1.741718 -1.182103
 -1.398969 -1.320497 -1.414393 -1.414393
 -1.831173 -1.346826 -1.313337 -1.168641
 -1.291229 -1.576735 -1.431318 -1.275021
 -1.168744 -1.361375 -1.951236 -1.234994
 -1.261764 -1.261764 -1.548040 -1.509468
 -1.549963 -1.529258 -1.286634 -1.221292
 -1.310094 -1.573908 -1.527817 -1.184292
 -1.165908 -1.577415 -1.741718 -1.182103
 -1.398969 -1.320497 -1.414393 -1.414393
 -1.831173 -1.346826 -1.313337 -1.168641
 -1.117509 -1.769352 -1.365816 -1.397191
 -1.201357 -1.489039 -1.822531 -1.164723
 -1.313351 -1.418231 -1.442563 -1.375872
 -1.467336 -1.678645 -1.271399 -1.196020
 -1.320129 -1.713472 -1.440965 -1.152137
 -1.180820 -1.648010 -1.620307 -1.195004
 -1.296298 -1.368516 -1.515351 -1.377366
 -1.742244 -1.533700 -1.384604 -1.025230
 -1.117509 -1.769352 -1.365816 -1.397191
 -1.201357 -1.489039 -1.822531 -1.164723
 -1.313351 -1.418231 -1.442563 -1.375872
 -1.467336 -1.678645 -1.271399 -1.196020
 -1.320129 -1.713472 -1.440965 -1.152137
 -1.180820 -1.648010 -1.620307 -1.195004
 -1.296298 -1.368516 -1.515351 -1.377366
 -1.742244 -1.533700 -1.384604 -1.025230
 -1.210006 -1.749912 -1.530053 -1.166385
 -1.056861 -1.588977 -2.220754 -1.079418
 -1.207022 -1.555010 -1.657372 -1.207022
 -1.440587 -1.655184 -1.354292 -1.158285
 -1.352527 -1.640209 -1.536413 -1.101647
 -1.093752 -1.693243 -1.898338 -1.104721
 -1.523626 -1.281376 -1.488709 -1.277400
 -1.661346 -1.448087 -1.415511 -1.101730
 -1.210006 -1.749912 -1.530053 -1.166385
 -1.056861 -1.588977 -2.220754 -1.079418
 -1.207022 -1.555010 -1.657372 -1.207022
 -1.440587 -1.655184 -1.354292 -1.158285
 -1.352527 -1.640209 -1.536413 -1.101647
 -1.093752 -1.693243 -1.898338 -1.104721
 -1.523626 -1.281376 -1.488709 -1.277400
 -1.661346 -1.448087 -1.415511 -1.101730
 -1.356613 -1.603624 -1.266462 -1.349094
 -1.192937 -1.360730 -1.869954 -1.251531
 -1.278965 -1.338208 -1.396195 -1.552006
 -1.572552 -1.649513 -1.227883 -1.179509
 -1.269056 -1.553259 -1.486120 -1.269056
 -1.115017 -1.535866 -1.800559 -1.232323
 -1.600423 -1.288987 -1.317560 -1.367075
 -1.776921 -1.345441 -1.327476 -1.186554
 -1.356613 -1.603624 -1.266462 -1.349094
 -1.192937 -1.360730 -1.869954 -1.251531
 -1.278965 -1.338208 -1.396195 -1.552006
 -1.572552 -1.649513 -1.227883 -1.179509
 -1.269056 -1.553259 -1.486120 -1.269056
 -1.115017 -1.535866 -1.800559 -1.232323
 -1.600423 -1.288987 -1.317560 -1.367075
 -1.776921 -1.345441 -1.327476 -1.186554
 -1.145744 -1.624541 -1.551209 -1.298213
 -1.120042 -1.450754 -1.907777 -1.234671
 -1.164228 -1.535791 -1.619173 -1.292845
 -1.509509 -1.607273 -1.251680 -1.229207
 -1.327986 -1.636722 -1.400893 -1.224190
 -1.111516 -1.648659 -1.671131 -1.235813
 -1.357886 -1.453611 -1.400266 -1.337352
 -1.739560 -1.444860 -1.345110 -1.114400
 -1.145744 -1.624541 -1.551209 -1.298213
 -1.120042 -1.450754 -1.907777 -1.234671
 -1.164228 -1.535791 -1.619173 -1.292845
 -1.509509 -1.607273 -1.251680 -1.229207
 -1.327986 -1.636722 -1.400893 -1.224190
 -1.111516 -1.648659 -1.671131 -1.235813
 -1.357886 -1.453611 -1.400266 -1.337352
 -1.739560 -1.444860 -1.345110 -1.114400
 -1.168330 -1.852615 -1.503616 -1.171302
 -1.108778 -1.497148 -2.218950 -1.086049
 -1.193453 -1.504665 -1.622448 -1.282580
 -1.513254 -1.726620 -1.330205 -1.086190
 -1.292982 -1.733603 -1.529856 -1.101611
 -1.106882 -1.597742 -2.044755 -1.085754
 -1.348470 -1.375020 -1.435084 -1.388564
 -1.727326 -1.458784 -1.399012 -1.070371
 -1.168330 -1.852615 -1.503616 -1.171302
 -1.108778 -1.497148 -2.218950 -1.086049
 -1.193453 -1.504665 -1.622448 -1.282580
 -1.513254 -1.726620 -1.330205 -1.086190
 -1.292982 -1.733603 -1.529856 -1.101611
 -1.106882 -1.597742 -2.044755 -1.085754
 -1.348470 -1.375020 -1.435084 -1.388564
 -1.727326 -1.458784 -1.399012 -1.070371
 -1.363801 -1.568434 -1.325402 -1.308424
 -1.143064 -1.353887 -1.949870 -1.270710
 -1.211176 -1.513693 -1.450514 -1.395910
 -1.664246 -1.549075 -1.279335 -1.139434
 -1.400654 -1.376163 -1.547257 -1.244144
 -1.233202 -1.450010 -1.777053 -1.187646
 -1.402126 -1.325362 -1.391544 -1.429082
 -1.836974 -1.244414 -1.350362 -1.226065
 -1.363801 -1.568434 -1.325402 -1.308424
 -1.143064 -1.353887 -1.949870 -1.270710
 -1.211176 -1.513693 -1.450514 -1.395910
 -1.664246 -1.549075 -1.279335 -1.139434
 -1.400654 -1.376163 -1.547257 -1.244144
 -1.233202 -1.450010 -1.777053 -1.187646
 -1.402126 -1.325362 -1.391544 -1.429082
 -1.836974 -1.244414 -1.350362 -1.226065
 -1.173201 -1.804338 -1.450833 -1.232144
 -1.041261 -1.661706 -1.812813 -1.224239
 -1.182043 -1.525155 -1.535571 -1.345427
 -1.506658 -1.724004 -1.409236 -1.033752
 -1.313457 -1.514128 -1.620611 -1.160488
 -1.151849 -1.494650 -1.880313 -1.180651
 -1.286741 -1.491902 -1.370824 -1.406543
 -1.664889 -1.410655 -1.459445 -1.095298
 -1.173201 -1.804338 -1.450833 -1.232144
 -1.041261 -1.661706 -1.812813 -1.224239
 -1.182043 -1.525155 -1.535571 -1.345427
 -1.506658 -1.724004 -1.409236 -1.033752
 -1.313457 -1.514128 -1.620611 -1.160488
 -1.151849 -1.494650 -1.880313 -1.180651
 -1.286741 -1.491902 -1.370824 -1.406543
 -1.664889 -1.410655 -1.459445 -1.095298
 -1.175120 -1.794596 -1.480283 -1.212508
 -1.128344 -1.617459 -2.067528 -1.045457
 -1.202352 -1.649145 -1.552685 -1.218679
 -1.564085 -1.779008 -1.391242 -0.985777
 -1.350329 -1.577102 -1.485933 -1.177716
 -1.106824 -1.553773 -2.051790 -1.110363
 -1.282168 -1.456521 -1.499771 -1.322990
 -1.784155 -1.460755 -1.366641 -1.064100
 -1.175120 -1.794596 -1.480283 -1.212508
 -1.128344 -1.617459 -2.067528 -1.045457
 -1.202352 -1.649145 -1.552685 -1.218679
 -1.564085 -1.779008 -1.391242 -0.985777
 -1.350329 -1.577102 -1.485933 -1.177716
 -1.106824 -1.553773 -2.051790 -1.110363
 -1.282168 -1.456521 -1.499771 -1.322990
 -1.784155 -1.460755 -1.366641 -1.064100
 -1.320594 -1.628218 -1.286344 -1.345286
 -1.061620 -1.406689 -1.892197 -1.353201
 -1.261764 -1.363848 -1.426519 -1.509468
 -1.558145 -1.566803 -1.233441 -1.239691
 -1.405262 -1.435502 -1.484950 -1.237227
 -1.081371 -1.609438 -1.903350 -1.165389
 -1.410608 -1.257198 -1.355178 -1.543399
 -1.737998 -1.395054 -1.321574 -1.172497
 -1.320594 -1.628218 -1.286344 -1.345286
 -1.061620 -1.406689 -1.892197 -1.353201
 -1.261764 -1.363848 -1.426519 -1.509468
 -1.558145 -1.566803 -1.233441 -1.239691
 -1.405262 -1.435502 -1.484950 -1.237227
 -1.081371 -1.609438 -1.903350 -1.165389
 -1.410608 -1.257198 -1.355178 -1.543399
 -1.737998 -1.395054 -1.321574 -1.172497
 -1.131717 -1.968216 -1.492589 -1.161472
 -1.142857 -1.546538 -1.933459 -1.128672
 -1.177839 -1.586844 -1.407186 -1.416114
 -1.435743 -1.785202 -1.368903 -1.079068
 -1.266300 -1.781848 -1.347227 -1.238424
 -1.055779 -1.613824 -1.897849 -1.193813
 -1.323115 -1.386294 -1.453736 -1.386294
 -1.677349 -1.456009 -1.527067 -1.013919
 -1.131717 -1.968216 -1.492589 -1.161472
 -1.142857 -1.546538 -1.933459 -1.128672
 -1.177839 -1.586844 -1.407186 -1.416114
 -1.435743 -1.785202 -1.368903 -1.079068
 -1.266300 -1.781848 -1.347227 -1.238424
 -1.055779 -1.613824 -1.897849 -1.193813
 -1.323115 -1.386294 -1.453736 -1.386294
 -1.677349 -1.456009 -1.527067 -1.013919
 -1.081761 -1.871802 -1.518038 -1.244745
 -1.065823 -1.659270 -2.184801 -1.041917
 -1.227937 -1.425297 -1.416247 -1.495914
 -1.447639 -1.795605 -1.272143 -1.143762
 -1.353100 -1.785032 -1.510365 -1.041454
 -0.996386 -1.633505 -2.301333 -1.092374
 -1.378368 -1.337125 -1.432436 -1.399646
 -1.536867 -1.573235 -1.464547 -1.060190
 -1.081761 -1.871802 -1.518038 -1.244745
 -1.065823 -1.659270 -2.184801 -1.041917
 -1.227937 -1.425297 -1.416247 -1.495914
 -1.447639 -1.795605 -1.272143 -1.143762
 -1.353100 -1.785032 -1.510365 -1.041454
 -0.996386 -1.633505 -2.301333 -1.092374
 -1.378368 -1.337125 -1.432436 -1.399646
 -1.536867 -1.573235 -1.464547 -1.060190
 -1.280753 -1.820215 -1.280753 -1.264597
 -1.200489 -1.451182 -1.654961 -1.296234
 -1.350416 -1.320045 -1.386294 -1.497251
 -1.486622 -1.690485 -1.253690 -1.190776
 -1.420583 -1.548593 -1.296789 -1.300220
 -1.258896 -1.408273 -1.726033 -1.225952
 -1.426895 -1.415906 -1.292674 -1.415906
 -1.798680 -1.257756 -1.263162 -1.318886
 -1.280753 -1.820215 -1.280753 -1.264597
 -1.200489 -1.451182 -1.654961 -1.296234
 -1.350416 -1.320045 -1.386294 -1.497251
 -1.486622 -1.690485 -1.253690 -1.190776
 -1.420583 -1.548593 -1.296789 -1.300220
 -1.258896 -1.408273 -1.726033 -1.225952
 -1.426895 -1.415906 -1.292674 -1.415906
 -1.798680 -1.257756 -1.263162 -1.318886
 -16.090725 -16.090725 -16.090725 -0.000000
 -15.923297 -15.923297 -15.923297 -0.000000
 -16.142788 -16.142788 -16.142788 -0.000000
 -16.099932 -16.099932 -16.099932 -0.000000
 -16.011623 -16.011623 -16.011623 -0.000000
 -16.044449 -16.044449 -16.044449 -0.000000
 -16.071005 -16.071005 -16.071005 -0.000000
 -16.215223 -16.215223 -16.215223 -0.000000
 -16.090725 -16.090725 -16.090725 -0.000000
 -15.923297 -15.923297 -15.923297 -0.000000
 -16.142788 -16.142788 -16.142788 -0.000000
 -16.099932 -16.099932 -16.099932 -0.000000
 -16.011623 -16.011623 -16.011623 -0.000000
 -16.044449 -16.044449 -16.044449 -0.000000
 -16.071005 -16.071005 -16.071005 -0.000000
 -16.215223 -16.215223 -16.215223 -0.000000
 -1.386294 -1.386294 -1.386294 -1.386294
 -1.386294 -1.386294 -1.386294 -1.386294
 -1.386294 -1.386294 -1.386294 -1.386294
 -17.466429 -17.466429 -17.466429 -0.000000
 -1.386294 -1.386294 -1.386294 -1.386294
 -1.386294 -1.386294 -1.386294 -1.386294
 -1.386294 -1.386294 -1.386294 -1.386294
 -17.462526 -17.462526 -17.462526 -0.000000
 -1.386294 -1.386294 -1.386294 -1.386294
 -1.386294 -1.386294 -1.386294 -1.386294
 -1.386294 -1.386294 -1.386294 -1.386294
 -17.466429 -17.466429 -17.466429 -0.000000
 -1.386294 -1.386294 -1.386294 -1.386294
 -1.386294 -1.386294 -1.386294 -1.386294
 -1.386294 -1.386294 -1.386294 -1.386294
 -17.462526 -17.462526 -17.462526 -0.000000
 -1.386294 -1.386294 -1.386294 -1.386294
 -1.386294 -1.386294 -1.386294 -1.386294
 -1.386294 -1.386294 -1.386294 -1.386294
 -1.386294 -1.386294 -1.386294 -1.386294
 -1.386294 -1.386294 -1.386294 -1.386294
 -1.386294 -1.386294 -1.386294 -1.386294
 -1.386294 -1.386294 -1.386294 -1.386294
 -1.500701 -1.067994 -18.157627 -0.836258
 -1.386294 -1.386294 -1.386294 -1.386294
 -1.386294 -1.386294 -1.386294 -1.386294
 -1.386294 -1.386294 -1.386294 -1.386294
 -1.386294 -1.386294 -1.386294 -1.386294
 -1.386294 -1.386294 -1.386294 -1.386294
 -1.386294 -1.386294 -1.386294 -1.386294
 -1.386294 -1.386294 -1.386294 -1.386294
 -1.500701 -1.067994 -18.157627 -0.836258
 -1.386294 -1.386294 -1.386294 -1.386294
 -1.386294 -1.386294 -1.386294 -1.386294
 -1.386294 -1.386294 -1.386294 -1.386294
 -1.386294 -1.386294 -1.386294 -1.386294
 -16.656925 -0.000000 -16.656925 -16.656925
 -17.089632 0.000000 -17.089632 -17.089632
 -1.386294 -1.386294 -1.386294 -1.386294
 -17.321369 0.000000 -17.321369 -17.321369
 -1.386294 -1.386294 -1.386294 -1.386294
 -1.386294 -1.386294 -1.386294 -1.386294
 -1.386294 -1.386294 -1.386294 -1.386294
 -1.386294 -1.386294 -1.386294 -1.386294
 -16.656925 -0.000000 -16.656925 -16.656925
 -17.089632 0.000000 -17.089632 -17.089632
 -1.386294 -1.386294 -1.386294 -1.386294
 -17.321369 0.000000 -17.321369 -17.321369
 -1.386294 -1.386294 -1.386294 -1.386294
 -0.000000 -16.656925 -16.656925 -16.656925
 -1.386294 -1.386294 -1.386294 -1.386294
 -1.386294 -1.386294 -1.386294 -1.386294
 -1.386294 -1.386294 -1.386294 -1.386294
 0.000000 -17.905346 -17.905346 -17.905346
 -1.386294 -1.386294 -1.386294 -1.386294
 -1.386294 -1.386294 -1.386294 -1.386294
 -1.386294 -1.386294 -1.386294 -1.386294
 -0.000000 -16.656925 -16.656925 -16.656925
 -1.386294 -1.386294 -1.386294 -1.386294
 -1.386294 -1.386294 -1.386294 -1.386294
 -1.386294 -1.386294 -1.386294 -1.386294
 0.000000 -17.905346 -17.905346 -17.905346
 -1.386294 -1.386294 -1.386294 -1.386294
 -1.386294 -1.386294 -1.386294 -1.386294
 -1.386294 -1.386294 -1.386294 -1.386294
 -1.386294 -1.386294 -1.386294 -1.386294
 -1.386294 -1.386294 -1.386294 -1.386294
 -1.386294 -1.386294 -1.386294 -1.386294
 -18.157627 -18.157627 0.000000 -18.157627
 -1.386294 -1.386294 -1.386294 -1.386294
 -1.386294 -1.386294 -1.386294 -1.386294
 -1.386294 -1.386294 -1.386294 -1.386294
 -1.386294 -1.386294 -1.386294 -1.386294
 -1.386294 -1.386294 -1.386294 -1.386294
 -1.386294 -1.386294 -1.386294 -1.386294
 -1.386294 -1.386294 -1.386294 -1.386294
 -18.157627 -18.157627 0.000000 -18.157627
 -1.386294 -1.386294 -1.386294 -1.386294
 -1.386294 -1.386294 -1.386294 -1.386294
 -1.386294 -1.386294 -1.386294 -1.386294
 -1.386294 -1.386294 -1.386294 -1.386294
 -1.386294 -1.386294 -1.386294 -1.386294
 -1.275925 -1.534522 -1.582106 -1.204884
 -1.386294 -1.386294 -1.386294 -1.386294
 -1.386294 -1.386294 -1.386294 -1.386294
 -1.386294 -1.386294 -1.386294 -1.386294
 -1.386294 -1.386294 -1.386294 -1.386294
 -1.386294 -1.386294 -1.386294 -1.386294
 -1.386294 -1.386294 -1.386294 -1.386294
 -1.386294 -1.386294 -1.386294 -1.386294
 -1.275925 -1.534522 -1.582106 -1.204884
 -1.386294 -1.386294 -1.386294 -1.386294
 -1.386294 -1.386294 -1.386294 -1.386294
 -1.386294 -1.386294 -1.386294 -1.386294
 -1.386294 -1.386294 -1.386294 -1.386294
 -1.386294 -1.386294 -1.386294 -1.386294
 -1.063360 -1.951049 -1.476956 -1.257902
 -1.022523 -1.653862 -2.139764 -1.104666
 -1.152574 -1.590629 -1.723273 -1.197664
 -1.482821 -1.901760 -1.386294 -0.984308
 -1.386294 -1.386294 -1.386294 -1.386294
 -1.386294 -1.386294 -1.386294 -1.386294
 -1.386294 -1.386294 -1.386294 -1.386294
 -1.386294 -1.386294 -1.386294 -1.386294
 -1.063360 -1.951049 -1.476956 -1.257902
 -1.022523 -1.653862 -2.139764 -1.104666
 -1.152574 -1.590629 -1.723273 -1.197664
 -1.482821 -1.901760 -1.386294 -0.984308
 -1.386294 -1.386294 -1.386294 -1.386294
 -1.386294 -1.386294 -1.386294 -1.386294
 -1.386294 -1.386294 -1.386294 -1.386294
 -1.386294 -1.386294 -1.386294 -1.386294
 -1.317732 -1.573791 -1.282225 -1.396019
 -1.132679 -1.581134 -1.806217 -1.178257
 -1.160047 -1.501490 -1.335779 -1.605559
 -1.422832 -1.754735 -1.248174 -1.207352
 -1.371216 -1.626563 -1.498730 -1.120293
 -0.996586 -1.603405 -1.961154 -1.241480
 -1.324678 -1.400664 -1.477204 -1.349371
 -1.698385 -1.382048 -1.455287 -1.100742
 -1.317732 -1.573791 -1.282225 -1.396019
 -1.132679 -1.581134 -1.806217 -1.178257
 -1.160047 -1.501490 -1.335779 -1.605559
 -1.422832 -1.754735 -1.248174 -1.207352
 -1.371216 -1.626563 -1.498730 -1.120293
 -0.996586 -1.603405 -1.961154 -1.241480
 -1.324678 -1.400664 -1.477204 -1.349371
 -1.698385 -1.382048 -1.455287 -1.100742
 -2.779769 0.000100 0.000100 0.000100
 -2.909415 0.000100 0.000100 0.000100
 -2.874241 0.000100 0.000100 0.000100
 -2.706036 0.000100 0.000100 0.000100
 -2.782919 0.000100 0.000100 0.000100
 -2.799886 0.000100 0.000100 0.000100
 -2.777675 0.000100 0.000100 0.000100
 -2.585983 0.000100 0.000100 0.000100
 -2.779769 0.000100 0.000100 0.000100
 -2.909415 0.000100 0.000100 0.000100
 -2.874241 0.000100 0.000100 0.000100
 -2.706036 0.000100 0.000100 0.000100
 -2.782919 0.000100 0.000100 0.000100
 -2.799886 0.000100 0.000100 0.000100
 -2.777675 0.000100 0.000100 0.000100
 -2.585983 0.000100 0.000100 0.000100
 -1.180491 -1.754718 -1.480766 -1.229452
 -1.155069 -1.577726 -1.747411 -1.189755
 -1.117218 -1.508696 -1.529750 -1.448072
 -1.491979 -1.651193 -1.321269 -1.150572
 -1.266527 -1.698459 -1.482236 -1.177342
 -1.220146 -1.503008 -1.567547 -1.295369
 -1.451112 -1.337305 -1.298238 -1.469130
 -1.726573 -1.633915 -1.267552 -1.062985
 -1.180491 -1.754718 -1.480766 -1.229452
 -1.155069 -1.577726 -1.747411 -1.189755
 -1.117218 -1.508696 -1.529750 -1.448072
 -1.491979 -1.651193 -1.321269 -1.150572
 -1.266527 -1.698459 -1.482236 -1.177342
 -1.220146 -1.503008 -1.567547 -1.295369
 -1.451112 -1.337305 -1.298238 -1.469130
 -1.726573 -1.633915 -1.267552 -1.062985
 -1.193735 -1.671174 -1.437145 -1.304598
 -1.037837 -1.637974 -2.107977 -1.108895
 -1.191205 -1.454316 -1.529919 -1.402295
 -1.566209 -1.625633 -1.366413 -1.080701
 -1.331527 -1.632213 -1.542152 -1.119296
 -1.140523 -1.583654 -2.074478 -1.051245
 -1.286262 -1.349775 -1.457871 -1.462448
 -1.622467 -1.582301 -1.402608 -1.046591
 -1.193735 -1.671174 -1.437145 -1.304598
 -1.037837 -1.637974 -2.107977 -1.108895
 -1.191205 -1.454316 -1.529919 -1.402295
 -1.566209 -1.625633 -1.366413 -1.080701
 -1.331527 -1.632213 -1.542152 -1.119296
 -1.140523 -1.583654 -2.074478 -1.051245
 -1.286262 -1.349775 -1.457871 -1.462448
 -1.622467 -1.582301 -1.402608 -1.046591
 -1.288530 -1.618488 -1.377326 -1.295088
 -1.214319 -1.310830 -1.907466 -1.255141
 -1.291297 -1.308104 -1.530188 -1.434397
 -1.584839 -1.580177 -1.243705 -1.201422
 -1.313927 -1.513759 -1.518378 -1.230696
 -1.200069 -1.592631 -1.830302 -1.093411
 -1.410457 -1.415906 -1.342189 -1.378368
 -1.771374 -1.391648 -1.314914 -1.162388
 -1.288530 -1.618488 -1.377326 -1.295088
 -1.214319 -1.310830 -1.907466 -1.255141
 -1.291297 -1.308104 -1.530188 -1.434397
 -1.584839 -1.580177 -1.243705 -1.201422
 -1.313927 -1.513759 -1.518378 -1.230696
 -1.200069 -1.592631 -1.830302 -1.093411
 -1.410457 -1.415906 -1.342189 -1.378368
 -1.771374 -1.391648 -1.314914 -1.162388
 -1.128191 -1.802876 -1.389314 -1.338222
 -1.065295 -1.409936 -1.782457 -1.414732
 -1.229233 -1.430334 -1.464072 -1.439858
 -1.609438 -1.614501 -1.220951 -1.183972
 -1.296744 -1.575173 -1.569924 -1.166206
 -1.105127 -1.540445 -1.753538 -1.268031
 -1.405343 -1.339674 -1.485385 -1.322866
 -1.750839 -1.535271 -1.329773 -1.060053
 -1.128191 -1.802876 -1.389314 -1.338222
 -1.065295 -1.409936 -1.782457 -1.414732
 -1.229233 -1.430334 -1.464072 -1.439858
 -1.609438 -1.614501 -1.220951 -1.183972
 -1.296744 -1.575173 -1.569924 -1.166206
 -1.105127 -1.540445 -1.753538 -1.268031
 -1.405343 -1.339674 -1.485385 -1.322866
 -1.750839 -1.535271 -1.329773 -1.060053
 -1.144318 -2.009688 -1.449060 -1.162391
 -1.054649 -1.504077 -2.090740 -1.184603
 -1.220240 -1.413825 -1.724421 -1.261062
 -1.533109 -1.580737 -1.343066 -1.148005
 -1.323984 -1.615390 -1.516018 -1.153504
 -1.081459 -1.728086 -1.952854 -1.074680
 -1.266458 -1.500276 -1.443389 -1.351015
 -1.625479 -1.516720 -1.342061 -1.131821
 -1.144318 -2.009688 -1.449060 -1.162391
 -1.054649 -1.504077 -2.090740 -1.184603
 -1.220240 -1.413825 -1.724421 -1.261062
 -1.533109 -1.580737 -1.343066 -1.148005
 -1.323984 -1.615390 -1.516018 -1.153504
 -1.081459 -1.728086 -1.952854 -1.074680
 -1.266458 -1.500276 -1.443389 -1.351015
 -1.625479 -1.516720 -1.342061 -1.131821
 -1.291229 -1.576735 -1.431318 -1.275021
 -1.168744 -1.361375 -1.951236 -1.234994
 -1.261764 -1.261764 -1.548040 -1.509468
 -1.549963 -1.529258 -1.286634 -1.221292
 -1.310094 -1.573908 -1.527817 -1.184292
 -1.165908 -1.577415 -1.741718 -1.182103
 -1.398969 -1.320497 -1.414393 -1.414393
 -1.831173 -1.346826 -1.313337 -1.168641
 -1.291229 -1.576735 -1.431318 -1.275021
 -1.168744 -1.361375 -1.951236 -1.234994
 -1.261764 -1.261764 -1.548040 -1.509468
 -1.549963 -1.529258 -1.286634 -1.221292
 -1.310094 -1.573908 -1.527817 -1.184292
 -1.165908 -1.577415 -1.741718 -1.182103
 -1.398969 -1.320497 -1.414393 -1.414393
 -1.831173 -1.346826 -1.313337 -1.168641
 -1.117509 -1.769352 -1.365816 -1.397191
 -1.201357 -1.489039 -1.822531 -1.164723
 -1.313351 -1.418231 -1.442563 -1.375872
 -1.467336 -1.678645 -1.271399 -1.196020
 -1.320129 -1.713472 -1.440965 -1.152137
 -1.180820 -1.648010 -1.620307 -1.195004
 -1.296298 -1.368516 -1.515351 -1.377366
 -1.742244 -1.533700 -1.384604 -1.025230
 -1.117509 -1.769352 -1.365816 -1.397191
 -1.201357 -1.489039 -1.822531 -1.164723
 -1.313351 -1.418231 -1.442563 -1.375872
 -1.467336 -1.678645 -1.271399 -1.196020
 -1.320129 -1.713472 -1.440965 -1.152137
 -1.180820 -1.648010 -1.620307 -1.195004
 -1.296298 -1.368516 -1.515351 -1.377366
 -1.742244 -1.533700 -1.384604 -1.025230
 -1.210006 -1.749912 -1.530053 -1.166385
 -1.056861 -1.588977 -2.220754 -1.079418
 -1.207022 -1.555010 -1.657372 -1.207022
 -1.440587 -1.655184 -1.354292 -1.158285
 -1.352527 -1.640209 -1.536413 -1.101647
 -1.093752 -1.693243 -1.898338 -1.104721
 -1.523626 -1.281376 -1.488709 -1.277400
 -1.661346 -1.448087 -1.415511 -1.101730
 -1.210006 -1.749912 -1.530053 -1.166385
 -1.056861 -1.588977 -2.220754 -1.079418
 -1.207022 -1.555010 -1.657372 -1.207022
 -1.440587 -1.655184 -1.354292 -1.158285
 -1.352527 -1.640209 -1.536413 -1.101647
 -1.093752 -1.693243 -1.898338 -1.104721
 -1.523626 -1.281376 -1.488709 -1.277400
 -1.661346 -1.448087 -1.415511 -1.101730
 -1.356613 -1.603624 -1.266462 -1.349094
 -1.192937 -1.360730 -1.869954 -1.251531
 -1.278965 -1.338208 -1.396195 -1.552006
 -1.572552 -1.649513 -1.227883 -1.179509
 -1.269056 -1.553259 -1.486120 -1.269056
 -1.115017 -1.535866 -1.800559 -1.232323
 -1.600423 -1.288987 -1.317560 -1.367075
 -1.776921 -1.345441 -1.327476 -1.186554
 -1.356613 -1.603624 -1.266462 -1.349094
 -1.192937 -1.360730 -1.869954 -1.251531
 -1.278965 -1.338208 -1.396195 -1.552006
 -1.572552 -1.649513 -1.227883 -1.179509
 -1.269056 -1.553259 -1.486120 -1.269056
 -1.115017 -1.535866 -1.800559 -1.232323
 -1.600423 -1.288987 -1.317560 -1.367075
 -1.776921 -1.345441 -1.327476 -1.186554
 -1.145744 -1.624541 -1.551209 -1.298213
 -1.120042 -1.450754 -1.907777 -1.234671
 -1.164228 -1.535791 -1.619173 -1.292845
 -1.509509 -1.607273 -1.251680 -1.229207
 -1.327986 -1.636722 -1.400893 -1.224190
 -1.111516 -1.648659 -1.671131 -1.235813
 -1.357886 -1.453611 -1.400266 -1.337352
 -1.739560 -1.444860 -1.345110 -1.114400
 -1.145744 -1.624541 -1.551209 -1.298213
 -1.120042 -1.450754 -1.907777 -1.234671
 -1.164228 -1.535791 -1.619173 -1.292845
 -1.509509 -1.607273 -1.251680 -1.229207
 -1.327986 -1.636722 -1.400893 -1.224190
 -1.111516 -1.648659 -1.671131 -1.235813
 -1.357886 -1.453611 -1.400266 -1.337352
 -1.739560 -1.444860 -1.345110 -1.114400
 -1.168330 -1.852615 -1.503616 -1.171302
 -1.108778 -1.497148 -2.218950 -1.086049
 -1.193453 -1.504665 -1.622448 -1.282580
 -1.513254 -1.726620 -1.330205 -1.086190
 -1.292982 -1.733603 -1.529856 -1.101611
 -1.106882 -1.597742 -2.044755 -1.085754
 -1.348470 -1.375020 -1.435084 -1.388564
 -1.727326 -1.458784 -1.399012 -1.070371
 -1.168330 -1.852615 -1.503616 -1.171302
 -1.108778 -1.497148 -2.218950 -1.086049
 -1.193453 -1.504665 -1.622448 -1.282580
 -1.513254 -1.726620 -1.330205 -1.086190
 -1.292982 -1.733603 -1.529856 -1.101611
 -1.106882 -1.597742 -2.044755 -1.085754
 -1.348470 -1.375020 -1.435084 -1.388564
 -1.727326 -1.458784 -1.399012 -1.070371
 -1.363801 -1.568434 -1.325402 -1.308424
 -1.143064 -1.353887 -1.949870 -1.270710
 -1.211176 -1.513693 -1.450514 -1.395910
 -1.664246 -1.549075 -1.279335 -1.139434
 -1.400654 -1.376163 -1.547257 -1.244144
 -1.233202 -1.450010 -1.777053 -1.187646
 -1.402126 -1.325362 -1.391544 -1.429082
 -1.836974 -1.244414 -1.350362 -1.226065
 -1.363801 -1.568434 -1.325402 -1.308424
 -1.143064 -1.353887 -1.949870 -1.270710
 -1.211176 -1.513693 -1.450514 -1.395910
 -1.664246 -1.549075 -1.279335 -1.139434
 -1.400654 -1.376163 -1.547257 -1.244144
 -1.233202 -1.450010 -1.777053 -1.187646
 -1.402126 -1.325362 -1.391544 -1.429082
 -1.836974 -1.244414 -1.350362 -1.226065
 -1.173201 -1.804338 -1.450833 -1.232144
 -1.041261 -1.661706 -1.812813 -1.224239
 -1.182043 -1.525155 -1.535571 -1.345427
 -1.506658 -1.724004 -1.409236 -1.033752
 -1.313457 -1.514128 -1.620611 -1.160488
 -1.151849 -1.494650 -1.880313 -1.180651
 -1.286741 -1.491902 -1.370824 -1.406543
 -1.664889 -1.410655 -1.459445 -1.095298
 -1.173201 -1.804338 -1.450833 -1.232144
 -1.041261 -1.661706 -1.812813 -1.224239
 -1.182043 -1.525155 -1.535571 -1.345427
 -1.506658 -1.724004 -1.409236 -1.033752
 -1.313457 -1.514128 -1.620611 -1.160488
 -1.151849 -1.494650 -1.880313 -1.180651
 -1.286741 -1.491902 -1.370824 -1.406543
 -1.664889 -1.410655 -1.459445 -1.095298
 -1.175120 -1.794596 -1.480283 -1.212508
 -1.128344 -1.617459 -2.067528 -1.045457
 -1.202352 -1.649145 -1.552685 -1.218679
 -1.564085 -1.779008 -1.391242 -0.985777
 -1.350329 -1.577102 -1.485933 -1.177716
 -1.106824 -1.553773 -2.051790 -1.110363
 -1.282168 -1.456521 -1.499771 -1.322990
 -1.784155 -1.460755 -1.366641 -1.064100
 -1.175120 -1.794596 -1.480283 -1.212508
 -1.128344 -1.617459 -2.067528 -1.045457
 -1.202352 -1.649145 -1.552685 -1.218679
 -1.564085 -1.779008 -1.391242 -0.985777
 -1.350329 -1.577102 -1.485933 -1.177716
 -1.106824 -1.553773 -2.051790 -1.110363
 -1.282168 -1.456521 -1.499771 -1.322990
 -1.784155 -1.460755 -1.366641 -1.064100
 -1.320594 -1.628218 -1.286344 -1.345286
 -1.061620 -1.406689 -1.892197 -1.353201
 -1.261764 -1.363848 -1.426519 -1.509468
 -1.558145 -1.566803 -1.233441 -1.239691
 -1.405262 -1.435502 -1.484950 -1.237227
 -1.081371 -1.609438 -1.903350 -1.165389
 -1.410608 -1.257198 -1.355178 -1.543399
 -1.737998 -1.395054 -1.321574 -1.172497
 -1.320594 -1.628218 -1.286344 -1.345286
 -1.061620 -1.406689 -1.892197 -1.353201
 -1.261764 -1.363848 -1.426519 -1.509468
 -1.558145 -1.566803 -1.233441 -1.239691
 -1.405262 -1.435502 -1.484950 -1.237227
 -1.081371 -1.609438 -1.903350 -1.165389
 -1.410608 -1.257198 -1.355178 -1.543399
 -1.737998 -1.395054 -1.321574 -1.172497
 -1.131717 -1.968216 -1.492589 -1.161472
 -1.142857 -1.546538 -1.933459 -1.128672
 -1.177839 -1.586844 -1.407186 -1.416114
 -1.435743 -1.785202 -1.368903 -1.079068
 -1.266300 -1.781848 -1.347227 -1.238424
 -1.055779 -1.613824 -1.897849 -1.193813
 -1.323115 -1.386294 -1.453736 -1.386294
 -1.677349 -1.456009 -1.527067 -1.013919
 -1.131717 -1.968216 -1.492589 -1.161472
 -1.142857 -1.546538 -1.933459 -1.128672
 -1.177839 -1.586844 -1.407186 -1.416114
 -1.435743 -1.785202 -1.368903 -1.079068
 -1.266300 -1.781848 -1.347227 -1.238424
 -1.055779 -1.613824 -1.897849 -1.193813
 -1.323115 -1.386294 -1.453736 -1.386294
 -1.677349 -1.456009 -1.527067 -1.013919
 -1.081761 -1.871802 -1.518038 -1.244745
 -1.065823 -1.659270 -2.184801 -1.041917
 -1.227937 -1.425297 -1.416247 -1.495914
 -1.447639 -1.795605 -1.272143 -1.143762
 -1.353100 -1.785032 -1.510365 -1.041454
 -0.996386 -1.633505 -2.301333 -1.092374
 -1.378368 -1.337125 -1.432436 -1.399646
 -1.536867 -1.573235 -1.464547 -1.060190
 -1.081761 -1.871802 -1.518038 -1.244745
 -1.065823 -1.659270 -2.184801 -1.041917
 -1.227937 -1.425297 -1.416247 -1.495914
 -1.447639 -1.795605 -1.272143 -1.143762
 -1.353100 -1.785032 -1.510365 -1.041454
 -0.996386 -1.633505 -2.301333 -1.092374
 -1.378368 -1.337125 -1.432436 -1.399646
 -1.536867 -1.573235 -1.464547 -1.060190
 -1.280753 -1.820215 -1.280753 -1.264597
 -1.200489 -1.451182 -1.654961 -1.296234
 -1.350416 -1.320045 -1.386294 -1.497251
 -1.486622 -1.690485 -1.253690 -1.190776
 -1.420583 -1.548593 -1.296789 -1.300220
 -1.258896 -1.408273 -1.726033 -1.225952
 -1.426895 -1.415906 -1.292674 -1.415906
 -1.798680 -1.257756 -1.263162 -1.318886
 -1.280753 -1.820215 -1.280753 -1.264597
 -1.200489 -1.451182 -1.654961 -1.296234
 -1.350416 -1.320045 -1.386294 -1.497251
 -1.486622 -1.690485 -1.253690 -1.190776
 -1.420583 -1.548593 -1.296789 -1.300220
 -1.258896 -1.408273 -1.726033 -1.225952
 -1.426895 -1.415906 -1.292674 -1.415906
 -1.798680 -1.257756 -1.263162 -1.318886
 -16.090725 -16.090725 -16.090725 -0.000000
 -15.923297 -15.923297 -15.923297 -0.000000
 -16.142788 -16.142788 -16.142788 -0.000000
 -16.099932 -16.099932 -16.099932 -0.000000
 -16.011623 -16.011623 -16.011623 -0.000000
 -16.044449 -16.044449 -16.044449 -0.000000
 -16.071005 -16.071005 -16.071005 -0.000000
 -16.215223 -16.215223 -16.215223 -0.000000
 -16.090725 -16.090725 -16.090725 -0.000000
 -15.923297 -15.923297 -15.923297 -0.000000
 -16.142788 -16.142788 -16.142788 -0.000000
 -16.099932 -16.099932 -16.099932 -0.000000
 -16.011623 -16.011623 -16.011623 -0.000000
 -16.044449 -16.044449 -16.044449 -0.000000
 -16.071005 -16.071005 -16.071005 -0.000000
 -16.215223 -16.215223 -16.215223 -0.000000
 -1.386294 -1.386294 -1.386294 -1.386294
 -1.386294 -1.386294 -1.386294 -1.386294
 -1.386294 -1.386294 -1.386294 -1.386294
 -17.466429 -17.466429 -17.466429 -0.000000
 -1.386294 -1.386294 -1.386294 -1.386294
 -1.386294 -1.386294 -1.386294 -1.386294
 -1.386294 -1.386294 -1.386294 -1.386294
 -17.462526 -17.462526 -17.462526 -0.000000
 -1.386294 -1.386294 -1.386294 -1.386294
 -1.386294 -1.386294 -1.386294 -1.386294
 -1.386294 -1.386294 -1.386294 -1.386294
 -17.466429 -17.466429 -17.466429 -0.000000
 -1.386294 -1.386294 -1.386294 -1.386294
 -1.386294 -1.386294 -1.386294 -1.386294
 -1.386294 -1.386294 -1.386294 -1.386294
 -17.462526 -17.462526 -17.462526 -0.000000
 -1.386294 -1.386294 -1.386294 -1.386294
 -1.386294 -1.386294 -1.386294 -1.386294
 -1.386294 -1.386294 -1.386294 -1.386294
 -1.386294 -1.386294 -1.386294 -1.386294
 -1.386294 -1.386294 -1.386294 -1.386294
 -1.386294 -1.386294 -1.386294 -1.386294
 -1.386294 -1.386294 -1.386294 -1.386294
 -1.500701 -1.067994 -18.157627 -0.836258
 -1.386294 -1.386294 -1.386294 -1.386294
 -1.386294 -1.386294 -1.386294 -1.386294
 -1.386294 -1.386294 -1.386294 -1.386294
 -1.386294 -1.386294 -1.386294 -1.386294
 -1.386294 -1.386294 -1.386294 -1.386294
 -1.386294 -1.386294 -1.386294 -1.386294
 -1.386294 -1.386294 -1.386294 -1.386294
 -1.500701 -1.067994 -18.157627 -0.836258
 -1.386294 -1.386294 -1.386294 -1.386294
 -1.386294 -1.386294 -1.386294 -1.386294
 -1.386294 -1.386294 -1.386294 -1.386294
 -1.386294 -1.386294 -1.386294 -1.386294
 -16.656925 -0.000000 -16.656925 -16.656925
 -17.089632 0.000000 -17.089632 -17.089632
 -1.386294 -1.386294 -1.386294 -1.386294
 -17.321369 0.000000 -17.321369 -17.321369
 -1.386294 -1.386294 -1.386294 -1.386294
 -1.386294 -1.386294 -1.386294 -1.386294
 -1.386294 -1.386294 -1.386294 -1.386294
 -1.386294 -1.386294 -1.386294 -1.386294
 -16.656925 -0.000000 -16.656925 -16.656925
 -17.089632 0.000000 -17.089632 -17.089632
 -1.386294 -1.386294 -1.386294 -1.386294
 -17.321369 0.000000 -17.321369 -17.321369
 -1.386294 -1.386294 -1.386294 -1.386294
 -0.000000 -16.656925 -16.656925 -16.656925
 -1.386294 -1.386294 -1.386294 -1.386294
 -1.386294 -1.386294 -1.386294 -1.386294
 -1.386294 -1.386294 -1.386294 -1.386294
 0.000000 -17.905346 -17.905346 -17.905346
 -1.386294 -1.386294 -1.386294 -1.386294
 -1.386294 -1.386294 -1.386294 -1.386294
 -1.386294 -1.386294 -1.386294 -1.386294
 -0.000000 -16.656925 -16.656925 -16.656925
 -1.386294 -1.386294 -1.386294 -1.386294
 -1.386294 -1.386294 -1.386294 -1.386294
 -1.386294 -1.386294 -1.386294 -1.386294
 0.000000 -17.905346 -17.905346 -17.905346
 -1.386294 -1.386294 -1.386294 -1.386294
 -1.386294 -1.386294 -1.386294 -1.386294
 -1.386294 -1.386294 -1.386294 -1.386294
 -1.386294 -1.386294 -1.386294 -1.386294
 -1.386294 -1.386294 -1.386294 -1.386294
 -1.386294 -1.386294 -1.386294 -1.386294
 -18.157627 -18.157627 0.000000 -18.157627
 -1.386294 -1.386294 -1.386294 -1.386294
 -1.386294 -1.386294 -1.386294 -1.386294
 -1.386294 -1.386294 -1.386294 -1.386294
 -1.386294 -1.386294 -1.386294 -1.386294
 -1.386294 -1.386294 -1.386294 -1.386294
 -1.386294 -1.386294 -1.386294 -1.386294
 -1.386294 -1.386294 -1.386294 -1.386294
 -18.157627 -18.157627 0.000000 -18.157627
 -1.386294 -1.386294 -1.386294 -1.386294
 -1.386294 -1.386294 -1.386294 -1.386294
 -1.386294 -1.386294 -1.386294 -1.386294
 -1.386294 -1.386294 -1.386294 -1.386294
 -1.386294 -1.386294 -1.386294 -1.386294
 -1.275925 -1.534522 -1.582106 -1.204884
 -1.386294 -1.386294 -1.386294 -1.386294
 -1.386294 -1.386294 -1.386294 -1.386294
 -1.386294 -1.386294 -1.386294 -1.386294
 -1.386294 -1.386294 -1.386294 -1.386294
 -1.386294 -1.386294 -1.386294 -1.386294
 -1.386294 -1.386294 -1.386294 -1.386294
 -1.386294 -1.386294 -1.386294 -1.386294
 -1.275925 -1.534522 -1.582106 -1.204884
 -1.386294 -1.386294 -1.386294 -1.386294
 -1.386294 -1.386294 -1.386294 -1.386294
 -1.386294 -1.386294 -1.386294 -1.386294
 -1.386294 -1.386294 -1.386294 -1.386294
 -1.386294 -1.386294 -1.386294 -1.386294
 -1.063360 -1.951049 -1.476956 -1.257902
 -1.022523 -1.653862 -2.139764 -1.104666
 -1.152574 -1.590629 -1.723273 -1.197664
 -1.482821 -1.901760 -1.386294 -0.984308
 -1.386294 -1.386294 -1.386294 -1.386294
 -1.386294 -1.386294 -1.386294 -1.386294
 -1.386294 -1.386294 -1.386294 -1.386294
 -1.386294 -1.386294 -1.386294 -1.386294
 -1.063360 -1.951049 -1.476956 -1.257902
 -1.022523 -1.653862 -2.139764 -1.104666
 -1.152574 -1.590629 -1.723273 -1.197664
 -1.482821 -1.901760 -1.386294 -0.984308
 -1.386294 -1.386294 -1.386294 -1.386294
 -1.386294 -1.386294 -1.386294 -1.386294
 -1.386294 -1.386294 -1.386294 -1.386294
 -1.386294 -1.386294 -1.386294 -1.386294
 -1.317732 -1.573791 -1.282225 -1.396019
 -1.132679 -1.581134 -1.806217 -1.178257
 -1.160047 -1.501490 -1.335779 -1.605559
 -1.422832 -1.754735 -1.248174 -1.207352
 -1.371216 -1.626563 -1.498730 -1.120293
 -0.996586 -1.603405 -1.961154 -1.241480
 -1.324678 -1.400664 -1.477204 -1.349371
 -1.698385 -1.382048 -1.455287 -1.100742
 -1.317732 -1.573791 -1.282225 -1.396019
 -1.132679 -1.581134 -1.806217 -1.178257
 -1.160047 -1.501490 -1.335779 -1.605559
 -1.422832 -1.754735 -1.248174 -1.207352
 -1.371216 -1.626563 -1.498730 -1.120293
 -0.996586 -1.603405 -1.961154 -1.241480
 -1.324678 -1.400664 -1.477204 -1.349371
 -1.698385 -1.382048 -1.455287 -1.100742
