 -2.607226 0.000100 0.000100 0.000100
 -2.809891 0.000100 0.000100 0.000100
 -2.719507 0.000100 0.000100 0.000100
 -2.733493 0.000100 0.000100 0.000100
 -2.990862 0.000100 0.000100 0.000100
 -2.922409 0.000100 0.000100 0.000100
 -2.823497 0.000100 0.000100 0.000100
 -2.635200 0.000100 0.000100 0.000100
 -2.607226 0.000100 0.000100 0.000100
 -2.809891 0.000100 0.000100 0.000100
 -2.719507 0.000100 0.000100 0.000100
 -2.733493 0.000100 0.000100 0.000100
 -2.990862 0.000100 0.000100 0.000100
 -2.922409 0.000100 0.000100 0.000100
 -2.823497 0.000100 0.000100 0.000100
 -2.635200 0.000100 0.000100 0.000100
 -1.549219 -1.415688 -1.064711 -1.609438
 -1.485667 -1.147065 -1.434747 -1.523694
 -1.553910 -1.040169 -1.286505 -1.839161
 -1.906027 -1.384731 -1.021825 -1.422952
 -1.529707 -1.484037 -1.205323 -1.358348
 -1.403454 -1.351008 -1.322229 -1.475198
 -1.479552 -1.176944 -1.276151 -1.687769
 -1.933225 -1.225479 -1.115780 -1.452252
 -1.549219 -1.415688 -1.064711 -1.609438
 -1.485667 -1.147065 -1.434747 -1.523694
 -1.553910 -1.040169 -1.286505 -1.839161
 -1.906027 -1.384731 -1.021825 -1.422952
 -1.529707 -1.484037 -1.205323 -1.358348
 -1.403454 -1.351008 -1.322229 -1.475198
 -1.479552 -1.176944 -1.276151 -1.687769
 -1.933225 -1.225479 -1.115780 -1.452252
 -1.168817 -1.808854 -1.391960 -1.284330
 -1.238518 -1.536150 -1.321039 -1.477881
 -1.101319 -1.413693 -1.413693 -1.708810
 -1.761176 -1.470486 -1.176071 -1.238374
 -1.258201 -1.763950 -1.442050 -1.177571
 -1.206867 -1.605112 -1.308477 -1.470682
 -1.358423 -1.417739 -1.185746 -1.633962
 -1.866543 -1.431226 -1.262476 -1.128945
 -1.168817 -1.808854 -1.391960 -1.284330
 -1.238518 -1.536150 -1.321039 -1.477881
 -1.101319 -1.413693 -1.413693 -1.708810
 -1.761176 -1.470486 -1.176071 -1.238374
 -1.258201 -1.763950 -1.442050 -1.177571
 -1.206867 -1.605112 -1.308477 -1.470682
 -1.358423 -1.417739 -1.185746 -1.633962
 -1.866543 -1.431226 -1.262476 -1.128945
 -1.293841 -1.760864 -1.334455 -1.235854
 -1.302457 -1.338048 -1.776664 -1.215445
 -1.185624 -1.338092 -1.720300 -1.374024
 -1.707392 -1.474587 -1.331486 -1.121766
 -1.287854 -1.534714 -1.421386 -1.319603
 -1.119348 -1.678964 -1.795497 -1.136640
 -1.306139 -1.322488 -1.432745 -1.496057
 -1.801149 -1.494775 -1.244233 -1.131870
 -1.293841 -1.760864 -1.334455 -1.235854
 -1.302457 -1.338048 -1.776664 -1.215445
 -1.185624 -1.338092 -1.720300 -1.374024
 -1.707392 -1.474587 -1.331486 -1.121766
 -1.287854 -1.534714 -1.421386 -1.319603
 -1.119348 -1.678964 -1.795497 -1.136640
 -1.306139 -1.322488 -1.432745 -1.496057
 -1.801149 -1.494775 -1.244233 -1.131870
 -1.476243 -1.543137 -1.043697 -1.581603
 -1.526720 -1.069199 -1.418311 -1.622793
 -1.467972 -1.113428 -1.286834 -1.801611
 -1.885028 -1.454245 -1.032251 -1.353269
 -1.496516 -1.384399 -1.430919 -1.249921
 -1.303851 -1.410011 -1.502126 -1.340485
 -1.605547 -1.171372 -1.229641 -1.625155
 -2.046651 -1.208613 -1.199354 -1.306252
 -1.476243 -1.543137 -1.043697 -1.581603
 -1.526720 -1.069199 -1.418311 -1.622793
 -1.467972 -1.113428 -1.286834 -1.801611
 -1.885028 -1.454245 -1.032251 -1.353269
 -1.496516 -1.384399 -1.430919 -1.249921
 -1.303851 -1.410011 -1.502126 -1.340485
 -1.605547 -1.171372 -1.229641 -1.625155
 -2.046651 -1.208613 -1.199354 -1.306252
 -1.293037 -1.671473 -1.226788 -1.409109
 -1.247401 -1.551256 -1.403336 -1.366522
 -1.357024 -1.298341 -1.303535 -1.619388
 -1.807696 -1.553708 -1.157633 -1.170291
 -1.410131 -1.613730 -1.436799 -1.142383
 -1.368074 -1.584297 -1.223493 -1.401975
 -1.387682 -1.333615 -1.210001 -1.667984
 -2.006934 -1.440539 -1.144447 -1.169894
 -1.293037 -1.671473 -1.226788 -1.409109
 -1.247401 -1.551256 -1.403336 -1.366522
 -1.357024 -1.298341 -1.303535 -1.619388
 -1.807696 -1.553708 -1.157633 -1.170291
 -1.410131 -1.613730 -1.436799 -1.142383
 -1.368074 -1.584297 -1.223493 -1.401975
 -1.387682 -1.333615 -1.210001 -1.667984
 -2.006934 -1.440539 -1.144447 -1.169894
 -1.279649 -1.807967 -1.422305 -1.149737
 -1.287204 -1.414465 -1.740987 -1.185624
 -1.142592 -1.371567 -1.615390 -1.476277
 -1.693995 -1.474781 -1.342234 -1.120471
 -1.420583 -1.561897 -1.570865 -1.076389
 -1.311125 -1.483837 -1.821950 -1.072923
 -1.309435 -1.330055 -1.457651 -1.457651
 -1.810752 -1.323204 -1.334133 -1.181554
 -1.279649 -1.807967 -1.422305 -1.149737
 -1.287204 -1.414465 -1.740987 -1.185624
 -1.142592 -1.371567 -1.615390 -1.476277
 -1.693995 -1.474781 -1.342234 -1.120471
 -1.420583 -1.561897 -1.570865 -1.076389
 -1.311125 -1.483837 -1.821950 -1.072923
 -1.309435 -1.330055 -1.457651 -1.457651
 -1.810752 -1.323204 -1.334133 -1.181554
 -1.635007 -1.376525 -1.052029 -1.592748
 -1.482645 -1.264092 -1.320890 -1.498030
 -1.490867 -1.109308 -1.285198 -1.781177
 -1.791759 -1.270730 -1.032473 -1.626680
 -1.447883 -1.384369 -1.275170 -1.447883
 -1.327005 -1.388041 -1.346939 -1.491073
 -1.649047 -1.114268 -1.253734 -1.638996
 -1.970104 -1.131004 -1.207965 -1.431108
 -1.635007 -1.376525 -1.052029 -1.592748
 -1.482645 -1.264092 -1.320890 -1.498030
 -1.490867 -1.109308 -1.285198 -1.781177
 -1.791759 -1.270730 -1.032473 -1.626680
 -1.447883 -1.384369 -1.275170 -1.447883
 -1.327005 -1.388041 -1.346939 -1.491073
 -1.649047 -1.114268 -1.253734 -1.638996
 -1.970104 -1.131004 -1.207965 -1.431108
 -1.313067 -1.666475 -1.384243 -1.232437
 -1.181667 -1.509354 -1.406037 -1.482507
 -1.248468 -1.348288 -1.370636 -1.612311
 -1.602965 -1.481604 -1.364880 -1.151958
 -1.462384 -1.619388 -1.297305 -1.213923
 -1.230231 -1.617513 -1.244088 -1.508780
 -1.436371 -1.309619 -1.176088 -1.693882
 -1.750937 -1.250162 -1.352161 -1.268511
 -1.313067 -1.666475 -1.384243 -1.232437
 -1.181667 -1.509354 -1.406037 -1.482507
 -1.248468 -1.348288 -1.370636 -1.612311
 -1.602965 -1.481604 -1.364880 -1.151958
 -1.462384 -1.619388 -1.297305 -1.213923
 -1.230231 -1.617513 -1.244088 -1.508780
 -1.436371 -1.309619 -1.176088 -1.693882
 -1.750937 -1.250162 -1.352161 -1.268511
 -1.314672 -1.622157 -1.268687 -1.375297
 -1.147831 -1.524000 -1.793476 -1.209132
 -1.214366 -1.324714 -1.634869 -1.417805
 -1.708238 -1.403870 -1.290034 -1.210966
 -1.315677 -1.685423 -1.424410 -1.185180
 -1.224838 -1.516544 -1.702096 -1.189331
 -1.281865 -1.363305 -1.406655 -1.506406
 -1.640360 -1.480323 -1.367246 -1.127883
 -1.314672 -1.622157 -1.268687 -1.375297
 -1.147831 -1.524000 -1.793476 -1.209132
 -1.214366 -1.324714 -1.634869 -1.417805
 -1.708238 -1.403870 -1.290034 -1.210966
 -1.315677 -1.685423 -1.424410 -1.185180
 -1.224838 -1.516544 -1.702096 -1.189331
 -1.281865 -1.363305 -1.406655 -1.506406
 -1.640360 -1.480323 -1.367246 -1.127883
 -1.720252 -1.357347 -1.038893 -1.561647
 -1.464626 -1.176944 -1.393167 -1.549619
 -1.517972 -1.192138 -1.197500 -1.741115
 -2.041983 -1.227140 -0.951246 -1.656321
 -1.535826 -1.312683 -1.220309 -1.511920
 -1.296789 -1.428366 -1.428366 -1.397594
 -1.485869 -1.299283 -1.185448 -1.632922
 -2.067001 -1.144139 -1.161761 -1.418806
 -1.720252 -1.357347 -1.038893 -1.561647
 -1.464626 -1.176944 -1.393167 -1.549619
 -1.517972 -1.192138 -1.197500 -1.741115
 -2.041983 -1.227140 -0.951246 -1.656321
 -1.535826 -1.312683 -1.220309 -1.511920
 -1.296789 -1.428366 -1.428366 -1.397594
 -1.485869 -1.299283 -1.185448 -1.632922
 -2.067001 -1.144139 -1.161761 -1.418806
 -1.147403 -1.540445 -1.451892 -1.451892
 -1.214523 -1.505578 -1.409040 -1.440195
 -1.304949 -1.443990 -1.157690 -1.722506
 -1.632331 -1.424035 -1.182263 -1.357895
 -1.264871 -1.624873 -1.509563 -1.204703
 -1.202602 -1.594461 -1.293356 -1.504077
 -1.456620 -1.283868 -1.178988 -1.701425
 -1.841631 -1.250064 -1.315022 -1.250064
 -1.147403 -1.540445 -1.451892 -1.451892
 -1.214523 -1.505578 -1.409040 -1.440195
 -1.304949 -1.443990 -1.157690 -1.722506
 -1.632331 -1.424035 -1.182263 -1.357895
 -1.264871 -1.624873 -1.509563 -1.204703
 -1.202602 -1.594461 -1.293356 -1.504077
 -1.456620 -1.283868 -1.178988 -1.701425
 -1.841631 -1.250064 -1.315022 -1.250064
 -1.289903 -1.818910 -1.334109 -1.206954
 -1.263037 -1.621434 -1.810676 -1.032691
 -1.162861 -1.414176 -1.589380 -1.426152
 -1.655868 -1.403454 -1.273776 -1.260353
 -1.290984 -1.643339 -1.537117 -1.149906
 -1.393312 -1.473942 -1.621751 -1.123392
 -1.231064 -1.300797 -1.443898 -1.610952
 -1.591390 -1.366622 -1.440729 -1.188639
 -1.289903 -1.818910 -1.334109 -1.206954
 -1.263037 -1.621434 -1.810676 -1.032691
 -1.162861 -1.414176 -1.589380 -1.426152
 -1.655868 -1.403454 -1.273776 -1.260353
 -1.290984 -1.643339 -1.537117 -1.149906
 -1.393312 -1.473942 -1.621751 -1.123392
 -1.231064 -1.300797 -1.443898 -1.610952
 -1.591390 -1.366622 -1.440729 -1.188639
 -1.588577 -1.364144 -1.018874 -1.719347
 -1.416412 -1.093390 -1.430905 -1.696925
 -1.411485 -1.225768 -1.277953 -1.692387
 -1.816742 -1.325755 -1.046304 -1.511361
 -1.393842 -1.456362 -1.371369 -1.327884
 -1.224906 -1.414950 -1.438480 -1.487270
 -1.650260 -1.251764 -1.145704 -1.589635
 -1.909542 -1.273554 -1.094506 -1.438382
 -1.588577 -1.364144 -1.018874 -1.719347
 -1.416412 -1.093390 -1.430905 -1.696925
 -1.411485 -1.225768 -1.277953 -1.692387
 -1.816742 -1.325755 -1.046304 -1.511361
 -1.393842 -1.456362 -1.371369 -1.327884
 -1.224906 -1.414950 -1.438480 -1.487270
 -1.650260 -1.251764 -1.145704 -1.589635
 -1.909542 -1.273554 -1.094506 -1.438382
 -1.223021 -1.708529 -1.510703 -1.191473
 -1.145132 -1.598526 -1.395743 -1.461126
 -1.283110 -1.459566 -1.283110 -1.544984
 -1.423721 -1.661806 -1.238579 -1.274425
 -1.246955 -1.690290 -1.368970 -1.295407
 -1.168817 -1.710414 -1.320697 -1.420781
 -1.398383 -1.305533 -1.335535 -1.518872
 -1.766623 -1.299283 -1.260062 -1.299283
 -1.223021 -1.708529 -1.510703 -1.191473
 -1.145132 -1.598526 -1.395743 -1.461126
 -1.283110 -1.459566 -1.283110 -1.544984
 -1.423721 -1.661806 -1.238579 -1.274425
 -1.246955 -1.690290 -1.368970 -1.295407
 -1.168817 -1.710414 -1.320697 -1.420781
 -1.398383 -1.305533 -1.335535 -1.518872
 -1.766623 -1.299283 -1.260062 -1.299283
 -1.138353 -1.916057 -1.320674 -1.326094
 -1.160676 -1.566141 -2.019337 -1.063826
 -1.046087 -1.485000 -1.570158 -1.540959
 -1.507293 -1.521892 -1.359373 -1.192800
 -1.294570 -1.601595 -1.384721 -1.294570
 -1.127012 -1.783791 -1.748700 -1.096614
 -1.117392 -1.458615 -1.406655 -1.632968
 -1.661948 -1.486899 -1.282916 -1.181133
 -1.138353 -1.916057 -1.320674 -1.326094
 -1.160676 -1.566141 -2.019337 -1.063826
 -1.046087 -1.485000 -1.570158 -1.540959
 -1.507293 -1.521892 -1.359373 -1.192800
 -1.294570 -1.601595 -1.384721 -1.294570
 -1.127012 -1.783791 -1.748700 -1.096614
 -1.117392 -1.458615 -1.406655 -1.632968
 -1.661948 -1.486899 -1.282916 -1.181133
 -1.609438 -1.523425 -0.994091 -1.551282
 -1.392003 -1.096717 -1.496516 -1.642227
 -1.493925 -1.158452 -1.274986 -1.703179
 -2.077837 -1.219611 -0.945609 -1.655423
 -1.399900 -1.308333 -1.449033 -1.393074
 -1.351130 -1.228841 -1.499876 -1.490486
 -1.740058 -1.177126 -1.119232 -1.661806
 -2.148240 -1.065254 -1.126125 -1.539993
 -1.609438 -1.523425 -0.994091 -1.551282
 -1.392003 -1.096717 -1.496516 -1.642227
 -1.493925 -1.158452 -1.274986 -1.703179
 -2.077837 -1.219611 -0.945609 -1.655423
 -1.399900 -1.308333 -1.449033 -1.393074
 -1.351130 -1.228841 -1.499876 -1.490486
 -1.740058 -1.177126 -1.119232 -1.661806
 -2.148240 -1.065254 -1.126125 -1.539993
 -1.264828 -1.594785 -1.631827 -1.141975
 -1.179738 -1.315283 -1.778856 -1.364880
 -1.273329 -1.157569 -1.519462 -1.676524
 -1.605692 -1.329762 -1.634130 -1.080025
 -1.273308 -1.502882 -1.653455 -1.183451
 -1.173027 -1.414579 -1.524199 -1.470774
 -1.422399 -1.102877 -1.446210 -1.652923
 -1.494861 -1.295860 -1.441276 -1.326396
 -1.264828 -1.594785 -1.631827 -1.141975
 -1.179738 -1.315283 -1.778856 -1.364880
 -1.273329 -1.157569 -1.519462 -1.676524
 -1.605692 -1.329762 -1.634130 -1.080025
 -1.273308 -1.502882 -1.653455 -1.183451
 -1.173027 -1.414579 -1.524199 -1.470774
 -1.422399 -1.102877 -1.446210 -1.652923
 -1.494861 -1.295860 -1.441276 -1.326396
 -15.702580 -15.702580 -15.702580 -0.000000
 -15.738299 -15.738299 -15.738299 -0.000000
 -15.471833 -15.471833 -15.471833 -0.000001
 -15.578528 -15.578528 -15.578528 -0.000001
 -15.705606 -15.705606 -15.705606 -0.000000
 -15.676486 -15.676486 -15.676486 -0.000000
 -15.424950 -15.424950 -15.424950 -0.000001
 -15.702580 -15.702580 -15.702580 -0.000000
 -15.702580 -15.702580 -15.702580 -0.000000
 -15.738299 -15.738299 -15.738299 -0.000000
 -15.471833 -15.471833 -15.471833 -0.000001
 -15.578528 -15.578528 -15.578528 -0.000001
 -15.705606 -15.705606 -15.705606 -0.000000
 -15.676486 -15.676486 -15.676486 -0.000000
 -15.424950 -15.424950 -15.424950 -0.000001
 -15.702580 -15.702580 -15.702580 -0.000000
 -1.386294 -1.386294 -1.386294 -1.386294
 -1.386294 -1.386294 -1.386294 -1.386294
 -1.386294 -1.386294 -1.386294 -1.386294
 -2.060023 -1.241320 -0.987387 -1.555909
 -1.386294 -1.386294 -1.386294 -1.386294
 -1.386294 -1.386294 -1.386294 -1.386294
 -1.386294 -1.386294 -1.386294 -1.386294
 -2.077110 -1.125428 -1.180895 -1.413910
 -1.386294 -1.386294 -1.386294 -1.386294
 -1.386294 -1.386294 -1.386294 -1.386294
 -1.386294 -1.386294 -1.386294 -1.386294
 -2.060023 -1.241320 -0.987387 -1.555909
 -1.386294 -1.386294 -1.386294 -1.386294
 -1.386294 -1.386294 -1.386294 -1.386294
 -1.386294 -1.386294 -1.386294 -1.386294
 -2.077110 -1.125428 -1.180895 -1.413910
 -1.386294 -1.386294 -1.386294 -1.386294
 -1.386294 -1.386294 -1.386294 -1.386294
 -1.386294 -1.386294 -1.386294 -1.386294
 -1.386294 -1.386294 -1.386294 -1.386294
 -0.897942 -1.362427 -1.088997 -15.641672
 -0.959886 -1.292910 -1.071213 -16.531528
 -1.044767 -1.211821 -1.048191 -16.626719
 -1.287743 -1.171759 -0.881200 -16.231424
 -1.386294 -1.386294 -1.386294 -1.386294
 -1.386294 -1.386294 -1.386294 -1.386294
 -1.386294 -1.386294 -1.386294 -1.386294
 -1.386294 -1.386294 -1.386294 -1.386294
 -0.897942 -1.362427 -1.088997 -15.641672
 -0.959886 -1.292910 -1.071213 -16.531528
 -1.044767 -1.211821 -1.048191 -16.626719
 -1.287743 -1.171759 -0.881200 -16.231424
 -1.408008 -1.775191 -1.310483 -1.151288
 -1.273621 -1.695615 -2.017199 -0.907158
 -1.280934 -1.386294 -1.476064 -1.411871
 -1.386294 -1.386294 -1.386294 -1.386294
 -1.584965 -1.495667 -1.495667 -1.058872
 -1.317827 -1.586090 -1.882356 -0.979955
 -1.469056 -1.372138 -1.460246 -1.258380
 -1.386294 -1.386294 -1.386294 -1.386294
 -1.408008 -1.775191 -1.310483 -1.151288
 -1.273621 -1.695615 -2.017199 -0.907158
 -1.280934 -1.386294 -1.476064 -1.411871
 -1.386294 -1.386294 -1.386294 -1.386294
 -1.584965 -1.495667 -1.495667 -1.058872
 -1.317827 -1.586090 -1.882356 -0.979955
 -1.469056 -1.372138 -1.460246 -1.258380
 -1.386294 -1.386294 -1.386294 -1.386294
 -15.935374 -0.000000 -15.935374 -15.935374
 -15.879839 -0.000000 -15.879839 -15.879839
 -15.936574 -0.000000 -15.936574 -15.936574
 -16.162113 -0.000000 -16.162113 -16.162113
 -15.168766 -0.000001 -15.168766 -15.168766
 -14.830743 -0.000001 -14.830743 -14.830743
 -14.523548 -0.000002 -14.523548 -14.523548
 -15.520260 -0.000001 -15.520260 -15.520260
 -15.935374 -0.000000 -15.935374 -15.935374
 -15.879839 -0.000000 -15.879839 -15.879839
 -15.936574 -0.000000 -15.936574 -15.936574
 -16.162113 -0.000000 -16.162113 -16.162113
 -15.168766 -0.000001 -15.168766 -15.168766
 -14.830743 -0.000001 -14.830743 -14.830743
 -14.523548 -0.000002 -14.523548 -14.523548
 -15.520260 -0.000001 -15.520260 -15.520260
 -1.386294 -1.386294 -1.386294 -1.386294
 0.000000 -16.932133 -16.932133 -16.932133
 -1.386294 -1.386294 -1.386294 -1.386294
 -1.386294 -1.386294 -1.386294 -1.386294
 -1.386294 -1.386294 -1.386294 -1.386294
 0.000000 -17.096046 -17.096046 -17.096046
 -1.386294 -1.386294 -1.386294 -1.386294
 -1.386294 -1.386294 -1.386294 -1.386294
 -1.386294 -1.386294 -1.386294 -1.386294
 0.000000 -16.932133 -16.932133 -16.932133
 -1.386294 -1.386294 -1.386294 -1.386294
 -1.386294 -1.386294 -1.386294 -1.386294
 -1.386294 -1.386294 -1.386294 -1.386294
 0.000000 -17.096046 -17.096046 -17.096046
 -1.386294 -1.386294 -1.386294 -1.386294
 -1.386294 -1.386294 -1.386294 -1.386294
 -1.386294 -1.386294 -1.386294 -1.386294
 -1.386294 -1.386294 -1.386294 -1.386294
 -1.386294 -1.386294 -1.386294 -1.386294
 -1.386294 -1.386294 -1.386294 -1.386294
 -17.710590 -17.710590 0.000000 -17.710590
 -1.386294 -1.386294 -1.386294 -1.386294
 -1.386294 -1.386294 -1.386294 -1.386294
 -1.386294 -1.386294 -1.386294 -1.386294
 -1.386294 -1.386294 -1.386294 -1.386294
 -1.386294 -1.386294 -1.386294 -1.386294
 -1.386294 -1.386294 -1.386294 -1.386294
 -1.386294 -1.386294 -1.386294 -1.386294
 -17.710590 -17.710590 0.000000 -17.710590
 -1.386294 -1.386294 -1.386294 -1.386294
 -1.386294 -1.386294 -1.386294 -1.386294
 -1.386294 -1.386294 -1.386294 -1.386294
 -1.386294 -1.386294 -1.386294 -1.386294
 -1.386294 -1.386294 -1.386294 -1.386294
 -17.710590 -17.710590 0.000000 -17.710590
 -1.386294 -1.386294 -1.386294 -1.386294
 -1.386294 -1.386294 -1.386294 -1.386294
 -1.386294 -1.386294 -1.386294 -1.386294
 -1.386294 -1.386294 -1.386294 -1.386294
 -1.386294 -1.386294 -1.386294 -1.386294
 -1.386294 -1.386294 -1.386294 -1.386294
 -1.386294 -1.386294 -1.386294 -1.386294
 -17.710590 -17.710590 0.000000 -17.710590
 -1.386294 -1.386294 -1.386294 -1.386294
 -1.386294 -1.386294 -1.386294 -1.386294
 -1.386294 -1.386294 -1.386294 -1.386294
 -1.386294 -1.386294 -1.386294 -1.386294
 -1.386294 -1.386294 -1.386294 -1.386294
 -1.386294 -1.386294 -1.386294 -1.386294
 -1.386294 -1.386294 -1.386294 -1.386294
 -1.246780 -1.592495 -1.445801 -1.296101
 -1.386294 -1.386294 -1.386294 -1.386294
 -1.386294 -1.386294 -1.386294 -1.386294
 -1.386294 -1.386294 -1.386294 -1.386294
 -1.386294 -1.386294 -1.386294 -1.386294
 -1.386294 -1.386294 -1.386294 -1.386294
 -1.386294 -1.386294 -1.386294 -1.386294
 -1.386294 -1.386294 -1.386294 -1.386294
 -1.246780 -1.592495 -1.445801 -1.296101
 -1.386294 -1.386294 -1.386294 -1.386294
 -1.386294 -1.386294 -1.386294 -1.386294
 -1.386294 -1.386294 -1.386294 -1.386294
 -1.386294 -1.386294 -1.386294 -1.386294
 -1.386294 -1.386294 -1.386294 -1.386294
 -1.162161 -1.925594 -1.384174 -1.234877
 -1.220780 -1.575036 -1.951928 -1.032825
 -1.055513 -1.452331 -1.741244 -1.416095
 -1.304252 -1.702891 -1.375204 -1.225264
 -1.386294 -1.386294 -1.386294 -1.386294
 -1.386294 -1.386294 -1.386294 -1.386294
 -1.386294 -1.386294 -1.386294 -1.386294
 -1.386294 -1.386294 -1.386294 -1.386294
 -1.162161 -1.925594 -1.384174 -1.234877
 -1.220780 -1.575036 -1.951928 -1.032825
 -1.055513 -1.452331 -1.741244 -1.416095
 -1.304252 -1.702891 -1.375204 -1.225264
 -1.386294 -1.386294 -1.386294 -1.386294
 -1.386294 -1.386294 -1.386294 -1.386294
 -1.386294 -1.386294 -1.386294 -1.386294
 -1.386294 -1.386294 -1.386294 -1.386294
 -2.607226 0.000100 0.000100 0.000100
 -2.809891 0.000100 0.000100 0.000100
 -2.719507 0.000100 0.000100 0.000100
 -2.733493 0.000100 0.000100 0.000100
 -2.990862 0.000100 0.000100 0.000100
 -2.922409 0.000100 0.000100 0.000100
 -2.823497 0.000100 0.000100 0.000100
 -2.635200 0.000100 0.000100 0.000100
 -2.607226 0.000100 0.000100 0.000100
 -2.809891 0.000100 0.000100 0.000100
 -2.719507 0.000100 0.000100 0.000100
 -2.733493 0.000100 0.000100 0.000100
 -2.990862 0.000100 0.000100 0.000100
 -2.922409 0.000100 0.000100 0.000100
 -2.823497 0.000100 0.000100 0.000100
 -2.635200 0.000100 0.000100 0.000100
 -1.549219 -1.415688 -1.064711 -1.609438
 -1.485667 -1.147065 -1.434747 -1.523694
 -1.553910 -1.040169 -1.286505 -1.839161
 -1.906027 -1.384731 -1.021825 -1.422952
 -1.529707 -1.484037 -1.205323 -1.358348
 -1.403454 -1.351008 -1.322229 -1.475198
 -1.479552 -1.176944 -1.276151 -1.687769
 -1.933225 -1.225479 -1.115780 -1.452252
 -1.549219 -1.415688 -1.064711 -1.609438
 -1.485667 -1.147065 -1.434747 -1.523694
 -1.553910 -1.040169 -1.286505 -1.839161
 -1.906027 -1.384731 -1.021825 -1.422952
 -1.529707 -1.484037 -1.205323 -1.358348
 -1.403454 -1.351008 -1.322229 -1.475198
 -1.479552 -1.176944 -1.276151 -1.687769
 -1.933225 -1.225479 -1.115780 -1.452252
 -1.168817 -1.808854 -1.391960 -1.284330
 -1.238518 -1.536150 -1.321039 -1.477881
 -1.101319 -1.413693 -1.413693 -1.708810
 -1.761176 -1.470486 -1.176071 -1.238374
 -1.258201 -1.763950 -1.442050 -1.177571
 -1.206867 -1.605112 -1.308477 -1.470682
 -1.358423 -1.417739 -1.185746 -1.633962
 -1.866543 -1.431226 -1.262476 -1.128945
 -1.168817 -1.808854 -1.391960 -1.284330
 -1.238518 -1.536150 -1.321039 -1.477881
 -1.101319 -1.413693 -1.413693 -1.708810
 -1.761176 -1.470486 -1.176071 -1.238374
 -1.258201 -1.763950 -1.442050 -1.177571
 -1.206867 -1.605112 -1.308477 -1.470682
 -1.358423 -1.417739 -1.185746 -1.633962
 -1.866543 -1.431226 -1.262476 -1.128945
 -1.293841 -1.760864 -1.334455 -1.235854
 -1.302457 -1.338048 -1.776664 -1.215445
 -1.185624 -1.338092 -1.720300 -1.374024
 -1.707392 -1.474587 -1.331486 -1.121766
 -1.287854 -1.534714 -1.421386 -1.319603
 -1.119348 -1.678964 -1.795497 -1.136640
 -1.306139 -1.322488 -1.432745 -1.496057
 -1.801149 -1.494775 -1.244233 -1.131870
 -1.293841 -1.760864 -1.334455 -1.235854
 -1.302457 -1.338048 -1.776664 -1.215445
 -1.185624 -1.338092 -1.720300 -1.374024
 -1.707392 -1.474587 -1.331486 -1.121766
 -1.287854 -1.534714 -1.421386 -1.319603
 -1.119348 -1.678964 -1.795497 -1.136640
 -1.306139 -1.322488 -1.432745 -1.496057
 -1.801149 -1.494775 -1.244233 -1.131870
 -1.476243 -1.543137 -1.043697 -1.581603
 -1.526720 -1.069199 -1.418311 -1.622793
 -1.467972 -1.113428 -1.286834 -1.801611
 -1.885028 -1.454245 -1.032251 -1.353269
 -1.496516 -1.384399 -1.430919 -1.249921
 -1.303851 -1.410011 -1.502126 -1.340485
 -1.605547 -1.171372 -1.229641 -1.625155
 -2.046651 -1.208613 -1.199354 -1.306252
 -1.476243 -1.543137 -1.043697 -1.581603
 -1.526720 -1.069199 -1.418311 -1.622793
 -1.467972 -1.113428 -1.286834 -1.801611
 -1.885028 -1.454245 -1.032251 -1.353269
 -1.496516 -1.384399 -1.430919 -1.249921
 -1.303851 -1.410011 -1.502126 -1.340485
 -1.605547 -1.171372 -1.229641 -1.625155
 -2.046651 -1.208613 -1.199354 -1.306252
 -1.293037 -1.671473 -1.226788 -1.409109
 -1.247401 -1.551256 -1.403336 -1.366522
 -1.357024 -1.298341 -1.303535 -1.619388
 -1.807696 -1.553708 -1.157633 -1.170291
 -1.410131 -1.613730 -1.436799 -1.142383
 -1.368074 -1.584297 -1.223493 -1.401975
 -1.387682 -1.333615 -1.210001 -1.667984
 -2.006934 -1.440539 -1.144447 -1.169894
 -1.293037 -1.671473 -1.226788 -1.409109
 -1.247401 -1.551256 -1.403336 -1.366522
 -1.357024 -1.298341 -1.303535 -1.619388
 -1.807696 -1.553708 -1.157633 -1.170291
 -1.410131 -1.613730 -1.436799 -1.142383
 -1.368074 -1.584297 -1.223493 -1.401975
 -1.387682 -1.333615 -1.210001 -1.667984
 -2.006934 -1.440539 -1.144447 -1.169894
 -1.279649 -1.807967 -1.422305 -1.149737
 -1.287204 -1.414465 -1.740987 -1.185624
 -1.142592 -1.371567 -1.615390 -1.476277
 -1.693995 -1.474781 -1.342234 -1.120471
 -1.420583 -1.561897 -1.570865 -1.076389
 -1.311125 -1.483837 -1.821950 -1.072923
 -1.309435 -1.330055 -1.457651 -1.457651
 -1.810752 -1.323204 -1.334133 -1.181554
 -1.279649 -1.807967 -1.422305 -1.149737
 -1.287204 -1.414465 -1.740987 -1.185624
 -1.142592 -1.371567 -1.615390 -1.476277
 -1.693995 -1.474781 -1.342234 -1.120471
 -1.420583 -1.561897 -1.570865 -1.076389
 -1.311125 -1.483837 -1.821950 -1.072923
 -1.309435 -1.330055 -1.457651 -1.457651
 -1.810752 -1.323204 -1.334133 -1.181554
 -1.635007 -1.376525 -1.052029 -1.592748
 -1.482645 -1.264092 -1.320890 -1.498030
 -1.490867 -1.109308 -1.285198 -1.781177
 -1.791759 -1.270730 -1.032473 -1.626680
 -1.447883 -1.384369 -1.275170 -1.447883
 -1.327005 -1.388041 -1.346939 -1.491073
 -1.649047 -1.114268 -1.253734 -1.638996
 -1.970104 -1.131004 -1.207965 -1.431108
 -1.635007 -1.376525 -1.052029 -1.592748
 -1.482645 -1.264092 -1.320890 -1.498030
 -1.490867 -1.109308 -1.285198 -1.781177
 -1.791759 -1.270730 -1.032473 -1.626680
 -1.447883 -1.384369 -1.275170 -1.447883
 -1.327005 -1.388041 -1.346939 -1.491073
 -1.649047 -1.114268 -1.253734 -1.638996
 -1.970104 -1.131004 -1.207965 -1.431108
 -1.313067 -1.666475 -1.384243 -1.232437
 -1.181667 -1.509354 -1.406037 -1.482507
 -1.248468 -1.348288 -1.370636 -1.612311
 -1.602965 -1.481604 -1.364880 -1.151958
 -1.462384 -1.619388 -1.297305 -1.213923
 -1.230231 -1.617513 -1.244088 -1.508780
 -1.436371 -1.309619 -1.176088 -1.693882
 -1.750937 -1.250162 -1.352161 -1.268511
 -1.313067 -1.666475 -1.384243 -1.232437
 -1.181667 -1.509354 -1.406037 -1.482507
 -1.248468 -1.348288 -1.370636 -1.612311
 -1.602965 -1.481604 -1.364880 -1.151958
 -1.462384 -1.619388 -1.297305 -1.213923
 -1.230231 -1.617513 -1.244088 -1.508780
 -1.436371 -1.309619 -1.176088 -1.693882
 -1.750937 -1.250162 -1.352161 -1.268511
 -1.314672 -1.622157 -1.268687 -1.375297
 -1.147831 -1.524000 -1.793476 -1.209132
 -1.214366 -1.324714 -1.634869 -1.417805
 -1.708238 -1.403870 -1.290034 -1.210966
 -1.315677 -1.685423 -1.424410 -1.185180
 -1.224838 -1.516544 -1.702096 -1.189331
 -1.281865 -1.363305 -1.406655 -1.506406
 -1.640360 -1.480323 -1.367246 -1.127883
 -1.314672 -1.622157 -1.268687 -1.375297
 -1.147831 -1.524000 -1.793476 -1.209132
 -1.214366 -1.324714 -1.634869 -1.417805
 -1.708238 -1.403870 -1.290034 -1.210966
 -1.315677 -1.685423 -1.424410 -1.185180
 -1.224838 -1.516544 -1.702096 -1.189331
 -1.281865 -1.363305 -1.406655 -1.506406
 -1.640360 -1.480323 -1.367246 -1.127883
 -1.720252 -1.357347 -1.038893 -1.561647
 -1.464626 -1.176944 -1.393167 -1.549619
 -1.517972 -1.192138 -1.197500 -1.741115
 -2.041983 -1.227140 -0.951246 -1.656321
 -1.535826 -1.312683 -1.220309 -1.511920
 -1.296789 -1.428366 -1.428366 -1.397594
 -1.485869 -1.299283 -1.185448 -1.632922
 -2.067001 -1.144139 -1.161761 -1.418806
 -1.720252 -1.357347 -1.038893 -1.561647
 -1.464626 -1.176944 -1.393167 -1.549619
 -1.517972 -1.192138 -1.197500 -1.741115
 -2.041983 -1.227140 -0.951246 -1.656321
 -1.535826 -1.312683 -1.220309 -1.511920
 -1.296789 -1.428366 -1.428366 -1.397594
 -1.485869 -1.299283 -1.185448 -1.632922
 -2.067001 -1.144139 -1.161761 -1.418806
 -1.147403 -1.540445 -1.451892 -1.451892
 -1.214523 -1.505578 -1.409040 -1.440195
 -1.304949 -1.443990 -1.157690 -1.722506
 -1.632331 -1.424035 -1.182263 -1.357895
 -1.264871 -1.624873 -1.509563 -1.204703
 -1.202602 -1.594461 -1.293356 -1.504077
 -1.456620 -1.283868 -1.178988 -1.701425
 -1.841631 -1.250064 -1.315022 -1.250064
 -1.147403 -1.540445 -1.451892 -1.451892
 -1.214523 -1.505578 -1.409040 -1.440195
 -1.304949 -1.443990 -1.157690 -1.722506
 -1.632331 -1.424035 -1.182263 -1.357895
 -1.264871 -1.624873 -1.509563 -1.204703
 -1.202602 -1.594461 -1.293356 -1.504077
 -1.456620 -1.283868 -1.178988 -1.701425
 -1.841631 -1.250064 -1.315022 -1.250064
 -1.289903 -1.818910 -1.334109 -1.206954
 -1.263037 -1.621434 -1.810676 -1.032691
 -1.162861 -1.414176 -1.589380 -1.426152
 -1.655868 -1.403454 -1.273776 -1.260353
 -1.290984 -1.643339 -1.537117 -1.149906
 -1.393312 -1.473942 -1.621751 -1.123392
 -1.231064 -1.300797 -1.443898 -1.610952
 -1.591390 -1.366622 -1.440729 -1.188639
 -1.289903 -1.818910 -1.334109 -1.206954
 -1.263037 -1.621434 -1.810676 -1.032691
 -1.162861 -1.414176 -1.589380 -1.426152
 -1.655868 -1.403454 -1.273776 -1.260353
 -1.290984 -1.643339 -1.537117 -1.149906
 -1.393312 -1.473942 -1.621751 -1.123392
 -1.231064 -1.300797 -1.443898 -1.610952
 -1.591390 -1.366622 -1.440729 -1.188639
 -1.588577 -1.364144 -1.018874 -1.719347
 -1.416412 -1.093390 -1.430905 -1.696925
 -1.411485 -1.225768 -1.277953 -1.692387
 -1.816742 -1.325755 -1.046304 -1.511361
 -1.393842 -1.456362 -1.371369 -1.327884
 -1.224906 -1.414950 -1.438480 -1.487270
 -1.650260 -1.251764 -1.145704 -1.589635
 -1.909542 -1.273554 -1.094506 -1.438382
 -1.588577 -1.364144 -1.018874 -1.719347
 -1.416412 -1.093390 -1.430905 -1.696925
 -1.411485 -1.225768 -1.277953 -1.692387
 -1.816742 -1.325755 -1.046304 -1.511361
 -1.393842 -1.456362 -1.371369 -1.327884
 -1.224906 -1.414950 -1.438480 -1.487270
 -1.650260 -1.251764 -1.145704 -1.589635
 -1.909542 -1.273554 -1.094506 -1.438382
 -1.223021 -1.708529 -1.510703 -1.191473
 -1.145132 -1.598526 -1.395743 -1.461126
 -1.283110 -1.459566 -1.283110 -1.544984
 -1.423721 -1.661806 -1.238579 -1.274425
 -1.246955 -1.690290 -1.368970 -1.295407
 -1.168817 -1.710414 -1.320697 -1.420781
 -1.398383 -1.305533 -1.335535 -1.518872
 -1.766623 -1.299283 -1.260062 -1.299283
 -1.223021 -1.708529 -1.510703 -1.191473
 -1.145132 -1.598526 -1.395743 -1.461126
 -1.283110 -1.459566 -1.283110 -1.544984
 -1.423721 -1.661806 -1.238579 -1.274425
 -1.246955 -1.690290 -1.368970 -1.295407
 -1.168817 -1.710414 -1.320697 -1.420781
 -1.398383 -1.305533 -1.335535 -1.518872
 -1.766623 -1.299283 -1.260062 -1.299283
 -1.138353 -1.916057 -1.320674 -1.326094
 -1.160676 -1.566141 -2.019337 -1.063826
 -1.046087 -1.485000 -1.570158 -1.540959
 -1.507293 -1.521892 -1.359373 -1.192800
 -1.294570 -1.601595 -1.384721 -1.294570
 -1.127012 -1.783791 -1.748700 -1.096614
 -1.117392 -1.458615 -1.406655 -1.632968
 -1.661948 -1.486899 -1.282916 -1.181133
 -1.138353 -1.916057 -1.320674 -1.326094
 -1.160676 -1.566141 -2.019337 -1.063826
 -1.046087 -1.485000 -1.570158 -1.540959
 -1.507293 -1.521892 -1.359373 -1.192800
 -1.294570 -1.601595 -1.384721 -1.294570
 -1.127012 -1.783791 -1.748700 -1.096614
 -1.117392 -1.458615 -1.406655 -1.632968
 -1.661948 -1.486899 -1.282916 -1.181133
 -1.609438 -1.523425 -0.994091 -1.551282
 -1.392003 -1.096717 -1.496516 -1.642227
 -1.493925 -1.158452 -1.274986 -1.703179
 -2.077837 -1.219611 -0.945609 -1.655423
 -1.399900 -1.308333 -1.449033 -1.393074
 -1.351130 -1.228841 -1.499876 -1.490486
 -1.740058 -1.177126 -1.119232 -1.661806
 -2.148240 -1.065254 -1.126125 -1.539993
 -1.609438 -1.523425 -0.994091 -1.551282
 -1.392003 -1.096717 -1.496516 -1.642227
 -1.493925 -1.158452 -1.274986 -1.703179
 -2.077837 -1.219611 -0.945609 -1.655423
 -1.399900 -1.308333 -1.449033 -1.393074
 -1.351130 -1.228841 -1.499876 -1.490486
 -1.740058 -1.177126 -1.119232 -1.661806
 -2.148240 -1.065254 -1.126125 -1.539993
 -1.264828 -1.594785 -1.631827 -1.141975
 -1.179738 -1.315283 -1.778856 -1.364880
 -1.273329 -1.157569 -1.519462 -1.676524
 -1.605692 -1.329762 -1.634130 -1.080025
 -1.273308 -1.502882 -1.653455 -1.183451
 -1.173027 -1.414579 -1.524199 -1.470774
 -1.422399 -1.102877 -1.446210 -1.652923
 -1.494861 -1.295860 -1.441276 -1.326396
 -1.264828 -1.594785 -1.631827 -1.141975
 -1.179738 -1.315283 -1.778856 -1.364880
 -1.273329 -1.157569 -1.519462 -1.676524
 -1.605692 -1.329762 -1.634130 -1.080025
 -1.273308 -1.502882 -1.653455 -1.183451
 -1.173027 -1.414579 -1.524199 -1.470774
 -1.422399 -1.102877 -1.446210 -1.652923
 -1.494861 -1.295860 -1.441276 -1.326396
 -15.702580 -15.702580 -15.702580 -0.000000
 -15.738299 -15.738299 -15.738299 -0.000000
 -15.471833 -15.471833 -15.471833 -0.000001
 -15.578528 -15.578528 -15.578528 -0.000001
 -15.705606 -15.705606 -15.705606 -0.000000
 -15.676486 -15.676486 -15.676486 -0.000000
 -15.424950 -15.424950 -15.424950 -0.000001
 -15.702580 -15.702580 -15.702580 -0.000000
 -15.702580 -15.702580 -15.702580 -0.000000
 -15.738299 -15.738299 -15.738299 -0.000000
 -15.471833 -15.471833 -15.471833 -0.000001
 -15.578528 -15.578528 -15.578528 -0.000001
 -15.705606 -15.705606 -15.705606 -0.000000
 -15.676486 -15.676486 -15.676486 -0.000000
 -15.424950 -15.424950 -15.424950 -0.000001
 -15.702580 -15.702580 -15.702580 -0.000000
 -1.386294 -1.386294 -1.386294 -1.386294
 -1.386294 -1.386294 -1.386294 -1.386294
 -1.386294 -1.386294 -1.386294 -1.386294
 -2.060023 -1.241320 -0.987387 -1.555909
 -1.386294 -1.386294 -1.386294 -1.386294
 -1.386294 -1.386294 -1.386294 -1.386294
 -1.386294 -1.386294 -1.386294 -1.386294
 -2.077110 -1.125428 -1.180895 -1.413910
 -1.386294 -1.386294 -1.386294 -1.386294
 -1.386294 -1.386294 -1.386294 -1.386294
 -1.386294 -1.386294 -1.386294 -1.386294
 -2.060023 -1.241320 -0.987387 -1.555909
 -1.386294 -1.386294 -1.386294 -1.386294
 -1.386294 -1.386294 -1.386294 -1.386294
 -1.386294 -1.386294 -1.386294 -1.386294
 -2.077110 -1.125428 -1.180895 -1.413910
 -1.386294 -1.386294 -1.386294 -1.386294
 -1.386294 -1.386294 -1.386294 -1.386294
 -1.386294 -1.386294 -1.386294 -1.386294
 -1.386294 -1.386294 -1.386294 -1.386294
 -0.897942 -1.362427 -1.088997 -15.641672
 -0.959886 -1.292910 -1.071213 -16.531528
 -1.044767 -1.211821 -1.048191 -16.626719
 -1.287743 -1.171759 -0.881200 -16.231424
 -1.386294 -1.386294 -1.386294 -1.386294
 -1.386294 -1.386294 -1.386294 -1.386294
 -1.386294 -1.386294 -1.386294 -1.386294
 -1.386294 -1.386294 -1.386294 -1.386294
 -0.897942 -1.362427 -1.088997 -15.641672
 -0.959886 -1.292910 -1.071213 -16.531528
 -1.044767 -1.211821 -1.048191 -16.626719
 -1.287743 -1.171759 -0.881200 -16.231424
 -1.408008 -1.775191 -1.310483 -1.151288
 -1.273621 -1.695615 -2.017199 -0.907158
 -1.280934 -1.386294 -1.476064 -1.411871
 -1.386294 -1.386294 -1.386294 -1.386294
 -1.584965 -1.495667 -1.495667 -1.058872
 -1.317827 -1.586090 -1.882356 -0.979955
 -1.469056 -1.372138 -1.460246 -1.258380
 -1.386294 -1.386294 -1.386294 -1.386294
 -1.408008 -1.775191 -1.310483 -1.151288
 -1.273621 -1.695615 -2.017199 -0.907158
 -1.280934 -1.386294 -1.476064 -1.411871
 -1.386294 -1.386294 -1.386294 -1.386294
 -1.584965 -1.495667 -1.495667 -1.058872
 -1.317827 -1.586090 -1.882356 -0.979955
 -1.469056 -1.372138 -1.460246 -1.258380
 -1.386294 -1.386294 -1.386294 -1.386294
 -15.935374 -0.000000 -15.935374 -15.935374
 -15.879839 -0.000000 -15.879839 -15.879839
 -15.936574 -0.000000 -15.936574 -15.936574
 -16.162113 -0.000000 -16.162113 -16.162113
 -15.168766 -0.000001 -15.168766 -15.168766
 -14.830743 -0.000001 -14.830743 -14.830743
 -14.523548 -0.000002 -14.523548 -14.523548
 -15.520260 -0.000001 -15.520260 -15.520260
 -15.935374 -0.000000 -15.935374 -15.935374
 -15.879839 -0.000000 -15.879839 -15.879839
 -15.936574 -0.000000 -15.936574 -15.936574
 -16.162113 -0.000000 -16.162113 -16.162113
 -15.168766 -0.000001 -15.168766 -15.168766
 -14.830743 -0.000001 -14.830743 -14.830743
 -14.523548 -0.000002 -14.523548 -14.523548
 -15.520260 -0.000001 -15.520260 -15.520260
 -1.386294 -1.386294 -1.386294 -1.386294
 0.000000 -16.932133 -16.932133 -16.932133
 -1.386294 -1.386294 -1.386294 -1.386294
 -1.386294 -1.386294 -1.386294 -1.386294
 -1.386294 -1.386294 -1.386294 -1.386294
 0.000000 -17.096046 -17.096046 -17.096046
 -1.386294 -1.386294 -1.386294 -1.386294
 -1.386294 -1.386294 -1.386294 -1.386294
 -1.386294 -1.386294 -1.386294 -1.386294
 0.000000 -16.932133 -16.932133 -16.932133
 -1.386294 -1.386294 -1.386294 -1.386294
 -1.386294 -1.386294 -1.386294 -1.386294
 -1.386294 -1.386294 -1.386294 -1.386294
 0.000000 -17.096046 -17.096046 -17.096046
 -1.386294 -1.386294 -1.386294 -1.386294
 -1.386294 -1.386294 -1.386294 -1.386294
 -1.386294 -1.386294 -1.386294 -1.386294
 -1.386294 -1.386294 -1.386294 -1.386294
 -1.386294 -1.386294 -1.386294 -1.386294
 -1.386294 -1.386294 -1.386294 -1.386294
 -17.710590 -17.710590 0.000000 -17.710590
 -1.386294 -1.386294 -1.386294 -1.386294
 -1.386294 -1.386294 -1.386294 -1.386294
 -1.386294 -1.386294 -1.386294 -1.386294
 -1.386294 -1.386294 -1.386294 -1.386294
 -1.386294 -1.386294 -1.386294 -1.386294
 -1.386294 -1.386294 -1.386294 -1.386294
 -1.386294 -1.386294 -1.386294 -1.386294
 -17.710590 -17.710590 0.000000 -17.710590
 -1.386294 -1.386294 -1.386294 -1.386294
 -1.386294 -1.386294 -1.386294 -1.386294
 -1.386294 -1.386294 -1.386294 -1.386294
 -1.386294 -1.386294 -1.386294 -1.386294
 -1.386294 -1.386294 -1.386294 -1.386294
 -17.710590 -17.710590 0.000000 -17.710590
 -1.386294 -1.386294 -1.386294 -1.386294
 -1.386294 -1.386294 -1.386294 -1.386294
 -1.386294 -1.386294 -1.386294 -1.386294
 -1.386294 -1.386294 -1.386294 -1.386294
 -1.386294 -1.386294 -1.386294 -1.386294
 -1.386294 -1.386294 -1.386294 -1.386294
 -1.386294 -1.386294 -1.386294 -1.386294
 -17.710590 -17.710590 0.000000 -17.710590
 -1.386294 -1.386294 -1.386294 -1.386294
 -1.386294 -1.386294 -1.386294 -1.386294
 -1.386294 -1.386294 -1.386294 -1.386294
 -1.386294 -1.386294 -1.386294 -1.386294
 -1.386294 -1.386294 -1.386294 -1.386294
 -1.386294 -1.386294 -1.386294 -1.386294
 -1.386294 -1.386294 -1.386294 -1.386294
 -1.246780 -1.592495 -1.445801 -1.296101
 -1.386294 -1.386294 -1.386294 -1.386294
 -1.386294 -1.386294 -1.386294 -1.386294
 -1.386294 -1.386294 -1.386294 -1.386294
 -1.386294 -1.386294 -1.386294 -1.386294
 -1.386294 -1.386294 -1.386294 -1.386294
 -1.386294 -1.386294 -1.386294 -1.386294
 -1.386294 -1.386294 -1.386294 -1.386294
 -1.246780 -1.592495 -1.445801 -1.296101
 -1.386294 -1.386294 -1.386294 -1.386294
 -1.386294 -1.386294 -1.386294 -1.386294
 -1.386294 -1.386294 -1.386294 -1.386294
 -1.386294 -1.386294 -1.386294 -1.386294
 -1.386294 -1.386294 -1.386294 -1.386294
 -1.162161 -1.925594 -1.384174 -1.234877
 -1.220780 -1.575036 -1.951928 -1.032825
 -1.055513 -1.452331 -1.741244 -1.416095
 -1.304252 -1.702891 -1.375204 -1.225264
 -1.386294 -1.386294 -1.386294 -1.386294
 -1.386294 -1.386294 -1.386294 -1.386294
 -1.386294 -1.386294 -1.386294 -1.386294
 -1.386294 -1.386294 -1.386294 -1.386294
 -1.162161 -1.925594 -1.384174 -1.234877
 -1.220780 -1.575036 -1.951928 -1.032825
 -1.055513 -1.452331 -1.741244 -1.416095
 -1.304252 -1.702891 -1.375204 -1.225264
 -1.386294 -1.386294 -1.386294 -1.386294
 -1.386294 -1.386294 -1.386294 -1.386294
 -1.386294 -1.386294 -1.386294 -1.386294
 -1.386294 -1.386294 -1.386294 -1.386294
