 -2.776365 0.000100 0.000100 0.000100
 -2.767407 0.000100 0.000100 0.000100
 -2.768218 0.000100 0.000100 0.000100
 -2.760942 0.000100 0.000100 0.000100
 -2.914757 0.000100 0.000100 0.000100
 -2.768624 0.000100 0.000100 0.000100
 -2.824542 0.000100 0.000100 0.000100
 -2.622740 0.000100 0.000100 0.000100
 -2.776365 0.000100 0.000100 0.000100
 -2.767407 0.000100 0.000100 0.000100
 -2.768218 0.000100 0.000100 0.000100
 -2.760942 0.000100 0.000100 0.000100
 -2.914757 0.000100 0.000100 0.000100
 -2.768624 0.000100 0.000100 0.000100
 -2.824542 0.000100 0.000100 0.000100
 -2.622740 0.000100 0.000100 0.000100
 -1.329454 -1.553758 -1.260770 -1.425074
 -1.376212 -1.253980 -1.447730 -1.482821
 -1.332975 -1.206003 -1.445196 -1.603371
 -1.688173 -1.413649 -1.244940 -1.259025
 -1.364458 -1.442818 -1.532181 -1.230468
 -1.259891 -1.426035 -1.458656 -1.412612
 -1.527087 -1.237430 -1.333629 -1.473228
 -1.912792 -1.287197 -1.244902 -1.243685
 -1.329454 -1.553758 -1.260770 -1.425074
 -1.376212 -1.253980 -1.447730 -1.482821
 -1.332975 -1.206003 -1.445196 -1.603371
 -1.688173 -1.413649 -1.244940 -1.259025
 -1.364458 -1.442818 -1.532181 -1.230468
 -1.259891 -1.426035 -1.458656 -1.412612
 -1.527087 -1.237430 -1.333629 -1.473228
 -1.912792 -1.287197 -1.244902 -1.243685
 -1.170592 -1.730208 -1.415257 -1.310423
 -1.194703 -1.500182 -1.604929 -1.297504
 -1.223179 -1.458700 -1.438754 -1.444155
 -1.620661 -1.632012 -1.254327 -1.134980
 -1.334093 -1.563723 -1.492564 -1.195832
 -1.204097 -1.655905 -1.527993 -1.230497
 -1.374832 -1.383695 -1.338727 -1.451205
 -1.816247 -1.426930 -1.340824 -1.091566
 -1.170592 -1.730208 -1.415257 -1.310423
 -1.194703 -1.500182 -1.604929 -1.297504
 -1.223179 -1.458700 -1.438754 -1.444155
 -1.620661 -1.632012 -1.254327 -1.134980
 -1.334093 -1.563723 -1.492564 -1.195832
 -1.204097 -1.655905 -1.527993 -1.230497
 -1.374832 -1.383695 -1.338727 -1.451205
 -1.816247 -1.426930 -1.340824 -1.091566
 -1.357958 -1.585100 -1.222433 -1.413154
 -1.281793 -1.283512 -1.784632 -1.281793
 -1.316185 -1.272291 -1.473814 -1.502360
 -1.723653 -1.392354 -1.199820 -1.302510
 -1.443623 -1.424574 -1.367893 -1.314252
 -1.222374 -1.473688 -1.717451 -1.214469
 -1.362552 -1.318241 -1.383812 -1.488255
 -1.774334 -1.243367 -1.334285 -1.277814
 -1.357958 -1.585100 -1.222433 -1.413154
 -1.281793 -1.283512 -1.784632 -1.281793
 -1.316185 -1.272291 -1.473814 -1.502360
 -1.723653 -1.392354 -1.199820 -1.302510
 -1.443623 -1.424574 -1.367893 -1.314252
 -1.222374 -1.473688 -1.717451 -1.214469
 -1.362552 -1.318241 -1.383812 -1.488255
 -1.774334 -1.243367 -1.334285 -1.277814
 -1.381114 -1.515327 -1.297287 -1.363777
 -1.403729 -1.272084 -1.436073 -1.443017
 -1.301907 -1.236195 -1.436265 -1.611012
 -1.772504 -1.435676 -1.171810 -1.264668
 -1.401109 -1.450833 -1.412367 -1.288314
 -1.307867 -1.405910 -1.402746 -1.433221
 -1.521010 -1.224386 -1.359190 -1.466628
 -1.825059 -1.280061 -1.276142 -1.267057
 -1.381114 -1.515327 -1.297287 -1.363777
 -1.403729 -1.272084 -1.436073 -1.443017
 -1.301907 -1.236195 -1.436265 -1.611012
 -1.772504 -1.435676 -1.171810 -1.264668
 -1.401109 -1.450833 -1.412367 -1.288314
 -1.307867 -1.405910 -1.402746 -1.433221
 -1.521010 -1.224386 -1.359190 -1.466628
 -1.825059 -1.280061 -1.276142 -1.267057
 -1.148166 -1.732483 -1.494581 -1.267287
 -1.169398 -1.553606 -1.637320 -1.260679
 -1.179902 -1.355221 -1.525060 -1.526970
 -1.608121 -1.588577 -1.294464 -1.134834
 -1.323746 -1.540757 -1.514893 -1.204597
 -1.168851 -1.626251 -1.597759 -1.236973
 -1.382980 -1.371284 -1.365487 -1.426563
 -1.739174 -1.518631 -1.296878 -1.102804
 -1.148166 -1.732483 -1.494581 -1.267287
 -1.169398 -1.553606 -1.637320 -1.260679
 -1.179902 -1.355221 -1.525060 -1.526970
 -1.608121 -1.588577 -1.294464 -1.134834
 -1.323746 -1.540757 -1.514893 -1.204597
 -1.168851 -1.626251 -1.597759 -1.236973
 -1.382980 -1.371284 -1.365487 -1.426563
 -1.739174 -1.518631 -1.296878 -1.102804
 -1.349353 -1.514360 -1.356420 -1.335366
 -1.255973 -1.252763 -1.811177 -1.324163
 -1.294479 -1.166316 -1.669922 -1.486402
 -1.637666 -1.413693 -1.268825 -1.268825
 -1.358744 -1.536728 -1.396724 -1.271086
 -1.254685 -1.434989 -1.728061 -1.207018
 -1.337464 -1.259785 -1.388842 -1.587625
 -1.736665 -1.309864 -1.284848 -1.282498
 -1.349353 -1.514360 -1.356420 -1.335366
 -1.255973 -1.252763 -1.811177 -1.324163
 -1.294479 -1.166316 -1.669922 -1.486402
 -1.637666 -1.413693 -1.268825 -1.268825
 -1.358744 -1.536728 -1.396724 -1.271086
 -1.254685 -1.434989 -1.728061 -1.207018
 -1.337464 -1.259785 -1.388842 -1.587625
 -1.736665 -1.309864 -1.284848 -1.282498
 -1.304464 -1.588344 -1.254315 -1.430676
 -1.313788 -1.356347 -1.420472 -1.461018
 -1.322292 -1.237430 -1.432855 -1.586107
 -1.712676 -1.448895 -1.185850 -1.275463
 -1.409336 -1.491208 -1.382283 -1.274434
 -1.303603 -1.485059 -1.421386 -1.344846
 -1.415748 -1.219037 -1.373188 -1.568088
 -1.847402 -1.279264 -1.262435 -1.268875
 -1.304464 -1.588344 -1.254315 -1.430676
 -1.313788 -1.356347 -1.420472 -1.461018
 -1.322292 -1.237430 -1.432855 -1.586107
 -1.712676 -1.448895 -1.185850 -1.275463
 -1.409336 -1.491208 -1.382283 -1.274434
 -1.303603 -1.485059 -1.421386 -1.344846
 -1.415748 -1.219037 -1.373188 -1.568088
 -1.847402 -1.279264 -1.262435 -1.268875
 -1.222041 -1.713881 -1.501807 -1.195742
 -1.165086 -1.596491 -1.621703 -1.245017
 -1.270617 -1.387118 -1.511512 -1.390418
 -1.620437 -1.573184 -1.255730 -1.171389
 -1.305873 -1.709686 -1.472777 -1.143023
 -1.197336 -1.624434 -1.575928 -1.223619
 -1.358164 -1.313650 -1.444271 -1.435011
 -1.715583 -1.538094 -1.285627 -1.112081
 -1.222041 -1.713881 -1.501807 -1.195742
 -1.165086 -1.596491 -1.621703 -1.245017
 -1.270617 -1.387118 -1.511512 -1.390418
 -1.620437 -1.573184 -1.255730 -1.171389
 -1.305873 -1.709686 -1.472777 -1.143023
 -1.197336 -1.624434 -1.575928 -1.223619
 -1.358164 -1.313650 -1.444271 -1.435011
 -1.715583 -1.538094 -1.285627 -1.112081
 -1.314568 -1.575968 -1.318708 -1.358206
 -1.276179 -1.281117 -1.750461 -1.311270
 -1.300478 -1.235221 -1.532709 -1.510144
 -1.723063 -1.419430 -1.174774 -1.306594
 -1.361511 -1.487960 -1.409179 -1.296271
 -1.233135 -1.371538 -1.688284 -1.309076
 -1.339659 -1.330028 -1.349384 -1.540868
 -1.808222 -1.272109 -1.282868 -1.278072
 -1.314568 -1.575968 -1.318708 -1.358206
 -1.276179 -1.281117 -1.750461 -1.311270
 -1.300478 -1.235221 -1.532709 -1.510144
 -1.723063 -1.419430 -1.174774 -1.306594
 -1.361511 -1.487960 -1.409179 -1.296271
 -1.233135 -1.371538 -1.688284 -1.309076
 -1.339659 -1.330028 -1.349384 -1.540868
 -1.808222 -1.272109 -1.282868 -1.278072
 -1.394477 -1.462464 -1.254511 -1.447501
 -1.229330 -1.293008 -1.551557 -1.508915
 -1.347679 -1.169887 -1.484177 -1.594221
 -1.757604 -1.386294 -1.162473 -1.328665
 -1.398809 -1.367585 -1.432968 -1.347889
 -1.253146 -1.392439 -1.459343 -1.454413
 -1.506562 -1.178655 -1.318350 -1.594252
 -1.860752 -1.217646 -1.305227 -1.282268
 -1.394477 -1.462464 -1.254511 -1.447501
 -1.229330 -1.293008 -1.551557 -1.508915
 -1.347679 -1.169887 -1.484177 -1.594221
 -1.757604 -1.386294 -1.162473 -1.328665
 -1.398809 -1.367585 -1.432968 -1.347889
 -1.253146 -1.392439 -1.459343 -1.454413
 -1.506562 -1.178655 -1.318350 -1.594252
 -1.860752 -1.217646 -1.305227 -1.282268
 -1.169501 -1.822157 -1.423772 -1.248282
 -1.119255 -1.591811 -1.770422 -1.205109
 -1.171935 -1.427593 -1.602109 -1.390800
 -1.549005 -1.684727 -1.271771 -1.134102
 -1.273910 -1.659109 -1.539271 -1.153855
 -1.159887 -1.657764 -1.531569 -1.273975
 -1.308100 -1.326901 -1.390175 -1.535551
 -1.748503 -1.438196 -1.349927 -1.110632
 -1.169501 -1.822157 -1.423772 -1.248282
 -1.119255 -1.591811 -1.770422 -1.205109
 -1.171935 -1.427593 -1.602109 -1.390800
 -1.549005 -1.684727 -1.271771 -1.134102
 -1.273910 -1.659109 -1.539271 -1.153855
 -1.159887 -1.657764 -1.531569 -1.273975
 -1.308100 -1.326901 -1.390175 -1.535551
 -1.748503 -1.438196 -1.349927 -1.110632
 -1.335427 -1.606602 -1.266344 -1.368352
 -1.225987 -1.304259 -1.829943 -1.291945
 -1.297912 -1.269834 -1.507744 -1.493385
 -1.726535 -1.408482 -1.193061 -1.293552
 -1.306873 -1.572082 -1.430711 -1.263781
 -1.276253 -1.395131 -1.765709 -1.197154
 -1.390678 -1.319462 -1.374985 -1.465463
 -1.798965 -1.296458 -1.310882 -1.232890
 -1.335427 -1.606602 -1.266344 -1.368352
 -1.225987 -1.304259 -1.829943 -1.291945
 -1.297912 -1.269834 -1.507744 -1.493385
 -1.726535 -1.408482 -1.193061 -1.293552
 -1.306873 -1.572082 -1.430711 -1.263781
 -1.276253 -1.395131 -1.765709 -1.197154
 -1.390678 -1.319462 -1.374985 -1.465463
 -1.798965 -1.296458 -1.310882 -1.232890
 -1.370714 -1.535987 -1.300816 -1.352776
 -1.397516 -1.250834 -1.454674 -1.456514
 -1.363158 -1.237346 -1.400110 -1.572984
 -1.725603 -1.413783 -1.135295 -1.357180
 -1.350994 -1.429686 -1.459362 -1.312120
 -1.313992 -1.443964 -1.412685 -1.379216
 -1.566167 -1.259793 -1.284794 -1.466483
 -1.815393 -1.239201 -1.286194 -1.304567
 -1.370714 -1.535987 -1.300816 -1.352776
 -1.397516 -1.250834 -1.454674 -1.456514
 -1.363158 -1.237346 -1.400110 -1.572984
 -1.725603 -1.413783 -1.135295 -1.357180
 -1.350994 -1.429686 -1.459362 -1.312120
 -1.313992 -1.443964 -1.412685 -1.379216
 -1.566167 -1.259793 -1.284794 -1.466483
 -1.815393 -1.239201 -1.286194 -1.304567
 -1.169785 -1.881076 -1.371378 -1.260954
 -1.146420 -1.658535 -1.589973 -1.245216
 -1.106391 -1.494741 -1.548909 -1.459023
 -1.580637 -1.559672 -1.301466 -1.165334
 -1.303322 -1.597877 -1.539825 -1.165945
 -1.178842 -1.681993 -1.454432 -1.298909
 -1.355923 -1.338974 -1.381899 -1.473706
 -1.693344 -1.443910 -1.284361 -1.193145
 -1.169785 -1.881076 -1.371378 -1.260954
 -1.146420 -1.658535 -1.589973 -1.245216
 -1.106391 -1.494741 -1.548909 -1.459023
 -1.580637 -1.559672 -1.301466 -1.165334
 -1.303322 -1.597877 -1.539825 -1.165945
 -1.178842 -1.681993 -1.454432 -1.298909
 -1.355923 -1.338974 -1.381899 -1.473706
 -1.693344 -1.443910 -1.284361 -1.193145
 -1.305924 -1.600612 -1.261131 -1.410703
 -1.278405 -1.304979 -1.856103 -1.223970
 -1.226526 -1.293687 -1.515216 -1.548006
 -1.643285 -1.450094 -1.176874 -1.332311
 -1.387475 -1.429281 -1.422735 -1.310222
 -1.172458 -1.417493 -1.870340 -1.224166
 -1.273314 -1.296845 -1.445801 -1.555199
 -1.781224 -1.253105 -1.277319 -1.319879
 -1.305924 -1.600612 -1.261131 -1.410703
 -1.278405 -1.304979 -1.856103 -1.223970
 -1.226526 -1.293687 -1.515216 -1.548006
 -1.643285 -1.450094 -1.176874 -1.332311
 -1.387475 -1.429281 -1.422735 -1.310222
 -1.172458 -1.417493 -1.870340 -1.224166
 -1.273314 -1.296845 -1.445801 -1.555199
 -1.781224 -1.253105 -1.277319 -1.319879
 -1.416202 -1.451294 -1.268713 -1.419205
 -1.316303 -1.233707 -1.531173 -1.494404
 -1.341860 -1.245152 -1.423571 -1.561165
 -1.731655 -1.345422 -1.220830 -1.318285
 -1.410347 -1.391794 -1.425442 -1.320842
 -1.233411 -1.476461 -1.453792 -1.400088
 -1.471881 -1.222521 -1.323326 -1.561737
 -1.863177 -1.197091 -1.347508 -1.262794
 -1.416202 -1.451294 -1.268713 -1.419205
 -1.316303 -1.233707 -1.531173 -1.494404
 -1.341860 -1.245152 -1.423571 -1.561165
 -1.731655 -1.345422 -1.220830 -1.318285
 -1.410347 -1.391794 -1.425442 -1.320842
 -1.233411 -1.476461 -1.453792 -1.400088
 -1.471881 -1.222521 -1.323326 -1.561737
 -1.863177 -1.197091 -1.347508 -1.262794
 -1.084326 -1.843431 -1.598077 -1.199609
 -1.118329 -1.732261 -1.716927 -1.149885
 -1.180965 -1.476960 -1.610241 -1.328601
 -1.467678 -1.732370 -1.352482 -1.096382
 -1.216226 -1.704974 -1.532210 -1.184763
 -1.070195 -1.704748 -1.789545 -1.176993
 -1.362615 -1.405650 -1.381513 -1.395925
 -1.573644 -1.520274 -1.467906 -1.068126
 -1.084326 -1.843431 -1.598077 -1.199609
 -1.118329 -1.732261 -1.716927 -1.149885
 -1.180965 -1.476960 -1.610241 -1.328601
 -1.467678 -1.732370 -1.352482 -1.096382
 -1.216226 -1.704974 -1.532210 -1.184763
 -1.070195 -1.704748 -1.789545 -1.176993
 -1.362615 -1.405650 -1.381513 -1.395925
 -1.573644 -1.520274 -1.467906 -1.068126
 -1.282192 -1.705447 -1.197703 -1.431318
 -1.240340 -1.382221 -1.619694 -1.340424
 -1.263618 -1.348625 -1.419468 -1.532797
 -1.605700 -1.533726 -1.175663 -1.291325
 -1.314222 -1.671843 -1.379909 -1.231635
 -1.230115 -1.528059 -1.753025 -1.147166
 -1.493313 -1.355508 -1.317077 -1.387738
 -1.764608 -1.401703 -1.257361 -1.210108
 -1.282192 -1.705447 -1.197703 -1.431318
 -1.240340 -1.382221 -1.619694 -1.340424
 -1.263618 -1.348625 -1.419468 -1.532797
 -1.605700 -1.533726 -1.175663 -1.291325
 -1.314222 -1.671843 -1.379909 -1.231635
 -1.230115 -1.528059 -1.753025 -1.147166
 -1.493313 -1.355508 -1.317077 -1.387738
 -1.764608 -1.401703 -1.257361 -1.210108
 -1.019308 -1.214909 -1.071722 -17.075529
 -1.016436 -0.865821 -1.525962 -16.871868
 -1.139719 -0.876990 -1.331587 -17.085840
 -1.250743 -1.106325 -0.959888 -17.023527
 -1.101773 -1.048921 -1.147583 -16.914701
 -0.985362 -0.950796 -1.426023 -16.944462
 -1.131524 -0.927892 -1.265593 -17.022718
 -1.564448 -0.842942 -1.020669 -17.156605
 -1.019308 -1.214909 -1.071722 -17.075529
 -1.016436 -0.865821 -1.525962 -16.871868
 -1.139719 -0.876990 -1.331587 -17.085840
 -1.250743 -1.106325 -0.959888 -17.023527
 -1.101773 -1.048921 -1.147583 -16.914701
 -0.985362 -0.950796 -1.426023 -16.944462
 -1.131524 -0.927892 -1.265593 -17.022718
 -1.564448 -0.842942 -1.020669 -17.156605
 -17.316854 -17.316854 -17.316854 -0.000000
 -17.405123 -17.405123 -17.405123 -0.000000
 -17.212700 -17.212700 -17.212700 -0.000000
 -1.386294 -1.386294 -1.386294 -1.386294
 -17.190022 -17.190022 -17.190022 -0.000000
 -17.455988 -17.455988 -17.455988 -0.000000
 -17.208675 -17.208675 -17.208675 -0.000000
 -1.386294 -1.386294 -1.386294 -1.386294
 -17.316854 -17.316854 -17.316854 -0.000000
 -17.405123 -17.405123 -17.405123 -0.000000
 -17.212700 -17.212700 -17.212700 -0.000000
 -1.386294 -1.386294 -1.386294 -1.386294
 -17.190022 -17.190022 -17.190022 -0.000000
 -17.455988 -17.455988 -17.455988 -0.000000
 -17.208675 -17.208675 -17.208675 -0.000000
 -1.386294 -1.386294 -1.386294 -1.386294
 -1.386294 -1.386294 -1.386294 -1.386294
 -1.386294 -1.386294 -1.386294 -1.386294
 -1.386294 -1.386294 -1.386294 -1.386294
 -1.390648 -1.153445 -18.619614 -0.831173
 -1.386294 -1.386294 -1.386294 -1.386294
 -1.386294 -1.386294 -1.386294 -1.386294
 -1.386294 -1.386294 -1.386294 -1.386294
 -1.529074 -0.963182 -18.124025 -0.912330
 -1.386294 -1.386294 -1.386294 -1.386294
 -1.386294 -1.386294 -1.386294 -1.386294
 -1.386294 -1.386294 -1.386294 -1.386294
 -1.390648 -1.153445 -18.619614 -0.831173
 -1.386294 -1.386294 -1.386294 -1.386294
 -1.386294 -1.386294 -1.386294 -1.386294
 -1.386294 -1.386294 -1.386294 -1.386294
 -1.529074 -0.963182 -18.124025 -0.912330
 -1.386294 -1.386294 -1.386294 -1.386294
 -1.386294 -1.386294 -1.386294 -1.386294
 -1.386294 -1.386294 -1.386294 -1.386294
 -1.386294 -1.386294 -1.386294 -1.386294
 -17.654533 0.000000 -17.654533 -17.654533
 -18.018261 0.000000 -18.018261 -18.018261
 -1.386294 -1.386294 -1.386294 -1.386294
 -18.234230 0.000000 -18.234230 -18.234230
 -1.386294 -1.386294 -1.386294 -1.386294
 -1.386294 -1.386294 -1.386294 -1.386294
 -1.386294 -1.386294 -1.386294 -1.386294
 -1.386294 -1.386294 -1.386294 -1.386294
 -17.654533 0.000000 -17.654533 -17.654533
 -18.018261 0.000000 -18.018261 -18.018261
 -1.386294 -1.386294 -1.386294 -1.386294
 -18.234230 0.000000 -18.234230 -18.234230
 -1.386294 -1.386294 -1.386294 -1.386294
 0.000000 -17.654533 -17.654533 -17.654533
 -1.386294 -1.386294 -1.386294 -1.386294
 -1.386294 -1.386294 -1.386294 -1.386294
 -1.386294 -1.386294 -1.386294 -1.386294
 0.000000 -18.825212 -18.825212 -18.825212
 -1.386294 -1.386294 -1.386294 -1.386294
 -1.386294 -1.386294 -1.386294 -1.386294
 -1.386294 -1.386294 -1.386294 -1.386294
 0.000000 -17.654533 -17.654533 -17.654533
 -1.386294 -1.386294 -1.386294 -1.386294
 -1.386294 -1.386294 -1.386294 -1.386294
 -1.386294 -1.386294 -1.386294 -1.386294
 0.000000 -18.825212 -18.825212 -18.825212
 -1.386294 -1.386294 -1.386294 -1.386294
 -1.386294 -1.386294 -1.386294 -1.386294
 -1.386294 -1.386294 -1.386294 -1.386294
 -1.386294 -1.386294 -1.386294 -1.386294
 -1.386294 -1.386294 -1.386294 -1.386294
 -1.386294 -1.386294 -1.386294 -1.386294
 -19.095358 -19.095358 0.000000 -19.095358
 -1.386294 -1.386294 -1.386294 -1.386294
 -1.386294 -1.386294 -1.386294 -1.386294
 -1.386294 -1.386294 -1.386294 -1.386294
 -1.386294 -1.386294 -1.386294 -1.386294
 -1.386294 -1.386294 -1.386294 -1.386294
 -1.386294 -1.386294 -1.386294 -1.386294
 -1.386294 -1.386294 -1.386294 -1.386294
 -19.095358 -19.095358 0.000000 -19.095358
 -1.386294 -1.386294 -1.386294 -1.386294
 -1.386294 -1.386294 -1.386294 -1.386294
 -1.386294 -1.386294 -1.386294 -1.386294
 -1.386294 -1.386294 -1.386294 -1.386294
 -1.386294 -1.386294 -1.386294 -1.386294
 -1.373038 -1.337102 -1.412613 -1.424819
 -1.386294 -1.386294 -1.386294 -1.386294
 -1.386294 -1.386294 -1.386294 -1.386294
 -1.386294 -1.386294 -1.386294 -1.386294
 -1.386294 -1.386294 -1.386294 -1.386294
 -1.386294 -1.386294 -1.386294 -1.386294
 -1.386294 -1.386294 -1.386294 -1.386294
 -1.386294 -1.386294 -1.386294 -1.386294
 -1.373038 -1.337102 -1.412613 -1.424819
 -1.386294 -1.386294 -1.386294 -1.386294
 -1.386294 -1.386294 -1.386294 -1.386294
 -1.386294 -1.386294 -1.386294 -1.386294
 -1.386294 -1.386294 -1.386294 -1.386294
 -1.386294 -1.386294 -1.386294 -1.386294
 -1.137351 -1.966630 -1.474074 -1.169848
 -1.170783 -1.616445 -1.778274 -1.132139
 -1.213289 -1.560658 -1.518721 -1.295386
 -1.396296 -1.887917 -1.431998 -1.015366
 -1.386294 -1.386294 -1.386294 -1.386294
 -1.386294 -1.386294 -1.386294 -1.386294
 -1.386294 -1.386294 -1.386294 -1.386294
 -1.386294 -1.386294 -1.386294 -1.386294
 -1.137351 -1.966630 -1.474074 -1.169848
 -1.170783 -1.616445 -1.778274 -1.132139
 -1.213289 -1.560658 -1.518721 -1.295386
 -1.396296 -1.887917 -1.431998 -1.015366
 -1.386294 -1.386294 -1.386294 -1.386294
 -1.386294 -1.386294 -1.386294 -1.386294
 -1.386294 -1.386294 -1.386294 -1.386294
 -1.386294 -1.386294 -1.386294 -1.386294
 -1.280669 -1.655579 -1.188401 -1.485192
 -1.231808 -1.313700 -1.761630 -1.318086
 -1.253678 -1.308013 -1.471229 -1.539226
 -1.435505 -1.635358 -1.216790 -1.305847
 -1.258924 -1.561130 -1.387740 -1.360615
 -1.147518 -1.457178 -1.805074 -1.254490
 -1.321881 -1.377826 -1.295954 -1.572124
 -1.697069 -1.279808 -1.390156 -1.239071
 -1.280669 -1.655579 -1.188401 -1.485192
 -1.231808 -1.313700 -1.761630 -1.318086
 -1.253678 -1.308013 -1.471229 -1.539226
 -1.435505 -1.635358 -1.216790 -1.305847
 -1.258924 -1.561130 -1.387740 -1.360615
 -1.147518 -1.457178 -1.805074 -1.254490
 -1.321881 -1.377826 -1.295954 -1.572124
 -1.697069 -1.279808 -1.390156 -1.239071
 -2.776365 0.000100 0.000100 0.000100
 -2.767407 0.000100 0.000100 0.000100
 -2.768218 0.000100 0.000100 0.000100
 -2.760942 0.000100 0.000100 0.000100
 -2.914757 0.000100 0.000100 0.000100
 -2.768624 0.000100 0.000100 0.000100
 -2.824542 0.000100 0.000100 0.000100
 -2.622740 0.000100 0.000100 0.000100
 -2.776365 0.000100 0.000100 0.000100
 -2.767407 0.000100 0.000100 0.000100
 -2.768218 0.000100 0.000100 0.000100
 -2.760942 0.000100 0.000100 0.000100
 -2.914757 0.000100 0.000100 0.000100
 -2.768624 0.000100 0.000100 0.000100
 -2.824542 0.000100 0.000100 0.000100
 -2.622740 0.000100 0.000100 0.000100
 -1.329454 -1.553758 -1.260770 -1.425074
 -1.376212 -1.253980 -1.447730 -1.482821
 -1.332975 -1.206003 -1.445196 -1.603371
 -1.688173 -1.413649 -1.244940 -1.259025
 -1.364458 -1.442818 -1.532181 -1.230468
 -1.259891 -1.426035 -1.458656 -1.412612
 -1.527087 -1.237430 -1.333629 -1.473228
 -1.912792 -1.287197 -1.244902 -1.243685
 -1.329454 -1.553758 -1.260770 -1.425074
 -1.376212 -1.253980 -1.447730 -1.482821
 -1.332975 -1.206003 -1.445196 -1.603371
 -1.688173 -1.413649 -1.244940 -1.259025
 -1.364458 -1.442818 -1.532181 -1.230468
 -1.259891 -1.426035 -1.458656 -1.412612
 -1.527087 -1.237430 -1.333629 -1.473228
 -1.912792 -1.287197 -1.244902 -1.243685
 -1.170592 -1.730208 -1.415257 -1.310423
 -1.194703 -1.500182 -1.604929 -1.297504
 -1.223179 -1.458700 -1.438754 -1.444155
 -1.620661 -1.632012 -1.254327 -1.134980
 -1.334093 -1.563723 -1.492564 -1.195832
 -1.204097 -1.655905 -1.527993 -1.230497
 -1.374832 -1.383695 -1.338727 -1.451205
 -1.816247 -1.426930 -1.340824 -1.091566
 -1.170592 -1.730208 -1.415257 -1.310423
 -1.194703 -1.500182 -1.604929 -1.297504
 -1.223179 -1.458700 -1.438754 -1.444155
 -1.620661 -1.632012 -1.254327 -1.134980
 -1.334093 -1.563723 -1.492564 -1.195832
 -1.204097 -1.655905 -1.527993 -1.230497
 -1.374832 -1.383695 -1.338727 -1.451205
 -1.816247 -1.426930 -1.340824 -1.091566
 -1.357958 -1.585100 -1.222433 -1.413154
 -1.281793 -1.283512 -1.784632 -1.281793
 -1.316185 -1.272291 -1.473814 -1.502360
 -1.723653 -1.392354 -1.199820 -1.302510
 -1.443623 -1.424574 -1.367893 -1.314252
 -1.222374 -1.473688 -1.717451 -1.214469
 -1.362552 -1.318241 -1.383812 -1.488255
 -1.774334 -1.243367 -1.334285 -1.277814
 -1.357958 -1.585100 -1.222433 -1.413154
 -1.281793 -1.283512 -1.784632 -1.281793
 -1.316185 -1.272291 -1.473814 -1.502360
 -1.723653 -1.392354 -1.199820 -1.302510
 -1.443623 -1.424574 -1.367893 -1.314252
 -1.222374 -1.473688 -1.717451 -1.214469
 -1.362552 -1.318241 -1.383812 -1.488255
 -1.774334 -1.243367 -1.334285 -1.277814
 -1.381114 -1.515327 -1.297287 -1.363777
 -1.403729 -1.272084 -1.436073 -1.443017
 -1.301907 -1.236195 -1.436265 -1.611012
 -1.772504 -1.435676 -1.171810 -1.264668
 -1.401109 -1.450833 -1.412367 -1.288314
 -1.307867 -1.405910 -1.402746 -1.433221
 -1.521010 -1.224386 -1.359190 -1.466628
 -1.825059 -1.280061 -1.276142 -1.267057
 -1.381114 -1.515327 -1.297287 -1.363777
 -1.403729 -1.272084 -1.436073 -1.443017
 -1.301907 -1.236195 -1.436265 -1.611012
 -1.772504 -1.435676 -1.171810 -1.264668
 -1.401109 -1.450833 -1.412367 -1.288314
 -1.307867 -1.405910 -1.402746 -1.433221
 -1.521010 -1.224386 -1.359190 -1.466628
 -1.825059 -1.280061 -1.276142 -1.267057
 -1.148166 -1.732483 -1.494581 -1.267287
 -1.169398 -1.553606 -1.637320 -1.260679
 -1.179902 -1.355221 -1.525060 -1.526970
 -1.608121 -1.588577 -1.294464 -1.134834
 -1.323746 -1.540757 -1.514893 -1.204597
 -1.168851 -1.626251 -1.597759 -1.236973
 -1.382980 -1.371284 -1.365487 -1.426563
 -1.739174 -1.518631 -1.296878 -1.102804
 -1.148166 -1.732483 -1.494581 -1.267287
 -1.169398 -1.553606 -1.637320 -1.260679
 -1.179902 -1.355221 -1.525060 -1.526970
 -1.608121 -1.588577 -1.294464 -1.134834
 -1.323746 -1.540757 -1.514893 -1.204597
 -1.168851 -1.626251 -1.597759 -1.236973
 -1.382980 -1.371284 -1.365487 -1.426563
 -1.739174 -1.518631 -1.296878 -1.102804
 -1.349353 -1.514360 -1.356420 -1.335366
 -1.255973 -1.252763 -1.811177 -1.324163
 -1.294479 -1.166316 -1.669922 -1.486402
 -1.637666 -1.413693 -1.268825 -1.268825
 -1.358744 -1.536728 -1.396724 -1.271086
 -1.254685 -1.434989 -1.728061 -1.207018
 -1.337464 -1.259785 -1.388842 -1.587625
 -1.736665 -1.309864 -1.284848 -1.282498
 -1.349353 -1.514360 -1.356420 -1.335366
 -1.255973 -1.252763 -1.811177 -1.324163
 -1.294479 -1.166316 -1.669922 -1.486402
 -1.637666 -1.413693 -1.268825 -1.268825
 -1.358744 -1.536728 -1.396724 -1.271086
 -1.254685 -1.434989 -1.728061 -1.207018
 -1.337464 -1.259785 -1.388842 -1.587625
 -1.736665 -1.309864 -1.284848 -1.282498
 -1.304464 -1.588344 -1.254315 -1.430676
 -1.313788 -1.356347 -1.420472 -1.461018
 -1.322292 -1.237430 -1.432855 -1.586107
 -1.712676 -1.448895 -1.185850 -1.275463
 -1.409336 -1.491208 -1.382283 -1.274434
 -1.303603 -1.485059 -1.421386 -1.344846
 -1.415748 -1.219037 -1.373188 -1.568088
 -1.847402 -1.279264 -1.262435 -1.268875
 -1.304464 -1.588344 -1.254315 -1.430676
 -1.313788 -1.356347 -1.420472 -1.461018
 -1.322292 -1.237430 -1.432855 -1.586107
 -1.712676 -1.448895 -1.185850 -1.275463
 -1.409336 -1.491208 -1.382283 -1.274434
 -1.303603 -1.485059 -1.421386 -1.344846
 -1.415748 -1.219037 -1.373188 -1.568088
 -1.847402 -1.279264 -1.262435 -1.268875
 -1.222041 -1.713881 -1.501807 -1.195742
 -1.165086 -1.596491 -1.621703 -1.245017
 -1.270617 -1.387118 -1.511512 -1.390418
 -1.620437 -1.573184 -1.255730 -1.171389
 -1.305873 -1.709686 -1.472777 -1.143023
 -1.197336 -1.624434 -1.575928 -1.223619
 -1.358164 -1.313650 -1.444271 -1.435011
 -1.715583 -1.538094 -1.285627 -1.112081
 -1.222041 -1.713881 -1.501807 -1.195742
 -1.165086 -1.596491 -1.621703 -1.245017
 -1.270617 -1.387118 -1.511512 -1.390418
 -1.620437 -1.573184 -1.255730 -1.171389
 -1.305873 -1.709686 -1.472777 -1.143023
 -1.197336 -1.624434 -1.575928 -1.223619
 -1.358164 -1.313650 -1.444271 -1.435011
 -1.715583 -1.538094 -1.285627 -1.112081
 -1.314568 -1.575968 -1.318708 -1.358206
 -1.276179 -1.281117 -1.750461 -1.311270
 -1.300478 -1.235221 -1.532709 -1.510144
 -1.723063 -1.419430 -1.174774 -1.306594
 -1.361511 -1.487960 -1.409179 -1.296271
 -1.233135 -1.371538 -1.688284 -1.309076
 -1.339659 -1.330028 -1.349384 -1.540868
 -1.808222 -1.272109 -1.282868 -1.278072
 -1.314568 -1.575968 -1.318708 -1.358206
 -1.276179 -1.281117 -1.750461 -1.311270
 -1.300478 -1.235221 -1.532709 -1.510144
 -1.723063 -1.419430 -1.174774 -1.306594
 -1.361511 -1.487960 -1.409179 -1.296271
 -1.233135 -1.371538 -1.688284 -1.309076
 -1.339659 -1.330028 -1.349384 -1.540868
 -1.808222 -1.272109 -1.282868 -1.278072
 -1.394477 -1.462464 -1.254511 -1.447501
 -1.229330 -1.293008 -1.551557 -1.508915
 -1.347679 -1.169887 -1.484177 -1.594221
 -1.757604 -1.386294 -1.162473 -1.328665
 -1.398809 -1.367585 -1.432968 -1.347889
 -1.253146 -1.392439 -1.459343 -1.454413
 -1.506562 -1.178655 -1.318350 -1.594252
 -1.860752 -1.217646 -1.305227 -1.282268
 -1.394477 -1.462464 -1.254511 -1.447501
 -1.229330 -1.293008 -1.551557 -1.508915
 -1.347679 -1.169887 -1.484177 -1.594221
 -1.757604 -1.386294 -1.162473 -1.328665
 -1.398809 -1.367585 -1.432968 -1.347889
 -1.253146 -1.392439 -1.459343 -1.454413
 -1.506562 -1.178655 -1.318350 -1.594252
 -1.860752 -1.217646 -1.305227 -1.282268
 -1.169501 -1.822157 -1.423772 -1.248282
 -1.119255 -1.591811 -1.770422 -1.205109
 -1.171935 -1.427593 -1.602109 -1.390800
 -1.549005 -1.684727 -1.271771 -1.134102
 -1.273910 -1.659109 -1.539271 -1.153855
 -1.159887 -1.657764 -1.531569 -1.273975
 -1.308100 -1.326901 -1.390175 -1.535551
 -1.748503 -1.438196 -1.349927 -1.110632
 -1.169501 -1.822157 -1.423772 -1.248282
 -1.119255 -1.591811 -1.770422 -1.205109
 -1.171935 -1.427593 -1.602109 -1.390800
 -1.549005 -1.684727 -1.271771 -1.134102
 -1.273910 -1.659109 -1.539271 -1.153855
 -1.159887 -1.657764 -1.531569 -1.273975
 -1.308100 -1.326901 -1.390175 -1.535551
 -1.748503 -1.438196 -1.349927 -1.110632
 -1.335427 -1.606602 -1.266344 -1.368352
 -1.225987 -1.304259 -1.829943 -1.291945
 -1.297912 -1.269834 -1.507744 -1.493385
 -1.726535 -1.408482 -1.193061 -1.293552
 -1.306873 -1.572082 -1.430711 -1.263781
 -1.276253 -1.395131 -1.765709 -1.197154
 -1.390678 -1.319462 -1.374985 -1.465463
 -1.798965 -1.296458 -1.310882 -1.232890
 -1.335427 -1.606602 -1.266344 -1.368352
 -1.225987 -1.304259 -1.829943 -1.291945
 -1.297912 -1.269834 -1.507744 -1.493385
 -1.726535 -1.408482 -1.193061 -1.293552
 -1.306873 -1.572082 -1.430711 -1.263781
 -1.276253 -1.395131 -1.765709 -1.197154
 -1.390678 -1.319462 -1.374985 -1.465463
 -1.798965 -1.296458 -1.310882 -1.232890
 -1.370714 -1.535987 -1.300816 -1.352776
 -1.397516 -1.250834 -1.454674 -1.456514
 -1.363158 -1.237346 -1.400110 -1.572984
 -1.725603 -1.413783 -1.135295 -1.357180
 -1.350994 -1.429686 -1.459362 -1.312120
 -1.313992 -1.443964 -1.412685 -1.379216
 -1.566167 -1.259793 -1.284794 -1.466483
 -1.815393 -1.239201 -1.286194 -1.304567
 -1.370714 -1.535987 -1.300816 -1.352776
 -1.397516 -1.250834 -1.454674 -1.456514
 -1.363158 -1.237346 -1.400110 -1.572984
 -1.725603 -1.413783 -1.135295 -1.357180
 -1.350994 -1.429686 -1.459362 -1.312120
 -1.313992 -1.443964 -1.412685 -1.379216
 -1.566167 -1.259793 -1.284794 -1.466483
 -1.815393 -1.239201 -1.286194 -1.304567
 -1.169785 -1.881076 -1.371378 -1.260954
 -1.146420 -1.658535 -1.589973 -1.245216
 -1.106391 -1.494741 -1.548909 -1.459023
 -1.580637 -1.559672 -1.301466 -1.165334
 -1.303322 -1.597877 -1.539825 -1.165945
 -1.178842 -1.681993 -1.454432 -1.298909
 -1.355923 -1.338974 -1.381899 -1.473706
 -1.693344 -1.443910 -1.284361 -1.193145
 -1.169785 -1.881076 -1.371378 -1.260954
 -1.146420 -1.658535 -1.589973 -1.245216
 -1.106391 -1.494741 -1.548909 -1.459023
 -1.580637 -1.559672 -1.301466 -1.165334
 -1.303322 -1.597877 -1.539825 -1.165945
 -1.178842 -1.681993 -1.454432 -1.298909
 -1.355923 -1.338974 -1.381899 -1.473706
 -1.693344 -1.443910 -1.284361 -1.193145
 -1.305924 -1.600612 -1.261131 -1.410703
 -1.278405 -1.304979 -1.856103 -1.223970
 -1.226526 -1.293687 -1.515216 -1.548006
 -1.643285 -1.450094 -1.176874 -1.332311
 -1.387475 -1.429281 -1.422735 -1.310222
 -1.172458 -1.417493 -1.870340 -1.224166
 -1.273314 -1.296845 -1.445801 -1.555199
 -1.781224 -1.253105 -1.277319 -1.319879
 -1.305924 -1.600612 -1.261131 -1.410703
 -1.278405 -1.304979 -1.856103 -1.223970
 -1.226526 -1.293687 -1.515216 -1.548006
 -1.643285 -1.450094 -1.176874 -1.332311
 -1.387475 -1.429281 -1.422735 -1.310222
 -1.172458 -1.417493 -1.870340 -1.224166
 -1.273314 -1.296845 -1.445801 -1.555199
 -1.781224 -1.253105 -1.277319 -1.319879
 -1.416202 -1.451294 -1.268713 -1.419205
 -1.316303 -1.233707 -1.531173 -1.494404
 -1.341860 -1.245152 -1.423571 -1.561165
 -1.731655 -1.345422 -1.220830 -1.318285
 -1.410347 -1.391794 -1.425442 -1.320842
 -1.233411 -1.476461 -1.453792 -1.400088
 -1.471881 -1.222521 -1.323326 -1.561737
 -1.863177 -1.197091 -1.347508 -1.262794
 -1.416202 -1.451294 -1.268713 -1.419205
 -1.316303 -1.233707 -1.531173 -1.494404
 -1.341860 -1.245152 -1.423571 -1.561165
 -1.731655 -1.345422 -1.220830 -1.318285
 -1.410347 -1.391794 -1.425442 -1.320842
 -1.233411 -1.476461 -1.453792 -1.400088
 -1.471881 -1.222521 -1.323326 -1.561737
 -1.863177 -1.197091 -1.347508 -1.262794
 -1.084326 -1.843431 -1.598077 -1.199609
 -1.118329 -1.732261 -1.716927 -1.149885
 -1.180965 -1.476960 -1.610241 -1.328601
 -1.467678 -1.732370 -1.352482 -1.096382
 -1.216226 -1.704974 -1.532210 -1.184763
 -1.070195 -1.704748 -1.789545 -1.176993
 -1.362615 -1.405650 -1.381513 -1.395925
 -1.573644 -1.520274 -1.467906 -1.068126
 -1.084326 -1.843431 -1.598077 -1.199609
 -1.118329 -1.732261 -1.716927 -1.149885
 -1.180965 -1.476960 -1.610241 -1.328601
 -1.467678 -1.732370 -1.352482 -1.096382
 -1.216226 -1.704974 -1.532210 -1.184763
 -1.070195 -1.704748 -1.789545 -1.176993
 -1.362615 -1.405650 -1.381513 -1.395925
 -1.573644 -1.520274 -1.467906 -1.068126
 -1.282192 -1.705447 -1.197703 -1.431318
 -1.240340 -1.382221 -1.619694 -1.340424
 -1.263618 -1.348625 -1.419468 -1.532797
 -1.605700 -1.533726 -1.175663 -1.291325
 -1.314222 -1.671843 -1.379909 -1.231635
 -1.230115 -1.528059 -1.753025 -1.147166
 -1.493313 -1.355508 -1.317077 -1.387738
 -1.764608 -1.401703 -1.257361 -1.210108
 -1.282192 -1.705447 -1.197703 -1.431318
 -1.240340 -1.382221 -1.619694 -1.340424
 -1.263618 -1.348625 -1.419468 -1.532797
 -1.605700 -1.533726 -1.175663 -1.291325
 -1.314222 -1.671843 -1.379909 -1.231635
 -1.230115 -1.528059 -1.753025 -1.147166
 -1.493313 -1.355508 -1.317077 -1.387738
 -1.764608 -1.401703 -1.257361 -1.210108
 -1.019308 -1.214909 -1.071722 -17.075529
 -1.016436 -0.865821 -1.525962 -16.871868
 -1.139719 -0.876990 -1.331587 -17.085840
 -1.250743 -1.106325 -0.959888 -17.023527
 -1.101773 -1.048921 -1.147583 -16.914701
 -0.985362 -0.950796 -1.426023 -16.944462
 -1.131524 -0.927892 -1.265593 -17.022718
 -1.564448 -0.842942 -1.020669 -17.156605
 -1.019308 -1.214909 -1.071722 -17.075529
 -1.016436 -0.865821 -1.525962 -16.871868
 -1.139719 -0.876990 -1.331587 -17.085840
 -1.250743 -1.106325 -0.959888 -17.023527
 -1.101773 -1.048921 -1.147583 -16.914701
 -0.985362 -0.950796 -1.426023 -16.944462
 -1.131524 -0.927892 -1.265593 -17.022718
 -1.564448 -0.842942 -1.020669 -17.156605
 -17.316854 -17.316854 -17.316854 -0.000000
 -17.405123 -17.405123 -17.405123 -0.000000
 -17.212700 -17.212700 -17.212700 -0.000000
 -1.386294 -1.386294 -1.386294 -1.386294
 -17.190022 -17.190022 -17.190022 -0.000000
 -17.455988 -17.455988 -17.455988 -0.000000
 -17.208675 -17.208675 -17.208675 -0.000000
 -1.386294 -1.386294 -1.386294 -1.386294
 -17.316854 -17.316854 -17.316854 -0.000000
 -17.405123 -17.405123 -17.405123 -0.000000
 -17.212700 -17.212700 -17.212700 -0.000000
 -1.386294 -1.386294 -1.386294 -1.386294
 -17.190022 -17.190022 -17.190022 -0.000000
 -17.455988 -17.455988 -17.455988 -0.000000
 -17.208675 -17.208675 -17.208675 -0.000000
 -1.386294 -1.386294 -1.386294 -1.386294
 -1.386294 -1.386294 -1.386294 -1.386294
 -1.386294 -1.386294 -1.386294 -1.386294
 -1.386294 -1.386294 -1.386294 -1.386294
 -1.390648 -1.153445 -18.619614 -0.831173
 -1.386294 -1.386294 -1.386294 -1.386294
 -1.386294 -1.386294 -1.386294 -1.386294
 -1.386294 -1.386294 -1.386294 -1.386294
 -1.529074 -0.963182 -18.124025 -0.912330
 -1.386294 -1.386294 -1.386294 -1.386294
 -1.386294 -1.386294 -1.386294 -1.386294
 -1.386294 -1.386294 -1.386294 -1.386294
 -1.390648 -1.153445 -18.619614 -0.831173
 -1.386294 -1.386294 -1.386294 -1.386294
 -1.386294 -1.386294 -1.386294 -1.386294
 -1.386294 -1.386294 -1.386294 -1.386294
 -1.529074 -0.963182 -18.124025 -0.912330
 -1.386294 -1.386294 -1.386294 -1.386294
 -1.386294 -1.386294 -1.386294 -1.386294
 -1.386294 -1.386294 -1.386294 -1.386294
 -1.386294 -1.386294 -1.386294 -1.386294
 -17.654533 0.000000 -17.654533 -17.654533
 -18.018261 0.000000 -18.018261 -18.018261
 -1.386294 -1.386294 -1.386294 -1.386294
 -18.234230 0.000000 -18.234230 -18.234230
 -1.386294 -1.386294 -1.386294 -1.386294
 -1.386294 -1.386294 -1.386294 -1.386294
 -1.386294 -1.386294 -1.386294 -1.386294
 -1.386294 -1.386294 -1.386294 -1.386294
 -17.654533 0.000000 -17.654533 -17.654533
 -18.018261 0.000000 -18.018261 -18.018261
 -1.386294 -1.386294 -1.386294 -1.386294
 -18.234230 0.000000 -18.234230 -18.234230
 -1.386294 -1.386294 -1.386294 -1.386294
 0.000000 -17.654533 -17.654533 -17.654533
 -1.386294 -1.386294 -1.386294 -1.386294
 -1.386294 -1.386294 -1.386294 -1.386294
 -1.386294 -1.386294 -1.386294 -1.386294
 0.000000 -18.825212 -18.825212 -18.825212
 -1.386294 -1.386294 -1.386294 -1.386294
 -1.386294 -1.386294 -1.386294 -1.386294
 -1.386294 -1.386294 -1.386294 -1.386294
 0.000000 -17.654533 -17.654533 -17.654533
 -1.386294 -1.386294 -1.386294 -1.386294
 -1.386294 -1.386294 -1.386294 -1.386294
 -1.386294 -1.386294 -1.386294 -1.386294
 0.000000 -18.825212 -18.825212 -18.825212
 -1.386294 -1.386294 -1.386294 -1.386294
 -1.386294 -1.386294 -1.386294 -1.386294
 -1.386294 -1.386294 -1.386294 -1.386294
 -1.386294 -1.386294 -1.386294 -1.386294
 -1.386294 -1.386294 -1.386294 -1.386294
 -1.386294 -1.386294 -1.386294 -1.386294
 -19.095358 -19.095358 0.000000 -19.095358
 -1.386294 -1.386294 -1.386294 -1.386294
 -1.386294 -1.386294 -1.386294 -1.386294
 -1.386294 -1.386294 -1.386294 -1.386294
 -1.386294 -1.386294 -1.386294 -1.386294
 -1.386294 -1.386294 -1.386294 -1.386294
 -1.386294 -1.386294 -1.386294 -1.386294
 -1.386294 -1.386294 -1.386294 -1.386294
 -19.095358 -19.095358 0.000000 -19.095358
 -1.386294 -1.386294 -1.386294 -1.386294
 -1.386294 -1.386294 -1.386294 -1.386294
 -1.386294 -1.386294 -1.386294 -1.386294
 -1.386294 -1.386294 -1.386294 -1.386294
 -1.386294 -1.386294 -1.386294 -1.386294
 -1.373038 -1.337102 -1.412613 -1.424819
 -1.386294 -1.386294 -1.386294 -1.386294
 -1.386294 -1.386294 -1.386294 -1.386294
 -1.386294 -1.386294 -1.386294 -1.386294
 -1.386294 -1.386294 -1.386294 -1.386294
 -1.386294 -1.386294 -1.386294 -1.386294
 -1.386294 -1.386294 -1.386294 -1.386294
 -1.386294 -1.386294 -1.386294 -1.386294
 -1.373038 -1.337102 -1.412613 -1.424819
 -1.386294 -1.386294 -1.386294 -1.386294
 -1.386294 -1.386294 -1.386294 -1.386294
 -1.386294 -1.386294 -1.386294 -1.386294
 -1.386294 -1.386294 -1.386294 -1.386294
 -1.386294 -1.386294 -1.386294 -1.386294
 -1.137351 -1.966630 -1.474074 -1.169848
 -1.170783 -1.616445 -1.778274 -1.132139
 -1.213289 -1.560658 -1.518721 -1.295386
 -1.396296 -1.887917 -1.431998 -1.015366
 -1.386294 -1.386294 -1.386294 -1.386294
 -1.386294 -1.386294 -1.386294 -1.386294
 -1.386294 -1.386294 -1.386294 -1.386294
 -1.386294 -1.386294 -1.386294 -1.386294
 -1.137351 -1.966630 -1.474074 -1.169848
 -1.170783 -1.616445 -1.778274 -1.132139
 -1.213289 -1.560658 -1.518721 -1.295386
 -1.396296 -1.887917 -1.431998 -1.015366
 -1.386294 -1.386294 -1.386294 -1.386294
 -1.386294 -1.386294 -1.386294 -1.386294
 -1.386294 -1.386294 -1.386294 -1.386294
 -1.386294 -1.386294 -1.386294 -1.386294
 -1.280669 -1.655579 -1.188401 -1.485192
 -1.231808 -1.313700 -1.761630 -1.318086
 -1.253678 -1.308013 -1.471229 -1.539226
 -1.435505 -1.635358 -1.216790 -1.305847
 -1.258924 -1.561130 -1.387740 -1.360615
 -1.147518 -1.457178 -1.805074 -1.254490
 -1.321881 -1.377826 -1.295954 -1.572124
 -1.697069 -1.279808 -1.390156 -1.239071
 -1.280669 -1.655579 -1.188401 -1.485192
 -1.231808 -1.313700 -1.761630 -1.318086
 -1.253678 -1.308013 -1.471229 -1.539226
 -1.435505 -1.635358 -1.216790 -1.305847
 -1.258924 -1.561130 -1.387740 -1.360615
 -1.147518 -1.457178 -1.805074 -1.254490
 -1.321881 -1.377826 -1.295954 -1.572124
 -1.697069 -1.279808 -1.390156 -1.239071
