 -2.815905 0.000100 0.000100 0.000100
 -2.767167 0.000100 0.000100 0.000100
 -2.679133 0.000100 0.000100 0.000100
 -2.851983 0.000100 0.000100 0.000100
 -2.966859 0.000100 0.000100 0.000100
 -2.747557 0.000100 0.000100 0.000100
 -2.679719 0.000100 0.000100 0.000100
 -2.705664 0.000100 0.000100 0.000100
 -2.815905 0.000100 0.000100 0.000100
 -2.767167 0.000100 0.000100 0.000100
 -2.679133 0.000100 0.000100 0.000100
 -2.851983 0.000100 0.000100 0.000100
 -2.966859 0.000100 0.000100 0.000100
 -2.747557 0.000100 0.000100 0.000100
 -2.679719 0.000100 0.000100 0.000100
 -2.705664 0.000100 0.000100 0.000100
 -1.257659 -1.739479 -1.288212 -1.330648
 -1.289028 -1.480631 -1.338758 -1.449036
 -1.257791 -1.373699 -1.326053 -1.624416
 -1.615384 -1.617419 -1.171657 -1.227848
 -1.329144 -1.616668 -1.439072 -1.205342
 -1.248212 -1.619624 -1.306619 -1.409459
 -1.448887 -1.347260 -1.223235 -1.556181
 -1.727944 -1.468389 -1.260181 -1.176190
 -1.257659 -1.739479 -1.288212 -1.330648
 -1.289028 -1.480631 -1.338758 -1.449036
 -1.257791 -1.373699 -1.326053 -1.624416
 -1.615384 -1.617419 -1.171657 -1.227848
 -1.329144 -1.616668 -1.439072 -1.205342
 -1.248212 -1.619624 -1.306619 -1.409459
 -1.448887 -1.347260 -1.223235 -1.556181
 -1.727944 -1.468389 -1.260181 -1.176190
 -1.171927 -1.764221 -1.393856 -1.306398
 -1.240382 -1.489993 -1.674950 -1.210546
 -1.153601 -1.347647 -1.566748 -1.532812
 -1.612661 -1.544034 -1.304601 -1.152504
 -1.258199 -1.638682 -1.521213 -1.193521
 -1.240008 -1.579498 -1.620042 -1.182050
 -1.307992 -1.367540 -1.376292 -1.503316
 -1.674765 -1.468177 -1.349281 -1.130487
 -1.171927 -1.764221 -1.393856 -1.306398
 -1.240382 -1.489993 -1.674950 -1.210546
 -1.153601 -1.347647 -1.566748 -1.532812
 -1.612661 -1.544034 -1.304601 -1.152504
 -1.258199 -1.638682 -1.521213 -1.193521
 -1.240008 -1.579498 -1.620042 -1.182050
 -1.307992 -1.367540 -1.376292 -1.503316
 -1.674765 -1.468177 -1.349281 -1.130487
 -1.456720 -1.589340 -1.092366 -1.480522
 -1.389771 -1.310395 -1.411256 -1.438356
 -1.372326 -1.197652 -1.405977 -1.612175
 -1.751956 -1.438939 -1.123008 -1.331478
 -1.422953 -1.457168 -1.401306 -1.273578
 -1.297572 -1.483606 -1.459281 -1.318321
 -1.495952 -1.282183 -1.277591 -1.514919
 -1.844142 -1.292074 -1.275274 -1.245545
 -1.456720 -1.589340 -1.092366 -1.480522
 -1.389771 -1.310395 -1.411256 -1.438356
 -1.372326 -1.197652 -1.405977 -1.612175
 -1.751956 -1.438939 -1.123008 -1.331478
 -1.422953 -1.457168 -1.401306 -1.273578
 -1.297572 -1.483606 -1.459281 -1.318321
 -1.495952 -1.282183 -1.277591 -1.514919
 -1.844142 -1.292074 -1.275274 -1.245545
 -1.253090 -1.762339 -1.276968 -1.332357
 -1.275818 -1.530059 -1.332793 -1.424890
 -1.259808 -1.378088 -1.331125 -1.609179
 -1.634111 -1.614826 -1.166082 -1.222939
 -1.328045 -1.603381 -1.454605 -1.202982
 -1.253161 -1.626250 -1.306494 -1.398504
 -1.441183 -1.359036 -1.232008 -1.538337
 -1.741429 -1.482264 -1.267369 -1.151899
 -1.253090 -1.762339 -1.276968 -1.332357
 -1.275818 -1.530059 -1.332793 -1.424890
 -1.259808 -1.378088 -1.331125 -1.609179
 -1.634111 -1.614826 -1.166082 -1.222939
 -1.328045 -1.603381 -1.454605 -1.202982
 -1.253161 -1.626250 -1.306494 -1.398504
 -1.441183 -1.359036 -1.232008 -1.538337
 -1.741429 -1.482264 -1.267369 -1.151899
 -1.175289 -1.772218 -1.392074 -1.299180
 -1.232979 -1.498907 -1.697538 -1.197100
 -1.148712 -1.339469 -1.600906 -1.517513
 -1.602374 -1.561479 -1.286078 -1.163458
 -1.255048 -1.630646 -1.537458 -1.190043
 -1.233031 -1.589235 -1.640401 -1.169223
 -1.327016 -1.361135 -1.376049 -1.488159
 -1.685267 -1.466878 -1.353021 -1.122385
 -1.175289 -1.772218 -1.392074 -1.299180
 -1.232979 -1.498907 -1.697538 -1.197100
 -1.148712 -1.339469 -1.600906 -1.517513
 -1.602374 -1.561479 -1.286078 -1.163458
 -1.255048 -1.630646 -1.537458 -1.190043
 -1.233031 -1.589235 -1.640401 -1.169223
 -1.327016 -1.361135 -1.376049 -1.488159
 -1.685267 -1.466878 -1.353021 -1.122385
 -1.435575 -1.582816 -1.097623 -1.500752
 -1.379090 -1.309762 -1.405779 -1.456149
 -1.368351 -1.200074 -1.414258 -1.603478
 -1.754975 -1.435131 -1.122593 -1.333438
 -1.426607 -1.443004 -1.420884 -1.265280
 -1.295334 -1.470075 -1.453833 -1.337076
 -1.497072 -1.266131 -1.286231 -1.523328
 -1.827883 -1.297714 -1.261963 -1.262332
 -1.435575 -1.582816 -1.097623 -1.500752
 -1.379090 -1.309762 -1.405779 -1.456149
 -1.368351 -1.200074 -1.414258 -1.603478
 -1.754975 -1.435131 -1.122593 -1.333438
 -1.426607 -1.443004 -1.420884 -1.265280
 -1.295334 -1.470075 -1.453833 -1.337076
 -1.497072 -1.266131 -1.286231 -1.523328
 -1.827883 -1.297714 -1.261963 -1.262332
 -1.248833 -1.754943 -1.292310 -1.325734
 -1.268372 -1.521940 -1.330450 -1.443650
 -1.238101 -1.409915 -1.325206 -1.608671
 -1.599324 -1.630047 -1.148083 -1.255960
 -1.308950 -1.618546 -1.441028 -1.220693
 -1.225382 -1.630708 -1.308733 -1.425445
 -1.441621 -1.384907 -1.211414 -1.535568
 -1.734732 -1.481360 -1.233017 -1.188059
 -1.248833 -1.754943 -1.292310 -1.325734
 -1.268372 -1.521940 -1.330450 -1.443650
 -1.238101 -1.409915 -1.325206 -1.608671
 -1.599324 -1.630047 -1.148083 -1.255960
 -1.308950 -1.618546 -1.441028 -1.220693
 -1.225382 -1.630708 -1.308733 -1.425445
 -1.441621 -1.384907 -1.211414 -1.535568
 -1.734732 -1.481360 -1.233017 -1.188059
 -1.175202 -1.782642 -1.391558 -1.293304
 -1.208257 -1.514882 -1.692530 -1.212694
 -1.161869 -1.335568 -1.598078 -1.505955
 -1.607992 -1.584541 -1.293231 -1.138541
 -1.248368 -1.645943 -1.529477 -1.192216
 -1.210004 -1.604698 -1.623718 -1.191750
 -1.308264 -1.377358 -1.378802 -1.489050
 -1.692453 -1.491657 -1.345392 -1.107162
 -1.175202 -1.782642 -1.391558 -1.293304
 -1.208257 -1.514882 -1.692530 -1.212694
 -1.161869 -1.335568 -1.598078 -1.505955
 -1.607992 -1.584541 -1.293231 -1.138541
 -1.248368 -1.645943 -1.529477 -1.192216
 -1.210004 -1.604698 -1.623718 -1.191750
 -1.308264 -1.377358 -1.378802 -1.489050
 -1.692453 -1.491657 -1.345392 -1.107162
 -1.412638 -1.595992 -1.107078 -1.499378
 -1.375193 -1.321568 -1.402855 -1.449880
 -1.350648 -1.220128 -1.403294 -1.609691
 -1.741906 -1.461075 -1.134242 -1.305041
 -1.405337 -1.454212 -1.402431 -1.290501
 -1.297171 -1.477175 -1.454433 -1.328472
 -1.478144 -1.285222 -1.271744 -1.537080
 -1.808490 -1.298548 -1.272189 -1.262474
 -1.412638 -1.595992 -1.107078 -1.499378
 -1.375193 -1.321568 -1.402855 -1.449880
 -1.350648 -1.220128 -1.403294 -1.609691
 -1.741906 -1.461075 -1.134242 -1.305041
 -1.405337 -1.454212 -1.402431 -1.290501
 -1.297171 -1.477175 -1.454433 -1.328472
 -1.478144 -1.285222 -1.271744 -1.537080
 -1.808490 -1.298548 -1.272189 -1.262474
 -1.260507 -1.761884 -1.265828 -1.336503
 -1.255708 -1.509703 -1.330943 -1.470014
 -1.239592 -1.409753 -1.302985 -1.636940
 -1.629890 -1.609643 -1.156768 -1.239293
 -1.319963 -1.600810 -1.428520 -1.232858
 -1.217756 -1.638196 -1.310934 -1.426250
 -1.440871 -1.366712 -1.189343 -1.590060
 -1.719005 -1.484507 -1.241116 -1.187181
 -1.260507 -1.761884 -1.265828 -1.336503
 -1.255708 -1.509703 -1.330943 -1.470014
 -1.239592 -1.409753 -1.302985 -1.636940
 -1.629890 -1.609643 -1.156768 -1.239293
 -1.319963 -1.600810 -1.428520 -1.232858
 -1.217756 -1.638196 -1.310934 -1.426250
 -1.440871 -1.366712 -1.189343 -1.590060
 -1.719005 -1.484507 -1.241116 -1.187181
 -1.151890 -1.799397 -1.380386 -1.320204
 -1.209512 -1.498001 -1.677720 -1.233466
 -1.102023 -1.371848 -1.604556 -1.545594
 -1.560827 -1.583721 -1.287153 -1.175152
 -1.228496 -1.682981 -1.521045 -1.194139
 -1.219971 -1.585971 -1.633062 -1.188487
 -1.257518 -1.407295 -1.392800 -1.503019
 -1.660405 -1.501000 -1.337407 -1.125453
 -1.151890 -1.799397 -1.380386 -1.320204
 -1.209512 -1.498001 -1.677720 -1.233466
 -1.102023 -1.371848 -1.604556 -1.545594
 -1.560827 -1.583721 -1.287153 -1.175152
 -1.228496 -1.682981 -1.521045 -1.194139
 -1.219971 -1.585971 -1.633062 -1.188487
 -1.257518 -1.407295 -1.392800 -1.503019
 -1.660405 -1.501000 -1.337407 -1.125453
 -1.457715 -1.625530 -1.050010 -1.511899
 -1.376944 -1.316917 -1.399313 -1.457039
 -1.345215 -1.235985 -1.377625 -1.625612
 -1.745197 -1.446729 -1.111960 -1.342710
 -1.417760 -1.473891 -1.386863 -1.277068
 -1.290902 -1.471375 -1.448692 -1.345189
 -1.482911 -1.288390 -1.263124 -1.539258
 -1.814083 -1.314605 -1.261172 -1.254879
 -1.457715 -1.625530 -1.050010 -1.511899
 -1.376944 -1.316917 -1.399313 -1.457039
 -1.345215 -1.235985 -1.377625 -1.625612
 -1.745197 -1.446729 -1.111960 -1.342710
 -1.417760 -1.473891 -1.386863 -1.277068
 -1.290902 -1.471375 -1.448692 -1.345189
 -1.482911 -1.288390 -1.263124 -1.539258
 -1.814083 -1.314605 -1.261172 -1.254879
 -1.241304 -1.767420 -1.272575 -1.346648
 -1.251216 -1.520600 -1.332807 -1.463059
 -1.239681 -1.414645 -1.294798 -1.642175
 -1.607507 -1.657290 -1.151238 -1.228561
 -1.278514 -1.634789 -1.431445 -1.246212
 -1.201337 -1.643643 -1.311200 -1.442074
 -1.413674 -1.377835 -1.201728 -1.589860
 -1.689361 -1.518485 -1.227694 -1.192862
 -1.241304 -1.767420 -1.272575 -1.346648
 -1.251216 -1.520600 -1.332807 -1.463059
 -1.239681 -1.414645 -1.294798 -1.642175
 -1.607507 -1.657290 -1.151238 -1.228561
 -1.278514 -1.634789 -1.431445 -1.246212
 -1.201337 -1.643643 -1.311200 -1.442074
 -1.413674 -1.377835 -1.201728 -1.589860
 -1.689361 -1.518485 -1.227694 -1.192862
 -1.150593 -1.824245 -1.351101 -1.334627
 -1.223859 -1.514454 -1.679716 -1.205467
 -1.095160 -1.374529 -1.588849 -1.568320
 -1.583595 -1.603751 -1.260888 -1.170470
 -1.209809 -1.664626 -1.503014 -1.237786
 -1.192359 -1.610542 -1.619442 -1.208292
 -1.246709 -1.410600 -1.383946 -1.523416
 -1.657553 -1.497438 -1.320263 -1.143732
 -1.150593 -1.824245 -1.351101 -1.334627
 -1.223859 -1.514454 -1.679716 -1.205467
 -1.095160 -1.374529 -1.588849 -1.568320
 -1.583595 -1.603751 -1.260888 -1.170470
 -1.209809 -1.664626 -1.503014 -1.237786
 -1.192359 -1.610542 -1.619442 -1.208292
 -1.246709 -1.410600 -1.383946 -1.523416
 -1.657553 -1.497438 -1.320263 -1.143732
 -1.422650 -1.595640 -1.064206 -1.555207
 -1.369498 -1.293159 -1.416420 -1.474987
 -1.321018 -1.228365 -1.402265 -1.638215
 -1.722624 -1.435717 -1.124782 -1.351950
 -1.381164 -1.466183 -1.368940 -1.333577
 -1.253548 -1.481849 -1.462843 -1.363689
 -1.439228 -1.294844 -1.269715 -1.570040
 -1.769956 -1.292083 -1.283919 -1.280092
 -1.422650 -1.595640 -1.064206 -1.555207
 -1.369498 -1.293159 -1.416420 -1.474987
 -1.321018 -1.228365 -1.402265 -1.638215
 -1.722624 -1.435717 -1.124782 -1.351950
 -1.381164 -1.466183 -1.368940 -1.333577
 -1.253548 -1.481849 -1.462843 -1.363689
 -1.439228 -1.294844 -1.269715 -1.570040
 -1.769956 -1.292083 -1.283919 -1.280092
 -1.260045 -1.738576 -1.249540 -1.370612
 -1.263513 -1.534705 -1.330037 -1.438204
 -1.240588 -1.426430 -1.276175 -1.652771
 -1.606276 -1.619383 -1.160754 -1.244463
 -1.308231 -1.629647 -1.380091 -1.265324
 -1.213394 -1.660157 -1.299688 -1.426753
 -1.421447 -1.402062 -1.173405 -1.593394
 -1.688392 -1.497116 -1.233900 -1.203126
 -1.260045 -1.738576 -1.249540 -1.370612
 -1.263513 -1.534705 -1.330037 -1.438204
 -1.240588 -1.426430 -1.276175 -1.652771
 -1.606276 -1.619383 -1.160754 -1.244463
 -1.308231 -1.629647 -1.380091 -1.265324
 -1.213394 -1.660157 -1.299688 -1.426753
 -1.421447 -1.402062 -1.173405 -1.593394
 -1.688392 -1.497116 -1.233900 -1.203126
 -1.137336 -1.791164 -1.391631 -1.332213
 -1.185987 -1.555691 -1.764889 -1.163772
 -1.063858 -1.376895 -1.645148 -1.562873
 -1.546559 -1.596367 -1.289769 -1.174237
 -1.208042 -1.653416 -1.529218 -1.227179
 -1.175519 -1.619898 -1.695375 -1.171531
 -1.238299 -1.395142 -1.412653 -1.519465
 -1.644734 -1.500410 -1.337106 -1.135403
 -1.137336 -1.791164 -1.391631 -1.332213
 -1.185987 -1.555691 -1.764889 -1.163772
 -1.063858 -1.376895 -1.645148 -1.562873
 -1.546559 -1.596367 -1.289769 -1.174237
 -1.208042 -1.653416 -1.529218 -1.227179
 -1.175519 -1.619898 -1.695375 -1.171531
 -1.238299 -1.395142 -1.412653 -1.519465
 -1.644734 -1.500410 -1.337106 -1.135403
 -1.418384 -1.625617 -1.038484 -1.574486
 -1.384831 -1.303827 -1.436297 -1.425716
 -1.352042 -1.244163 -1.358303 -1.629591
 -1.722763 -1.446267 -1.101815 -1.371552
 -1.383302 -1.487794 -1.345039 -1.336169
 -1.246869 -1.484843 -1.468652 -1.363268
 -1.473546 -1.291316 -1.249771 -1.563465
 -1.787478 -1.296121 -1.239874 -1.310791
 -1.418384 -1.625617 -1.038484 -1.574486
 -1.384831 -1.303827 -1.436297 -1.425716
 -1.352042 -1.244163 -1.358303 -1.629591
 -1.722763 -1.446267 -1.101815 -1.371552
 -1.383302 -1.487794 -1.345039 -1.336169
 -1.246869 -1.484843 -1.468652 -1.363268
 -1.473546 -1.291316 -1.249771 -1.563465
 -1.787478 -1.296121 -1.239874 -1.310791
 -1.227213 -1.752959 -1.233154 -1.417748
 -1.252752 -1.605636 -1.264607 -1.464599
 -1.207547 -1.472924 -1.237086 -1.706016
 -1.578822 -1.679269 -1.135843 -1.251341
 -1.283810 -1.631938 -1.394288 -1.274895
 -1.220722 -1.678589 -1.218597 -1.501925
 -1.402817 -1.401417 -1.170205 -1.621785
 -1.636889 -1.539816 -1.199935 -1.238629
 -1.227213 -1.752959 -1.233154 -1.417748
 -1.252752 -1.605636 -1.264607 -1.464599
 -1.207547 -1.472924 -1.237086 -1.706016
 -1.578822 -1.679269 -1.135843 -1.251341
 -1.283810 -1.631938 -1.394288 -1.274895
 -1.220722 -1.678589 -1.218597 -1.501925
 -1.402817 -1.401417 -1.170205 -1.621785
 -1.636889 -1.539816 -1.199935 -1.238629
 -1.187663 -1.872359 -1.274289 -1.340646
 -1.186809 -1.457703 -1.818602 -1.204694
 -1.041975 -1.452379 -1.522642 -1.634268
 -1.529753 -1.630334 -1.259734 -1.191329
 -1.220005 -1.761630 -1.391800 -1.257447
 -1.162178 -1.619902 -1.721577 -1.169591
 -1.228515 -1.525272 -1.263567 -1.574713
 -1.612577 -1.570209 -1.264510 -1.170385
 -1.187663 -1.872359 -1.274289 -1.340646
 -1.186809 -1.457703 -1.818602 -1.204694
 -1.041975 -1.452379 -1.522642 -1.634268
 -1.529753 -1.630334 -1.259734 -1.191329
 -1.220005 -1.761630 -1.391800 -1.257447
 -1.162178 -1.619902 -1.721577 -1.169591
 -1.228515 -1.525272 -1.263567 -1.574713
 -1.612577 -1.570209 -1.264510 -1.170385
 -1.558051 -1.558618 -0.912406 -1.728950
 -1.324081 -1.175059 -1.448623 -1.659372
 -1.422607 -1.198293 -1.271787 -1.732305
 -1.854952 -1.374153 -0.992303 -1.515203
 -1.413701 -1.390184 -1.243970 -1.516442
 -1.254303 -1.298220 -1.401010 -1.632910
 -1.482041 -1.291976 -1.172451 -1.668701
 -1.905540 -1.278267 -1.105281 -1.420388
 -1.558051 -1.558618 -0.912406 -1.728950
 -1.324081 -1.175059 -1.448623 -1.659372
 -1.422607 -1.198293 -1.271787 -1.732305
 -1.854952 -1.374153 -0.992303 -1.515203
 -1.413701 -1.390184 -1.243970 -1.516442
 -1.254303 -1.298220 -1.401010 -1.632910
 -1.482041 -1.291976 -1.172451 -1.668701
 -1.905540 -1.278267 -1.105281 -1.420388
 -0.965672 -19.968010 -0.899388 -1.549030
 -0.809887 -20.078108 -1.034060 -1.611785
 -0.856936 -20.325426 -0.854344 -1.897274
 -1.302296 -19.773005 -0.852822 -1.197716
 -0.967443 -19.729797 -1.044370 -1.316645
 -0.690035 -20.030998 -1.131106 -1.738605
 -1.039635 -20.119337 -0.698319 -1.903838
 -1.374575 -19.773521 -0.861871 -1.124909
 -0.965672 -19.968010 -0.899388 -1.549030
 -0.809887 -20.078108 -1.034060 -1.611785
 -0.856936 -20.325426 -0.854344 -1.897274
 -1.302296 -19.773005 -0.852822 -1.197716
 -0.967443 -19.729797 -1.044370 -1.316645
 -0.690035 -20.030998 -1.131106 -1.738605
 -1.039635 -20.119337 -0.698319 -1.903838
 -1.374575 -19.773521 -0.861871 -1.124909
 0.000000 -20.497694 -20.497694 -20.497694
 -1.386294 -1.386294 -1.386294 -1.386294
 0.000000 -20.594603 -20.594603 -20.594603
 0.000000 -19.759045 -19.759045 -19.759045
 0.000000 -20.348383 -20.348383 -20.348383
 -1.386294 -1.386294 -1.386294 -1.386294
 0.000000 -20.331970 -20.331970 -20.331970
 0.000000 -19.890741 -19.890741 -19.890741
 0.000000 -20.497694 -20.497694 -20.497694
 -1.386294 -1.386294 -1.386294 -1.386294
 0.000000 -20.594603 -20.594603 -20.594603
 0.000000 -19.759045 -19.759045 -19.759045
 0.000000 -20.348383 -20.348383 -20.348383
 -1.386294 -1.386294 -1.386294 -1.386294
 0.000000 -20.331970 -20.331970 -20.331970
 0.000000 -19.890741 -19.890741 -19.890741
 -21.835413 -21.835413 0.000000 -21.835413
 -1.386294 -1.386294 -1.386294 -1.386294
 -1.386294 -1.386294 -1.386294 -1.386294
 -1.386294 -1.386294 -1.386294 -1.386294
 -20.520206 -20.520206 0.000000 -20.520206
 -1.386294 -1.386294 -1.386294 -1.386294
 -1.386294 -1.386294 -1.386294 -1.386294
 -1.386294 -1.386294 -1.386294 -1.386294
 -21.835413 -21.835413 0.000000 -21.835413
 -1.386294 -1.386294 -1.386294 -1.386294
 -1.386294 -1.386294 -1.386294 -1.386294
 -1.386294 -1.386294 -1.386294 -1.386294
 -20.520206 -20.520206 0.000000 -20.520206
 -1.386294 -1.386294 -1.386294 -1.386294
 -1.386294 -1.386294 -1.386294 -1.386294
 -1.386294 -1.386294 -1.386294 -1.386294
 -1.386294 -1.386294 -1.386294 -1.386294
 -1.386294 -1.386294 -1.386294 -1.386294
 -1.295913 -1.429513 -1.305786 -1.532628
 -1.386294 -1.386294 -1.386294 -1.386294
 -1.386294 -1.386294 -1.386294 -1.386294
 -1.386294 -1.386294 -1.386294 -1.386294
 -1.386294 -1.386294 -1.386294 -1.386294
 -1.386294 -1.386294 -1.386294 -1.386294
 -1.386294 -1.386294 -1.386294 -1.386294
 -1.386294 -1.386294 -1.386294 -1.386294
 -1.295913 -1.429513 -1.305786 -1.532628
 -1.386294 -1.386294 -1.386294 -1.386294
 -1.386294 -1.386294 -1.386294 -1.386294
 -1.386294 -1.386294 -1.386294 -1.386294
 -1.386294 -1.386294 -1.386294 -1.386294
 -1.386294 -1.386294 -1.386294 -1.386294
 -1.048095 -1.969357 -1.494038 -1.253919
 -1.155455 -1.664060 -1.947330 -1.041109
 -1.067674 -1.461999 -1.666199 -1.446230
 -1.383860 -1.832068 -1.437132 -1.044975
 -1.386294 -1.386294 -1.386294 -1.386294
 -1.386294 -1.386294 -1.386294 -1.386294
 -1.386294 -1.386294 -1.386294 -1.386294
 -1.386294 -1.386294 -1.386294 -1.386294
 -1.048095 -1.969357 -1.494038 -1.253919
 -1.155455 -1.664060 -1.947330 -1.041109
 -1.067674 -1.461999 -1.666199 -1.446230
 -1.383860 -1.832068 -1.437132 -1.044975
 -1.386294 -1.386294 -1.386294 -1.386294
 -1.386294 -1.386294 -1.386294 -1.386294
 -1.386294 -1.386294 -1.386294 -1.386294
 -1.386294 -1.386294 -1.386294 -1.386294
 -1.371137 -1.707955 -0.996629 -1.630540
 -1.404010 -1.387630 -1.252506 -1.518975
 -1.254998 -1.381541 -1.283418 -1.678553
 -1.635163 -1.551579 -1.062245 -1.396394
 -1.375108 -1.451936 -1.354343 -1.366672
 -1.241424 -1.449054 -1.483066 -1.389121
 -1.434229 -1.316673 -1.241902 -1.585520
 -1.721856 -1.287117 -1.305544 -1.293988
 -1.371137 -1.707955 -0.996629 -1.630540
 -1.404010 -1.387630 -1.252506 -1.518975
 -1.254998 -1.381541 -1.283418 -1.678553
 -1.635163 -1.551579 -1.062245 -1.396394
 -1.375108 -1.451936 -1.354343 -1.366672
 -1.241424 -1.449054 -1.483066 -1.389121
 -1.434229 -1.316673 -1.241902 -1.585520
 -1.721856 -1.287117 -1.305544 -1.293988
 -2.815905 0.000100 0.000100 0.000100
 -2.767167 0.000100 0.000100 0.000100
 -2.679133 0.000100 0.000100 0.000100
 -2.851983 0.000100 0.000100 0.000100
 -2.966859 0.000100 0.000100 0.000100
 -2.747557 0.000100 0.000100 0.000100
 -2.679719 0.000100 0.000100 0.000100
 -2.705664 0.000100 0.000100 0.000100
 -2.815905 0.000100 0.000100 0.000100
 -2.767167 0.000100 0.000100 0.000100
 -2.679133 0.000100 0.000100 0.000100
 -2.851983 0.000100 0.000100 0.000100
 -2.966859 0.000100 0.000100 0.000100
 -2.747557 0.000100 0.000100 0.000100
 -2.679719 0.000100 0.000100 0.000100
 -2.705664 0.000100 0.000100 0.000100
 -1.257659 -1.739479 -1.288212 -1.330648
 -1.289028 -1.480631 -1.338758 -1.449036
 -1.257791 -1.373699 -1.326053 -1.624416
 -1.615384 -1.617419 -1.171657 -1.227848
 -1.329144 -1.616668 -1.439072 -1.205342
 -1.248212 -1.619624 -1.306619 -1.409459
 -1.448887 -1.347260 -1.223235 -1.556181
 -1.727944 -1.468389 -1.260181 -1.176190
 -1.257659 -1.739479 -1.288212 -1.330648
 -1.289028 -1.480631 -1.338758 -1.449036
 -1.257791 -1.373699 -1.326053 -1.624416
 -1.615384 -1.617419 -1.171657 -1.227848
 -1.329144 -1.616668 -1.439072 -1.205342
 -1.248212 -1.619624 -1.306619 -1.409459
 -1.448887 -1.347260 -1.223235 -1.556181
 -1.727944 -1.468389 -1.260181 -1.176190
 -1.171927 -1.764221 -1.393856 -1.306398
 -1.240382 -1.489993 -1.674950 -1.210546
 -1.153601 -1.347647 -1.566748 -1.532812
 -1.612661 -1.544034 -1.304601 -1.152504
 -1.258199 -1.638682 -1.521213 -1.193521
 -1.240008 -1.579498 -1.620042 -1.182050
 -1.307992 -1.367540 -1.376292 -1.503316
 -1.674765 -1.468177 -1.349281 -1.130487
 -1.171927 -1.764221 -1.393856 -1.306398
 -1.240382 -1.489993 -1.674950 -1.210546
 -1.153601 -1.347647 -1.566748 -1.532812
 -1.612661 -1.544034 -1.304601 -1.152504
 -1.258199 -1.638682 -1.521213 -1.193521
 -1.240008 -1.579498 -1.620042 -1.182050
 -1.307992 -1.367540 -1.376292 -1.503316
 -1.674765 -1.468177 -1.349281 -1.130487
 -1.456720 -1.589340 -1.092366 -1.480522
 -1.389771 -1.310395 -1.411256 -1.438356
 -1.372326 -1.197652 -1.405977 -1.612175
 -1.751956 -1.438939 -1.123008 -1.331478
 -1.422953 -1.457168 -1.401306 -1.273578
 -1.297572 -1.483606 -1.459281 -1.318321
 -1.495952 -1.282183 -1.277591 -1.514919
 -1.844142 -1.292074 -1.275274 -1.245545
 -1.456720 -1.589340 -1.092366 -1.480522
 -1.389771 -1.310395 -1.411256 -1.438356
 -1.372326 -1.197652 -1.405977 -1.612175
 -1.751956 -1.438939 -1.123008 -1.331478
 -1.422953 -1.457168 -1.401306 -1.273578
 -1.297572 -1.483606 -1.459281 -1.318321
 -1.495952 -1.282183 -1.277591 -1.514919
 -1.844142 -1.292074 -1.275274 -1.245545
 -1.253090 -1.762339 -1.276968 -1.332357
 -1.275818 -1.530059 -1.332793 -1.424890
 -1.259808 -1.378088 -1.331125 -1.609179
 -1.634111 -1.614826 -1.166082 -1.222939
 -1.328045 -1.603381 -1.454605 -1.202982
 -1.253161 -1.626250 -1.306494 -1.398504
 -1.441183 -1.359036 -1.232008 -1.538337
 -1.741429 -1.482264 -1.267369 -1.151899
 -1.253090 -1.762339 -1.276968 -1.332357
 -1.275818 -1.530059 -1.332793 -1.424890
 -1.259808 -1.378088 -1.331125 -1.609179
 -1.634111 -1.614826 -1.166082 -1.222939
 -1.328045 -1.603381 -1.454605 -1.202982
 -1.253161 -1.626250 -1.306494 -1.398504
 -1.441183 -1.359036 -1.232008 -1.538337
 -1.741429 -1.482264 -1.267369 -1.151899
 -1.175289 -1.772218 -1.392074 -1.299180
 -1.232979 -1.498907 -1.697538 -1.197100
 -1.148712 -1.339469 -1.600906 -1.517513
 -1.602374 -1.561479 -1.286078 -1.163458
 -1.255048 -1.630646 -1.537458 -1.190043
 -1.233031 -1.589235 -1.640401 -1.169223
 -1.327016 -1.361135 -1.376049 -1.488159
 -1.685267 -1.466878 -1.353021 -1.122385
 -1.175289 -1.772218 -1.392074 -1.299180
 -1.232979 -1.498907 -1.697538 -1.197100
 -1.148712 -1.339469 -1.600906 -1.517513
 -1.602374 -1.561479 -1.286078 -1.163458
 -1.255048 -1.630646 -1.537458 -1.190043
 -1.233031 -1.589235 -1.640401 -1.169223
 -1.327016 -1.361135 -1.376049 -1.488159
 -1.685267 -1.466878 -1.353021 -1.122385
 -1.435575 -1.582816 -1.097623 -1.500752
 -1.379090 -1.309762 -1.405779 -1.456149
 -1.368351 -1.200074 -1.414258 -1.603478
 -1.754975 -1.435131 -1.122593 -1.333438
 -1.426607 -1.443004 -1.420884 -1.265280
 -1.295334 -1.470075 -1.453833 -1.337076
 -1.497072 -1.266131 -1.286231 -1.523328
 -1.827883 -1.297714 -1.261963 -1.262332
 -1.435575 -1.582816 -1.097623 -1.500752
 -1.379090 -1.309762 -1.405779 -1.456149
 -1.368351 -1.200074 -1.414258 -1.603478
 -1.754975 -1.435131 -1.122593 -1.333438
 -1.426607 -1.443004 -1.420884 -1.265280
 -1.295334 -1.470075 -1.453833 -1.337076
 -1.497072 -1.266131 -1.286231 -1.523328
 -1.827883 -1.297714 -1.261963 -1.262332
 -1.248833 -1.754943 -1.292310 -1.325734
 -1.268372 -1.521940 -1.330450 -1.443650
 -1.238101 -1.409915 -1.325206 -1.608671
 -1.599324 -1.630047 -1.148083 -1.255960
 -1.308950 -1.618546 -1.441028 -1.220693
 -1.225382 -1.630708 -1.308733 -1.425445
 -1.441621 -1.384907 -1.211414 -1.535568
 -1.734732 -1.481360 -1.233017 -1.188059
 -1.248833 -1.754943 -1.292310 -1.325734
 -1.268372 -1.521940 -1.330450 -1.443650
 -1.238101 -1.409915 -1.325206 -1.608671
 -1.599324 -1.630047 -1.148083 -1.255960
 -1.308950 -1.618546 -1.441028 -1.220693
 -1.225382 -1.630708 -1.308733 -1.425445
 -1.441621 -1.384907 -1.211414 -1.535568
 -1.734732 -1.481360 -1.233017 -1.188059
 -1.175202 -1.782642 -1.391558 -1.293304
 -1.208257 -1.514882 -1.692530 -1.212694
 -1.161869 -1.335568 -1.598078 -1.505955
 -1.607992 -1.584541 -1.293231 -1.138541
 -1.248368 -1.645943 -1.529477 -1.192216
 -1.210004 -1.604698 -1.623718 -1.191750
 -1.308264 -1.377358 -1.378802 -1.489050
 -1.692453 -1.491657 -1.345392 -1.107162
 -1.175202 -1.782642 -1.391558 -1.293304
 -1.208257 -1.514882 -1.692530 -1.212694
 -1.161869 -1.335568 -1.598078 -1.505955
 -1.607992 -1.584541 -1.293231 -1.138541
 -1.248368 -1.645943 -1.529477 -1.192216
 -1.210004 -1.604698 -1.623718 -1.191750
 -1.308264 -1.377358 -1.378802 -1.489050
 -1.692453 -1.491657 -1.345392 -1.107162
 -1.412638 -1.595992 -1.107078 -1.499378
 -1.375193 -1.321568 -1.402855 -1.449880
 -1.350648 -1.220128 -1.403294 -1.609691
 -1.741906 -1.461075 -1.134242 -1.305041
 -1.405337 -1.454212 -1.402431 -1.290501
 -1.297171 -1.477175 -1.454433 -1.328472
 -1.478144 -1.285222 -1.271744 -1.537080
 -1.808490 -1.298548 -1.272189 -1.262474
 -1.412638 -1.595992 -1.107078 -1.499378
 -1.375193 -1.321568 -1.402855 -1.449880
 -1.350648 -1.220128 -1.403294 -1.609691
 -1.741906 -1.461075 -1.134242 -1.305041
 -1.405337 -1.454212 -1.402431 -1.290501
 -1.297171 -1.477175 -1.454433 -1.328472
 -1.478144 -1.285222 -1.271744 -1.537080
 -1.808490 -1.298548 -1.272189 -1.262474
 -1.260507 -1.761884 -1.265828 -1.336503
 -1.255708 -1.509703 -1.330943 -1.470014
 -1.239592 -1.409753 -1.302985 -1.636940
 -1.629890 -1.609643 -1.156768 -1.239293
 -1.319963 -1.600810 -1.428520 -1.232858
 -1.217756 -1.638196 -1.310934 -1.426250
 -1.440871 -1.366712 -1.189343 -1.590060
 -1.719005 -1.484507 -1.241116 -1.187181
 -1.260507 -1.761884 -1.265828 -1.336503
 -1.255708 -1.509703 -1.330943 -1.470014
 -1.239592 -1.409753 -1.302985 -1.636940
 -1.629890 -1.609643 -1.156768 -1.239293
 -1.319963 -1.600810 -1.428520 -1.232858
 -1.217756 -1.638196 -1.310934 -1.426250
 -1.440871 -1.366712 -1.189343 -1.590060
 -1.719005 -1.484507 -1.241116 -1.187181
 -1.151890 -1.799397 -1.380386 -1.320204
 -1.209512 -1.498001 -1.677720 -1.233466
 -1.102023 -1.371848 -1.604556 -1.545594
 -1.560827 -1.583721 -1.287153 -1.175152
 -1.228496 -1.682981 -1.521045 -1.194139
 -1.219971 -1.585971 -1.633062 -1.188487
 -1.257518 -1.407295 -1.392800 -1.503019
 -1.660405 -1.501000 -1.337407 -1.125453
 -1.151890 -1.799397 -1.380386 -1.320204
 -1.209512 -1.498001 -1.677720 -1.233466
 -1.102023 -1.371848 -1.604556 -1.545594
 -1.560827 -1.583721 -1.287153 -1.175152
 -1.228496 -1.682981 -1.521045 -1.194139
 -1.219971 -1.585971 -1.633062 -1.188487
 -1.257518 -1.407295 -1.392800 -1.503019
 -1.660405 -1.501000 -1.337407 -1.125453
 -1.457715 -1.625530 -1.050010 -1.511899
 -1.376944 -1.316917 -1.399313 -1.457039
 -1.345215 -1.235985 -1.377625 -1.625612
 -1.745197 -1.446729 -1.111960 -1.342710
 -1.417760 -1.473891 -1.386863 -1.277068
 -1.290902 -1.471375 -1.448692 -1.345189
 -1.482911 -1.288390 -1.263124 -1.539258
 -1.814083 -1.314605 -1.261172 -1.254879
 -1.457715 -1.625530 -1.050010 -1.511899
 -1.376944 -1.316917 -1.399313 -1.457039
 -1.345215 -1.235985 -1.377625 -1.625612
 -1.745197 -1.446729 -1.111960 -1.342710
 -1.417760 -1.473891 -1.386863 -1.277068
 -1.290902 -1.471375 -1.448692 -1.345189
 -1.482911 -1.288390 -1.263124 -1.539258
 -1.814083 -1.314605 -1.261172 -1.254879
 -1.241304 -1.767420 -1.272575 -1.346648
 -1.251216 -1.520600 -1.332807 -1.463059
 -1.239681 -1.414645 -1.294798 -1.642175
 -1.607507 -1.657290 -1.151238 -1.228561
 -1.278514 -1.634789 -1.431445 -1.246212
 -1.201337 -1.643643 -1.311200 -1.442074
 -1.413674 -1.377835 -1.201728 -1.589860
 -1.689361 -1.518485 -1.227694 -1.192862
 -1.241304 -1.767420 -1.272575 -1.346648
 -1.251216 -1.520600 -1.332807 -1.463059
 -1.239681 -1.414645 -1.294798 -1.642175
 -1.607507 -1.657290 -1.151238 -1.228561
 -1.278514 -1.634789 -1.431445 -1.246212
 -1.201337 -1.643643 -1.311200 -1.442074
 -1.413674 -1.377835 -1.201728 -1.589860
 -1.689361 -1.518485 -1.227694 -1.192862
 -1.150593 -1.824245 -1.351101 -1.334627
 -1.223859 -1.514454 -1.679716 -1.205467
 -1.095160 -1.374529 -1.588849 -1.568320
 -1.583595 -1.603751 -1.260888 -1.170470
 -1.209809 -1.664626 -1.503014 -1.237786
 -1.192359 -1.610542 -1.619442 -1.208292
 -1.246709 -1.410600 -1.383946 -1.523416
 -1.657553 -1.497438 -1.320263 -1.143732
 -1.150593 -1.824245 -1.351101 -1.334627
 -1.223859 -1.514454 -1.679716 -1.205467
 -1.095160 -1.374529 -1.588849 -1.568320
 -1.583595 -1.603751 -1.260888 -1.170470
 -1.209809 -1.664626 -1.503014 -1.237786
 -1.192359 -1.610542 -1.619442 -1.208292
 -1.246709 -1.410600 -1.383946 -1.523416
 -1.657553 -1.497438 -1.320263 -1.143732
 -1.422650 -1.595640 -1.064206 -1.555207
 -1.369498 -1.293159 -1.416420 -1.474987
 -1.321018 -1.228365 -1.402265 -1.638215
 -1.722624 -1.435717 -1.124782 -1.351950
 -1.381164 -1.466183 -1.368940 -1.333577
 -1.253548 -1.481849 -1.462843 -1.363689
 -1.439228 -1.294844 -1.269715 -1.570040
 -1.769956 -1.292083 -1.283919 -1.280092
 -1.422650 -1.595640 -1.064206 -1.555207
 -1.369498 -1.293159 -1.416420 -1.474987
 -1.321018 -1.228365 -1.402265 -1.638215
 -1.722624 -1.435717 -1.124782 -1.351950
 -1.381164 -1.466183 -1.368940 -1.333577
 -1.253548 -1.481849 -1.462843 -1.363689
 -1.439228 -1.294844 -1.269715 -1.570040
 -1.769956 -1.292083 -1.283919 -1.280092
 -1.260045 -1.738576 -1.249540 -1.370612
 -1.263513 -1.534705 -1.330037 -1.438204
 -1.240588 -1.426430 -1.276175 -1.652771
 -1.606276 -1.619383 -1.160754 -1.244463
 -1.308231 -1.629647 -1.380091 -1.265324
 -1.213394 -1.660157 -1.299688 -1.426753
 -1.421447 -1.402062 -1.173405 -1.593394
 -1.688392 -1.497116 -1.233900 -1.203126
 -1.260045 -1.738576 -1.249540 -1.370612
 -1.263513 -1.534705 -1.330037 -1.438204
 -1.240588 -1.426430 -1.276175 -1.652771
 -1.606276 -1.619383 -1.160754 -1.244463
 -1.308231 -1.629647 -1.380091 -1.265324
 -1.213394 -1.660157 -1.299688 -1.426753
 -1.421447 -1.402062 -1.173405 -1.593394
 -1.688392 -1.497116 -1.233900 -1.203126
 -1.137336 -1.791164 -1.391631 -1.332213
 -1.185987 -1.555691 -1.764889 -1.163772
 -1.063858 -1.376895 -1.645148 -1.562873
 -1.546559 -1.596367 -1.289769 -1.174237
 -1.208042 -1.653416 -1.529218 -1.227179
 -1.175519 -1.619898 -1.695375 -1.171531
 -1.238299 -1.395142 -1.412653 -1.519465
 -1.644734 -1.500410 -1.337106 -1.135403
 -1.137336 -1.791164 -1.391631 -1.332213
 -1.185987 -1.555691 -1.764889 -1.163772
 -1.063858 -1.376895 -1.645148 -1.562873
 -1.546559 -1.596367 -1.289769 -1.174237
 -1.208042 -1.653416 -1.529218 -1.227179
 -1.175519 -1.619898 -1.695375 -1.171531
 -1.238299 -1.395142 -1.412653 -1.519465
 -1.644734 -1.500410 -1.337106 -1.135403
 -1.418384 -1.625617 -1.038484 -1.574486
 -1.384831 -1.303827 -1.436297 -1.425716
 -1.352042 -1.244163 -1.358303 -1.629591
 -1.722763 -1.446267 -1.101815 -1.371552
 -1.383302 -1.487794 -1.345039 -1.336169
 -1.246869 -1.484843 -1.468652 -1.363268
 -1.473546 -1.291316 -1.249771 -1.563465
 -1.787478 -1.296121 -1.239874 -1.310791
 -1.418384 -1.625617 -1.038484 -1.574486
 -1.384831 -1.303827 -1.436297 -1.425716
 -1.352042 -1.244163 -1.358303 -1.629591
 -1.722763 -1.446267 -1.101815 -1.371552
 -1.383302 -1.487794 -1.345039 -1.336169
 -1.246869 -1.484843 -1.468652 -1.363268
 -1.473546 -1.291316 -1.249771 -1.563465
 -1.787478 -1.296121 -1.239874 -1.310791
 -1.227213 -1.752959 -1.233154 -1.417748
 -1.252752 -1.605636 -1.264607 -1.464599
 -1.207547 -1.472924 -1.237086 -1.706016
 -1.578822 -1.679269 -1.135843 -1.251341
 -1.283810 -1.631938 -1.394288 -1.274895
 -1.220722 -1.678589 -1.218597 -1.501925
 -1.402817 -1.401417 -1.170205 -1.621785
 -1.636889 -1.539816 -1.199935 -1.238629
 -1.227213 -1.752959 -1.233154 -1.417748
 -1.252752 -1.605636 -1.264607 -1.464599
 -1.207547 -1.472924 -1.237086 -1.706016
 -1.578822 -1.679269 -1.135843 -1.251341
 -1.283810 -1.631938 -1.394288 -1.274895
 -1.220722 -1.678589 -1.218597 -1.501925
 -1.402817 -1.401417 -1.170205 -1.621785
 -1.636889 -1.539816 -1.199935 -1.238629
 -1.187663 -1.872359 -1.274289 -1.340646
 -1.186809 -1.457703 -1.818602 -1.204694
 -1.041975 -1.452379 -1.522642 -1.634268
 -1.529753 -1.630334 -1.259734 -1.191329
 -1.220005 -1.761630 -1.391800 -1.257447
 -1.162178 -1.619902 -1.721577 -1.169591
 -1.228515 -1.525272 -1.263567 -1.574713
 -1.612577 -1.570209 -1.264510 -1.170385
 -1.187663 -1.872359 -1.274289 -1.340646
 -1.186809 -1.457703 -1.818602 -1.204694
 -1.041975 -1.452379 -1.522642 -1.634268
 -1.529753 -1.630334 -1.259734 -1.191329
 -1.220005 -1.761630 -1.391800 -1.257447
 -1.162178 -1.619902 -1.721577 -1.169591
 -1.228515 -1.525272 -1.263567 -1.574713
 -1.612577 -1.570209 -1.264510 -1.170385
 -1.558051 -1.558618 -0.912406 -1.728950
 -1.324081 -1.175059 -1.448623 -1.659372
 -1.422607 -1.198293 -1.271787 -1.732305
 -1.854952 -1.374153 -0.992303 -1.515203
 -1.413701 -1.390184 -1.243970 -1.516442
 -1.254303 -1.298220 -1.401010 -1.632910
 -1.482041 -1.291976 -1.172451 -1.668701
 -1.905540 -1.278267 -1.105281 -1.420388
 -1.558051 -1.558618 -0.912406 -1.728950
 -1.324081 -1.175059 -1.448623 -1.659372
 -1.422607 -1.198293 -1.271787 -1.732305
 -1.854952 -1.374153 -0.992303 -1.515203
 -1.413701 -1.390184 -1.243970 -1.516442
 -1.254303 -1.298220 -1.401010 -1.632910
 -1.482041 -1.291976 -1.172451 -1.668701
 -1.905540 -1.278267 -1.105281 -1.420388
 -0.965672 -19.968010 -0.899388 -1.549030
 -0.809887 -20.078108 -1.034060 -1.611785
 -0.856936 -20.325426 -0.854344 -1.897274
 -1.302296 -19.773005 -0.852822 -1.197716
 -0.967443 -19.729797 -1.044370 -1.316645
 -0.690035 -20.030998 -1.131106 -1.738605
 -1.039635 -20.119337 -0.698319 -1.903838
 -1.374575 -19.773521 -0.861871 -1.124909
 -0.965672 -19.968010 -0.899388 -1.549030
 -0.809887 -20.078108 -1.034060 -1.611785
 -0.856936 -20.325426 -0.854344 -1.897274
 -1.302296 -19.773005 -0.852822 -1.197716
 -0.967443 -19.729797 -1.044370 -1.316645
 -0.690035 -20.030998 -1.131106 -1.738605
 -1.039635 -20.119337 -0.698319 -1.903838
 -1.374575 -19.773521 -0.861871 -1.124909
 0.000000 -20.497694 -20.497694 -20.497694
 -1.386294 -1.386294 -1.386294 -1.386294
 0.000000 -20.594603 -20.594603 -20.594603
 0.000000 -19.759045 -19.759045 -19.759045
 0.000000 -20.348383 -20.348383 -20.348383
 -1.386294 -1.386294 -1.386294 -1.386294
 0.000000 -20.331970 -20.331970 -20.331970
 0.000000 -19.890741 -19.890741 -19.890741
 0.000000 -20.497694 -20.497694 -20.497694
 -1.386294 -1.386294 -1.386294 -1.386294
 0.000000 -20.594603 -20.594603 -20.594603
 0.000000 -19.759045 -19.759045 -19.759045
 0.000000 -20.348383 -20.348383 -20.348383
 -1.386294 -1.386294 -1.386294 -1.386294
 0.000000 -20.331970 -20.331970 -20.331970
 0.000000 -19.890741 -19.890741 -19.890741
 -21.835413 -21.835413 0.000000 -21.835413
 -1.386294 -1.386294 -1.386294 -1.386294
 -1.386294 -1.386294 -1.386294 -1.386294
 -1.386294 -1.386294 -1.386294 -1.386294
 -20.520206 -20.520206 0.000000 -20.520206
 -1.386294 -1.386294 -1.386294 -1.386294
 -1.386294 -1.386294 -1.386294 -1.386294
 -1.386294 -1.386294 -1.386294 -1.386294
 -21.835413 -21.835413 0.000000 -21.835413
 -1.386294 -1.386294 -1.386294 -1.386294
 -1.386294 -1.386294 -1.386294 -1.386294
 -1.386294 -1.386294 -1.386294 -1.386294
 -20.520206 -20.520206 0.000000 -20.520206
 -1.386294 -1.386294 -1.386294 -1.386294
 -1.386294 -1.386294 -1.386294 -1.386294
 -1.386294 -1.386294 -1.386294 -1.386294
 -1.386294 -1.386294 -1.386294 -1.386294
 -1.386294 -1.386294 -1.386294 -1.386294
 -1.295913 -1.429513 -1.305786 -1.532628
 -1.386294 -1.386294 -1.386294 -1.386294
 -1.386294 -1.386294 -1.386294 -1.386294
 -1.386294 -1.386294 -1.386294 -1.386294
 -1.386294 -1.386294 -1.386294 -1.386294
 -1.386294 -1.386294 -1.386294 -1.386294
 -1.386294 -1.386294 -1.386294 -1.386294
 -1.386294 -1.386294 -1.386294 -1.386294
 -1.295913 -1.429513 -1.305786 -1.532628
 -1.386294 -1.386294 -1.386294 -1.386294
 -1.386294 -1.386294 -1.386294 -1.386294
 -1.386294 -1.386294 -1.386294 -1.386294
 -1.386294 -1.386294 -1.386294 -1.386294
 -1.386294 -1.386294 -1.386294 -1.386294
 -1.048095 -1.969357 -1.494038 -1.253919
 -1.155455 -1.664060 -1.947330 -1.041109
 -1.067674 -1.461999 -1.666199 -1.446230
 -1.383860 -1.832068 -1.437132 -1.044975
 -1.386294 -1.386294 -1.386294 -1.386294
 -1.386294 -1.386294 -1.386294 -1.386294
 -1.386294 -1.386294 -1.386294 -1.386294
 -1.386294 -1.386294 -1.386294 -1.386294
 -1.048095 -1.969357 -1.494038 -1.253919
 -1.155455 -1.664060 -1.947330 -1.041109
 -1.067674 -1.461999 -1.666199 -1.446230
 -1.383860 -1.832068 -1.437132 -1.044975
 -1.386294 -1.386294 -1.386294 -1.386294
 -1.386294 -1.386294 -1.386294 -1.386294
 -1.386294 -1.386294 -1.386294 -1.386294
 -1.386294 -1.386294 -1.386294 -1.386294
 -1.371137 -1.707955 -0.996629 -1.630540
 -1.404010 -1.387630 -1.252506 -1.518975
 -1.254998 -1.381541 -1.283418 -1.678553
 -1.635163 -1.551579 -1.062245 -1.396394
 -1.375108 -1.451936 -1.354343 -1.366672
 -1.241424 -1.449054 -1.483066 -1.389121
 -1.434229 -1.316673 -1.241902 -1.585520
 -1.721856 -1.287117 -1.305544 -1.293988
 -1.371137 -1.707955 -0.996629 -1.630540
 -1.404010 -1.387630 -1.252506 -1.518975
 -1.254998 -1.381541 -1.283418 -1.678553
 -1.635163 -1.551579 -1.062245 -1.396394
 -1.375108 -1.451936 -1.354343 -1.366672
 -1.241424 -1.449054 -1.483066 -1.389121
 -1.434229 -1.316673 -1.241902 -1.585520
 -1.721856 -1.287117 -1.305544 -1.293988
