 -2.918237 0.000100 0.000100 0.000100
 -2.553175 0.000100 0.000100 0.000100
 -2.587878 0.000100 0.000100 0.000100
 -2.995090 0.000100 0.000100 0.000100
 -3.198031 0.000100 0.000100 0.000100
 -2.617413 0.000100 0.000100 0.000100
 -2.595278 0.000100 0.000100 0.000100
 -2.910171 0.000100 0.000100 0.000100
 -2.918237 0.000100 0.000100 0.000100
 -2.553175 0.000100 0.000100 0.000100
 -2.587878 0.000100 0.000100 0.000100
 -2.995090 0.000100 0.000100 0.000100
 -3.198031 0.000100 0.000100 0.000100
 -2.617413 0.000100 0.000100 0.000100
 -2.595278 0.000100 0.000100 0.000100
 -2.910171 0.000100 0.000100 0.000100
 -1.547670 -1.460236 -1.062553 -1.563016
 -1.514060 -1.266348 -1.146204 -1.713217
 -1.487911 -1.138998 -1.243685 -1.797597
 -2.004750 -1.322485 -0.985700 -1.488744
 -1.482176 -1.288390 -1.358124 -1.427116
 -1.413027 -1.505877 -1.065591 -1.659428
 -1.683666 -1.154897 -1.176215 -1.656666
 -2.055624 -1.081618 -1.214924 -1.443043
 -1.547670 -1.460236 -1.062553 -1.563016
 -1.514060 -1.266348 -1.146204 -1.713217
 -1.487911 -1.138998 -1.243685 -1.797597
 -2.004750 -1.322485 -0.985700 -1.488744
 -1.482176 -1.288390 -1.358124 -1.427116
 -1.413027 -1.505877 -1.065591 -1.659428
 -1.683666 -1.154897 -1.176215 -1.656666
 -2.055624 -1.081618 -1.214924 -1.443043
 -1.336132 -1.578272 -1.287854 -1.366702
 -1.364866 -1.368072 -1.376130 -1.437867
 -1.250593 -1.215359 -1.505263 -1.634229
 -1.701398 -1.393028 -1.181251 -1.338056
 -1.273995 -1.493925 -1.457175 -1.335962
 -1.317385 -1.616555 -1.320505 -1.322069
 -1.506146 -1.286736 -1.181500 -1.633485
 -1.753832 -1.282616 -1.349447 -1.237198
 -1.336132 -1.578272 -1.287854 -1.366702
 -1.364866 -1.368072 -1.376130 -1.437867
 -1.250593 -1.215359 -1.505263 -1.634229
 -1.701398 -1.393028 -1.181251 -1.338056
 -1.273995 -1.493925 -1.457175 -1.335962
 -1.317385 -1.616555 -1.320505 -1.322069
 -1.506146 -1.286736 -1.181500 -1.633485
 -1.753832 -1.282616 -1.349447 -1.237198
 -1.596479 -1.381091 -1.027708 -1.669927
 -1.641356 -1.193268 -1.243426 -1.538701
 -1.476551 -1.012675 -1.393620 -1.831616
 -2.141862 -1.198858 -1.011729 -1.525851
 -1.505679 -1.294141 -1.213799 -1.575359
 -1.510092 -1.361127 -1.181407 -1.532977
 -1.535362 -1.219379 -1.157412 -1.743483
 -2.083138 -1.032576 -1.256691 -1.449112
 -1.596479 -1.381091 -1.027708 -1.669927
 -1.641356 -1.193268 -1.243426 -1.538701
 -1.476551 -1.012675 -1.393620 -1.831616
 -2.141862 -1.198858 -1.011729 -1.525851
 -1.505679 -1.294141 -1.213799 -1.575359
 -1.510092 -1.361127 -1.181407 -1.532977
 -1.535362 -1.219379 -1.157412 -1.743483
 -2.083138 -1.032576 -1.256691 -1.449112
 -1.512832 -1.447844 -1.079773 -1.584913
 -1.592245 -1.269668 -1.123189 -1.658806
 -1.401846 -1.143252 -1.272912 -1.863930
 -2.015219 -1.300969 -0.958548 -1.555936
 -1.384131 -1.325372 -1.404510 -1.434363
 -1.439064 -1.419552 -1.106824 -1.658520
 -1.747759 -1.114892 -1.164151 -1.683635
 -2.142222 -1.100229 -1.153398 -1.451372
 -1.512832 -1.447844 -1.079773 -1.584913
 -1.592245 -1.269668 -1.123189 -1.658806
 -1.401846 -1.143252 -1.272912 -1.863930
 -2.015219 -1.300969 -0.958548 -1.555936
 -1.384131 -1.325372 -1.404510 -1.434363
 -1.439064 -1.419552 -1.106824 -1.658520
 -1.747759 -1.114892 -1.164151 -1.683635
 -2.142222 -1.100229 -1.153398 -1.451372
 -1.319620 -1.645350 -1.251962 -1.370914
 -1.343072 -1.432303 -1.353800 -1.419058
 -1.245112 -1.268643 -1.469625 -1.605115
 -1.821331 -1.331412 -1.181293 -1.319743
 -1.335257 -1.495494 -1.445483 -1.283235
 -1.354702 -1.613196 -1.241777 -1.370989
 -1.482991 -1.263212 -1.261988 -1.574036
 -1.812521 -1.363720 -1.191870 -1.282305
 -1.319620 -1.645350 -1.251962 -1.370914
 -1.343072 -1.432303 -1.353800 -1.419058
 -1.245112 -1.268643 -1.469625 -1.605115
 -1.821331 -1.331412 -1.181293 -1.319743
 -1.335257 -1.495494 -1.445483 -1.283235
 -1.354702 -1.613196 -1.241777 -1.370989
 -1.482991 -1.263212 -1.261988 -1.574036
 -1.812521 -1.363720 -1.191870 -1.282305
 -1.531204 -1.383687 -1.079219 -1.643970
 -1.660684 -1.165473 -1.227440 -1.583897
 -1.438387 -1.009434 -1.477535 -1.771574
 -2.003564 -1.209109 -0.981325 -1.650942
 -1.557047 -1.423191 -1.210581 -1.385197
 -1.524521 -1.508184 -1.184693 -1.366010
 -1.674399 -1.113497 -1.193754 -1.708766
 -2.132364 -1.059103 -1.229603 -1.417711
 -1.531204 -1.383687 -1.079219 -1.643970
 -1.660684 -1.165473 -1.227440 -1.583897
 -1.438387 -1.009434 -1.477535 -1.771574
 -2.003564 -1.209109 -0.981325 -1.650942
 -1.557047 -1.423191 -1.210581 -1.385197
 -1.524521 -1.508184 -1.184693 -1.366010
 -1.674399 -1.113497 -1.193754 -1.708766
 -2.132364 -1.059103 -1.229603 -1.417711
 -1.504077 -1.461718 -1.053186 -1.623966
 -1.549730 -1.293854 -1.115465 -1.683517
 -1.419552 -1.121059 -1.304097 -1.827435
 -2.030126 -1.238055 -1.008121 -1.542578
 -1.493595 -1.294691 -1.383392 -1.383392
 -1.436460 -1.445000 -1.089355 -1.660455
 -1.610958 -1.164518 -1.135740 -1.789484
 -2.065575 -1.055516 -1.249011 -1.433582
 -1.504077 -1.461718 -1.053186 -1.623966
 -1.549730 -1.293854 -1.115465 -1.683517
 -1.419552 -1.121059 -1.304097 -1.827435
 -2.030126 -1.238055 -1.008121 -1.542578
 -1.493595 -1.294691 -1.383392 -1.383392
 -1.436460 -1.445000 -1.089355 -1.660455
 -1.610958 -1.164518 -1.135740 -1.789484
 -2.065575 -1.055516 -1.249011 -1.433582
 -1.296438 -1.576338 -1.300352 -1.397036
 -1.327338 -1.418383 -1.382254 -1.420056
 -1.321166 -1.236369 -1.435084 -1.586484
 -1.773422 -1.390772 -1.174833 -1.300134
 -1.274121 -1.511250 -1.430125 -1.345497
 -1.349461 -1.586059 -1.237987 -1.402742
 -1.500758 -1.224126 -1.260493 -1.611891
 -1.729907 -1.332970 -1.266694 -1.282856
 -1.296438 -1.576338 -1.300352 -1.397036
 -1.327338 -1.418383 -1.382254 -1.420056
 -1.321166 -1.236369 -1.435084 -1.586484
 -1.773422 -1.390772 -1.174833 -1.300134
 -1.274121 -1.511250 -1.430125 -1.345497
 -1.349461 -1.586059 -1.237987 -1.402742
 -1.500758 -1.224126 -1.260493 -1.611891
 -1.729907 -1.332970 -1.266694 -1.282856
 -1.707166 -1.323734 -1.056053 -1.586428
 -1.626830 -1.202537 -1.216988 -1.575536
 -1.427838 -1.052919 -1.401122 -1.802203
 -2.041626 -1.242923 -0.991023 -1.558525
 -1.505950 -1.305717 -1.224310 -1.545267
 -1.469920 -1.366562 -1.230029 -1.501526
 -1.546224 -1.168872 -1.217314 -1.713647
 -2.113050 -1.102871 -1.146482 -1.472019
 -1.707166 -1.323734 -1.056053 -1.586428
 -1.626830 -1.202537 -1.216988 -1.575536
 -1.427838 -1.052919 -1.401122 -1.802203
 -2.041626 -1.242923 -0.991023 -1.558525
 -1.505950 -1.305717 -1.224310 -1.545267
 -1.469920 -1.366562 -1.230029 -1.501526
 -1.546224 -1.168872 -1.217314 -1.713647
 -2.113050 -1.102871 -1.146482 -1.472019
 -1.567656 -1.366753 -1.071776 -1.639210
 -1.569678 -1.265735 -1.120844 -1.693627
 -1.524901 -1.101312 -1.259139 -1.795619
 -2.022751 -1.205778 -1.019449 -1.572834
 -1.556559 -1.260551 -1.368125 -1.382072
 -1.419246 -1.506715 -1.098207 -1.594557
 -1.643417 -1.174628 -1.138825 -1.728489
 -2.075596 -1.041913 -1.213373 -1.493675
 -1.567656 -1.366753 -1.071776 -1.639210
 -1.569678 -1.265735 -1.120844 -1.693627
 -1.524901 -1.101312 -1.259139 -1.795619
 -2.022751 -1.205778 -1.019449 -1.572834
 -1.556559 -1.260551 -1.368125 -1.382072
 -1.419246 -1.506715 -1.098207 -1.594557
 -1.643417 -1.174628 -1.138825 -1.728489
 -2.075596 -1.041913 -1.213373 -1.493675
 -1.326002 -1.670592 -1.170636 -1.443253
 -1.322146 -1.441575 -1.330956 -1.458186
 -1.188538 -1.277162 -1.448753 -1.705713
 -1.824303 -1.366782 -1.180041 -1.285625
 -1.255905 -1.593258 -1.460499 -1.273683
 -1.291358 -1.634439 -1.306442 -1.349927
 -1.407416 -1.244824 -1.216927 -1.765539
 -1.794639 -1.262587 -1.254490 -1.325501
 -1.326002 -1.670592 -1.170636 -1.443253
 -1.322146 -1.441575 -1.330956 -1.458186
 -1.188538 -1.277162 -1.448753 -1.705713
 -1.824303 -1.366782 -1.180041 -1.285625
 -1.255905 -1.593258 -1.460499 -1.273683
 -1.291358 -1.634439 -1.306442 -1.349927
 -1.407416 -1.244824 -1.216927 -1.765539
 -1.794639 -1.262587 -1.254490 -1.325501
 -1.546981 -1.455584 -1.020266 -1.643268
 -1.617680 -1.211449 -1.237827 -1.542423
 -1.401640 -1.069842 -1.420721 -1.776646
 -1.980039 -1.226971 -1.011739 -1.583914
 -1.539920 -1.362923 -1.159270 -1.532594
 -1.528273 -1.469698 -1.169512 -1.416437
 -1.481176 -1.217361 -1.210141 -1.723367
 -2.043608 -0.971827 -1.280747 -1.540757
 -1.546981 -1.455584 -1.020266 -1.643268
 -1.617680 -1.211449 -1.237827 -1.542423
 -1.401640 -1.069842 -1.420721 -1.776646
 -1.980039 -1.226971 -1.011739 -1.583914
 -1.539920 -1.362923 -1.159270 -1.532594
 -1.528273 -1.469698 -1.169512 -1.416437
 -1.481176 -1.217361 -1.210141 -1.723367
 -2.043608 -0.971827 -1.280747 -1.540757
 -1.500884 -1.500884 -1.112488 -1.489907
 -1.489086 -1.240869 -1.166373 -1.749887
 -1.547306 -0.997326 -1.345384 -1.845949
 -1.912205 -1.346892 -0.986361 -1.517464
 -1.379146 -1.379146 -1.342779 -1.446919
 -1.373328 -1.476722 -1.110097 -1.666932
 -1.700372 -1.142629 -1.126510 -1.747308
 -1.960039 -1.057386 -1.224000 -1.524486
 -1.500884 -1.500884 -1.112488 -1.489907
 -1.489086 -1.240869 -1.166373 -1.749887
 -1.547306 -0.997326 -1.345384 -1.845949
 -1.912205 -1.346892 -0.986361 -1.517464
 -1.379146 -1.379146 -1.342779 -1.446919
 -1.373328 -1.476722 -1.110097 -1.666932
 -1.700372 -1.142629 -1.126510 -1.747308
 -1.960039 -1.057386 -1.224000 -1.524486
 -1.337065 -1.672711 -1.233152 -1.353732
 -1.333700 -1.458960 -1.360211 -1.396689
 -1.242255 -1.222134 -1.520049 -1.619662
 -1.783331 -1.447373 -1.097404 -1.335606
 -1.334059 -1.517723 -1.440165 -1.271199
 -1.367791 -1.576456 -1.193838 -1.445752
 -1.455754 -1.190880 -1.291215 -1.671923
 -1.751154 -1.344536 -1.284182 -1.241713
 -1.337065 -1.672711 -1.233152 -1.353732
 -1.333700 -1.458960 -1.360211 -1.396689
 -1.242255 -1.222134 -1.520049 -1.619662
 -1.783331 -1.447373 -1.097404 -1.335606
 -1.334059 -1.517723 -1.440165 -1.271199
 -1.367791 -1.576456 -1.193838 -1.445752
 -1.455754 -1.190880 -1.291215 -1.671923
 -1.751154 -1.344536 -1.284182 -1.241713
 -1.576257 -1.482470 -0.930228 -1.761932
 -1.609005 -1.256886 -1.166708 -1.589712
 -1.342922 -1.105283 -1.377468 -1.860562
 -2.067369 -1.190235 -0.943739 -1.713899
 -1.403147 -1.405343 -1.194138 -1.580219
 -1.345911 -1.513511 -1.166600 -1.569555
 -1.492258 -1.202722 -1.129110 -1.887570
 -2.037354 -1.067454 -1.132726 -1.591647
 -1.576257 -1.482470 -0.930228 -1.761932
 -1.609005 -1.256886 -1.166708 -1.589712
 -1.342922 -1.105283 -1.377468 -1.860562
 -2.067369 -1.190235 -0.943739 -1.713899
 -1.403147 -1.405343 -1.194138 -1.580219
 -1.345911 -1.513511 -1.166600 -1.569555
 -1.492258 -1.202722 -1.129110 -1.887570
 -2.037354 -1.067454 -1.132726 -1.591647
 -1.549213 -1.398984 -1.030202 -1.693895
 -1.514759 -1.251538 -1.185215 -1.669220
 -1.501243 -1.036027 -1.317065 -1.868437
 -1.879197 -1.251759 -1.091937 -1.488460
 -1.432398 -1.252427 -1.382938 -1.493375
 -1.295828 -1.500554 -1.173168 -1.640223
 -1.610161 -1.110976 -1.155877 -1.857093
 -2.010087 -1.015834 -1.202164 -1.592681
 -1.549213 -1.398984 -1.030202 -1.693895
 -1.514759 -1.251538 -1.185215 -1.669220
 -1.501243 -1.036027 -1.317065 -1.868437
 -1.879197 -1.251759 -1.091937 -1.488460
 -1.432398 -1.252427 -1.382938 -1.493375
 -1.295828 -1.500554 -1.173168 -1.640223
 -1.610161 -1.110976 -1.155877 -1.857093
 -2.010087 -1.015834 -1.202164 -1.592681
 -1.341710 -1.660891 -1.184243 -1.416117
 -1.201048 -1.501269 -1.333245 -1.548090
 -1.207024 -1.264902 -1.427726 -1.721524
 -1.770469 -1.378728 -1.138644 -1.356367
 -1.258242 -1.534593 -1.388118 -1.383263
 -1.130475 -1.620095 -1.361860 -1.500330
 -1.397594 -1.244371 -1.282701 -1.674512
 -1.629615 -1.395072 -1.285438 -1.274215
 -1.341710 -1.660891 -1.184243 -1.416117
 -1.201048 -1.501269 -1.333245 -1.548090
 -1.207024 -1.264902 -1.427726 -1.721524
 -1.770469 -1.378728 -1.138644 -1.356367
 -1.258242 -1.534593 -1.388118 -1.383263
 -1.130475 -1.620095 -1.361860 -1.500330
 -1.397594 -1.244371 -1.282701 -1.674512
 -1.629615 -1.395072 -1.285438 -1.274215
 -1.188108 -1.359365 -0.824672 -17.001036
 -1.239118 -1.099965 -0.974244 -16.915604
 -1.067764 -1.033862 -1.201999 -16.977604
 -1.619226 -1.008629 -0.827297 -16.732201
 -1.166289 -1.251151 -0.910547 -16.892822
 -1.101280 -1.274032 -0.947129 -16.747770
 -1.428873 -1.017322 -0.919147 -16.941833
 -1.683350 -0.927807 -0.870291 -16.793589
 -1.188108 -1.359365 -0.824672 -17.001036
 -1.239118 -1.099965 -0.974244 -16.915604
 -1.067764 -1.033862 -1.201999 -16.977604
 -1.619226 -1.008629 -0.827297 -16.732201
 -1.166289 -1.251151 -0.910547 -16.892822
 -1.101280 -1.274032 -0.947129 -16.747770
 -1.428873 -1.017322 -0.919147 -16.941833
 -1.683350 -0.927807 -0.870291 -16.793589
 -1.572593 -1.492417 -0.987710 -1.633544
 -1.439292 -1.249499 -1.219929 -1.709232
 -1.523694 -1.081861 -1.217769 -1.915685
 -1.386294 -1.386294 -1.386294 -1.386294
 -1.495109 -1.438695 -1.214707 -1.419885
 -1.364075 -1.541796 -1.114203 -1.598449
 -1.698356 -1.217726 -1.035580 -1.795206
 -1.386294 -1.386294 -1.386294 -1.386294
 -1.572593 -1.492417 -0.987710 -1.633544
 -1.439292 -1.249499 -1.219929 -1.709232
 -1.523694 -1.081861 -1.217769 -1.915685
 -1.386294 -1.386294 -1.386294 -1.386294
 -1.495109 -1.438695 -1.214707 -1.419885
 -1.364075 -1.541796 -1.114203 -1.598449
 -1.698356 -1.217726 -1.035580 -1.795206
 -1.386294 -1.386294 -1.386294 -1.386294
 -0.815348 -1.527653 -1.077428 -16.986036
 -0.866577 -1.279764 -1.198955 -17.295828
 -0.960140 -1.064816 -1.300596 -17.455988
 -1.297040 -1.162189 -0.882229 -16.849503
 -0.841770 -1.371224 -1.154368 -16.442350
 -0.938820 -1.498436 -0.953392 -16.464520
 -1.024259 -1.090073 -1.188278 -16.677139
 -1.240283 -1.003725 -1.066573 -16.190416
 -0.815348 -1.527653 -1.077428 -16.986036
 -0.866577 -1.279764 -1.198955 -17.295828
 -0.960140 -1.064816 -1.300596 -17.455988
 -1.297040 -1.162189 -0.882229 -16.849503
 -0.841770 -1.371224 -1.154368 -16.442350
 -0.938820 -1.498436 -0.953392 -16.464520
 -1.024259 -1.090073 -1.188278 -16.677139
 -1.240283 -1.003725 -1.066573 -16.190416
 -1.711326 -1.502206 -0.951559 -1.557810
 -1.668935 -1.575717 -0.969105 -1.490452
 -1.601661 -1.183368 -1.124859 -1.786804
 -1.386294 -1.386294 -1.386294 -1.386294
 -1.813810 -1.299045 -1.113017 -1.445579
 -1.595396 -1.601954 -1.111063 -1.322529
 -1.770207 -1.277020 -1.028168 -1.644166
 -1.386294 -1.386294 -1.386294 -1.386294
 -1.711326 -1.502206 -0.951559 -1.557810
 -1.668935 -1.575717 -0.969105 -1.490452
 -1.601661 -1.183368 -1.124859 -1.786804
 -1.386294 -1.386294 -1.386294 -1.386294
 -1.813810 -1.299045 -1.113017 -1.445579
 -1.595396 -1.601954 -1.111063 -1.322529
 -1.770207 -1.277020 -1.028168 -1.644166
 -1.386294 -1.386294 -1.386294 -1.386294
 -16.891901 0.000000 -16.891901 -16.891901
 -17.289339 0.000000 -17.289339 -17.289339
 -17.567835 0.000000 -17.567835 -17.567835
 -17.014183 0.000000 -17.014183 -17.014183
 -16.098913 -0.000000 -16.098913 -16.098913
 -16.146683 -0.000000 -16.146683 -16.146683
 -16.703657 -0.000000 -16.703657 -16.703657
 -16.322668 -0.000000 -16.322668 -16.322668
 -16.891901 0.000000 -16.891901 -16.891901
 -17.289339 0.000000 -17.289339 -17.289339
 -17.567835 0.000000 -17.567835 -17.567835
 -17.014183 0.000000 -17.014183 -17.014183
 -16.098913 -0.000000 -16.098913 -16.098913
 -16.146683 -0.000000 -16.146683 -16.146683
 -16.703657 -0.000000 -16.703657 -16.703657
 -16.322668 -0.000000 -16.322668 -16.322668
 -1.386294 -1.386294 -1.386294 -1.386294
 0.000000 -18.338060 -18.338060 -18.338060
 -1.386294 -1.386294 -1.386294 -1.386294
 -1.386294 -1.386294 -1.386294 -1.386294
 -1.386294 -1.386294 -1.386294 -1.386294
 0.000000 -18.189001 -18.189001 -18.189001
 -1.386294 -1.386294 -1.386294 -1.386294
 -1.386294 -1.386294 -1.386294 -1.386294
 -1.386294 -1.386294 -1.386294 -1.386294
 0.000000 -18.338060 -18.338060 -18.338060
 -1.386294 -1.386294 -1.386294 -1.386294
 -1.386294 -1.386294 -1.386294 -1.386294
 -1.386294 -1.386294 -1.386294 -1.386294
 0.000000 -18.189001 -18.189001 -18.189001
 -1.386294 -1.386294 -1.386294 -1.386294
 -1.386294 -1.386294 -1.386294 -1.386294
 -1.386294 -1.386294 -1.386294 -1.386294
 -1.386294 -1.386294 -1.386294 -1.386294
 -1.386294 -1.386294 -1.386294 -1.386294
 -1.386294 -1.386294 -1.386294 -1.386294
 -18.959452 -18.959452 0.000000 -18.959452
 -1.386294 -1.386294 -1.386294 -1.386294
 -1.386294 -1.386294 -1.386294 -1.386294
 -1.386294 -1.386294 -1.386294 -1.386294
 -1.386294 -1.386294 -1.386294 -1.386294
 -1.386294 -1.386294 -1.386294 -1.386294
 -1.386294 -1.386294 -1.386294 -1.386294
 -1.386294 -1.386294 -1.386294 -1.386294
 -18.959452 -18.959452 0.000000 -18.959452
 -1.386294 -1.386294 -1.386294 -1.386294
 -1.386294 -1.386294 -1.386294 -1.386294
 -1.386294 -1.386294 -1.386294 -1.386294
 -1.386294 -1.386294 -1.386294 -1.386294
 -1.386294 -1.386294 -1.386294 -1.386294
 -18.959452 -18.959452 0.000000 -18.959452
 -1.386294 -1.386294 -1.386294 -1.386294
 -1.386294 -1.386294 -1.386294 -1.386294
 -1.386294 -1.386294 -1.386294 -1.386294
 -1.386294 -1.386294 -1.386294 -1.386294
 -1.386294 -1.386294 -1.386294 -1.386294
 -1.386294 -1.386294 -1.386294 -1.386294
 -1.386294 -1.386294 -1.386294 -1.386294
 -18.959452 -18.959452 0.000000 -18.959452
 -1.386294 -1.386294 -1.386294 -1.386294
 -1.386294 -1.386294 -1.386294 -1.386294
 -1.386294 -1.386294 -1.386294 -1.386294
 -1.386294 -1.386294 -1.386294 -1.386294
 -1.386294 -1.386294 -1.386294 -1.386294
 -1.386294 -1.386294 -1.386294 -1.386294
 -1.386294 -1.386294 -1.386294 -1.386294
 -1.253142 -1.434525 -1.474245 -1.397501
 -1.386294 -1.386294 -1.386294 -1.386294
 -1.386294 -1.386294 -1.386294 -1.386294
 -1.386294 -1.386294 -1.386294 -1.386294
 -1.386294 -1.386294 -1.386294 -1.386294
 -1.386294 -1.386294 -1.386294 -1.386294
 -1.386294 -1.386294 -1.386294 -1.386294
 -1.386294 -1.386294 -1.386294 -1.386294
 -1.253142 -1.434525 -1.474245 -1.397501
 -1.386294 -1.386294 -1.386294 -1.386294
 -1.386294 -1.386294 -1.386294 -1.386294
 -1.386294 -1.386294 -1.386294 -1.386294
 -1.386294 -1.386294 -1.386294 -1.386294
 -1.386294 -1.386294 -1.386294 -1.386294
 -1.374717 -1.656493 -1.044147 -1.588214
 -1.530130 -1.342919 -1.167815 -1.554173
 -1.300388 -1.170723 -1.475811 -1.666866
 -1.518579 -1.609910 -1.037058 -1.484677
 -1.386294 -1.386294 -1.386294 -1.386294
 -1.386294 -1.386294 -1.386294 -1.386294
 -1.386294 -1.386294 -1.386294 -1.386294
 -1.386294 -1.386294 -1.386294 -1.386294
 -1.374717 -1.656493 -1.044147 -1.588214
 -1.530130 -1.342919 -1.167815 -1.554173
 -1.300388 -1.170723 -1.475811 -1.666866
 -1.518579 -1.609910 -1.037058 -1.484677
 -1.386294 -1.386294 -1.386294 -1.386294
 -1.386294 -1.386294 -1.386294 -1.386294
 -1.386294 -1.386294 -1.386294 -1.386294
 -1.386294 -1.386294 -1.386294 -1.386294
 -2.918237 0.000100 0.000100 0.000100
 -2.553175 0.000100 0.000100 0.000100
 -2.587878 0.000100 0.000100 0.000100
 -2.995090 0.000100 0.000100 0.000100
 -3.198031 0.000100 0.000100 0.000100
 -2.617413 0.000100 0.000100 0.000100
 -2.595278 0.000100 0.000100 0.000100
 -2.910171 0.000100 0.000100 0.000100
 -2.918237 0.000100 0.000100 0.000100
 -2.553175 0.000100 0.000100 0.000100
 -2.587878 0.000100 0.000100 0.000100
 -2.995090 0.000100 0.000100 0.000100
 -3.198031 0.000100 0.000100 0.000100
 -2.617413 0.000100 0.000100 0.000100
 -2.595278 0.000100 0.000100 0.000100
 -2.910171 0.000100 0.000100 0.000100
 -1.547670 -1.460236 -1.062553 -1.563016
 -1.514060 -1.266348 -1.146204 -1.713217
 -1.487911 -1.138998 -1.243685 -1.797597
 -2.004750 -1.322485 -0.985700 -1.488744
 -1.482176 -1.288390 -1.358124 -1.427116
 -1.413027 -1.505877 -1.065591 -1.659428
 -1.683666 -1.154897 -1.176215 -1.656666
 -2.055624 -1.081618 -1.214924 -1.443043
 -1.547670 -1.460236 -1.062553 -1.563016
 -1.514060 -1.266348 -1.146204 -1.713217
 -1.487911 -1.138998 -1.243685 -1.797597
 -2.004750 -1.322485 -0.985700 -1.488744
 -1.482176 -1.288390 -1.358124 -1.427116
 -1.413027 -1.505877 -1.065591 -1.659428
 -1.683666 -1.154897 -1.176215 -1.656666
 -2.055624 -1.081618 -1.214924 -1.443043
 -1.336132 -1.578272 -1.287854 -1.366702
 -1.364866 -1.368072 -1.376130 -1.437867
 -1.250593 -1.215359 -1.505263 -1.634229
 -1.701398 -1.393028 -1.181251 -1.338056
 -1.273995 -1.493925 -1.457175 -1.335962
 -1.317385 -1.616555 -1.320505 -1.322069
 -1.506146 -1.286736 -1.181500 -1.633485
 -1.753832 -1.282616 -1.349447 -1.237198
 -1.336132 -1.578272 -1.287854 -1.366702
 -1.364866 -1.368072 -1.376130 -1.437867
 -1.250593 -1.215359 -1.505263 -1.634229
 -1.701398 -1.393028 -1.181251 -1.338056
 -1.273995 -1.493925 -1.457175 -1.335962
 -1.317385 -1.616555 -1.320505 -1.322069
 -1.506146 -1.286736 -1.181500 -1.633485
 -1.753832 -1.282616 -1.349447 -1.237198
 -1.596479 -1.381091 -1.027708 -1.669927
 -1.641356 -1.193268 -1.243426 -1.538701
 -1.476551 -1.012675 -1.393620 -1.831616
 -2.141862 -1.198858 -1.011729 -1.525851
 -1.505679 -1.294141 -1.213799 -1.575359
 -1.510092 -1.361127 -1.181407 -1.532977
 -1.535362 -1.219379 -1.157412 -1.743483
 -2.083138 -1.032576 -1.256691 -1.449112
 -1.596479 -1.381091 -1.027708 -1.669927
 -1.641356 -1.193268 -1.243426 -1.538701
 -1.476551 -1.012675 -1.393620 -1.831616
 -2.141862 -1.198858 -1.011729 -1.525851
 -1.505679 -1.294141 -1.213799 -1.575359
 -1.510092 -1.361127 -1.181407 -1.532977
 -1.535362 -1.219379 -1.157412 -1.743483
 -2.083138 -1.032576 -1.256691 -1.449112
 -1.512832 -1.447844 -1.079773 -1.584913
 -1.592245 -1.269668 -1.123189 -1.658806
 -1.401846 -1.143252 -1.272912 -1.863930
 -2.015219 -1.300969 -0.958548 -1.555936
 -1.384131 -1.325372 -1.404510 -1.434363
 -1.439064 -1.419552 -1.106824 -1.658520
 -1.747759 -1.114892 -1.164151 -1.683635
 -2.142222 -1.100229 -1.153398 -1.451372
 -1.512832 -1.447844 -1.079773 -1.584913
 -1.592245 -1.269668 -1.123189 -1.658806
 -1.401846 -1.143252 -1.272912 -1.863930
 -2.015219 -1.300969 -0.958548 -1.555936
 -1.384131 -1.325372 -1.404510 -1.434363
 -1.439064 -1.419552 -1.106824 -1.658520
 -1.747759 -1.114892 -1.164151 -1.683635
 -2.142222 -1.100229 -1.153398 -1.451372
 -1.319620 -1.645350 -1.251962 -1.370914
 -1.343072 -1.432303 -1.353800 -1.419058
 -1.245112 -1.268643 -1.469625 -1.605115
 -1.821331 -1.331412 -1.181293 -1.319743
 -1.335257 -1.495494 -1.445483 -1.283235
 -1.354702 -1.613196 -1.241777 -1.370989
 -1.482991 -1.263212 -1.261988 -1.574036
 -1.812521 -1.363720 -1.191870 -1.282305
 -1.319620 -1.645350 -1.251962 -1.370914
 -1.343072 -1.432303 -1.353800 -1.419058
 -1.245112 -1.268643 -1.469625 -1.605115
 -1.821331 -1.331412 -1.181293 -1.319743
 -1.335257 -1.495494 -1.445483 -1.283235
 -1.354702 -1.613196 -1.241777 -1.370989
 -1.482991 -1.263212 -1.261988 -1.574036
 -1.812521 -1.363720 -1.191870 -1.282305
 -1.531204 -1.383687 -1.079219 -1.643970
 -1.660684 -1.165473 -1.227440 -1.583897
 -1.438387 -1.009434 -1.477535 -1.771574
 -2.003564 -1.209109 -0.981325 -1.650942
 -1.557047 -1.423191 -1.210581 -1.385197
 -1.524521 -1.508184 -1.184693 -1.366010
 -1.674399 -1.113497 -1.193754 -1.708766
 -2.132364 -1.059103 -1.229603 -1.417711
 -1.531204 -1.383687 -1.079219 -1.643970
 -1.660684 -1.165473 -1.227440 -1.583897
 -1.438387 -1.009434 -1.477535 -1.771574
 -2.003564 -1.209109 -0.981325 -1.650942
 -1.557047 -1.423191 -1.210581 -1.385197
 -1.524521 -1.508184 -1.184693 -1.366010
 -1.674399 -1.113497 -1.193754 -1.708766
 -2.132364 -1.059103 -1.229603 -1.417711
 -1.504077 -1.461718 -1.053186 -1.623966
 -1.549730 -1.293854 -1.115465 -1.683517
 -1.419552 -1.121059 -1.304097 -1.827435
 -2.030126 -1.238055 -1.008121 -1.542578
 -1.493595 -1.294691 -1.383392 -1.383392
 -1.436460 -1.445000 -1.089355 -1.660455
 -1.610958 -1.164518 -1.135740 -1.789484
 -2.065575 -1.055516 -1.249011 -1.433582
 -1.504077 -1.461718 -1.053186 -1.623966
 -1.549730 -1.293854 -1.115465 -1.683517
 -1.419552 -1.121059 -1.304097 -1.827435
 -2.030126 -1.238055 -1.008121 -1.542578
 -1.493595 -1.294691 -1.383392 -1.383392
 -1.436460 -1.445000 -1.089355 -1.660455
 -1.610958 -1.164518 -1.135740 -1.789484
 -2.065575 -1.055516 -1.249011 -1.433582
 -1.296438 -1.576338 -1.300352 -1.397036
 -1.327338 -1.418383 -1.382254 -1.420056
 -1.321166 -1.236369 -1.435084 -1.586484
 -1.773422 -1.390772 -1.174833 -1.300134
 -1.274121 -1.511250 -1.430125 -1.345497
 -1.349461 -1.586059 -1.237987 -1.402742
 -1.500758 -1.224126 -1.260493 -1.611891
 -1.729907 -1.332970 -1.266694 -1.282856
 -1.296438 -1.576338 -1.300352 -1.397036
 -1.327338 -1.418383 -1.382254 -1.420056
 -1.321166 -1.236369 -1.435084 -1.586484
 -1.773422 -1.390772 -1.174833 -1.300134
 -1.274121 -1.511250 -1.430125 -1.345497
 -1.349461 -1.586059 -1.237987 -1.402742
 -1.500758 -1.224126 -1.260493 -1.611891
 -1.729907 -1.332970 -1.266694 -1.282856
 -1.707166 -1.323734 -1.056053 -1.586428
 -1.626830 -1.202537 -1.216988 -1.575536
 -1.427838 -1.052919 -1.401122 -1.802203
 -2.041626 -1.242923 -0.991023 -1.558525
 -1.505950 -1.305717 -1.224310 -1.545267
 -1.469920 -1.366562 -1.230029 -1.501526
 -1.546224 -1.168872 -1.217314 -1.713647
 -2.113050 -1.102871 -1.146482 -1.472019
 -1.707166 -1.323734 -1.056053 -1.586428
 -1.626830 -1.202537 -1.216988 -1.575536
 -1.427838 -1.052919 -1.401122 -1.802203
 -2.041626 -1.242923 -0.991023 -1.558525
 -1.505950 -1.305717 -1.224310 -1.545267
 -1.469920 -1.366562 -1.230029 -1.501526
 -1.546224 -1.168872 -1.217314 -1.713647
 -2.113050 -1.102871 -1.146482 -1.472019
 -1.567656 -1.366753 -1.071776 -1.639210
 -1.569678 -1.265735 -1.120844 -1.693627
 -1.524901 -1.101312 -1.259139 -1.795619
 -2.022751 -1.205778 -1.019449 -1.572834
 -1.556559 -1.260551 -1.368125 -1.382072
 -1.419246 -1.506715 -1.098207 -1.594557
 -1.643417 -1.174628 -1.138825 -1.728489
 -2.075596 -1.041913 -1.213373 -1.493675
 -1.567656 -1.366753 -1.071776 -1.639210
 -1.569678 -1.265735 -1.120844 -1.693627
 -1.524901 -1.101312 -1.259139 -1.795619
 -2.022751 -1.205778 -1.019449 -1.572834
 -1.556559 -1.260551 -1.368125 -1.382072
 -1.419246 -1.506715 -1.098207 -1.594557
 -1.643417 -1.174628 -1.138825 -1.728489
 -2.075596 -1.041913 -1.213373 -1.493675
 -1.326002 -1.670592 -1.170636 -1.443253
 -1.322146 -1.441575 -1.330956 -1.458186
 -1.188538 -1.277162 -1.448753 -1.705713
 -1.824303 -1.366782 -1.180041 -1.285625
 -1.255905 -1.593258 -1.460499 -1.273683
 -1.291358 -1.634439 -1.306442 -1.349927
 -1.407416 -1.244824 -1.216927 -1.765539
 -1.794639 -1.262587 -1.254490 -1.325501
 -1.326002 -1.670592 -1.170636 -1.443253
 -1.322146 -1.441575 -1.330956 -1.458186
 -1.188538 -1.277162 -1.448753 -1.705713
 -1.824303 -1.366782 -1.180041 -1.285625
 -1.255905 -1.593258 -1.460499 -1.273683
 -1.291358 -1.634439 -1.306442 -1.349927
 -1.407416 -1.244824 -1.216927 -1.765539
 -1.794639 -1.262587 -1.254490 -1.325501
 -1.546981 -1.455584 -1.020266 -1.643268
 -1.617680 -1.211449 -1.237827 -1.542423
 -1.401640 -1.069842 -1.420721 -1.776646
 -1.980039 -1.226971 -1.011739 -1.583914
 -1.539920 -1.362923 -1.159270 -1.532594
 -1.528273 -1.469698 -1.169512 -1.416437
 -1.481176 -1.217361 -1.210141 -1.723367
 -2.043608 -0.971827 -1.280747 -1.540757
 -1.546981 -1.455584 -1.020266 -1.643268
 -1.617680 -1.211449 -1.237827 -1.542423
 -1.401640 -1.069842 -1.420721 -1.776646
 -1.980039 -1.226971 -1.011739 -1.583914
 -1.539920 -1.362923 -1.159270 -1.532594
 -1.528273 -1.469698 -1.169512 -1.416437
 -1.481176 -1.217361 -1.210141 -1.723367
 -2.043608 -0.971827 -1.280747 -1.540757
 -1.500884 -1.500884 -1.112488 -1.489907
 -1.489086 -1.240869 -1.166373 -1.749887
 -1.547306 -0.997326 -1.345384 -1.845949
 -1.912205 -1.346892 -0.986361 -1.517464
 -1.379146 -1.379146 -1.342779 -1.446919
 -1.373328 -1.476722 -1.110097 -1.666932
 -1.700372 -1.142629 -1.126510 -1.747308
 -1.960039 -1.057386 -1.224000 -1.524486
 -1.500884 -1.500884 -1.112488 -1.489907
 -1.489086 -1.240869 -1.166373 -1.749887
 -1.547306 -0.997326 -1.345384 -1.845949
 -1.912205 -1.346892 -0.986361 -1.517464
 -1.379146 -1.379146 -1.342779 -1.446919
 -1.373328 -1.476722 -1.110097 -1.666932
 -1.700372 -1.142629 -1.126510 -1.747308
 -1.960039 -1.057386 -1.224000 -1.524486
 -1.337065 -1.672711 -1.233152 -1.353732
 -1.333700 -1.458960 -1.360211 -1.396689
 -1.242255 -1.222134 -1.520049 -1.619662
 -1.783331 -1.447373 -1.097404 -1.335606
 -1.334059 -1.517723 -1.440165 -1.271199
 -1.367791 -1.576456 -1.193838 -1.445752
 -1.455754 -1.190880 -1.291215 -1.671923
 -1.751154 -1.344536 -1.284182 -1.241713
 -1.337065 -1.672711 -1.233152 -1.353732
 -1.333700 -1.458960 -1.360211 -1.396689
 -1.242255 -1.222134 -1.520049 -1.619662
 -1.783331 -1.447373 -1.097404 -1.335606
 -1.334059 -1.517723 -1.440165 -1.271199
 -1.367791 -1.576456 -1.193838 -1.445752
 -1.455754 -1.190880 -1.291215 -1.671923
 -1.751154 -1.344536 -1.284182 -1.241713
 -1.576257 -1.482470 -0.930228 -1.761932
 -1.609005 -1.256886 -1.166708 -1.589712
 -1.342922 -1.105283 -1.377468 -1.860562
 -2.067369 -1.190235 -0.943739 -1.713899
 -1.403147 -1.405343 -1.194138 -1.580219
 -1.345911 -1.513511 -1.166600 -1.569555
 -1.492258 -1.202722 -1.129110 -1.887570
 -2.037354 -1.067454 -1.132726 -1.591647
 -1.576257 -1.482470 -0.930228 -1.761932
 -1.609005 -1.256886 -1.166708 -1.589712
 -1.342922 -1.105283 -1.377468 -1.860562
 -2.067369 -1.190235 -0.943739 -1.713899
 -1.403147 -1.405343 -1.194138 -1.580219
 -1.345911 -1.513511 -1.166600 -1.569555
 -1.492258 -1.202722 -1.129110 -1.887570
 -2.037354 -1.067454 -1.132726 -1.591647
 -1.549213 -1.398984 -1.030202 -1.693895
 -1.514759 -1.251538 -1.185215 -1.669220
 -1.501243 -1.036027 -1.317065 -1.868437
 -1.879197 -1.251759 -1.091937 -1.488460
 -1.432398 -1.252427 -1.382938 -1.493375
 -1.295828 -1.500554 -1.173168 -1.640223
 -1.610161 -1.110976 -1.155877 -1.857093
 -2.010087 -1.015834 -1.202164 -1.592681
 -1.549213 -1.398984 -1.030202 -1.693895
 -1.514759 -1.251538 -1.185215 -1.669220
 -1.501243 -1.036027 -1.317065 -1.868437
 -1.879197 -1.251759 -1.091937 -1.488460
 -1.432398 -1.252427 -1.382938 -1.493375
 -1.295828 -1.500554 -1.173168 -1.640223
 -1.610161 -1.110976 -1.155877 -1.857093
 -2.010087 -1.015834 -1.202164 -1.592681
 -1.341710 -1.660891 -1.184243 -1.416117
 -1.201048 -1.501269 -1.333245 -1.548090
 -1.207024 -1.264902 -1.427726 -1.721524
 -1.770469 -1.378728 -1.138644 -1.356367
 -1.258242 -1.534593 -1.388118 -1.383263
 -1.130475 -1.620095 -1.361860 -1.500330
 -1.397594 -1.244371 -1.282701 -1.674512
 -1.629615 -1.395072 -1.285438 -1.274215
 -1.341710 -1.660891 -1.184243 -1.416117
 -1.201048 -1.501269 -1.333245 -1.548090
 -1.207024 -1.264902 -1.427726 -1.721524
 -1.770469 -1.378728 -1.138644 -1.356367
 -1.258242 -1.534593 -1.388118 -1.383263
 -1.130475 -1.620095 -1.361860 -1.500330
 -1.397594 -1.244371 -1.282701 -1.674512
 -1.629615 -1.395072 -1.285438 -1.274215
 -1.188108 -1.359365 -0.824672 -17.001036
 -1.239118 -1.099965 -0.974244 -16.915604
 -1.067764 -1.033862 -1.201999 -16.977604
 -1.619226 -1.008629 -0.827297 -16.732201
 -1.166289 -1.251151 -0.910547 -16.892822
 -1.101280 -1.274032 -0.947129 -16.747770
 -1.428873 -1.017322 -0.919147 -16.941833
 -1.683350 -0.927807 -0.870291 -16.793589
 -1.188108 -1.359365 -0.824672 -17.001036
 -1.239118 -1.099965 -0.974244 -16.915604
 -1.067764 -1.033862 -1.201999 -16.977604
 -1.619226 -1.008629 -0.827297 -16.732201
 -1.166289 -1.251151 -0.910547 -16.892822
 -1.101280 -1.274032 -0.947129 -16.747770
 -1.428873 -1.017322 -0.919147 -16.941833
 -1.683350 -0.927807 -0.870291 -16.793589
 -1.572593 -1.492417 -0.987710 -1.633544
 -1.439292 -1.249499 -1.219929 -1.709232
 -1.523694 -1.081861 -1.217769 -1.915685
 -1.386294 -1.386294 -1.386294 -1.386294
 -1.495109 -1.438695 -1.214707 -1.419885
 -1.364075 -1.541796 -1.114203 -1.598449
 -1.698356 -1.217726 -1.035580 -1.795206
 -1.386294 -1.386294 -1.386294 -1.386294
 -1.572593 -1.492417 -0.987710 -1.633544
 -1.439292 -1.249499 -1.219929 -1.709232
 -1.523694 -1.081861 -1.217769 -1.915685
 -1.386294 -1.386294 -1.386294 -1.386294
 -1.495109 -1.438695 -1.214707 -1.419885
 -1.364075 -1.541796 -1.114203 -1.598449
 -1.698356 -1.217726 -1.035580 -1.795206
 -1.386294 -1.386294 -1.386294 -1.386294
 -0.815348 -1.527653 -1.077428 -16.986036
 -0.866577 -1.279764 -1.198955 -17.295828
 -0.960140 -1.064816 -1.300596 -17.455988
 -1.297040 -1.162189 -0.882229 -16.849503
 -0.841770 -1.371224 -1.154368 -16.442350
 -0.938820 -1.498436 -0.953392 -16.464520
 -1.024259 -1.090073 -1.188278 -16.677139
 -1.240283 -1.003725 -1.066573 -16.190416
 -0.815348 -1.527653 -1.077428 -16.986036
 -0.866577 -1.279764 -1.198955 -17.295828
 -0.960140 -1.064816 -1.300596 -17.455988
 -1.297040 -1.162189 -0.882229 -16.849503
 -0.841770 -1.371224 -1.154368 -16.442350
 -0.938820 -1.498436 -0.953392 -16.464520
 -1.024259 -1.090073 -1.188278 -16.677139
 -1.240283 -1.003725 -1.066573 -16.190416
 -1.711326 -1.502206 -0.951559 -1.557810
 -1.668935 -1.575717 -0.969105 -1.490452
 -1.601661 -1.183368 -1.124859 -1.786804
 -1.386294 -1.386294 -1.386294 -1.386294
 -1.813810 -1.299045 -1.113017 -1.445579
 -1.595396 -1.601954 -1.111063 -1.322529
 -1.770207 -1.277020 -1.028168 -1.644166
 -1.386294 -1.386294 -1.386294 -1.386294
 -1.711326 -1.502206 -0.951559 -1.557810
 -1.668935 -1.575717 -0.969105 -1.490452
 -1.601661 -1.183368 -1.124859 -1.786804
 -1.386294 -1.386294 -1.386294 -1.386294
 -1.813810 -1.299045 -1.113017 -1.445579
 -1.595396 -1.601954 -1.111063 -1.322529
 -1.770207 -1.277020 -1.028168 -1.644166
 -1.386294 -1.386294 -1.386294 -1.386294
 -16.891901 0.000000 -16.891901 -16.891901
 -17.289339 0.000000 -17.289339 -17.289339
 -17.567835 0.000000 -17.567835 -17.567835
 -17.014183 0.000000 -17.014183 -17.014183
 -16.098913 -0.000000 -16.098913 -16.098913
 -16.146683 -0.000000 -16.146683 -16.146683
 -16.703657 -0.000000 -16.703657 -16.703657
 -16.322668 -0.000000 -16.322668 -16.322668
 -16.891901 0.000000 -16.891901 -16.891901
 -17.289339 0.000000 -17.289339 -17.289339
 -17.567835 0.000000 -17.567835 -17.567835
 -17.014183 0.000000 -17.014183 -17.014183
 -16.098913 -0.000000 -16.098913 -16.098913
 -16.146683 -0.000000 -16.146683 -16.146683
 -16.703657 -0.000000 -16.703657 -16.703657
 -16.322668 -0.000000 -16.322668 -16.322668
 -1.386294 -1.386294 -1.386294 -1.386294
 0.000000 -18.338060 -18.338060 -18.338060
 -1.386294 -1.386294 -1.386294 -1.386294
 -1.386294 -1.386294 -1.386294 -1.386294
 -1.386294 -1.386294 -1.386294 -1.386294
 0.000000 -18.189001 -18.189001 -18.189001
 -1.386294 -1.386294 -1.386294 -1.386294
 -1.386294 -1.386294 -1.386294 -1.386294
 -1.386294 -1.386294 -1.386294 -1.386294
 0.000000 -18.338060 -18.338060 -18.338060
 -1.386294 -1.386294 -1.386294 -1.386294
 -1.386294 -1.386294 -1.386294 -1.386294
 -1.386294 -1.386294 -1.386294 -1.386294
 0.000000 -18.189001 -18.189001 -18.189001
 -1.386294 -1.386294 -1.386294 -1.386294
 -1.386294 -1.386294 -1.386294 -1.386294
 -1.386294 -1.386294 -1.386294 -1.386294
 -1.386294 -1.386294 -1.386294 -1.386294
 -1.386294 -1.386294 -1.386294 -1.386294
 -1.386294 -1.386294 -1.386294 -1.386294
 -18.959452 -18.959452 0.000000 -18.959452
 -1.386294 -1.386294 -1.386294 -1.386294
 -1.386294 -1.386294 -1.386294 -1.386294
 -1.386294 -1.386294 -1.386294 -1.386294
 -1.386294 -1.386294 -1.386294 -1.386294
 -1.386294 -1.386294 -1.386294 -1.386294
 -1.386294 -1.386294 -1.386294 -1.386294
 -1.386294 -1.386294 -1.386294 -1.386294
 -18.959452 -18.959452 0.000000 -18.959452
 -1.386294 -1.386294 -1.386294 -1.386294
 -1.386294 -1.386294 -1.386294 -1.386294
 -1.386294 -1.386294 -1.386294 -1.386294
 -1.386294 -1.386294 -1.386294 -1.386294
 -1.386294 -1.386294 -1.386294 -1.386294
 -18.959452 -18.959452 0.000000 -18.959452
 -1.386294 -1.386294 -1.386294 -1.386294
 -1.386294 -1.386294 -1.386294 -1.386294
 -1.386294 -1.386294 -1.386294 -1.386294
 -1.386294 -1.386294 -1.386294 -1.386294
 -1.386294 -1.386294 -1.386294 -1.386294
 -1.386294 -1.386294 -1.386294 -1.386294
 -1.386294 -1.386294 -1.386294 -1.386294
 -18.959452 -18.959452 0.000000 -18.959452
 -1.386294 -1.386294 -1.386294 -1.386294
 -1.386294 -1.386294 -1.386294 -1.386294
 -1.386294 -1.386294 -1.386294 -1.386294
 -1.386294 -1.386294 -1.386294 -1.386294
 -1.386294 -1.386294 -1.386294 -1.386294
 -1.386294 -1.386294 -1.386294 -1.386294
 -1.386294 -1.386294 -1.386294 -1.386294
 -1.253142 -1.434525 -1.474245 -1.397501
 -1.386294 -1.386294 -1.386294 -1.386294
 -1.386294 -1.386294 -1.386294 -1.386294
 -1.386294 -1.386294 -1.386294 -1.386294
 -1.386294 -1.386294 -1.386294 -1.386294
 -1.386294 -1.386294 -1.386294 -1.386294
 -1.386294 -1.386294 -1.386294 -1.386294
 -1.386294 -1.386294 -1.386294 -1.386294
 -1.253142 -1.434525 -1.474245 -1.397501
 -1.386294 -1.386294 -1.386294 -1.386294
 -1.386294 -1.386294 -1.386294 -1.386294
 -1.386294 -1.386294 -1.386294 -1.386294
 -1.386294 -1.386294 -1.386294 -1.386294
 -1.386294 -1.386294 -1.386294 -1.386294
 -1.374717 -1.656493 -1.044147 -1.588214
 -1.530130 -1.342919 -1.167815 -1.554173
 -1.300388 -1.170723 -1.475811 -1.666866
 -1.518579 -1.609910 -1.037058 -1.484677
 -1.386294 -1.386294 -1.386294 -1.386294
 -1.386294 -1.386294 -1.386294 -1.386294
 -1.386294 -1.386294 -1.386294 -1.386294
 -1.386294 -1.386294 -1.386294 -1.386294
 -1.374717 -1.656493 -1.044147 -1.588214
 -1.530130 -1.342919 -1.167815 -1.554173
 -1.300388 -1.170723 -1.475811 -1.666866
 -1.518579 -1.609910 -1.037058 -1.484677
 -1.386294 -1.386294 -1.386294 -1.386294
 -1.386294 -1.386294 -1.386294 -1.386294
 -1.386294 -1.386294 -1.386294 -1.386294
 -1.386294 -1.386294 -1.386294 -1.386294
