 -2.673264 0.000100 0.000100 0.000100
 -3.004621 0.000100 0.000100 0.000100
 -2.725908 0.000100 0.000100 0.000100
 -2.725908 0.000100 0.000100 0.000100
 -3.098147 0.000100 0.000100 0.000100
 -2.810465 0.000100 0.000100 0.000100
 -2.541337 0.000100 0.000100 0.000100
 -2.712485 0.000100 0.000100 0.000100
 -2.673264 0.000100 0.000100 0.000100
 -3.004621 0.000100 0.000100 0.000100
 -2.725908 0.000100 0.000100 0.000100
 -2.725908 0.000100 0.000100 0.000100
 -3.098147 0.000100 0.000100 0.000100
 -2.810465 0.000100 0.000100 0.000100
 -2.541337 0.000100 0.000100 0.000100
 -2.712485 0.000100 0.000100 0.000100
 -1.137834 -1.717649 -1.312187 -1.466337
 -1.317302 -1.540444 -1.627455 -1.134982
 -1.126012 -1.308333 -1.739113 -1.470851
 -1.596014 -1.596014 -1.008230 -1.470851
 -1.098614 -1.985909 -1.223777 -1.446918
 -1.041456 -1.654557 -1.511457 -1.446919
 -1.353142 -1.310583 -1.444114 -1.444114
 -2.371569 -1.098614 -1.139435 -1.373049
 -1.137834 -1.717649 -1.312187 -1.466337
 -1.317302 -1.540444 -1.627455 -1.134982
 -1.126012 -1.308333 -1.739113 -1.470851
 -1.596014 -1.596014 -1.008230 -1.470851
 -1.098614 -1.985909 -1.223777 -1.446918
 -1.041456 -1.654557 -1.511457 -1.446919
 -1.353142 -1.310583 -1.444114 -1.444114
 -2.371569 -1.098614 -1.139435 -1.373049
 -1.156433 -1.655422 -1.492904 -1.310583
 -1.038895 -1.609436 -1.341174 -1.689478
 -1.029621 -1.609436 -1.609436 -1.415282
 -2.140059 -1.223776 -1.000634 -1.511457
 -1.625965 -1.625965 -1.277661 -1.115143
 -1.466336 -1.535329 -1.129866 -1.466336
 -1.252764 -1.299283 -1.348073 -1.704746
 -1.358124 -1.415282 -1.304057 -1.475906
 -1.156433 -1.655422 -1.492904 -1.310583
 -1.038895 -1.609436 -1.341174 -1.689478
 -1.029621 -1.609436 -1.609436 -1.415282
 -2.140059 -1.223776 -1.000634 -1.511457
 -1.625965 -1.625965 -1.277661 -1.115143
 -1.466336 -1.535329 -1.129866 -1.466336
 -1.252764 -1.299283 -1.348073 -1.704746
 -1.358124 -1.415282 -1.304057 -1.475906
 -0.969402 -2.386459 -1.247033 -1.421386
 -0.940009 -2.079435 -1.961654 -1.067842
 -1.318241 -1.266948 -1.623621 -1.372308
 -1.484274 -1.832578 -1.226446 -1.139435
 -1.386294 -1.268512 -1.519825 -1.386294
 -1.067842 -1.760985 -1.760985 -1.163152
 -1.573505 -1.410987 -1.315677 -1.271226
 -2.961804 -1.227231 -0.969403 -1.287855
 -0.969402 -2.386459 -1.247033 -1.421386
 -0.940009 -2.079435 -1.961654 -1.067842
 -1.318241 -1.266948 -1.623621 -1.372308
 -1.484274 -1.832578 -1.226446 -1.139435
 -1.386294 -1.268512 -1.519825 -1.386294
 -1.067842 -1.760985 -1.760985 -1.163152
 -1.573505 -1.410987 -1.315677 -1.271226
 -2.961804 -1.227231 -0.969403 -1.287855
 -1.552279 -2.140061 -1.041455 -1.146815
 -1.481604 -1.704746 -0.970781 -1.550596
 -1.373049 -1.272966 -1.321756 -1.609437
 -1.584119 -1.958809 -1.024506 -1.221215
 -1.432104 -1.432104 -1.260254 -1.432104
 -1.306252 -1.473305 -1.568614 -1.232145
 -1.760985 -1.325670 -1.214445 -1.325670
 -1.841767 -1.516347 -1.005523 -1.362197
 -1.552279 -2.140061 -1.041455 -1.146815
 -1.481604 -1.704746 -0.970781 -1.550596
 -1.373049 -1.272966 -1.321756 -1.609437
 -1.584119 -1.958809 -1.024506 -1.221215
 -1.432104 -1.432104 -1.260254 -1.432104
 -1.306252 -1.473305 -1.568614 -1.232145
 -1.760985 -1.325670 -1.214445 -1.325670
 -1.841767 -1.516347 -1.005523 -1.362197
 -1.023391 -2.367113 -1.450832 -1.163152
 -1.673974 -1.673974 -1.450832 -0.940009
 -1.145133 -1.704746 -1.481604 -1.299283
 -1.544899 -1.226446 -1.484274 -1.321756
 -1.270463 -1.645154 -1.558143 -1.152681
 -1.466336 -1.178656 -2.005327 -1.118032
 -1.354546 -1.397105 -1.642226 -1.200396
 -2.079436 -1.504077 -1.232144 -1.018571
 -1.023391 -2.367113 -1.450832 -1.163152
 -1.673974 -1.673974 -1.450832 -0.940009
 -1.145133 -1.704746 -1.481604 -1.299283
 -1.544899 -1.226446 -1.484274 -1.321756
 -1.270463 -1.645154 -1.558143 -1.152681
 -1.466336 -1.178656 -2.005327 -1.118032
 -1.354546 -1.397105 -1.642226 -1.200396
 -2.079436 -1.504077 -1.232144 -1.018571
 -1.738269 -1.515127 -1.014353 -1.419817
 -1.134982 -1.460402 -1.945905 -1.192140
 -1.871798 -1.038895 -1.341174 -1.466336
 -1.609437 -1.364316 -1.364316 -1.241714
 -1.326871 -1.252764 -1.812374 -1.252764
 -1.098614 -1.992425 -1.417066 -1.245217
 -1.609436 -1.609436 -1.321756 -1.098614
 -1.644122 -1.912384 -1.181501 -1.043351
 -1.738269 -1.515127 -1.014353 -1.419817
 -1.134982 -1.460402 -1.945905 -1.192140
 -1.871798 -1.038895 -1.341174 -1.466336
 -1.609437 -1.364316 -1.364316 -1.241714
 -1.326871 -1.252764 -1.812374 -1.252764
 -1.098614 -1.992425 -1.417066 -1.245217
 -1.609436 -1.609436 -1.321756 -1.098614
 -1.644122 -1.912384 -1.181501 -1.043351
 -1.446918 -1.629238 -0.987389 -1.629238
 -1.143065 -1.289668 -1.400893 -1.836208
 -1.259543 -1.126012 -1.531476 -1.739113
 -1.623621 -1.623621 -0.895386 -1.623621
 -1.427116 -1.272966 -1.272966 -1.609437
 -1.116006 -1.421385 -1.575535 -1.495493
 -1.596014 -1.308333 -1.596014 -1.126012
 -1.967647 -1.313724 -1.066865 -1.397105
 -1.446918 -1.629238 -0.987389 -1.629238
 -1.143065 -1.289668 -1.400893 -1.836208
 -1.259543 -1.126012 -1.531476 -1.739113
 -1.623621 -1.623621 -0.895386 -1.623621
 -1.427116 -1.272966 -1.272966 -1.609437
 -1.116006 -1.421385 -1.575535 -1.495493
 -1.596014 -1.308333 -1.596014 -1.126012
 -1.967647 -1.313724 -1.066865 -1.397105
 -1.417066 -1.791756 -1.145134 -1.299284
 -1.181995 -1.373049 -1.609437 -1.427116
 -1.218158 -1.777771 -1.777771 -1.004585
 -1.729236 -1.824546 -1.182697 -1.036094
 -1.174986 -1.734599 -1.734599 -1.084015
 -0.944464 -2.079436 -1.504077 -1.332227
 -1.203974 -1.241714 -1.203974 -2.197219
 -2.031426 -1.338285 -1.471816 -0.975382
 -1.417066 -1.791756 -1.145134 -1.299284
 -1.181995 -1.373049 -1.609437 -1.427116
 -1.218158 -1.777771 -1.777771 -1.004585
 -1.729236 -1.824546 -1.182697 -1.036094
 -1.174986 -1.734599 -1.734599 -1.084015
 -0.944464 -2.079436 -1.504077 -1.332227
 -1.203974 -1.241714 -1.203974 -2.197219
 -2.031426 -1.338285 -1.471816 -0.975382
 -1.223776 -1.609437 -1.446919 -1.307157
 -0.975382 -1.913645 -1.808285 -1.166436
 -1.232144 -1.637607 -1.232144 -1.504077
 -1.704746 -1.399366 -1.453433 -1.085710
 -1.850597 -1.475906 -1.252764 -1.113002
 -1.098614 -1.424034 -1.686396 -1.424034
 -1.673974 -1.214445 -1.214445 -1.519825
 -1.767660 -1.767660 -1.005523 -1.228666
 -1.223776 -1.609437 -1.446919 -1.307157
 -0.975382 -1.913645 -1.808285 -1.166436
 -1.232144 -1.637607 -1.232144 -1.504077
 -1.704746 -1.399366 -1.453433 -1.085710
 -1.850597 -1.475906 -1.252764 -1.113002
 -1.098614 -1.424034 -1.686396 -1.424034
 -1.673974 -1.214445 -1.214445 -1.519825
 -1.767660 -1.767660 -1.005523 -1.228666
 -1.015232 -1.526055 -1.343735 -1.836208
 -1.704746 -1.054162 -1.481604 -1.417066
 -1.817075 -1.337504 -1.086191 -1.437587
 -1.335001 -1.239692 -1.286211 -1.765782
 -1.400893 -1.343735 -1.461517 -1.343735
 -1.522425 -1.299284 -1.116963 -1.704745
 -1.511457 -1.084015 -1.329136 -1.734599
 -1.921809 -1.271226 -1.110884 -1.410987
 -1.015232 -1.526055 -1.343735 -1.836208
 -1.704746 -1.054162 -1.481604 -1.417066
 -1.817075 -1.337504 -1.086191 -1.437587
 -1.335001 -1.239692 -1.286211 -1.765782
 -1.400893 -1.343735 -1.461517 -1.343735
 -1.522425 -1.299284 -1.116963 -1.704745
 -1.511457 -1.084015 -1.329136 -1.734599
 -1.921809 -1.271226 -1.110884 -1.410987
 -1.113002 -1.609436 -1.850597 -1.157454
 -1.047970 -1.348073 -1.635754 -1.635754
 -1.150573 -1.233954 -1.536234 -1.730388
 -1.696447 -2.014897 -1.261132 -0.916293
 -1.317302 -1.627455 -1.627455 -1.080915
 -1.199966 -1.374318 -1.779781 -1.283347
 -1.303407 -1.098614 -1.755390 -1.504077
 -1.369487 -1.244325 -1.774949 -1.244325
 -1.113002 -1.609436 -1.850597 -1.157454
 -1.047970 -1.348073 -1.635754 -1.635754
 -1.150573 -1.233954 -1.536234 -1.730388
 -1.696447 -2.014897 -1.261132 -0.916293
 -1.317302 -1.627455 -1.627455 -1.080915
 -1.199966 -1.374318 -1.779781 -1.283347
 -1.303407 -1.098614 -1.755390 -1.504077
 -1.369487 -1.244325 -1.774949 -1.244325
 -13.652996 -13.652996 -13.652996 -0.000004
 -13.527834 -13.527834 -13.527834 -0.000004
 -13.180640 -13.180640 -13.180640 -0.000006
 -13.500805 -13.500805 -13.500805 -0.000004
 -13.567055 -13.567055 -13.567055 -0.000004
 -13.400002 -13.400002 -13.400002 -0.000005
 -13.235700 -13.235700 -13.235700 -0.000005
 -13.579793 -13.579793 -13.579793 -0.000004
 -13.652996 -13.652996 -13.652996 -0.000004
 -13.527834 -13.527834 -13.527834 -0.000004
 -13.180640 -13.180640 -13.180640 -0.000006
 -13.500805 -13.500805 -13.500805 -0.000004
 -13.567055 -13.567055 -13.567055 -0.000004
 -13.400002 -13.400002 -13.400002 -0.000005
 -13.235700 -13.235700 -13.235700 -0.000005
 -13.579793 -13.579793 -13.579793 -0.000004
 -1.386294 -1.386294 -1.386294 -1.386294
 -1.386294 -1.386294 -1.386294 -1.386294
 -1.386294 -1.386294 -1.386294 -1.386294
 -1.713981 -1.528264 -0.923671 -1.580450
 -1.386294 -1.386294 -1.386294 -1.386294
 -1.386294 -1.386294 -1.386294 -1.386294
 -1.386294 -1.386294 -1.386294 -1.386294
 -1.654820 -1.475480 -1.095205 -1.403507
 -1.386294 -1.386294 -1.386294 -1.386294
 -1.386294 -1.386294 -1.386294 -1.386294
 -1.386294 -1.386294 -1.386294 -1.386294
 -1.713981 -1.528264 -0.923671 -1.580450
 -1.386294 -1.386294 -1.386294 -1.386294
 -1.386294 -1.386294 -1.386294 -1.386294
 -1.386294 -1.386294 -1.386294 -1.386294
 -1.654820 -1.475480 -1.095205 -1.403507
 -1.386294 -1.386294 -1.386294 -1.386294
 -1.386294 -1.386294 -1.386294 -1.386294
 -1.386294 -1.386294 -1.386294 -1.386294
 -1.386294 -1.386294 -1.386294 -1.386294
 -1.945907 -1.321756 -1.518466 -0.990400
 -1.198696 -1.402295 -1.700786 -1.309922
 -1.521213 -1.184742 -1.153489 -1.831367
 -1.519825 -1.214445 -1.325670 -1.519825
 -1.386294 -1.386294 -1.386294 -1.386294
 -1.386294 -1.386294 -1.386294 -1.386294
 -1.386294 -1.386294 -1.386294 -1.386294
 -1.386294 -1.386294 -1.386294 -1.386294
 -1.945907 -1.321756 -1.518466 -0.990400
 -1.198696 -1.402295 -1.700786 -1.309922
 -1.521213 -1.184742 -1.153489 -1.831367
 -1.519825 -1.214445 -1.325670 -1.519825
 -1.455287 -1.609436 -1.609436 -1.003304
 -1.291984 -1.375365 -1.620487 -1.291984
 -1.258461 -1.386294 -1.586964 -1.341843
 -1.878767 -1.711715 -1.018571 -1.185625
 -1.417066 -1.887066 -1.417066 -1.011603
 -1.189585 -2.036876 -1.343735 -1.189585
 -1.478101 -1.403994 -1.098614 -1.645154
 -1.419084 -1.729236 -1.036094 -1.488076
 -1.455287 -1.609436 -1.609436 -1.003304
 -1.291984 -1.375365 -1.620487 -1.291984
 -1.258461 -1.386294 -1.586964 -1.341843
 -1.878767 -1.711715 -1.018571 -1.185625
 -1.417066 -1.887066 -1.417066 -1.011603
 -1.189585 -2.036876 -1.343735 -1.189585
 -1.478101 -1.403994 -1.098614 -1.645154
 -1.419084 -1.729236 -1.036094 -1.488076
 -1.654557 -1.821609 -0.961413 -1.329136
 -1.064713 -1.227231 -1.757855 -1.662545
 -1.401798 -1.401798 -1.284016 -1.466336
 -1.673975 -1.437587 -0.798510 -2.079437
 -1.637607 -1.141173 -1.332227 -1.504077
 -1.317302 -1.252764 -1.192140 -1.945905
 -1.791757 -1.211942 -1.098614 -1.597602
 -1.698667 -1.271226 -1.315677 -1.315677
 -1.654557 -1.821609 -0.961413 -1.329136
 -1.064713 -1.227231 -1.757855 -1.662545
 -1.401798 -1.401798 -1.284016 -1.466336
 -1.673975 -1.437587 -0.798510 -2.079437
 -1.637607 -1.141173 -1.332227 -1.504077
 -1.317302 -1.252764 -1.192140 -1.945905
 -1.791757 -1.211942 -1.098614 -1.597602
 -1.698667 -1.271226 -1.315677 -1.315677
 -1.478101 -1.558143 -1.558143 -1.047321
 -1.139435 -1.752536 -1.609437 -1.181995
 -1.178656 -1.620487 -1.375365 -1.419817
 -1.417066 -1.791756 -1.245217 -1.193923
 -1.178656 -1.609436 -1.401798 -1.401798
 -1.226446 -1.832578 -1.609437 -1.059393
 -1.223776 -1.351609 -1.609437 -1.398129
 -1.366876 -1.366876 -1.366876 -1.446918
 -1.478101 -1.558143 -1.558143 -1.047321
 -1.139435 -1.752536 -1.609437 -1.181995
 -1.178656 -1.620487 -1.375365 -1.419817
 -1.417066 -1.791756 -1.245217 -1.193923
 -1.178656 -1.609436 -1.401798 -1.401798
 -1.226446 -1.832578 -1.609437 -1.059393
 -1.223776 -1.351609 -1.609437 -1.398129
 -1.366876 -1.366876 -1.366876 -1.446918
 -1.363305 -1.681757 -1.276294 -1.276294
 -1.083346 -1.284016 -1.535329 -1.776489
 -1.275069 -1.446919 -1.174986 -1.734599
 -1.661396 -1.730388 -1.037245 -1.278406
 -1.752536 -2.120258 -1.059393 -1.021653
 -1.694593 -1.406914 -1.326871 -1.183772
 -1.419084 -1.082614 -1.642226 -1.488076
 -1.829497 -1.258955 -1.098614 -1.504077
 -1.363305 -1.681757 -1.276294 -1.276294
 -1.083346 -1.284016 -1.535329 -1.776489
 -1.275069 -1.446919 -1.174986 -1.734599
 -1.661396 -1.730388 -1.037245 -1.278406
 -1.752536 -2.120258 -1.059393 -1.021653
 -1.694593 -1.406914 -1.326871 -1.183772
 -1.419084 -1.082614 -1.642226 -1.488076
 -1.829497 -1.258955 -1.098614 -1.504077
 -1.669155 -1.343735 -1.461517 -1.143065
 -1.293922 -1.182697 -2.047687 -1.236763
 -1.160745 -1.199966 -2.472921 -1.199966
 -1.399366 -1.453433 -1.510591 -1.208312
 -1.304949 -1.244325 -1.592629 -1.438480
 -1.160171 -1.314321 -1.314321 -1.902103
 -1.698667 -1.516347 -1.005523 -1.462280
 -1.481604 -1.356442 -1.299284 -1.417066
 -1.669155 -1.343735 -1.461517 -1.143065
 -1.293922 -1.182697 -2.047687 -1.236763
 -1.160745 -1.199966 -2.472921 -1.199966
 -1.399366 -1.453433 -1.510591 -1.208312
 -1.304949 -1.244325 -1.592629 -1.438480
 -1.160171 -1.314321 -1.314321 -1.902103
 -1.698667 -1.516347 -1.005523 -1.462280
 -1.481604 -1.356442 -1.299284 -1.417066
 -13.458841 -13.458841 -13.458841 -0.000004
 -13.567055 -13.567055 -13.567055 -0.000004
 -13.384734 -13.384734 -13.384734 -0.000005
 -13.592372 -13.592372 -13.592372 -0.000004
 -13.487012 -13.487012 -13.487012 -0.000004
 -13.487012 -13.487012 -13.487012 -0.000004
 -13.321220 -13.321220 -13.321220 -0.000005
 -13.415039 -13.415039 -13.415039 -0.000004
 -13.458841 -13.458841 -13.458841 -0.000004
 -13.567055 -13.567055 -13.567055 -0.000004
 -13.384734 -13.384734 -13.384734 -0.000005
 -13.592372 -13.592372 -13.592372 -0.000004
 -13.487012 -13.487012 -13.487012 -0.000004
 -13.487012 -13.487012 -13.487012 -0.000004
 -13.321220 -13.321220 -13.321220 -0.000005
 -13.415039 -13.415039 -13.415039 -0.000004
 -1.386294 -1.386294 -1.386294 -1.386294
 -1.386294 -1.386294 -1.386294 -1.386294
 -1.386294 -1.386294 -1.386294 -1.386294
 -14.801329 -14.801329 -0.000001 -14.801329
 -1.386294 -1.386294 -1.386294 -1.386294
 -1.386294 -1.386294 -1.386294 -1.386294
 -1.386294 -1.386294 -1.386294 -1.386294
 -14.904074 -14.904074 -0.000001 -14.904074
 -1.386294 -1.386294 -1.386294 -1.386294
 -1.386294 -1.386294 -1.386294 -1.386294
 -1.386294 -1.386294 -1.386294 -1.386294
 -14.801329 -14.801329 -0.000001 -14.801329
 -1.386294 -1.386294 -1.386294 -1.386294
 -1.386294 -1.386294 -1.386294 -1.386294
 -1.386294 -1.386294 -1.386294 -1.386294
 -14.904074 -14.904074 -0.000001 -14.904074
 -1.386294 -1.386294 -1.386294 -1.386294
 -1.386294 -1.386294 -1.386294 -1.386294
 -1.386294 -1.386294 -1.386294 -1.386294
 -1.386294 -1.386294 -1.386294 -1.386294
 -1.386294 -1.386294 -1.386294 -1.386294
 -1.386294 -1.386294 -1.386294 -1.386294
 -15.547167 -0.000001 -15.547167 -15.547167
 -1.386294 -1.386294 -1.386294 -1.386294
 -1.386294 -1.386294 -1.386294 -1.386294
 -1.386294 -1.386294 -1.386294 -1.386294
 -1.386294 -1.386294 -1.386294 -1.386294
 -1.386294 -1.386294 -1.386294 -1.386294
 -1.386294 -1.386294 -1.386294 -1.386294
 -1.386294 -1.386294 -1.386294 -1.386294
 -15.547167 -0.000001 -15.547167 -15.547167
 -1.386294 -1.386294 -1.386294 -1.386294
 -1.386294 -1.386294 -1.386294 -1.386294
 -0.000001 -15.547167 -15.547167 -15.547167
 -1.386294 -1.386294 -1.386294 -1.386294
 -1.386294 -1.386294 -1.386294 -1.386294
 -1.386294 -1.386294 -1.386294 -1.386294
 -1.386294 -1.386294 -1.386294 -1.386294
 -1.386294 -1.386294 -1.386294 -1.386294
 -1.386294 -1.386294 -1.386294 -1.386294
 -1.386294 -1.386294 -1.386294 -1.386294
 -0.000001 -15.547167 -15.547167 -15.547167
 -1.386294 -1.386294 -1.386294 -1.386294
 -1.386294 -1.386294 -1.386294 -1.386294
 -1.386294 -1.386294 -1.386294 -1.386294
 -1.386294 -1.386294 -1.386294 -1.386294
 -1.386294 -1.386294 -1.386294 -1.386294
 -1.386294 -1.386294 -1.386294 -1.386294
 -1.386294 -1.386294 -1.386294 -1.386294
 -1.386294 -1.386294 -1.386294 -1.386294
 -1.386294 -1.386294 -1.386294 -1.386294
 -1.386294 -1.386294 -1.386294 -1.386294
 -15.547167 -15.547167 -0.000001 -15.547167
 -1.386294 -1.386294 -1.386294 -1.386294
 -1.386294 -1.386294 -1.386294 -1.386294
 -1.386294 -1.386294 -1.386294 -1.386294
 -1.386294 -1.386294 -1.386294 -1.386294
 -1.386294 -1.386294 -1.386294 -1.386294
 -1.386294 -1.386294 -1.386294 -1.386294
 -1.386294 -1.386294 -1.386294 -1.386294
 -15.547167 -15.547167 -0.000001 -15.547167
 -1.386294 -1.386294 -1.386294 -1.386294
 -1.386294 -1.386294 -1.386294 -1.386294
 -1.386294 -1.386294 -1.386294 -1.386294
 -1.386294 -1.386294 -1.386294 -1.386294
 -1.386294 -1.386294 -1.386294 -1.386294
 -15.547167 -15.547167 -0.000001 -15.547167
 -1.386294 -1.386294 -1.386294 -1.386294
 -1.386294 -1.386294 -1.386294 -1.386294
 -1.386294 -1.386294 -1.386294 -1.386294
 -1.386294 -1.386294 -1.386294 -1.386294
 -1.386294 -1.386294 -1.386294 -1.386294
 -1.386294 -1.386294 -1.386294 -1.386294
 -1.386294 -1.386294 -1.386294 -1.386294
 -15.547167 -15.547167 -0.000001 -15.547167
 -1.386294 -1.386294 -1.386294 -1.386294
 -1.386294 -1.386294 -1.386294 -1.386294
 -1.386294 -1.386294 -1.386294 -1.386294
 -1.386294 -1.386294 -1.386294 -1.386294
 -1.386294 -1.386294 -1.386294 -1.386294
 -1.386294 -1.386294 -1.386294 -1.386294
 -1.386294 -1.386294 -1.386294 -1.386294
 -1.172040 -1.532804 -1.557702 -1.332879
 -1.386294 -1.386294 -1.386294 -1.386294
 -1.386294 -1.386294 -1.386294 -1.386294
 -1.386294 -1.386294 -1.386294 -1.386294
 -1.386294 -1.386294 -1.386294 -1.386294
 -1.386294 -1.386294 -1.386294 -1.386294
 -1.386294 -1.386294 -1.386294 -1.386294
 -1.386294 -1.386294 -1.386294 -1.386294
 -1.172040 -1.532804 -1.557702 -1.332879
 -1.386294 -1.386294 -1.386294 -1.386294
 -1.386294 -1.386294 -1.386294 -1.386294
 -1.386294 -1.386294 -1.386294 -1.386294
 -1.386294 -1.386294 -1.386294 -1.386294
 -1.386294 -1.386294 -1.386294 -1.386294
 -1.314638 -1.763588 -1.194494 -1.358124
 -1.307514 -1.585145 -1.471816 -1.220503
 -1.223776 -1.345136 -1.483286 -1.521026
 -1.153799 -2.295892 -1.340385 -1.132746
 -1.386294 -1.386294 -1.386294 -1.386294
 -1.386294 -1.386294 -1.386294 -1.386294
 -1.386294 -1.386294 -1.386294 -1.386294
 -1.386294 -1.386294 -1.386294 -1.386294
 -1.314638 -1.763588 -1.194494 -1.358124
 -1.307514 -1.585145 -1.471816 -1.220503
 -1.223776 -1.345136 -1.483286 -1.521026
 -1.153799 -2.295892 -1.340385 -1.132746
 -1.386294 -1.386294 -1.386294 -1.386294
 -1.386294 -1.386294 -1.386294 -1.386294
 -1.386294 -1.386294 -1.386294 -1.386294
 -1.386294 -1.386294 -1.386294 -1.386294
 -2.673264 0.000100 0.000100 0.000100
 -3.004621 0.000100 0.000100 0.000100
 -2.725908 0.000100 0.000100 0.000100
 -2.725908 0.000100 0.000100 0.000100
 -3.098147 0.000100 0.000100 0.000100
 -2.810465 0.000100 0.000100 0.000100
 -2.541337 0.000100 0.000100 0.000100
 -2.712485 0.000100 0.000100 0.000100
 -2.673264 0.000100 0.000100 0.000100
 -3.004621 0.000100 0.000100 0.000100
 -2.725908 0.000100 0.000100 0.000100
 -2.725908 0.000100 0.000100 0.000100
 -3.098147 0.000100 0.000100 0.000100
 -2.810465 0.000100 0.000100 0.000100
 -2.541337 0.000100 0.000100 0.000100
 -2.712485 0.000100 0.000100 0.000100
 -1.137834 -1.717649 -1.312187 -1.466337
 -1.317302 -1.540444 -1.627455 -1.134982
 -1.126012 -1.308333 -1.739113 -1.470851
 -1.596014 -1.596014 -1.008230 -1.470851
 -1.098614 -1.985909 -1.223777 -1.446918
 -1.041456 -1.654557 -1.511457 -1.446919
 -1.353142 -1.310583 -1.444114 -1.444114
 -2.371569 -1.098614 -1.139435 -1.373049
 -1.137834 -1.717649 -1.312187 -1.466337
 -1.317302 -1.540444 -1.627455 -1.134982
 -1.126012 -1.308333 -1.739113 -1.470851
 -1.596014 -1.596014 -1.008230 -1.470851
 -1.098614 -1.985909 -1.223777 -1.446918
 -1.041456 -1.654557 -1.511457 -1.446919
 -1.353142 -1.310583 -1.444114 -1.444114
 -2.371569 -1.098614 -1.139435 -1.373049
 -1.156433 -1.655422 -1.492904 -1.310583
 -1.038895 -1.609436 -1.341174 -1.689478
 -1.029621 -1.609436 -1.609436 -1.415282
 -2.140059 -1.223776 -1.000634 -1.511457
 -1.625965 -1.625965 -1.277661 -1.115143
 -1.466336 -1.535329 -1.129866 -1.466336
 -1.252764 -1.299283 -1.348073 -1.704746
 -1.358124 -1.415282 -1.304057 -1.475906
 -1.156433 -1.655422 -1.492904 -1.310583
 -1.038895 -1.609436 -1.341174 -1.689478
 -1.029621 -1.609436 -1.609436 -1.415282
 -2.140059 -1.223776 -1.000634 -1.511457
 -1.625965 -1.625965 -1.277661 -1.115143
 -1.466336 -1.535329 -1.129866 -1.466336
 -1.252764 -1.299283 -1.348073 -1.704746
 -1.358124 -1.415282 -1.304057 -1.475906
 -0.969402 -2.386459 -1.247033 -1.421386
 -0.940009 -2.079435 -1.961654 -1.067842
 -1.318241 -1.266948 -1.623621 -1.372308
 -1.484274 -1.832578 -1.226446 -1.139435
 -1.386294 -1.268512 -1.519825 -1.386294
 -1.067842 -1.760985 -1.760985 -1.163152
 -1.573505 -1.410987 -1.315677 -1.271226
 -2.961804 -1.227231 -0.969403 -1.287855
 -0.969402 -2.386459 -1.247033 -1.421386
 -0.940009 -2.079435 -1.961654 -1.067842
 -1.318241 -1.266948 -1.623621 -1.372308
 -1.484274 -1.832578 -1.226446 -1.139435
 -1.386294 -1.268512 -1.519825 -1.386294
 -1.067842 -1.760985 -1.760985 -1.163152
 -1.573505 -1.410987 -1.315677 -1.271226
 -2.961804 -1.227231 -0.969403 -1.287855
 -1.552279 -2.140061 -1.041455 -1.146815
 -1.481604 -1.704746 -0.970781 -1.550596
 -1.373049 -1.272966 -1.321756 -1.609437
 -1.584119 -1.958809 -1.024506 -1.221215
 -1.432104 -1.432104 -1.260254 -1.432104
 -1.306252 -1.473305 -1.568614 -1.232145
 -1.760985 -1.325670 -1.214445 -1.325670
 -1.841767 -1.516347 -1.005523 -1.362197
 -1.552279 -2.140061 -1.041455 -1.146815
 -1.481604 -1.704746 -0.970781 -1.550596
 -1.373049 -1.272966 -1.321756 -1.609437
 -1.584119 -1.958809 -1.024506 -1.221215
 -1.432104 -1.432104 -1.260254 -1.432104
 -1.306252 -1.473305 -1.568614 -1.232145
 -1.760985 -1.325670 -1.214445 -1.325670
 -1.841767 -1.516347 -1.005523 -1.362197
 -1.023391 -2.367113 -1.450832 -1.163152
 -1.673974 -1.673974 -1.450832 -0.940009
 -1.145133 -1.704746 -1.481604 -1.299283
 -1.544899 -1.226446 -1.484274 -1.321756
 -1.270463 -1.645154 -1.558143 -1.152681
 -1.466336 -1.178656 -2.005327 -1.118032
 -1.354546 -1.397105 -1.642226 -1.200396
 -2.079436 -1.504077 -1.232144 -1.018571
 -1.023391 -2.367113 -1.450832 -1.163152
 -1.673974 -1.673974 -1.450832 -0.940009
 -1.145133 -1.704746 -1.481604 -1.299283
 -1.544899 -1.226446 -1.484274 -1.321756
 -1.270463 -1.645154 -1.558143 -1.152681
 -1.466336 -1.178656 -2.005327 -1.118032
 -1.354546 -1.397105 -1.642226 -1.200396
 -2.079436 -1.504077 -1.232144 -1.018571
 -1.738269 -1.515127 -1.014353 -1.419817
 -1.134982 -1.460402 -1.945905 -1.192140
 -1.871798 -1.038895 -1.341174 -1.466336
 -1.609437 -1.364316 -1.364316 -1.241714
 -1.326871 -1.252764 -1.812374 -1.252764
 -1.098614 -1.992425 -1.417066 -1.245217
 -1.609436 -1.609436 -1.321756 -1.098614
 -1.644122 -1.912384 -1.181501 -1.043351
 -1.738269 -1.515127 -1.014353 -1.419817
 -1.134982 -1.460402 -1.945905 -1.192140
 -1.871798 -1.038895 -1.341174 -1.466336
 -1.609437 -1.364316 -1.364316 -1.241714
 -1.326871 -1.252764 -1.812374 -1.252764
 -1.098614 -1.992425 -1.417066 -1.245217
 -1.609436 -1.609436 -1.321756 -1.098614
 -1.644122 -1.912384 -1.181501 -1.043351
 -1.446918 -1.629238 -0.987389 -1.629238
 -1.143065 -1.289668 -1.400893 -1.836208
 -1.259543 -1.126012 -1.531476 -1.739113
 -1.623621 -1.623621 -0.895386 -1.623621
 -1.427116 -1.272966 -1.272966 -1.609437
 -1.116006 -1.421385 -1.575535 -1.495493
 -1.596014 -1.308333 -1.596014 -1.126012
 -1.967647 -1.313724 -1.066865 -1.397105
 -1.446918 -1.629238 -0.987389 -1.629238
 -1.143065 -1.289668 -1.400893 -1.836208
 -1.259543 -1.126012 -1.531476 -1.739113
 -1.623621 -1.623621 -0.895386 -1.623621
 -1.427116 -1.272966 -1.272966 -1.609437
 -1.116006 -1.421385 -1.575535 -1.495493
 -1.596014 -1.308333 -1.596014 -1.126012
 -1.967647 -1.313724 -1.066865 -1.397105
 -1.417066 -1.791756 -1.145134 -1.299284
 -1.181995 -1.373049 -1.609437 -1.427116
 -1.218158 -1.777771 -1.777771 -1.004585
 -1.729236 -1.824546 -1.182697 -1.036094
 -1.174986 -1.734599 -1.734599 -1.084015
 -0.944464 -2.079436 -1.504077 -1.332227
 -1.203974 -1.241714 -1.203974 -2.197219
 -2.031426 -1.338285 -1.471816 -0.975382
 -1.417066 -1.791756 -1.145134 -1.299284
 -1.181995 -1.373049 -1.609437 -1.427116
 -1.218158 -1.777771 -1.777771 -1.004585
 -1.729236 -1.824546 -1.182697 -1.036094
 -1.174986 -1.734599 -1.734599 -1.084015
 -0.944464 -2.079436 -1.504077 -1.332227
 -1.203974 -1.241714 -1.203974 -2.197219
 -2.031426 -1.338285 -1.471816 -0.975382
 -1.223776 -1.609437 -1.446919 -1.307157
 -0.975382 -1.913645 -1.808285 -1.166436
 -1.232144 -1.637607 -1.232144 -1.504077
 -1.704746 -1.399366 -1.453433 -1.085710
 -1.850597 -1.475906 -1.252764 -1.113002
 -1.098614 -1.424034 -1.686396 -1.424034
 -1.673974 -1.214445 -1.214445 -1.519825
 -1.767660 -1.767660 -1.005523 -1.228666
 -1.223776 -1.609437 -1.446919 -1.307157
 -0.975382 -1.913645 -1.808285 -1.166436
 -1.232144 -1.637607 -1.232144 -1.504077
 -1.704746 -1.399366 -1.453433 -1.085710
 -1.850597 -1.475906 -1.252764 -1.113002
 -1.098614 -1.424034 -1.686396 -1.424034
 -1.673974 -1.214445 -1.214445 -1.519825
 -1.767660 -1.767660 -1.005523 -1.228666
 -1.015232 -1.526055 -1.343735 -1.836208
 -1.704746 -1.054162 -1.481604 -1.417066
 -1.817075 -1.337504 -1.086191 -1.437587
 -1.335001 -1.239692 -1.286211 -1.765782
 -1.400893 -1.343735 -1.461517 -1.343735
 -1.522425 -1.299284 -1.116963 -1.704745
 -1.511457 -1.084015 -1.329136 -1.734599
 -1.921809 -1.271226 -1.110884 -1.410987
 -1.015232 -1.526055 -1.343735 -1.836208
 -1.704746 -1.054162 -1.481604 -1.417066
 -1.817075 -1.337504 -1.086191 -1.437587
 -1.335001 -1.239692 -1.286211 -1.765782
 -1.400893 -1.343735 -1.461517 -1.343735
 -1.522425 -1.299284 -1.116963 -1.704745
 -1.511457 -1.084015 -1.329136 -1.734599
 -1.921809 -1.271226 -1.110884 -1.410987
 -1.113002 -1.609436 -1.850597 -1.157454
 -1.047970 -1.348073 -1.635754 -1.635754
 -1.150573 -1.233954 -1.536234 -1.730388
 -1.696447 -2.014897 -1.261132 -0.916293
 -1.317302 -1.627455 -1.627455 -1.080915
 -1.199966 -1.374318 -1.779781 -1.283347
 -1.303407 -1.098614 -1.755390 -1.504077
 -1.369487 -1.244325 -1.774949 -1.244325
 -1.113002 -1.609436 -1.850597 -1.157454
 -1.047970 -1.348073 -1.635754 -1.635754
 -1.150573 -1.233954 -1.536234 -1.730388
 -1.696447 -2.014897 -1.261132 -0.916293
 -1.317302 -1.627455 -1.627455 -1.080915
 -1.199966 -1.374318 -1.779781 -1.283347
 -1.303407 -1.098614 -1.755390 -1.504077
 -1.369487 -1.244325 -1.774949 -1.244325
 -13.652996 -13.652996 -13.652996 -0.000004
 -13.527834 -13.527834 -13.527834 -0.000004
 -13.180640 -13.180640 -13.180640 -0.000006
 -13.500805 -13.500805 -13.500805 -0.000004
 -13.567055 -13.567055 -13.567055 -0.000004
 -13.400002 -13.400002 -13.400002 -0.000005
 -13.235700 -13.235700 -13.235700 -0.000005
 -13.579793 -13.579793 -13.579793 -0.000004
 -13.652996 -13.652996 -13.652996 -0.000004
 -13.527834 -13.527834 -13.527834 -0.000004
 -13.180640 -13.180640 -13.180640 -0.000006
 -13.500805 -13.500805 -13.500805 -0.000004
 -13.567055 -13.567055 -13.567055 -0.000004
 -13.400002 -13.400002 -13.400002 -0.000005
 -13.235700 -13.235700 -13.235700 -0.000005
 -13.579793 -13.579793 -13.579793 -0.000004
 -1.386294 -1.386294 -1.386294 -1.386294
 -1.386294 -1.386294 -1.386294 -1.386294
 -1.386294 -1.386294 -1.386294 -1.386294
 -1.713981 -1.528264 -0.923671 -1.580450
 -1.386294 -1.386294 -1.386294 -1.386294
 -1.386294 -1.386294 -1.386294 -1.386294
 -1.386294 -1.386294 -1.386294 -1.386294
 -1.654820 -1.475480 -1.095205 -1.403507
 -1.386294 -1.386294 -1.386294 -1.386294
 -1.386294 -1.386294 -1.386294 -1.386294
 -1.386294 -1.386294 -1.386294 -1.386294
 -1.713981 -1.528264 -0.923671 -1.580450
 -1.386294 -1.386294 -1.386294 -1.386294
 -1.386294 -1.386294 -1.386294 -1.386294
 -1.386294 -1.386294 -1.386294 -1.386294
 -1.654820 -1.475480 -1.095205 -1.403507
 -1.386294 -1.386294 -1.386294 -1.386294
 -1.386294 -1.386294 -1.386294 -1.386294
 -1.386294 -1.386294 -1.386294 -1.386294
 -1.386294 -1.386294 -1.386294 -1.386294
 -1.945907 -1.321756 -1.518466 -0.990400
 -1.198696 -1.402295 -1.700786 -1.309922
 -1.521213 -1.184742 -1.153489 -1.831367
 -1.519825 -1.214445 -1.325670 -1.519825
 -1.386294 -1.386294 -1.386294 -1.386294
 -1.386294 -1.386294 -1.386294 -1.386294
 -1.386294 -1.386294 -1.386294 -1.386294
 -1.386294 -1.386294 -1.386294 -1.386294
 -1.945907 -1.321756 -1.518466 -0.990400
 -1.198696 -1.402295 -1.700786 -1.309922
 -1.521213 -1.184742 -1.153489 -1.831367
 -1.519825 -1.214445 -1.325670 -1.519825
 -1.455287 -1.609436 -1.609436 -1.003304
 -1.291984 -1.375365 -1.620487 -1.291984
 -1.258461 -1.386294 -1.586964 -1.341843
 -1.878767 -1.711715 -1.018571 -1.185625
 -1.417066 -1.887066 -1.417066 -1.011603
 -1.189585 -2.036876 -1.343735 -1.189585
 -1.478101 -1.403994 -1.098614 -1.645154
 -1.419084 -1.729236 -1.036094 -1.488076
 -1.455287 -1.609436 -1.609436 -1.003304
 -1.291984 -1.375365 -1.620487 -1.291984
 -1.258461 -1.386294 -1.586964 -1.341843
 -1.878767 -1.711715 -1.018571 -1.185625
 -1.417066 -1.887066 -1.417066 -1.011603
 -1.189585 -2.036876 -1.343735 -1.189585
 -1.478101 -1.403994 -1.098614 -1.645154
 -1.419084 -1.729236 -1.036094 -1.488076
 -1.654557 -1.821609 -0.961413 -1.329136
 -1.064713 -1.227231 -1.757855 -1.662545
 -1.401798 -1.401798 -1.284016 -1.466336
 -1.673975 -1.437587 -0.798510 -2.079437
 -1.637607 -1.141173 -1.332227 -1.504077
 -1.317302 -1.252764 -1.192140 -1.945905
 -1.791757 -1.211942 -1.098614 -1.597602
 -1.698667 -1.271226 -1.315677 -1.315677
 -1.654557 -1.821609 -0.961413 -1.329136
 -1.064713 -1.227231 -1.757855 -1.662545
 -1.401798 -1.401798 -1.284016 -1.466336
 -1.673975 -1.437587 -0.798510 -2.079437
 -1.637607 -1.141173 -1.332227 -1.504077
 -1.317302 -1.252764 -1.192140 -1.945905
 -1.791757 -1.211942 -1.098614 -1.597602
 -1.698667 -1.271226 -1.315677 -1.315677
 -1.478101 -1.558143 -1.558143 -1.047321
 -1.139435 -1.752536 -1.609437 -1.181995
 -1.178656 -1.620487 -1.375365 -1.419817
 -1.417066 -1.791756 -1.245217 -1.193923
 -1.178656 -1.609436 -1.401798 -1.401798
 -1.226446 -1.832578 -1.609437 -1.059393
 -1.223776 -1.351609 -1.609437 -1.398129
 -1.366876 -1.366876 -1.366876 -1.446918
 -1.478101 -1.558143 -1.558143 -1.047321
 -1.139435 -1.752536 -1.609437 -1.181995
 -1.178656 -1.620487 -1.375365 -1.419817
 -1.417066 -1.791756 -1.245217 -1.193923
 -1.178656 -1.609436 -1.401798 -1.401798
 -1.226446 -1.832578 -1.609437 -1.059393
 -1.223776 -1.351609 -1.609437 -1.398129
 -1.366876 -1.366876 -1.366876 -1.446918
 -1.363305 -1.681757 -1.276294 -1.276294
 -1.083346 -1.284016 -1.535329 -1.776489
 -1.275069 -1.446919 -1.174986 -1.734599
 -1.661396 -1.730388 -1.037245 -1.278406
 -1.752536 -2.120258 -1.059393 -1.021653
 -1.694593 -1.406914 -1.326871 -1.183772
 -1.419084 -1.082614 -1.642226 -1.488076
 -1.829497 -1.258955 -1.098614 -1.504077
 -1.363305 -1.681757 -1.276294 -1.276294
 -1.083346 -1.284016 -1.535329 -1.776489
 -1.275069 -1.446919 -1.174986 -1.734599
 -1.661396 -1.730388 -1.037245 -1.278406
 -1.752536 -2.120258 -1.059393 -1.021653
 -1.694593 -1.406914 -1.326871 -1.183772
 -1.419084 -1.082614 -1.642226 -1.488076
 -1.829497 -1.258955 -1.098614 -1.504077
 -1.669155 -1.343735 -1.461517 -1.143065
 -1.293922 -1.182697 -2.047687 -1.236763
 -1.160745 -1.199966 -2.472921 -1.199966
 -1.399366 -1.453433 -1.510591 -1.208312
 -1.304949 -1.244325 -1.592629 -1.438480
 -1.160171 -1.314321 -1.314321 -1.902103
 -1.698667 -1.516347 -1.005523 -1.462280
 -1.481604 -1.356442 -1.299284 -1.417066
 -1.669155 -1.343735 -1.461517 -1.143065
 -1.293922 -1.182697 -2.047687 -1.236763
 -1.160745 -1.199966 -2.472921 -1.199966
 -1.399366 -1.453433 -1.510591 -1.208312
 -1.304949 -1.244325 -1.592629 -1.438480
 -1.160171 -1.314321 -1.314321 -1.902103
 -1.698667 -1.516347 -1.005523 -1.462280
 -1.481604 -1.356442 -1.299284 -1.417066
 -13.458841 -13.458841 -13.458841 -0.000004
 -13.567055 -13.567055 -13.567055 -0.000004
 -13.384734 -13.384734 -13.384734 -0.000005
 -13.592372 -13.592372 -13.592372 -0.000004
 -13.487012 -13.487012 -13.487012 -0.000004
 -13.487012 -13.487012 -13.487012 -0.000004
 -13.321220 -13.321220 -13.321220 -0.000005
 -13.415039 -13.415039 -13.415039 -0.000004
 -13.458841 -13.458841 -13.458841 -0.000004
 -13.567055 -13.567055 -13.567055 -0.000004
 -13.384734 -13.384734 -13.384734 -0.000005
 -13.592372 -13.592372 -13.592372 -0.000004
 -13.487012 -13.487012 -13.487012 -0.000004
 -13.487012 -13.487012 -13.487012 -0.000004
 -13.321220 -13.321220 -13.321220 -0.000005
 -13.415039 -13.415039 -13.415039 -0.000004
 -1.386294 -1.386294 -1.386294 -1.386294
 -1.386294 -1.386294 -1.386294 -1.386294
 -1.386294 -1.386294 -1.386294 -1.386294
 -14.801329 -14.801329 -0.000001 -14.801329
 -1.386294 -1.386294 -1.386294 -1.386294
 -1.386294 -1.386294 -1.386294 -1.386294
 -1.386294 -1.386294 -1.386294 -1.386294
 -14.904074 -14.904074 -0.000001 -14.904074
 -1.386294 -1.386294 -1.386294 -1.386294
 -1.386294 -1.386294 -1.386294 -1.386294
 -1.386294 -1.386294 -1.386294 -1.386294
 -14.801329 -14.801329 -0.000001 -14.801329
 -1.386294 -1.386294 -1.386294 -1.386294
 -1.386294 -1.386294 -1.386294 -1.386294
 -1.386294 -1.386294 -1.386294 -1.386294
 -14.904074 -14.904074 -0.000001 -14.904074
 -1.386294 -1.386294 -1.386294 -1.386294
 -1.386294 -1.386294 -1.386294 -1.386294
 -1.386294 -1.386294 -1.386294 -1.386294
 -1.386294 -1.386294 -1.386294 -1.386294
 -1.386294 -1.386294 -1.386294 -1.386294
 -1.386294 -1.386294 -1.386294 -1.386294
 -15.547167 -0.000001 -15.547167 -15.547167
 -1.386294 -1.386294 -1.386294 -1.386294
 -1.386294 -1.386294 -1.386294 -1.386294
 -1.386294 -1.386294 -1.386294 -1.386294
 -1.386294 -1.386294 -1.386294 -1.386294
 -1.386294 -1.386294 -1.386294 -1.386294
 -1.386294 -1.386294 -1.386294 -1.386294
 -1.386294 -1.386294 -1.386294 -1.386294
 -15.547167 -0.000001 -15.547167 -15.547167
 -1.386294 -1.386294 -1.386294 -1.386294
 -1.386294 -1.386294 -1.386294 -1.386294
 -0.000001 -15.547167 -15.547167 -15.547167
 -1.386294 -1.386294 -1.386294 -1.386294
 -1.386294 -1.386294 -1.386294 -1.386294
 -1.386294 -1.386294 -1.386294 -1.386294
 -1.386294 -1.386294 -1.386294 -1.386294
 -1.386294 -1.386294 -1.386294 -1.386294
 -1.386294 -1.386294 -1.386294 -1.386294
 -1.386294 -1.386294 -1.386294 -1.386294
 -0.000001 -15.547167 -15.547167 -15.547167
 -1.386294 -1.386294 -1.386294 -1.386294
 -1.386294 -1.386294 -1.386294 -1.386294
 -1.386294 -1.386294 -1.386294 -1.386294
 -1.386294 -1.386294 -1.386294 -1.386294
 -1.386294 -1.386294 -1.386294 -1.386294
 -1.386294 -1.386294 -1.386294 -1.386294
 -1.386294 -1.386294 -1.386294 -1.386294
 -1.386294 -1.386294 -1.386294 -1.386294
 -1.386294 -1.386294 -1.386294 -1.386294
 -1.386294 -1.386294 -1.386294 -1.386294
 -15.547167 -15.547167 -0.000001 -15.547167
 -1.386294 -1.386294 -1.386294 -1.386294
 -1.386294 -1.386294 -1.386294 -1.386294
 -1.386294 -1.386294 -1.386294 -1.386294
 -1.386294 -1.386294 -1.386294 -1.386294
 -1.386294 -1.386294 -1.386294 -1.386294
 -1.386294 -1.386294 -1.386294 -1.386294
 -1.386294 -1.386294 -1.386294 -1.386294
 -15.547167 -15.547167 -0.000001 -15.547167
 -1.386294 -1.386294 -1.386294 -1.386294
 -1.386294 -1.386294 -1.386294 -1.386294
 -1.386294 -1.386294 -1.386294 -1.386294
 -1.386294 -1.386294 -1.386294 -1.386294
 -1.386294 -1.386294 -1.386294 -1.386294
 -15.547167 -15.547167 -0.000001 -15.547167
 -1.386294 -1.386294 -1.386294 -1.386294
 -1.386294 -1.386294 -1.386294 -1.386294
 -1.386294 -1.386294 -1.386294 -1.386294
 -1.386294 -1.386294 -1.386294 -1.386294
 -1.386294 -1.386294 -1.386294 -1.386294
 -1.386294 -1.386294 -1.386294 -1.386294
 -1.386294 -1.386294 -1.386294 -1.386294
 -15.547167 -15.547167 -0.000001 -15.547167
 -1.386294 -1.386294 -1.386294 -1.386294
 -1.386294 -1.386294 -1.386294 -1.386294
 -1.386294 -1.386294 -1.386294 -1.386294
 -1.386294 -1.386294 -1.386294 -1.386294
 -1.386294 -1.386294 -1.386294 -1.386294
 -1.386294 -1.386294 -1.386294 -1.386294
 -1.386294 -1.386294 -1.386294 -1.386294
 -1.172040 -1.532804 -1.557702 -1.332879
 -1.386294 -1.386294 -1.386294 -1.386294
 -1.386294 -1.386294 -1.386294 -1.386294
 -1.386294 -1.386294 -1.386294 -1.386294
 -1.386294 -1.386294 -1.386294 -1.386294
 -1.386294 -1.386294 -1.386294 -1.386294
 -1.386294 -1.386294 -1.386294 -1.386294
 -1.386294 -1.386294 -1.386294 -1.386294
 -1.172040 -1.532804 -1.557702 -1.332879
 -1.386294 -1.386294 -1.386294 -1.386294
 -1.386294 -1.386294 -1.386294 -1.386294
 -1.386294 -1.386294 -1.386294 -1.386294
 -1.386294 -1.386294 -1.386294 -1.386294
 -1.386294 -1.386294 -1.386294 -1.386294
 -1.314638 -1.763588 -1.194494 -1.358124
 -1.307514 -1.585145 -1.471816 -1.220503
 -1.223776 -1.345136 -1.483286 -1.521026
 -1.153799 -2.295892 -1.340385 -1.132746
 -1.386294 -1.386294 -1.386294 -1.386294
 -1.386294 -1.386294 -1.386294 -1.386294
 -1.386294 -1.386294 -1.386294 -1.386294
 -1.386294 -1.386294 -1.386294 -1.386294
 -1.314638 -1.763588 -1.194494 -1.358124
 -1.307514 -1.585145 -1.471816 -1.220503
 -1.223776 -1.345136 -1.483286 -1.521026
 -1.153799 -2.295892 -1.340385 -1.132746
 -1.386294 -1.386294 -1.386294 -1.386294
 -1.386294 -1.386294 -1.386294 -1.386294
 -1.386294 -1.386294 -1.386294 -1.386294
 -1.386294 -1.386294 -1.386294 -1.386294
