 -2.605536 0.000100 0.000100 0.000100
 -3.224569 0.000100 0.000100 0.000100
 -2.462436 0.000100 0.000100 0.000100
 -2.685578 0.000100 0.000100 0.000100
 -3.378717 0.000100 0.000100 0.000100
 -3.561035 0.000100 0.000100 0.000100
 -2.280116 0.000100 0.000100 0.000100
 -2.685578 0.000100 0.000100 0.000100
 -2.605536 0.000100 0.000100 0.000100
 -3.224569 0.000100 0.000100 0.000100
 -2.462436 0.000100 0.000100 0.000100
 -2.685578 0.000100 0.000100 0.000100
 -3.378717 0.000100 0.000100 0.000100
 -3.561035 0.000100 0.000100 0.000100
 -2.280116 0.000100 0.000100 0.000100
 -2.685578 0.000100 0.000100 0.000100
 -0.773204 -1.871783 -1.871783 -1.466334
 -1.252770 -1.252770 -0.847322 -11.156308
 -1.609431 -1.098619 -0.916301 -2.707977
 -1.791743 -1.386294 -0.693164 -2.484840
 -1.098629 -11.002167 -1.791726 -0.693181
 -0.916321 -1.609418 -1.609418 -1.609418
 -2.197197 -0.693158 -1.791748 -1.504075
 -2.484840 -1.791743 -1.098621 -0.875482
 -0.773204 -1.871783 -1.871783 -1.466334
 -1.252770 -1.252770 -0.847322 -11.156308
 -1.609431 -1.098619 -0.916301 -2.707977
 -1.791743 -1.386294 -0.693164 -2.484840
 -1.098629 -11.002167 -1.791726 -0.693181
 -0.916321 -1.609418 -1.609418 -1.609418
 -2.197197 -0.693158 -1.791748 -1.504075
 -2.484840 -1.791743 -1.098621 -0.875482
 -0.000023 -11.775321 -11.775321 -11.775321
 -0.000019 -11.982954 -11.982954 -11.982954
 -0.000025 -11.695280 -11.695280 -11.695280
 -0.000027 -11.608273 -11.608273 -11.608273
 -0.000043 -11.156308 -11.156308 -11.156308
 -0.000038 -11.289832 -11.289832 -11.289832
 -0.000021 -11.849426 -11.849426 -11.849426
 -0.000043 -11.156308 -11.156308 -11.156308
 -0.000023 -11.775321 -11.775321 -11.775321
 -0.000019 -11.982954 -11.982954 -11.982954
 -0.000025 -11.695280 -11.695280 -11.695280
 -0.000027 -11.608273 -11.608273 -11.608273
 -0.000043 -11.156308 -11.156308 -11.156308
 -0.000038 -11.289832 -11.289832 -11.289832
 -0.000021 -11.849426 -11.849426 -11.849426
 -0.000043 -11.156308 -11.156308 -11.156308
 -13.038990 -13.038990 -0.000006 -13.038990
 -1.386294 -1.386294 -1.386294 -1.386294
 -1.386294 -1.386294 -1.386294 -1.386294
 -1.386294 -1.386294 -1.386294 -1.386294
 -12.948019 -12.948019 -0.000007 -12.948019
 -1.386294 -1.386294 -1.386294 -1.386294
 -1.386294 -1.386294 -1.386294 -1.386294
 -1.386294 -1.386294 -1.386294 -1.386294
 -13.038990 -13.038990 -0.000006 -13.038990
 -1.386294 -1.386294 -1.386294 -1.386294
 -1.386294 -1.386294 -1.386294 -1.386294
 -1.386294 -1.386294 -1.386294 -1.386294
 -12.948019 -12.948019 -0.000007 -12.948019
 -1.386294 -1.386294 -1.386294 -1.386294
 -1.386294 -1.386294 -1.386294 -1.386294
 -1.386294 -1.386294 -1.386294 -1.386294
 -1.386294 -1.386294 -1.386294 -1.386294
 -1.386294 -1.386294 -1.386294 -1.386294
 -13.687682 -13.687682 -0.000003 -13.687682
 -1.386294 -1.386294 -1.386294 -1.386294
 -1.386294 -1.386294 -1.386294 -1.386294
 -1.386294 -1.386294 -1.386294 -1.386294
 -1.386294 -1.386294 -1.386294 -1.386294
 -1.386294 -1.386294 -1.386294 -1.386294
 -1.386294 -1.386294 -1.386294 -1.386294
 -1.386294 -1.386294 -1.386294 -1.386294
 -13.687682 -13.687682 -0.000003 -13.687682
 -1.386294 -1.386294 -1.386294 -1.386294
 -1.386294 -1.386294 -1.386294 -1.386294
 -1.386294 -1.386294 -1.386294 -1.386294
 -1.386294 -1.386294 -1.386294 -1.386294
 -1.386294 -1.386294 -1.386294 -1.386294
 -1.386294 -1.386294 -1.386294 -1.386294
 -1.386294 -1.386294 -1.386294 -1.386294
 -13.687682 -13.687682 -13.687682 -0.000003
 -1.386294 -1.386294 -1.386294 -1.386294
 -1.386294 -1.386294 -1.386294 -1.386294
 -1.386294 -1.386294 -1.386294 -1.386294
 -1.386294 -1.386294 -1.386294 -1.386294
 -1.386294 -1.386294 -1.386294 -1.386294
 -1.386294 -1.386294 -1.386294 -1.386294
 -1.386294 -1.386294 -1.386294 -1.386294
 -13.687682 -13.687682 -13.687682 -0.000003
 -1.386294 -1.386294 -1.386294 -1.386294
 -1.386294 -1.386294 -1.386294 -1.386294
 -1.386294 -1.386294 -1.386294 -1.386294
 -1.386294 -1.386294 -1.386294 -1.386294
 -1.386294 -1.386294 -1.386294 -1.386294
 -1.386294 -1.386294 -1.386294 -1.386294
 -1.386294 -1.386294 -1.386294 -1.386294
 -1.386294 -1.386294 -1.386294 -1.386294
 -13.687682 -1.219241 -1.258461 -0.866421
 -1.386294 -1.386294 -1.386294 -1.386294
 -1.386294 -1.386294 -1.386294 -1.386294
 -1.386294 -1.386294 -1.386294 -1.386294
 -1.386294 -1.386294 -1.386294 -1.386294
 -1.386294 -1.386294 -1.386294 -1.386294
 -1.386294 -1.386294 -1.386294 -1.386294
 -1.386294 -1.386294 -1.386294 -1.386294
 -13.687682 -1.219241 -1.258461 -0.866421
 -1.386294 -1.386294 -1.386294 -1.386294
 -1.386294 -1.386294 -1.386294 -1.386294
 -1.386294 -1.386294 -1.386294 -1.386294
 -1.386294 -1.386294 -1.386294 -1.386294
 -1.386294 -1.386294 -1.386294 -1.386294
 -1.386294 -1.386294 -1.386294 -1.386294
 -1.386294 -1.386294 -1.386294 -1.386294
 -1.386294 -1.386294 -1.386294 -1.386294
 -1.386294 -1.386294 -1.386294 -1.386294
 -1.178658 -1.648654 -1.060876 -1.871793
 -1.427116 -1.832572 -1.139438 -1.272967
 -1.126014 -2.512283 -1.126014 -1.308334
 -1.386294 -1.386294 -1.386294 -1.386294
 -1.386294 -1.386294 -1.386294 -1.386294
 -1.386294 -1.386294 -1.386294 -1.386294
 -1.386294 -1.386294 -1.386294 -1.386294
 -1.386294 -1.386294 -1.386294 -1.386294
 -1.178658 -1.648654 -1.060876 -1.871793
 -1.427116 -1.832572 -1.139438 -1.272967
 -1.126014 -2.512283 -1.126014 -1.308334
 -11.002167 -11.002167 -0.000050 -11.002167
 -10.596735 -10.596735 -0.000075 -10.596735
 -11.289832 -11.289832 -0.000038 -11.289832
 -11.156307 -11.156307 -0.000043 -11.156307
 -12.206093 -12.206093 -0.000015 -12.206093
 -11.289832 -11.289832 -0.000038 -11.289832
 -12.254882 -12.254882 -0.000014 -12.254882
 -11.849426 -11.849426 -0.000021 -11.849426
 -11.002167 -11.002167 -0.000050 -11.002167
 -10.596735 -10.596735 -0.000075 -10.596735
 -11.289832 -11.289832 -0.000038 -11.289832
 -11.156307 -11.156307 -0.000043 -11.156307
 -12.206093 -12.206093 -0.000015 -12.206093
 -11.289832 -11.289832 -0.000038 -11.289832
 -12.254882 -12.254882 -0.000014 -12.254882
 -11.849426 -11.849426 -0.000021 -11.849426
 -1.386294 -1.386294 -1.386294 -1.386294
 -1.386294 -1.386294 -1.386294 -1.386294
 -13.217681 -13.217681 -13.217681 -0.000005
 -1.386294 -1.386294 -1.386294 -1.386294
 -1.386294 -1.386294 -1.386294 -1.386294
 -1.386294 -1.386294 -1.386294 -1.386294
 -12.706861 -12.706861 -12.706861 -0.000009
 -1.386294 -1.386294 -1.386294 -1.386294
 -1.386294 -1.386294 -1.386294 -1.386294
 -1.386294 -1.386294 -1.386294 -1.386294
 -13.217681 -13.217681 -13.217681 -0.000005
 -1.386294 -1.386294 -1.386294 -1.386294
 -1.386294 -1.386294 -1.386294 -1.386294
 -1.386294 -1.386294 -1.386294 -1.386294
 -12.706861 -12.706861 -12.706861 -0.000009
 -1.386294 -1.386294 -1.386294 -1.386294
 -1.386294 -1.386294 -1.386294 -1.386294
 -1.386294 -1.386294 -1.386294 -1.386294
 -1.386294 -1.386294 -1.386294 -1.386294
 -1.704746 -1.586964 -0.980831 -1.432814
 -1.386294 -1.386294 -1.386294 -1.386294
 -1.386294 -1.386294 -1.386294 -1.386294
 -1.386294 -1.386294 -1.386294 -1.386294
 -1.386294 -1.386294 -1.386294 -1.386294
 -1.386294 -1.386294 -1.386294 -1.386294
 -1.386294 -1.386294 -1.386294 -1.386294
 -1.386294 -1.386294 -1.386294 -1.386294
 -1.704746 -1.586964 -0.980831 -1.432814
 -1.386294 -1.386294 -1.386294 -1.386294
 -1.386294 -1.386294 -1.386294 -1.386294
 -1.386294 -1.386294 -1.386294 -1.386294
 -1.386294 -1.386294 -1.386294 -1.386294
 -1.386294 -1.386294 -1.386294 -1.386294
 -1.386294 -1.386294 -1.386294 -1.386294
 -1.386294 -1.386294 -1.386294 -1.386294
 -1.386294 -1.386294 -1.386294 -1.386294
 -0.980838 -1.386294 -1.386294 -2.079417
 -1.504075 -1.280936 -1.098618 -1.791748
 -1.011605 -1.704744 -1.417066 -1.550595
 -2.351344 -1.435084 -1.658222 -0.741946
 -1.386294 -1.386294 -1.386294 -1.386294
 -1.386294 -1.386294 -1.386294 -1.386294
 -1.386294 -1.386294 -1.386294 -1.386294
 -1.386294 -1.386294 -1.386294 -1.386294
 -0.980838 -1.386294 -1.386294 -2.079417
 -1.504075 -1.280936 -1.098618 -1.791748
 -1.011605 -1.704744 -1.417066 -1.550595
 -2.351344 -1.435084 -1.658222 -0.741946
 -1.098618 -2.890294 -0.944470 -1.504075
 -1.203979 -2.302525 -1.609428 -0.916306
 -2.484840 -0.875482 -1.386294 -1.386294
 -1.504072 -2.197169 -2.197169 -0.587811
 -0.693181 -11.002167 -0.693181 -11.002167
 -1.203979 -1.203979 -2.302525 -1.203979
 -1.609428 -2.302525 -1.609428 -0.693167
 -1.871783 -2.564880 -0.773204 -1.178661
 -1.098618 -2.890294 -0.944470 -1.504075
 -1.203979 -2.302525 -1.609428 -0.916306
 -2.484840 -0.875482 -1.386294 -1.386294
 -1.504072 -2.197169 -2.197169 -0.587811
 -0.693181 -11.002167 -0.693181 -11.002167
 -1.203979 -1.203979 -2.302525 -1.203979
 -1.609428 -2.302525 -1.609428 -0.693167
 -1.871783 -2.564880 -0.773204 -1.178661
 -1.386294 -1.386294 -1.098621 -1.791743
 -1.252770 -0.847322 -1.945867 -1.945867
 -0.916301 -1.098619 -1.321758 -11.918417
 -1.386294 -1.386294 -0.875482 -2.484840
 -11.512965 -11.512965 -0.510849 -0.916306
 -1.791726 -1.791726 -1.791726 -0.693181
 -2.302525 -0.916306 -1.203979 -1.609428
 -1.163156 -1.673968 -2.079417 -0.980838
 -1.386294 -1.386294 -1.098621 -1.791743
 -1.252770 -0.847322 -1.945867 -1.945867
 -0.916301 -1.098619 -1.321758 -11.918417
 -1.386294 -1.386294 -0.875482 -2.484840
 -11.512965 -11.512965 -0.510849 -0.916306
 -1.791726 -1.791726 -1.791726 -0.693181
 -2.302525 -0.916306 -1.203979 -1.609428
 -1.163156 -1.673968 -2.079417 -0.980838
 -1.203979 -0.916306 -2.302525 -1.609428
 -1.791743 -2.484840 -1.098621 -0.875482
 -1.223779 -1.223779 -1.446918 -1.734591
 -2.079391 -2.079391 -0.693172 -1.386294
 -0.788474 -2.397832 -1.704734 -1.299286
 -1.609428 -1.609428 -1.203979 -1.203979
 -1.504072 -11.407610 -1.098623 -0.810950
 -2.397832 -1.704734 -0.788474 -1.299286
 -1.203979 -0.916306 -2.302525 -1.609428
 -1.791743 -2.484840 -1.098621 -0.875482
 -1.223779 -1.223779 -1.446918 -1.734591
 -2.079391 -2.079391 -0.693172 -1.386294
 -0.788474 -2.397832 -1.704734 -1.299286
 -1.609428 -1.609428 -1.203979 -1.203979
 -1.504072 -11.407610 -1.098623 -0.810950
 -2.397832 -1.704734 -0.788474 -1.299286
 -2.605536 0.000100 0.000100 0.000100
 -3.224569 0.000100 0.000100 0.000100
 -2.462436 0.000100 0.000100 0.000100
 -2.685578 0.000100 0.000100 0.000100
 -3.378717 0.000100 0.000100 0.000100
 -3.561035 0.000100 0.000100 0.000100
 -2.280116 0.000100 0.000100 0.000100
 -2.685578 0.000100 0.000100 0.000100
 -2.605536 0.000100 0.000100 0.000100
 -3.224569 0.000100 0.000100 0.000100
 -2.462436 0.000100 0.000100 0.000100
 -2.685578 0.000100 0.000100 0.000100
 -3.378717 0.000100 0.000100 0.000100
 -3.561035 0.000100 0.000100 0.000100
 -2.280116 0.000100 0.000100 0.000100
 -2.685578 0.000100 0.000100 0.000100
 -0.773204 -1.871783 -1.871783 -1.466334
 -1.252770 -1.252770 -0.847322 -11.156308
 -1.609431 -1.098619 -0.916301 -2.707977
 -1.791743 -1.386294 -0.693164 -2.484840
 -1.098629 -11.002167 -1.791726 -0.693181
 -0.916321 -1.609418 -1.609418 -1.609418
 -2.197197 -0.693158 -1.791748 -1.504075
 -2.484840 -1.791743 -1.098621 -0.875482
 -0.773204 -1.871783 -1.871783 -1.466334
 -1.252770 -1.252770 -0.847322 -11.156308
 -1.609431 -1.098619 -0.916301 -2.707977
 -1.791743 -1.386294 -0.693164 -2.484840
 -1.098629 -11.002167 -1.791726 -0.693181
 -0.916321 -1.609418 -1.609418 -1.609418
 -2.197197 -0.693158 -1.791748 -1.504075
 -2.484840 -1.791743 -1.098621 -0.875482
 -0.000023 -11.775321 -11.775321 -11.775321
 -0.000019 -11.982954 -11.982954 -11.982954
 -0.000025 -11.695280 -11.695280 -11.695280
 -0.000027 -11.608273 -11.608273 -11.608273
 -0.000043 -11.156308 -11.156308 -11.156308
 -0.000038 -11.289832 -11.289832 -11.289832
 -0.000021 -11.849426 -11.849426 -11.849426
 -0.000043 -11.156308 -11.156308 -11.156308
 -0.000023 -11.775321 -11.775321 -11.775321
 -0.000019 -11.982954 -11.982954 -11.982954
 -0.000025 -11.695280 -11.695280 -11.695280
 -0.000027 -11.608273 -11.608273 -11.608273
 -0.000043 -11.156308 -11.156308 -11.156308
 -0.000038 -11.289832 -11.289832 -11.289832
 -0.000021 -11.849426 -11.849426 -11.849426
 -0.000043 -11.156308 -11.156308 -11.156308
 -13.038990 -13.038990 -0.000006 -13.038990
 -1.386294 -1.386294 -1.386294 -1.386294
 -1.386294 -1.386294 -1.386294 -1.386294
 -1.386294 -1.386294 -1.386294 -1.386294
 -12.948019 -12.948019 -0.000007 -12.948019
 -1.386294 -1.386294 -1.386294 -1.386294
 -1.386294 -1.386294 -1.386294 -1.386294
 -1.386294 -1.386294 -1.386294 -1.386294
 -13.038990 -13.038990 -0.000006 -13.038990
 -1.386294 -1.386294 -1.386294 -1.386294
 -1.386294 -1.386294 -1.386294 -1.386294
 -1.386294 -1.386294 -1.386294 -1.386294
 -12.948019 -12.948019 -0.000007 -12.948019
 -1.386294 -1.386294 -1.386294 -1.386294
 -1.386294 -1.386294 -1.386294 -1.386294
 -1.386294 -1.386294 -1.386294 -1.386294
 -1.386294 -1.386294 -1.386294 -1.386294
 -1.386294 -1.386294 -1.386294 -1.386294
 -13.687682 -13.687682 -0.000003 -13.687682
 -1.386294 -1.386294 -1.386294 -1.386294
 -1.386294 -1.386294 -1.386294 -1.386294
 -1.386294 -1.386294 -1.386294 -1.386294
 -1.386294 -1.386294 -1.386294 -1.386294
 -1.386294 -1.386294 -1.386294 -1.386294
 -1.386294 -1.386294 -1.386294 -1.386294
 -1.386294 -1.386294 -1.386294 -1.386294
 -13.687682 -13.687682 -0.000003 -13.687682
 -1.386294 -1.386294 -1.386294 -1.386294
 -1.386294 -1.386294 -1.386294 -1.386294
 -1.386294 -1.386294 -1.386294 -1.386294
 -1.386294 -1.386294 -1.386294 -1.386294
 -1.386294 -1.386294 -1.386294 -1.386294
 -1.386294 -1.386294 -1.386294 -1.386294
 -1.386294 -1.386294 -1.386294 -1.386294
 -13.687682 -13.687682 -13.687682 -0.000003
 -1.386294 -1.386294 -1.386294 -1.386294
 -1.386294 -1.386294 -1.386294 -1.386294
 -1.386294 -1.386294 -1.386294 -1.386294
 -1.386294 -1.386294 -1.386294 -1.386294
 -1.386294 -1.386294 -1.386294 -1.386294
 -1.386294 -1.386294 -1.386294 -1.386294
 -1.386294 -1.386294 -1.386294 -1.386294
 -13.687682 -13.687682 -13.687682 -0.000003
 -1.386294 -1.386294 -1.386294 -1.386294
 -1.386294 -1.386294 -1.386294 -1.386294
 -1.386294 -1.386294 -1.386294 -1.386294
 -1.386294 -1.386294 -1.386294 -1.386294
 -1.386294 -1.386294 -1.386294 -1.386294
 -1.386294 -1.386294 -1.386294 -1.386294
 -1.386294 -1.386294 -1.386294 -1.386294
 -1.386294 -1.386294 -1.386294 -1.386294
 -13.687682 -1.219241 -1.258461 -0.866421
 -1.386294 -1.386294 -1.386294 -1.386294
 -1.386294 -1.386294 -1.386294 -1.386294
 -1.386294 -1.386294 -1.386294 -1.386294
 -1.386294 -1.386294 -1.386294 -1.386294
 -1.386294 -1.386294 -1.386294 -1.386294
 -1.386294 -1.386294 -1.386294 -1.386294
 -1.386294 -1.386294 -1.386294 -1.386294
 -13.687682 -1.219241 -1.258461 -0.866421
 -1.386294 -1.386294 -1.386294 -1.386294
 -1.386294 -1.386294 -1.386294 -1.386294
 -1.386294 -1.386294 -1.386294 -1.386294
 -1.386294 -1.386294 -1.386294 -1.386294
 -1.386294 -1.386294 -1.386294 -1.386294
 -1.386294 -1.386294 -1.386294 -1.386294
 -1.386294 -1.386294 -1.386294 -1.386294
 -1.386294 -1.386294 -1.386294 -1.386294
 -1.386294 -1.386294 -1.386294 -1.386294
 -1.178658 -1.648654 -1.060876 -1.871793
 -1.427116 -1.832572 -1.139438 -1.272967
 -1.126014 -2.512283 -1.126014 -1.308334
 -1.386294 -1.386294 -1.386294 -1.386294
 -1.386294 -1.386294 -1.386294 -1.386294
 -1.386294 -1.386294 -1.386294 -1.386294
 -1.386294 -1.386294 -1.386294 -1.386294
 -1.386294 -1.386294 -1.386294 -1.386294
 -1.178658 -1.648654 -1.060876 -1.871793
 -1.427116 -1.832572 -1.139438 -1.272967
 -1.126014 -2.512283 -1.126014 -1.308334
 -11.002167 -11.002167 -0.000050 -11.002167
 -10.596735 -10.596735 -0.000075 -10.596735
 -11.289832 -11.289832 -0.000038 -11.289832
 -11.156307 -11.156307 -0.000043 -11.156307
 -12.206093 -12.206093 -0.000015 -12.206093
 -11.289832 -11.289832 -0.000038 -11.289832
 -12.254882 -12.254882 -0.000014 -12.254882
 -11.849426 -11.849426 -0.000021 -11.849426
 -11.002167 -11.002167 -0.000050 -11.002167
 -10.596735 -10.596735 -0.000075 -10.596735
 -11.289832 -11.289832 -0.000038 -11.289832
 -11.156307 -11.156307 -0.000043 -11.156307
 -12.206093 -12.206093 -0.000015 -12.206093
 -11.289832 -11.289832 -0.000038 -11.289832
 -12.254882 -12.254882 -0.000014 -12.254882
 -11.849426 -11.849426 -0.000021 -11.849426
 -1.386294 -1.386294 -1.386294 -1.386294
 -1.386294 -1.386294 -1.386294 -1.386294
 -13.217681 -13.217681 -13.217681 -0.000005
 -1.386294 -1.386294 -1.386294 -1.386294
 -1.386294 -1.386294 -1.386294 -1.386294
 -1.386294 -1.386294 -1.386294 -1.386294
 -12.706861 -12.706861 -12.706861 -0.000009
 -1.386294 -1.386294 -1.386294 -1.386294
 -1.386294 -1.386294 -1.386294 -1.386294
 -1.386294 -1.386294 -1.386294 -1.386294
 -13.217681 -13.217681 -13.217681 -0.000005
 -1.386294 -1.386294 -1.386294 -1.386294
 -1.386294 -1.386294 -1.386294 -1.386294
 -1.386294 -1.386294 -1.386294 -1.386294
 -12.706861 -12.706861 -12.706861 -0.000009
 -1.386294 -1.386294 -1.386294 -1.386294
 -1.386294 -1.386294 -1.386294 -1.386294
 -1.386294 -1.386294 -1.386294 -1.386294
 -1.386294 -1.386294 -1.386294 -1.386294
 -1.704746 -1.586964 -0.980831 -1.432814
 -1.386294 -1.386294 -1.386294 -1.386294
 -1.386294 -1.386294 -1.386294 -1.386294
 -1.386294 -1.386294 -1.386294 -1.386294
 -1.386294 -1.386294 -1.386294 -1.386294
 -1.386294 -1.386294 -1.386294 -1.386294
 -1.386294 -1.386294 -1.386294 -1.386294
 -1.386294 -1.386294 -1.386294 -1.386294
 -1.704746 -1.586964 -0.980831 -1.432814
 -1.386294 -1.386294 -1.386294 -1.386294
 -1.386294 -1.386294 -1.386294 -1.386294
 -1.386294 -1.386294 -1.386294 -1.386294
 -1.386294 -1.386294 -1.386294 -1.386294
 -1.386294 -1.386294 -1.386294 -1.386294
 -1.386294 -1.386294 -1.386294 -1.386294
 -1.386294 -1.386294 -1.386294 -1.386294
 -1.386294 -1.386294 -1.386294 -1.386294
 -0.980838 -1.386294 -1.386294 -2.079417
 -1.504075 -1.280936 -1.098618 -1.791748
 -1.011605 -1.704744 -1.417066 -1.550595
 -2.351344 -1.435084 -1.658222 -0.741946
 -1.386294 -1.386294 -1.386294 -1.386294
 -1.386294 -1.386294 -1.386294 -1.386294
 -1.386294 -1.386294 -1.386294 -1.386294
 -1.386294 -1.386294 -1.386294 -1.386294
 -0.980838 -1.386294 -1.386294 -2.079417
 -1.504075 -1.280936 -1.098618 -1.791748
 -1.011605 -1.704744 -1.417066 -1.550595
 -2.351344 -1.435084 -1.658222 -0.741946
 -1.098618 -2.890294 -0.944470 -1.504075
 -1.203979 -2.302525 -1.609428 -0.916306
 -2.484840 -0.875482 -1.386294 -1.386294
 -1.504072 -2.197169 -2.197169 -0.587811
 -0.693181 -11.002167 -0.693181 -11.002167
 -1.203979 -1.203979 -2.302525 -1.203979
 -1.609428 -2.302525 -1.609428 -0.693167
 -1.871783 -2.564880 -0.773204 -1.178661
 -1.098618 -2.890294 -0.944470 -1.504075
 -1.203979 -2.302525 -1.609428 -0.916306
 -2.484840 -0.875482 -1.386294 -1.386294
 -1.504072 -2.197169 -2.197169 -0.587811
 -0.693181 -11.002167 -0.693181 -11.002167
 -1.203979 -1.203979 -2.302525 -1.203979
 -1.609428 -2.302525 -1.609428 -0.693167
 -1.871783 -2.564880 -0.773204 -1.178661
 -1.386294 -1.386294 -1.098621 -1.791743
 -1.252770 -0.847322 -1.945867 -1.945867
 -0.916301 -1.098619 -1.321758 -11.918417
 -1.386294 -1.386294 -0.875482 -2.484840
 -11.512965 -11.512965 -0.510849 -0.916306
 -1.791726 -1.791726 -1.791726 -0.693181
 -2.302525 -0.916306 -1.203979 -1.609428
 -1.163156 -1.673968 -2.079417 -0.980838
 -1.386294 -1.386294 -1.098621 -1.791743
 -1.252770 -0.847322 -1.945867 -1.945867
 -0.916301 -1.098619 -1.321758 -11.918417
 -1.386294 -1.386294 -0.875482 -2.484840
 -11.512965 -11.512965 -0.510849 -0.916306
 -1.791726 -1.791726 -1.791726 -0.693181
 -2.302525 -0.916306 -1.203979 -1.609428
 -1.163156 -1.673968 -2.079417 -0.980838
 -1.203979 -0.916306 -2.302525 -1.609428
 -1.791743 -2.484840 -1.098621 -0.875482
 -1.223779 -1.223779 -1.446918 -1.734591
 -2.079391 -2.079391 -0.693172 -1.386294
 -0.788474 -2.397832 -1.704734 -1.299286
 -1.609428 -1.609428 -1.203979 -1.203979
 -1.504072 -11.407610 -1.098623 -0.810950
 -2.397832 -1.704734 -0.788474 -1.299286
 -1.203979 -0.916306 -2.302525 -1.609428
 -1.791743 -2.484840 -1.098621 -0.875482
 -1.223779 -1.223779 -1.446918 -1.734591
 -2.079391 -2.079391 -0.693172 -1.386294
 -0.788474 -2.397832 -1.704734 -1.299286
 -1.609428 -1.609428 -1.203979 -1.203979
 -1.504072 -11.407610 -1.098623 -0.810950
 -2.397832 -1.704734 -0.788474 -1.299286
