 -2.695472 0.000100 0.000100 0.000100
 -2.865370 0.000100 0.000100 0.000100
 -3.070163 0.000100 0.000100 0.000100
 -2.727220 0.000100 0.000100 0.000100
 -2.605860 0.000100 0.000100 0.000100
 -3.388616 0.000100 0.000100 0.000100
 -2.695472 0.000100 0.000100 0.000100
 -2.423538 0.000100 0.000100 0.000100
 -2.695472 0.000100 0.000100 0.000100
 -2.865370 0.000100 0.000100 0.000100
 -3.070163 0.000100 0.000100 0.000100
 -2.727220 0.000100 0.000100 0.000100
 -2.605860 0.000100 0.000100 0.000100
 -3.388616 0.000100 0.000100 0.000100
 -2.695472 0.000100 0.000100 0.000100
 -2.423538 0.000100 0.000100 0.000100
 -12.676089 -12.676089 -0.374701 -1.163153
 -12.506192 -12.506192 -1.098616 -0.405474
 -12.301401 -12.301401 -0.693156 -0.693156
 -12.644341 -12.644341 -0.869043 -0.543623
 -12.765700 -12.765700 -0.419861 -1.070444
 -11.982954 -11.982954 -0.826689 -0.575378
 -12.676089 -12.676089 -0.374701 -1.163153
 -12.948019 -12.948019 -0.602181 -0.793235
 -12.676089 -12.676089 -0.374701 -1.163153
 -12.506192 -12.506192 -1.098616 -0.405474
 -12.301401 -12.301401 -0.693156 -0.693156
 -12.644341 -12.644341 -0.869043 -0.543623
 -12.765700 -12.765700 -0.419861 -1.070444
 -11.982954 -11.982954 -0.826689 -0.575378
 -12.676089 -12.676089 -0.374701 -1.163153
 -12.948019 -12.948019 -0.602181 -0.793235
 -1.386294 -1.386294 -1.386294 -1.386294
 -1.386294 -1.386294 -1.386294 -1.386294
 -0.000004 -13.567055 -13.567055 -13.567055
 -0.000007 -12.971550 -12.971550 -12.971550
 -1.386294 -1.386294 -1.386294 -1.386294
 -1.386294 -1.386294 -1.386294 -1.386294
 -0.000006 -13.161592 -13.161592 -13.161592
 -0.000005 -13.369229 -13.369229 -13.369229
 -1.386294 -1.386294 -1.386294 -1.386294
 -1.386294 -1.386294 -1.386294 -1.386294
 -0.000004 -13.567055 -13.567055 -13.567055
 -0.000007 -12.971550 -12.971550 -12.971550
 -1.386294 -1.386294 -1.386294 -1.386294
 -1.386294 -1.386294 -1.386294 -1.386294
 -0.000006 -13.161592 -13.161592 -13.161592
 -0.000005 -13.369229 -13.369229 -13.369229
 -14.077878 -14.077878 -0.000002 -14.077878
 -1.386294 -1.386294 -1.386294 -1.386294
 -1.386294 -1.386294 -1.386294 -1.386294
 -1.386294 -1.386294 -1.386294 -1.386294
 -13.883173 -13.883173 -0.000003 -13.883173
 -1.386294 -1.386294 -1.386294 -1.386294
 -1.386294 -1.386294 -1.386294 -1.386294
 -1.386294 -1.386294 -1.386294 -1.386294
 -14.077878 -14.077878 -0.000002 -14.077878
 -1.386294 -1.386294 -1.386294 -1.386294
 -1.386294 -1.386294 -1.386294 -1.386294
 -1.386294 -1.386294 -1.386294 -1.386294
 -13.883173 -13.883173 -0.000003 -13.883173
 -1.386294 -1.386294 -1.386294 -1.386294
 -1.386294 -1.386294 -1.386294 -1.386294
 -1.386294 -1.386294 -1.386294 -1.386294
 -1.386294 -1.386294 -1.386294 -1.386294
 -1.386294 -1.386294 -1.386294 -1.386294
 -14.678402 -14.678402 -0.000001 -14.678402
 -1.386294 -1.386294 -1.386294 -1.386294
 -1.386294 -1.386294 -1.386294 -1.386294
 -1.386294 -1.386294 -1.386294 -1.386294
 -1.386294 -1.386294 -1.386294 -1.386294
 -1.386294 -1.386294 -1.386294 -1.386294
 -1.386294 -1.386294 -1.386294 -1.386294
 -1.386294 -1.386294 -1.386294 -1.386294
 -14.678402 -14.678402 -0.000001 -14.678402
 -1.386294 -1.386294 -1.386294 -1.386294
 -1.386294 -1.386294 -1.386294 -1.386294
 -1.386294 -1.386294 -1.386294 -1.386294
 -1.386294 -1.386294 -1.386294 -1.386294
 -1.386294 -1.386294 -1.386294 -1.386294
 -1.386294 -1.386294 -1.386294 -1.386294
 -1.386294 -1.386294 -1.386294 -1.386294
 -14.678402 -14.678402 -14.678402 -0.000001
 -1.386294 -1.386294 -1.386294 -1.386294
 -1.386294 -1.386294 -1.386294 -1.386294
 -1.386294 -1.386294 -1.386294 -1.386294
 -1.386294 -1.386294 -1.386294 -1.386294
 -1.386294 -1.386294 -1.386294 -1.386294
 -1.386294 -1.386294 -1.386294 -1.386294
 -1.386294 -1.386294 -1.386294 -1.386294
 -14.678402 -14.678402 -14.678402 -0.000001
 -1.386294 -1.386294 -1.386294 -1.386294
 -1.386294 -1.386294 -1.386294 -1.386294
 -1.386294 -1.386294 -1.386294 -1.386294
 -1.386294 -1.386294 -1.386294 -1.386294
 -1.386294 -1.386294 -1.386294 -1.386294
 -1.386294 -1.386294 -1.386294 -1.386294
 -1.386294 -1.386294 -1.386294 -1.386294
 -1.386294 -1.386294 -1.386294 -1.386294
 -0.000001 -14.678402 -14.678402 -14.678402
 -1.386294 -1.386294 -1.386294 -1.386294
 -1.386294 -1.386294 -1.386294 -1.386294
 -1.386294 -1.386294 -1.386294 -1.386294
 -1.386294 -1.386294 -1.386294 -1.386294
 -1.386294 -1.386294 -1.386294 -1.386294
 -1.386294 -1.386294 -1.386294 -1.386294
 -1.386294 -1.386294 -1.386294 -1.386294
 -0.000001 -14.678402 -14.678402 -14.678402
 -1.386294 -1.386294 -1.386294 -1.386294
 -1.386294 -1.386294 -1.386294 -1.386294
 -1.386294 -1.386294 -1.386294 -1.386294
 -1.386294 -1.386294 -1.386294 -1.386294
 -1.386294 -1.386294 -1.386294 -1.386294
 -1.386294 -1.386294 -1.386294 -1.386294
 -1.386294 -1.386294 -1.386294 -1.386294
 -1.386294 -1.386294 -1.386294 -1.386294
 -1.971551 -1.233954 -1.177601 -1.340926
 -1.386294 -1.386294 -1.386294 -1.386294
 -1.386294 -1.386294 -1.386294 -1.386294
 -1.386294 -1.386294 -1.386294 -1.386294
 -1.386294 -1.386294 -1.386294 -1.386294
 -1.386294 -1.386294 -1.386294 -1.386294
 -1.386294 -1.386294 -1.386294 -1.386294
 -1.386294 -1.386294 -1.386294 -1.386294
 -1.971551 -1.233954 -1.177601 -1.340926
 -1.386294 -1.386294 -1.386294 -1.386294
 -1.386294 -1.386294 -1.386294 -1.386294
 -1.386294 -1.386294 -1.386294 -1.386294
 -1.299284 -2.110200 -1.299284 -1.098615
 -1.400893 -1.461517 -1.836208 -1.015232
 -1.294728 -1.651400 -1.517870 -1.154966
 -1.293922 -1.642226 -1.419084 -1.236763
 -1.386294 -1.386294 -1.386294 -1.386294
 -1.386294 -1.386294 -1.386294 -1.386294
 -1.386294 -1.386294 -1.386294 -1.386294
 -1.386294 -1.386294 -1.386294 -1.386294
 -1.299284 -2.110200 -1.299284 -1.098615
 -1.400893 -1.461517 -1.836208 -1.015232
 -1.294728 -1.651400 -1.517870 -1.154966
 -1.293922 -1.642226 -1.419084 -1.236763
 -1.386294 -1.386294 -1.386294 -1.386294
 -1.386294 -1.386294 -1.386294 -1.386294
 -1.386294 -1.386294 -1.386294 -1.386294
 -1.386294 -1.386294 -1.386294 -1.386294
 -0.802353 -2.268664 -1.575534 -1.421385
 -1.280936 -2.890294 -2.197197 -0.587799
 -0.916297 -1.427116 -2.120246 -1.427116
 -0.961415 -1.734596 -1.916914 -1.223777
 -1.446918 -1.734596 -1.041457 -1.446918
 -0.767262 -1.134983 -2.233573 -2.233573
 -1.466336 -1.312187 -1.466336 -1.312187
 -1.458614 -1.969433 -1.122145 -1.196252
 -0.802353 -2.268664 -1.575534 -1.421385
 -1.280936 -2.890294 -2.197197 -0.587799
 -0.916297 -1.427116 -2.120246 -1.427116
 -0.961415 -1.734596 -1.916914 -1.223777
 -1.446918 -1.734596 -1.041457 -1.446918
 -0.767262 -1.134983 -2.233573 -2.233573
 -1.466336 -1.312187 -1.466336 -1.312187
 -1.458614 -1.969433 -1.122145 -1.196252
 -1.665004 -1.665004 -0.777710 -1.819153
 -1.011607 -1.299284 -1.481603 -1.992415
 -1.504076 -1.216398 -1.216398 -1.686394
 -1.540443 -1.722761 -1.029624 -1.386294
 -0.940987 -2.614936 -1.148625 -1.516346
 -1.011607 -1.481603 -1.299284 -1.992415
 -1.232146 -1.568613 -1.791751 -1.098616
 -1.098615 -1.637606 -2.197211 -1.018573
 -1.665004 -1.665004 -0.777710 -1.819153
 -1.011607 -1.299284 -1.481603 -1.992415
 -1.504076 -1.216398 -1.216398 -1.686394
 -1.540443 -1.722761 -1.029624 -1.386294
 -0.940987 -2.614936 -1.148625 -1.516346
 -1.011607 -1.481603 -1.299284 -1.992415
 -1.232146 -1.568613 -1.791751 -1.098616
 -1.098615 -1.637606 -2.197211 -1.018573
 -1.018573 -1.974072 -1.386294 -1.386294
 -0.938276 -1.526054 -2.036866 -1.343735
 -0.847302 -1.945903 -1.540443 -1.540443
 -1.540443 -1.540443 -1.386294 -1.134983
 -1.916914 -2.140053 -0.818315 -1.223777
 -1.189587 -2.442314 -2.036866 -0.737607
 -1.609434 -1.609434 -1.139438 -1.272967
 -2.159466 -1.871793 -1.060876 -0.955517
 -1.018573 -1.974072 -1.386294 -1.386294
 -0.938276 -1.526054 -2.036866 -1.343735
 -0.847302 -1.945903 -1.540443 -1.540443
 -1.540443 -1.540443 -1.386294 -1.134983
 -1.916914 -2.140053 -0.818315 -1.223777
 -1.189587 -2.442314 -2.036866 -0.737607
 -1.609434 -1.609434 -1.139438 -1.272967
 -2.159466 -1.871793 -1.060876 -0.955517
 -1.005525 -2.327262 -2.104124 -0.880363
 -1.049828 -1.897107 -1.609433 -1.203976
 -1.074517 -1.516346 -1.228667 -1.921806
 -0.559622 -1.763583 -1.763583 -2.456714
 -1.832572 -1.832572 -1.272967 -0.916297
 -1.041461 -1.734591 -1.446918 -1.446918
 -0.693156 -2.397863 -2.397863 -1.145136
 -1.018573 -1.637606 -1.185626 -1.974072
 -1.005525 -2.327262 -2.104124 -0.880363
 -1.049828 -1.897107 -1.609433 -1.203976
 -1.074517 -1.516346 -1.228667 -1.921806
 -0.559622 -1.763583 -1.763583 -2.456714
 -1.832572 -1.832572 -1.272967 -0.916297
 -1.041461 -1.734591 -1.446918 -1.446918
 -0.693156 -2.397863 -2.397863 -1.145136
 -1.018573 -1.637606 -1.185626 -1.974072
 -1.299284 -1.704745 -1.299284 -1.299284
 -0.865006 -1.335002 -1.558141 -2.251263
 -1.466336 -1.312187 -1.178658 -1.648654
 -1.491654 -2.079432 -1.203974 -1.049825
 -1.631414 -1.343735 -1.882726 -0.938273
 -1.152684 -1.558141 -1.152684 -1.845814
 -0.916297 -2.120246 -1.272967 -1.609434
 -1.504075 -2.890294 -0.693158 -1.504075
 -1.299284 -1.704745 -1.299284 -1.299284
 -0.865006 -1.335002 -1.558141 -2.251263
 -1.466336 -1.312187 -1.178658 -1.648654
 -1.491654 -2.079432 -1.203974 -1.049825
 -1.631414 -1.343735 -1.882726 -0.938273
 -1.152684 -1.558141 -1.152684 -1.845814
 -0.916297 -2.120246 -1.272967 -1.609434
 -1.504075 -2.890294 -0.693158 -1.504075
 -1.045972 -1.819153 -1.665004 -1.213024
 -1.003306 -1.791753 -2.014891 -1.098616
 -1.223777 -2.140053 -1.446918 -1.041457
 -1.897113 -1.609435 -0.980833 -1.290985
 -1.098616 -1.686394 -1.686394 -1.216398
 -0.916301 -2.707977 -2.014880 -0.916301
 -0.869043 -1.354546 -1.824542 -1.824542
 -1.056058 -2.442314 -1.189587 -1.343735
 -1.045972 -1.819153 -1.665004 -1.213024
 -1.003306 -1.791753 -2.014891 -1.098616
 -1.223777 -2.140053 -1.446918 -1.041457
 -1.897113 -1.609435 -0.980833 -1.290985
 -1.098616 -1.686394 -1.686394 -1.216398
 -0.916301 -2.707977 -2.014880 -0.916301
 -0.869043 -1.354546 -1.824542 -1.824542
 -1.056058 -2.442314 -1.189587 -1.343735
 -2.695472 0.000100 0.000100 0.000100
 -2.865370 0.000100 0.000100 0.000100
 -3.070163 0.000100 0.000100 0.000100
 -2.727220 0.000100 0.000100 0.000100
 -2.605860 0.000100 0.000100 0.000100
 -3.388616 0.000100 0.000100 0.000100
 -2.695472 0.000100 0.000100 0.000100
 -2.423538 0.000100 0.000100 0.000100
 -2.695472 0.000100 0.000100 0.000100
 -2.865370 0.000100 0.000100 0.000100
 -3.070163 0.000100 0.000100 0.000100
 -2.727220 0.000100 0.000100 0.000100
 -2.605860 0.000100 0.000100 0.000100
 -3.388616 0.000100 0.000100 0.000100
 -2.695472 0.000100 0.000100 0.000100
 -2.423538 0.000100 0.000100 0.000100
 -12.676089 -12.676089 -0.374701 -1.163153
 -12.506192 -12.506192 -1.098616 -0.405474
 -12.301401 -12.301401 -0.693156 -0.693156
 -12.644341 -12.644341 -0.869043 -0.543623
 -12.765700 -12.765700 -0.419861 -1.070444
 -11.982954 -11.982954 -0.826689 -0.575378
 -12.676089 -12.676089 -0.374701 -1.163153
 -12.948019 -12.948019 -0.602181 -0.793235
 -12.676089 -12.676089 -0.374701 -1.163153
 -12.506192 -12.506192 -1.098616 -0.405474
 -12.301401 -12.301401 -0.693156 -0.693156
 -12.644341 -12.644341 -0.869043 -0.543623
 -12.765700 -12.765700 -0.419861 -1.070444
 -11.982954 -11.982954 -0.826689 -0.575378
 -12.676089 -12.676089 -0.374701 -1.163153
 -12.948019 -12.948019 -0.602181 -0.793235
 -1.386294 -1.386294 -1.386294 -1.386294
 -1.386294 -1.386294 -1.386294 -1.386294
 -0.000004 -13.567055 -13.567055 -13.567055
 -0.000007 -12.971550 -12.971550 -12.971550
 -1.386294 -1.386294 -1.386294 -1.386294
 -1.386294 -1.386294 -1.386294 -1.386294
 -0.000006 -13.161592 -13.161592 -13.161592
 -0.000005 -13.369229 -13.369229 -13.369229
 -1.386294 -1.386294 -1.386294 -1.386294
 -1.386294 -1.386294 -1.386294 -1.386294
 -0.000004 -13.567055 -13.567055 -13.567055
 -0.000007 -12.971550 -12.971550 -12.971550
 -1.386294 -1.386294 -1.386294 -1.386294
 -1.386294 -1.386294 -1.386294 -1.386294
 -0.000006 -13.161592 -13.161592 -13.161592
 -0.000005 -13.369229 -13.369229 -13.369229
 -14.077878 -14.077878 -0.000002 -14.077878
 -1.386294 -1.386294 -1.386294 -1.386294
 -1.386294 -1.386294 -1.386294 -1.386294
 -1.386294 -1.386294 -1.386294 -1.386294
 -13.883173 -13.883173 -0.000003 -13.883173
 -1.386294 -1.386294 -1.386294 -1.386294
 -1.386294 -1.386294 -1.386294 -1.386294
 -1.386294 -1.386294 -1.386294 -1.386294
 -14.077878 -14.077878 -0.000002 -14.077878
 -1.386294 -1.386294 -1.386294 -1.386294
 -1.386294 -1.386294 -1.386294 -1.386294
 -1.386294 -1.386294 -1.386294 -1.386294
 -13.883173 -13.883173 -0.000003 -13.883173
 -1.386294 -1.386294 -1.386294 -1.386294
 -1.386294 -1.386294 -1.386294 -1.386294
 -1.386294 -1.386294 -1.386294 -1.386294
 -1.386294 -1.386294 -1.386294 -1.386294
 -1.386294 -1.386294 -1.386294 -1.386294
 -14.678402 -14.678402 -0.000001 -14.678402
 -1.386294 -1.386294 -1.386294 -1.386294
 -1.386294 -1.386294 -1.386294 -1.386294
 -1.386294 -1.386294 -1.386294 -1.386294
 -1.386294 -1.386294 -1.386294 -1.386294
 -1.386294 -1.386294 -1.386294 -1.386294
 -1.386294 -1.386294 -1.386294 -1.386294
 -1.386294 -1.386294 -1.386294 -1.386294
 -14.678402 -14.678402 -0.000001 -14.678402
 -1.386294 -1.386294 -1.386294 -1.386294
 -1.386294 -1.386294 -1.386294 -1.386294
 -1.386294 -1.386294 -1.386294 -1.386294
 -1.386294 -1.386294 -1.386294 -1.386294
 -1.386294 -1.386294 -1.386294 -1.386294
 -1.386294 -1.386294 -1.386294 -1.386294
 -1.386294 -1.386294 -1.386294 -1.386294
 -14.678402 -14.678402 -14.678402 -0.000001
 -1.386294 -1.386294 -1.386294 -1.386294
 -1.386294 -1.386294 -1.386294 -1.386294
 -1.386294 -1.386294 -1.386294 -1.386294
 -1.386294 -1.386294 -1.386294 -1.386294
 -1.386294 -1.386294 -1.386294 -1.386294
 -1.386294 -1.386294 -1.386294 -1.386294
 -1.386294 -1.386294 -1.386294 -1.386294
 -14.678402 -14.678402 -14.678402 -0.000001
 -1.386294 -1.386294 -1.386294 -1.386294
 -1.386294 -1.386294 -1.386294 -1.386294
 -1.386294 -1.386294 -1.386294 -1.386294
 -1.386294 -1.386294 -1.386294 -1.386294
 -1.386294 -1.386294 -1.386294 -1.386294
 -1.386294 -1.386294 -1.386294 -1.386294
 -1.386294 -1.386294 -1.386294 -1.386294
 -1.386294 -1.386294 -1.386294 -1.386294
 -0.000001 -14.678402 -14.678402 -14.678402
 -1.386294 -1.386294 -1.386294 -1.386294
 -1.386294 -1.386294 -1.386294 -1.386294
 -1.386294 -1.386294 -1.386294 -1.386294
 -1.386294 -1.386294 -1.386294 -1.386294
 -1.386294 -1.386294 -1.386294 -1.386294
 -1.386294 -1.386294 -1.386294 -1.386294
 -1.386294 -1.386294 -1.386294 -1.386294
 -0.000001 -14.678402 -14.678402 -14.678402
 -1.386294 -1.386294 -1.386294 -1.386294
 -1.386294 -1.386294 -1.386294 -1.386294
 -1.386294 -1.386294 -1.386294 -1.386294
 -1.386294 -1.386294 -1.386294 -1.386294
 -1.386294 -1.386294 -1.386294 -1.386294
 -1.386294 -1.386294 -1.386294 -1.386294
 -1.386294 -1.386294 -1.386294 -1.386294
 -1.386294 -1.386294 -1.386294 -1.386294
 -1.971551 -1.233954 -1.177601 -1.340926
 -1.386294 -1.386294 -1.386294 -1.386294
 -1.386294 -1.386294 -1.386294 -1.386294
 -1.386294 -1.386294 -1.386294 -1.386294
 -1.386294 -1.386294 -1.386294 -1.386294
 -1.386294 -1.386294 -1.386294 -1.386294
 -1.386294 -1.386294 -1.386294 -1.386294
 -1.386294 -1.386294 -1.386294 -1.386294
 -1.971551 -1.233954 -1.177601 -1.340926
 -1.386294 -1.386294 -1.386294 -1.386294
 -1.386294 -1.386294 -1.386294 -1.386294
 -1.386294 -1.386294 -1.386294 -1.386294
 -1.299284 -2.110200 -1.299284 -1.098615
 -1.400893 -1.461517 -1.836208 -1.015232
 -1.294728 -1.651400 -1.517870 -1.154966
 -1.293922 -1.642226 -1.419084 -1.236763
 -1.386294 -1.386294 -1.386294 -1.386294
 -1.386294 -1.386294 -1.386294 -1.386294
 -1.386294 -1.386294 -1.386294 -1.386294
 -1.386294 -1.386294 -1.386294 -1.386294
 -1.299284 -2.110200 -1.299284 -1.098615
 -1.400893 -1.461517 -1.836208 -1.015232
 -1.294728 -1.651400 -1.517870 -1.154966
 -1.293922 -1.642226 -1.419084 -1.236763
 -1.386294 -1.386294 -1.386294 -1.386294
 -1.386294 -1.386294 -1.386294 -1.386294
 -1.386294 -1.386294 -1.386294 -1.386294
 -1.386294 -1.386294 -1.386294 -1.386294
 -0.802353 -2.268664 -1.575534 -1.421385
 -1.280936 -2.890294 -2.197197 -0.587799
 -0.916297 -1.427116 -2.120246 -1.427116
 -0.961415 -1.734596 -1.916914 -1.223777
 -1.446918 -1.734596 -1.041457 -1.446918
 -0.767262 -1.134983 -2.233573 -2.233573
 -1.466336 -1.312187 -1.466336 -1.312187
 -1.458614 -1.969433 -1.122145 -1.196252
 -0.802353 -2.268664 -1.575534 -1.421385
 -1.280936 -2.890294 -2.197197 -0.587799
 -0.916297 -1.427116 -2.120246 -1.427116
 -0.961415 -1.734596 -1.916914 -1.223777
 -1.446918 -1.734596 -1.041457 -1.446918
 -0.767262 -1.134983 -2.233573 -2.233573
 -1.466336 -1.312187 -1.466336 -1.312187
 -1.458614 -1.969433 -1.122145 -1.196252
 -1.665004 -1.665004 -0.777710 -1.819153
 -1.011607 -1.299284 -1.481603 -1.992415
 -1.504076 -1.216398 -1.216398 -1.686394
 -1.540443 -1.722761 -1.029624 -1.386294
 -0.940987 -2.614936 -1.148625 -1.516346
 -1.011607 -1.481603 -1.299284 -1.992415
 -1.232146 -1.568613 -1.791751 -1.098616
 -1.098615 -1.637606 -2.197211 -1.018573
 -1.665004 -1.665004 -0.777710 -1.819153
 -1.011607 -1.299284 -1.481603 -1.992415
 -1.504076 -1.216398 -1.216398 -1.686394
 -1.540443 -1.722761 -1.029624 -1.386294
 -0.940987 -2.614936 -1.148625 -1.516346
 -1.011607 -1.481603 -1.299284 -1.992415
 -1.232146 -1.568613 -1.791751 -1.098616
 -1.098615 -1.637606 -2.197211 -1.018573
 -1.018573 -1.974072 -1.386294 -1.386294
 -0.938276 -1.526054 -2.036866 -1.343735
 -0.847302 -1.945903 -1.540443 -1.540443
 -1.540443 -1.540443 -1.386294 -1.134983
 -1.916914 -2.140053 -0.818315 -1.223777
 -1.189587 -2.442314 -2.036866 -0.737607
 -1.609434 -1.609434 -1.139438 -1.272967
 -2.159466 -1.871793 -1.060876 -0.955517
 -1.018573 -1.974072 -1.386294 -1.386294
 -0.938276 -1.526054 -2.036866 -1.343735
 -0.847302 -1.945903 -1.540443 -1.540443
 -1.540443 -1.540443 -1.386294 -1.134983
 -1.916914 -2.140053 -0.818315 -1.223777
 -1.189587 -2.442314 -2.036866 -0.737607
 -1.609434 -1.609434 -1.139438 -1.272967
 -2.159466 -1.871793 -1.060876 -0.955517
 -1.005525 -2.327262 -2.104124 -0.880363
 -1.049828 -1.897107 -1.609433 -1.203976
 -1.074517 -1.516346 -1.228667 -1.921806
 -0.559622 -1.763583 -1.763583 -2.456714
 -1.832572 -1.832572 -1.272967 -0.916297
 -1.041461 -1.734591 -1.446918 -1.446918
 -0.693156 -2.397863 -2.397863 -1.145136
 -1.018573 -1.637606 -1.185626 -1.974072
 -1.005525 -2.327262 -2.104124 -0.880363
 -1.049828 -1.897107 -1.609433 -1.203976
 -1.074517 -1.516346 -1.228667 -1.921806
 -0.559622 -1.763583 -1.763583 -2.456714
 -1.832572 -1.832572 -1.272967 -0.916297
 -1.041461 -1.734591 -1.446918 -1.446918
 -0.693156 -2.397863 -2.397863 -1.145136
 -1.018573 -1.637606 -1.185626 -1.974072
 -1.299284 -1.704745 -1.299284 -1.299284
 -0.865006 -1.335002 -1.558141 -2.251263
 -1.466336 -1.312187 -1.178658 -1.648654
 -1.491654 -2.079432 -1.203974 -1.049825
 -1.631414 -1.343735 -1.882726 -0.938273
 -1.152684 -1.558141 -1.152684 -1.845814
 -0.916297 -2.120246 -1.272967 -1.609434
 -1.504075 -2.890294 -0.693158 -1.504075
 -1.299284 -1.704745 -1.299284 -1.299284
 -0.865006 -1.335002 -1.558141 -2.251263
 -1.466336 -1.312187 -1.178658 -1.648654
 -1.491654 -2.079432 -1.203974 -1.049825
 -1.631414 -1.343735 -1.882726 -0.938273
 -1.152684 -1.558141 -1.152684 -1.845814
 -0.916297 -2.120246 -1.272967 -1.609434
 -1.504075 -2.890294 -0.693158 -1.504075
 -1.045972 -1.819153 -1.665004 -1.213024
 -1.003306 -1.791753 -2.014891 -1.098616
 -1.223777 -2.140053 -1.446918 -1.041457
 -1.897113 -1.609435 -0.980833 -1.290985
 -1.098616 -1.686394 -1.686394 -1.216398
 -0.916301 -2.707977 -2.014880 -0.916301
 -0.869043 -1.354546 -1.824542 -1.824542
 -1.056058 -2.442314 -1.189587 -1.343735
 -1.045972 -1.819153 -1.665004 -1.213024
 -1.003306 -1.791753 -2.014891 -1.098616
 -1.223777 -2.140053 -1.446918 -1.041457
 -1.897113 -1.609435 -0.980833 -1.290985
 -1.098616 -1.686394 -1.686394 -1.216398
 -0.916301 -2.707977 -2.014880 -0.916301
 -0.869043 -1.354546 -1.824542 -1.824542
 -1.056058 -2.442314 -1.189587 -1.343735
