 -3.038810 0.000100 0.000100 0.000100
 -2.718184 0.000100 0.000100 0.000100
 -2.440973 0.000100 0.000100 0.000100
 -3.015168 0.000100 0.000100 0.000100
 -3.128871 0.000100 0.000100 0.000100
 -2.660832 0.000100 0.000100 0.000100
 -2.483990 0.000100 0.000100 0.000100
 -2.938726 0.000100 0.000100 0.000100
 -3.038810 0.000100 0.000100 0.000100
 -2.718184 0.000100 0.000100 0.000100
 -2.440973 0.000100 0.000100 0.000100
 -3.015168 0.000100 0.000100 0.000100
 -3.128871 0.000100 0.000100 0.000100
 -2.660832 0.000100 0.000100 0.000100
 -2.483990 0.000100 0.000100 0.000100
 -2.938726 0.000100 0.000100 0.000100
 -1.264797 -1.581134 -1.137642 -1.653454
 -1.067841 -1.750937 -0.971613 -2.261761
 -0.998529 -1.462834 -1.161048 -2.443662
 -1.900239 -1.238842 -1.176322 -1.376992
 -1.301030 -1.226922 -1.402126 -1.668754
 -0.916291 -1.659868 -1.187713 -2.254574
 -1.566420 -1.093133 -1.006805 -2.400644
 -1.804831 -1.179738 -1.193923 -1.491174
 -1.264797 -1.581134 -1.137642 -1.653454
 -1.067841 -1.750937 -0.971613 -2.261761
 -0.998529 -1.462834 -1.161048 -2.443662
 -1.900239 -1.238842 -1.176322 -1.376992
 -1.301030 -1.226922 -1.402126 -1.668754
 -0.916291 -1.659868 -1.187713 -2.254574
 -1.566420 -1.093133 -1.006805 -2.400644
 -1.804831 -1.179738 -1.193923 -1.491174
 -0.000001 -15.000301 -15.000301 -15.000301
 -0.000001 -14.943683 -14.943683 -14.943683
 -0.000001 -15.112975 -15.112975 -15.112975
 -0.000002 -14.166170 -14.166170 -14.166170
 -0.000001 -14.883665 -14.883665 -14.883665
 -0.000001 -14.695139 -14.695139 -14.695139
 -0.000001 -15.033387 -15.033387 -15.033387
 -0.000002 -14.334307 -14.334307 -14.334307
 -0.000001 -15.000301 -15.000301 -15.000301
 -0.000001 -14.943683 -14.943683 -14.943683
 -0.000001 -15.112975 -15.112975 -15.112975
 -0.000002 -14.166170 -14.166170 -14.166170
 -0.000001 -14.883665 -14.883665 -14.883665
 -0.000001 -14.695139 -14.695139 -14.695139
 -0.000001 -15.033387 -15.033387 -15.033387
 -0.000002 -14.334307 -14.334307 -14.334307
 -16.397242 -16.397242 -0.000000 -16.397242
 -1.386294 -1.386294 -1.386294 -1.386294
 -1.386294 -1.386294 -1.386294 -1.386294
 -1.386294 -1.386294 -1.386294 -1.386294
 -15.967274 -15.967274 -0.000000 -15.967274
 -1.386294 -1.386294 -1.386294 -1.386294
 -1.386294 -1.386294 -1.386294 -1.386294
 -1.386294 -1.386294 -1.386294 -1.386294
 -16.397242 -16.397242 -0.000000 -16.397242
 -1.386294 -1.386294 -1.386294 -1.386294
 -1.386294 -1.386294 -1.386294 -1.386294
 -1.386294 -1.386294 -1.386294 -1.386294
 -15.967274 -15.967274 -0.000000 -15.967274
 -1.386294 -1.386294 -1.386294 -1.386294
 -1.386294 -1.386294 -1.386294 -1.386294
 -1.386294 -1.386294 -1.386294 -1.386294
 -1.386294 -1.386294 -1.386294 -1.386294
 -1.386294 -1.386294 -1.386294 -1.386294
 -16.898338 -16.898338 -0.000000 -16.898338
 -1.386294 -1.386294 -1.386294 -1.386294
 -1.386294 -1.386294 -1.386294 -1.386294
 -1.386294 -1.386294 -1.386294 -1.386294
 -1.386294 -1.386294 -1.386294 -1.386294
 -1.386294 -1.386294 -1.386294 -1.386294
 -1.386294 -1.386294 -1.386294 -1.386294
 -1.386294 -1.386294 -1.386294 -1.386294
 -16.898338 -16.898338 -0.000000 -16.898338
 -1.386294 -1.386294 -1.386294 -1.386294
 -1.386294 -1.386294 -1.386294 -1.386294
 -1.386294 -1.386294 -1.386294 -1.386294
 -1.386294 -1.386294 -1.386294 -1.386294
 -1.386294 -1.386294 -1.386294 -1.386294
 -1.386294 -1.386294 -1.386294 -1.386294
 -1.386294 -1.386294 -1.386294 -1.386294
 -16.898338 -16.898338 -16.898338 -0.000000
 -1.386294 -1.386294 -1.386294 -1.386294
 -1.386294 -1.386294 -1.386294 -1.386294
 -1.386294 -1.386294 -1.386294 -1.386294
 -1.386294 -1.386294 -1.386294 -1.386294
 -1.386294 -1.386294 -1.386294 -1.386294
 -1.386294 -1.386294 -1.386294 -1.386294
 -1.386294 -1.386294 -1.386294 -1.386294
 -16.898338 -16.898338 -16.898338 -0.000000
 -1.386294 -1.386294 -1.386294 -1.386294
 -1.386294 -1.386294 -1.386294 -1.386294
 -1.386294 -1.386294 -1.386294 -1.386294
 -1.386294 -1.386294 -1.386294 -1.386294
 -1.386294 -1.386294 -1.386294 -1.386294
 -1.386294 -1.386294 -1.386294 -1.386294
 -1.386294 -1.386294 -1.386294 -1.386294
 -1.386294 -1.386294 -1.386294 -1.386294
 -16.898338 -1.418901 -0.801466 -1.173285
 -1.386294 -1.386294 -1.386294 -1.386294
 -1.386294 -1.386294 -1.386294 -1.386294
 -1.386294 -1.386294 -1.386294 -1.386294
 -1.386294 -1.386294 -1.386294 -1.386294
 -1.386294 -1.386294 -1.386294 -1.386294
 -1.386294 -1.386294 -1.386294 -1.386294
 -1.386294 -1.386294 -1.386294 -1.386294
 -16.898338 -1.418901 -0.801466 -1.173285
 -1.386294 -1.386294 -1.386294 -1.386294
 -1.386294 -1.386294 -1.386294 -1.386294
 -1.386294 -1.386294 -1.386294 -1.386294
 -1.386294 -1.386294 -1.386294 -1.386294
 -1.386294 -1.386294 -1.386294 -1.386294
 -1.386294 -1.386294 -1.386294 -1.386294
 -1.386294 -1.386294 -1.386294 -1.386294
 -1.386294 -1.386294 -1.386294 -1.386294
 -1.386294 -1.386294 -1.386294 -1.386294
 -1.245216 -1.736496 -1.121602 -1.559566
 -1.422700 -1.461582 -1.000428 -1.836675
 -1.841883 -1.402725 -1.080991 -1.361421
 -1.386294 -1.386294 -1.386294 -1.386294
 -1.386294 -1.386294 -1.386294 -1.386294
 -1.386294 -1.386294 -1.386294 -1.386294
 -1.386294 -1.386294 -1.386294 -1.386294
 -1.386294 -1.386294 -1.386294 -1.386294
 -1.245216 -1.736496 -1.121602 -1.559566
 -1.422700 -1.461582 -1.000428 -1.836675
 -1.841883 -1.402725 -1.080991 -1.361421
 -0.975196 -1.592630 -14.674174 -0.868713
 -1.134491 -1.454658 -14.635292 -0.809830
 -0.995755 -1.261131 -15.096445 -1.057791
 -1.360977 -1.553348 -14.260199 -0.631017
 -1.137988 -1.413693 -14.767170 -0.829441
 -0.951658 -1.413693 -14.767170 -0.992480
 -1.038135 -1.081307 -15.204303 -1.181777
 -1.305169 -1.138115 -14.859316 -0.895385
 -0.975196 -1.592630 -14.674174 -0.868713
 -1.134491 -1.454658 -14.635292 -0.809830
 -0.995755 -1.261131 -15.096445 -1.057791
 -1.360977 -1.553348 -14.260199 -0.631017
 -1.137988 -1.413693 -14.767170 -0.829441
 -0.951658 -1.413693 -14.767170 -0.992480
 -1.038135 -1.081307 -15.204303 -1.181777
 -1.305169 -1.138115 -14.859316 -0.895385
 -1.720532 -1.683718 -0.839869 -1.591699
 -1.711937 -1.163724 -1.377735 -1.366436
 -1.386294 -1.386294 -1.386294 -1.386294
 -2.160933 -1.175400 -1.062322 -1.467787
 -1.326076 -1.339148 -1.450373 -1.435774
 -1.232144 -1.246533 -1.791759 -1.369765
 -1.386294 -1.386294 -1.386294 -1.386294
 -1.791759 -1.153101 -1.280934 -1.427537
 -1.720532 -1.683718 -0.839869 -1.591699
 -1.711937 -1.163724 -1.377735 -1.366436
 -1.386294 -1.386294 -1.386294 -1.386294
 -2.160933 -1.175400 -1.062322 -1.467787
 -1.326076 -1.339148 -1.450373 -1.435774
 -1.232144 -1.246533 -1.791759 -1.369765
 -1.386294 -1.386294 -1.386294 -1.386294
 -1.791759 -1.153101 -1.280934 -1.427537
 -1.342674 -1.559738 -1.272056 -1.392684
 -1.218757 -1.485385 -1.177084 -1.773066
 -1.233787 -1.757857 -0.901082 -2.038158
 -1.437587 -1.386294 -1.183354 -1.578666
 -1.339774 -1.597603 -1.339774 -1.295323
 -1.434635 -1.565475 -0.927591 -1.849578
 -1.553119 -1.274406 -1.093588 -1.749829
 -1.909542 -1.418135 -0.985589 -1.441946
 -1.342674 -1.559738 -1.272056 -1.392684
 -1.218757 -1.485385 -1.177084 -1.773066
 -1.233787 -1.757857 -0.901082 -2.038158
 -1.437587 -1.386294 -1.183354 -1.578666
 -1.339774 -1.597603 -1.339774 -1.295323
 -1.434635 -1.565475 -0.927591 -1.849578
 -1.553119 -1.274406 -1.093588 -1.749829
 -1.909542 -1.418135 -0.985589 -1.441946
 -1.192800 -1.826048 -1.324569 -1.310583
 -1.163151 -1.548813 -1.673976 -1.246533
 -1.059282 -1.377735 -1.812020 -1.436231
 -1.439835 -1.917870 -1.308807 -1.061399
 -1.111035 -1.642913 -1.581038 -1.303407
 -1.118494 -1.586090 -1.586090 -1.332642
 -1.083906 -1.621860 -1.515250 -1.408767
 -1.864783 -1.410048 -1.300849 -1.112797
 -1.192800 -1.826048 -1.324569 -1.310583
 -1.163151 -1.548813 -1.673976 -1.246533
 -1.059282 -1.377735 -1.812020 -1.436231
 -1.439835 -1.917870 -1.308807 -1.061399
 -1.111035 -1.642913 -1.581038 -1.303407
 -1.118494 -1.586090 -1.586090 -1.332642
 -1.083906 -1.621860 -1.515250 -1.408767
 -1.864783 -1.410048 -1.300849 -1.112797
 -1.607054 -1.463160 -0.981625 -1.643422
 -1.475422 -1.222227 -1.333452 -1.545626
 -1.561897 -0.952520 -1.509711 -1.695428
 -1.961658 -1.183354 -0.997637 -1.690783
 -1.424354 -1.280105 -1.477464 -1.373923
 -1.441557 -1.274503 -1.375599 -1.464546
 -1.549923 -1.166932 -1.331235 -1.549923
 -1.917639 -1.153875 -1.327147 -1.300479
 -1.607054 -1.463160 -0.981625 -1.643422
 -1.475422 -1.222227 -1.333452 -1.545626
 -1.561897 -0.952520 -1.509711 -1.695428
 -1.961658 -1.183354 -0.997637 -1.690783
 -1.424354 -1.280105 -1.477464 -1.373923
 -1.441557 -1.274503 -1.375599 -1.464546
 -1.549923 -1.166932 -1.331235 -1.549923
 -1.917639 -1.153875 -1.327147 -1.300479
 -1.216396 -1.855474 -1.098613 -1.541817
 -1.308333 -1.330806 -1.377326 -1.545462
 -1.335613 -1.395511 -1.174840 -1.712422
 -1.967323 -1.369487 -1.081806 -1.320697
 -1.435084 -1.658227 -1.349927 -1.164210
 -1.295046 -1.760408 -0.995803 -1.688950
 -1.492741 -1.567964 -1.101875 -1.450181
 -1.924677 -1.443705 -1.174373 -1.174373
 -1.216396 -1.855474 -1.098613 -1.541817
 -1.308333 -1.330806 -1.377326 -1.545462
 -1.335613 -1.395511 -1.174840 -1.712422
 -1.967323 -1.369487 -1.081806 -1.320697
 -1.435084 -1.658227 -1.349927 -1.164210
 -1.295046 -1.760408 -0.995803 -1.688950
 -1.492741 -1.567964 -1.101875 -1.450181
 -1.924677 -1.443705 -1.174373 -1.174373
 -1.139894 -1.755654 -1.386294 -1.357307
 -1.140577 -1.627871 -1.651402 -1.230189
 -1.243794 -1.107662 -1.747699 -1.574036
 -1.775365 -1.499954 -1.463586 -0.978079
 -1.202602 -1.708871 -1.664420 -1.111035
 -1.286396 -1.677875 -1.597832 -1.094729
 -1.200192 -1.559566 -1.374995 -1.444790
 -1.992429 -1.465075 -1.313269 -1.011601
 -1.139894 -1.755654 -1.386294 -1.357307
 -1.140577 -1.627871 -1.651402 -1.230189
 -1.243794 -1.107662 -1.747699 -1.574036
 -1.775365 -1.499954 -1.463586 -0.978079
 -1.202602 -1.708871 -1.664420 -1.111035
 -1.286396 -1.677875 -1.597832 -1.094729
 -1.200192 -1.559566 -1.374995 -1.444790
 -1.992429 -1.465075 -1.313269 -1.011601
 -3.038810 0.000100 0.000100 0.000100
 -2.718184 0.000100 0.000100 0.000100
 -2.440973 0.000100 0.000100 0.000100
 -3.015168 0.000100 0.000100 0.000100
 -3.128871 0.000100 0.000100 0.000100
 -2.660832 0.000100 0.000100 0.000100
 -2.483990 0.000100 0.000100 0.000100
 -2.938726 0.000100 0.000100 0.000100
 -3.038810 0.000100 0.000100 0.000100
 -2.718184 0.000100 0.000100 0.000100
 -2.440973 0.000100 0.000100 0.000100
 -3.015168 0.000100 0.000100 0.000100
 -3.128871 0.000100 0.000100 0.000100
 -2.660832 0.000100 0.000100 0.000100
 -2.483990 0.000100 0.000100 0.000100
 -2.938726 0.000100 0.000100 0.000100
 -1.264797 -1.581134 -1.137642 -1.653454
 -1.067841 -1.750937 -0.971613 -2.261761
 -0.998529 -1.462834 -1.161048 -2.443662
 -1.900239 -1.238842 -1.176322 -1.376992
 -1.301030 -1.226922 -1.402126 -1.668754
 -0.916291 -1.659868 -1.187713 -2.254574
 -1.566420 -1.093133 -1.006805 -2.400644
 -1.804831 -1.179738 -1.193923 -1.491174
 -1.264797 -1.581134 -1.137642 -1.653454
 -1.067841 -1.750937 -0.971613 -2.261761
 -0.998529 -1.462834 -1.161048 -2.443662
 -1.900239 -1.238842 -1.176322 -1.376992
 -1.301030 -1.226922 -1.402126 -1.668754
 -0.916291 -1.659868 -1.187713 -2.254574
 -1.566420 -1.093133 -1.006805 -2.400644
 -1.804831 -1.179738 -1.193923 -1.491174
 -0.000001 -15.000301 -15.000301 -15.000301
 -0.000001 -14.943683 -14.943683 -14.943683
 -0.000001 -15.112975 -15.112975 -15.112975
 -0.000002 -14.166170 -14.166170 -14.166170
 -0.000001 -14.883665 -14.883665 -14.883665
 -0.000001 -14.695139 -14.695139 -14.695139
 -0.000001 -15.033387 -15.033387 -15.033387
 -0.000002 -14.334307 -14.334307 -14.334307
 -0.000001 -15.000301 -15.000301 -15.000301
 -0.000001 -14.943683 -14.943683 -14.943683
 -0.000001 -15.112975 -15.112975 -15.112975
 -0.000002 -14.166170 -14.166170 -14.166170
 -0.000001 -14.883665 -14.883665 -14.883665
 -0.000001 -14.695139 -14.695139 -14.695139
 -0.000001 -15.033387 -15.033387 -15.033387
 -0.000002 -14.334307 -14.334307 -14.334307
 -16.397242 -16.397242 -0.000000 -16.397242
 -1.386294 -1.386294 -1.386294 -1.386294
 -1.386294 -1.386294 -1.386294 -1.386294
 -1.386294 -1.386294 -1.386294 -1.386294
 -15.967274 -15.967274 -0.000000 -15.967274
 -1.386294 -1.386294 -1.386294 -1.386294
 -1.386294 -1.386294 -1.386294 -1.386294
 -1.386294 -1.386294 -1.386294 -1.386294
 -16.397242 -16.397242 -0.000000 -16.397242
 -1.386294 -1.386294 -1.386294 -1.386294
 -1.386294 -1.386294 -1.386294 -1.386294
 -1.386294 -1.386294 -1.386294 -1.386294
 -15.967274 -15.967274 -0.000000 -15.967274
 -1.386294 -1.386294 -1.386294 -1.386294
 -1.386294 -1.386294 -1.386294 -1.386294
 -1.386294 -1.386294 -1.386294 -1.386294
 -1.386294 -1.386294 -1.386294 -1.386294
 -1.386294 -1.386294 -1.386294 -1.386294
 -16.898338 -16.898338 -0.000000 -16.898338
 -1.386294 -1.386294 -1.386294 -1.386294
 -1.386294 -1.386294 -1.386294 -1.386294
 -1.386294 -1.386294 -1.386294 -1.386294
 -1.386294 -1.386294 -1.386294 -1.386294
 -1.386294 -1.386294 -1.386294 -1.386294
 -1.386294 -1.386294 -1.386294 -1.386294
 -1.386294 -1.386294 -1.386294 -1.386294
 -16.898338 -16.898338 -0.000000 -16.898338
 -1.386294 -1.386294 -1.386294 -1.386294
 -1.386294 -1.386294 -1.386294 -1.386294
 -1.386294 -1.386294 -1.386294 -1.386294
 -1.386294 -1.386294 -1.386294 -1.386294
 -1.386294 -1.386294 -1.386294 -1.386294
 -1.386294 -1.386294 -1.386294 -1.386294
 -1.386294 -1.386294 -1.386294 -1.386294
 -16.898338 -16.898338 -16.898338 -0.000000
 -1.386294 -1.386294 -1.386294 -1.386294
 -1.386294 -1.386294 -1.386294 -1.386294
 -1.386294 -1.386294 -1.386294 -1.386294
 -1.386294 -1.386294 -1.386294 -1.386294
 -1.386294 -1.386294 -1.386294 -1.386294
 -1.386294 -1.386294 -1.386294 -1.386294
 -1.386294 -1.386294 -1.386294 -1.386294
 -16.898338 -16.898338 -16.898338 -0.000000
 -1.386294 -1.386294 -1.386294 -1.386294
 -1.386294 -1.386294 -1.386294 -1.386294
 -1.386294 -1.386294 -1.386294 -1.386294
 -1.386294 -1.386294 -1.386294 -1.386294
 -1.386294 -1.386294 -1.386294 -1.386294
 -1.386294 -1.386294 -1.386294 -1.386294
 -1.386294 -1.386294 -1.386294 -1.386294
 -1.386294 -1.386294 -1.386294 -1.386294
 -16.898338 -1.418901 -0.801466 -1.173285
 -1.386294 -1.386294 -1.386294 -1.386294
 -1.386294 -1.386294 -1.386294 -1.386294
 -1.386294 -1.386294 -1.386294 -1.386294
 -1.386294 -1.386294 -1.386294 -1.386294
 -1.386294 -1.386294 -1.386294 -1.386294
 -1.386294 -1.386294 -1.386294 -1.386294
 -1.386294 -1.386294 -1.386294 -1.386294
 -16.898338 -1.418901 -0.801466 -1.173285
 -1.386294 -1.386294 -1.386294 -1.386294
 -1.386294 -1.386294 -1.386294 -1.386294
 -1.386294 -1.386294 -1.386294 -1.386294
 -1.386294 -1.386294 -1.386294 -1.386294
 -1.386294 -1.386294 -1.386294 -1.386294
 -1.386294 -1.386294 -1.386294 -1.386294
 -1.386294 -1.386294 -1.386294 -1.386294
 -1.386294 -1.386294 -1.386294 -1.386294
 -1.386294 -1.386294 -1.386294 -1.386294
 -1.245216 -1.736496 -1.121602 -1.559566
 -1.422700 -1.461582 -1.000428 -1.836675
 -1.841883 -1.402725 -1.080991 -1.361421
 -1.386294 -1.386294 -1.386294 -1.386294
 -1.386294 -1.386294 -1.386294 -1.386294
 -1.386294 -1.386294 -1.386294 -1.386294
 -1.386294 -1.386294 -1.386294 -1.386294
 -1.386294 -1.386294 -1.386294 -1.386294
 -1.245216 -1.736496 -1.121602 -1.559566
 -1.422700 -1.461582 -1.000428 -1.836675
 -1.841883 -1.402725 -1.080991 -1.361421
 -0.975196 -1.592630 -14.674174 -0.868713
 -1.134491 -1.454658 -14.635292 -0.809830
 -0.995755 -1.261131 -15.096445 -1.057791
 -1.360977 -1.553348 -14.260199 -0.631017
 -1.137988 -1.413693 -14.767170 -0.829441
 -0.951658 -1.413693 -14.767170 -0.992480
 -1.038135 -1.081307 -15.204303 -1.181777
 -1.305169 -1.138115 -14.859316 -0.895385
 -0.975196 -1.592630 -14.674174 -0.868713
 -1.134491 -1.454658 -14.635292 -0.809830
 -0.995755 -1.261131 -15.096445 -1.057791
 -1.360977 -1.553348 -14.260199 -0.631017
 -1.137988 -1.413693 -14.767170 -0.829441
 -0.951658 -1.413693 -14.767170 -0.992480
 -1.038135 -1.081307 -15.204303 -1.181777
 -1.305169 -1.138115 -14.859316 -0.895385
 -1.720532 -1.683718 -0.839869 -1.591699
 -1.711937 -1.163724 -1.377735 -1.366436
 -1.386294 -1.386294 -1.386294 -1.386294
 -2.160933 -1.175400 -1.062322 -1.467787
 -1.326076 -1.339148 -1.450373 -1.435774
 -1.232144 -1.246533 -1.791759 -1.369765
 -1.386294 -1.386294 -1.386294 -1.386294
 -1.791759 -1.153101 -1.280934 -1.427537
 -1.720532 -1.683718 -0.839869 -1.591699
 -1.711937 -1.163724 -1.377735 -1.366436
 -1.386294 -1.386294 -1.386294 -1.386294
 -2.160933 -1.175400 -1.062322 -1.467787
 -1.326076 -1.339148 -1.450373 -1.435774
 -1.232144 -1.246533 -1.791759 -1.369765
 -1.386294 -1.386294 -1.386294 -1.386294
 -1.791759 -1.153101 -1.280934 -1.427537
 -1.342674 -1.559738 -1.272056 -1.392684
 -1.218757 -1.485385 -1.177084 -1.773066
 -1.233787 -1.757857 -0.901082 -2.038158
 -1.437587 -1.386294 -1.183354 -1.578666
 -1.339774 -1.597603 -1.339774 -1.295323
 -1.434635 -1.565475 -0.927591 -1.849578
 -1.553119 -1.274406 -1.093588 -1.749829
 -1.909542 -1.418135 -0.985589 -1.441946
 -1.342674 -1.559738 -1.272056 -1.392684
 -1.218757 -1.485385 -1.177084 -1.773066
 -1.233787 -1.757857 -0.901082 -2.038158
 -1.437587 -1.386294 -1.183354 -1.578666
 -1.339774 -1.597603 -1.339774 -1.295323
 -1.434635 -1.565475 -0.927591 -1.849578
 -1.553119 -1.274406 -1.093588 -1.749829
 -1.909542 -1.418135 -0.985589 -1.441946
 -1.192800 -1.826048 -1.324569 -1.310583
 -1.163151 -1.548813 -1.673976 -1.246533
 -1.059282 -1.377735 -1.812020 -1.436231
 -1.439835 -1.917870 -1.308807 -1.061399
 -1.111035 -1.642913 -1.581038 -1.303407
 -1.118494 -1.586090 -1.586090 -1.332642
 -1.083906 -1.621860 -1.515250 -1.408767
 -1.864783 -1.410048 -1.300849 -1.112797
 -1.192800 -1.826048 -1.324569 -1.310583
 -1.163151 -1.548813 -1.673976 -1.246533
 -1.059282 -1.377735 -1.812020 -1.436231
 -1.439835 -1.917870 -1.308807 -1.061399
 -1.111035 -1.642913 -1.581038 -1.303407
 -1.118494 -1.586090 -1.586090 -1.332642
 -1.083906 -1.621860 -1.515250 -1.408767
 -1.864783 -1.410048 -1.300849 -1.112797
 -1.607054 -1.463160 -0.981625 -1.643422
 -1.475422 -1.222227 -1.333452 -1.545626
 -1.561897 -0.952520 -1.509711 -1.695428
 -1.961658 -1.183354 -0.997637 -1.690783
 -1.424354 -1.280105 -1.477464 -1.373923
 -1.441557 -1.274503 -1.375599 -1.464546
 -1.549923 -1.166932 -1.331235 -1.549923
 -1.917639 -1.153875 -1.327147 -1.300479
 -1.607054 -1.463160 -0.981625 -1.643422
 -1.475422 -1.222227 -1.333452 -1.545626
 -1.561897 -0.952520 -1.509711 -1.695428
 -1.961658 -1.183354 -0.997637 -1.690783
 -1.424354 -1.280105 -1.477464 -1.373923
 -1.441557 -1.274503 -1.375599 -1.464546
 -1.549923 -1.166932 -1.331235 -1.549923
 -1.917639 -1.153875 -1.327147 -1.300479
 -1.216396 -1.855474 -1.098613 -1.541817
 -1.308333 -1.330806 -1.377326 -1.545462
 -1.335613 -1.395511 -1.174840 -1.712422
 -1.967323 -1.369487 -1.081806 -1.320697
 -1.435084 -1.658227 -1.349927 -1.164210
 -1.295046 -1.760408 -0.995803 -1.688950
 -1.492741 -1.567964 -1.101875 -1.450181
 -1.924677 -1.443705 -1.174373 -1.174373
 -1.216396 -1.855474 -1.098613 -1.541817
 -1.308333 -1.330806 -1.377326 -1.545462
 -1.335613 -1.395511 -1.174840 -1.712422
 -1.967323 -1.369487 -1.081806 -1.320697
 -1.435084 -1.658227 -1.349927 -1.164210
 -1.295046 -1.760408 -0.995803 -1.688950
 -1.492741 -1.567964 -1.101875 -1.450181
 -1.924677 -1.443705 -1.174373 -1.174373
 -1.139894 -1.755654 -1.386294 -1.357307
 -1.140577 -1.627871 -1.651402 -1.230189
 -1.243794 -1.107662 -1.747699 -1.574036
 -1.775365 -1.499954 -1.463586 -0.978079
 -1.202602 -1.708871 -1.664420 -1.111035
 -1.286396 -1.677875 -1.597832 -1.094729
 -1.200192 -1.559566 -1.374995 -1.444790
 -1.992429 -1.465075 -1.313269 -1.011601
 -1.139894 -1.755654 -1.386294 -1.357307
 -1.140577 -1.627871 -1.651402 -1.230189
 -1.243794 -1.107662 -1.747699 -1.574036
 -1.775365 -1.499954 -1.463586 -0.978079
 -1.202602 -1.708871 -1.664420 -1.111035
 -1.286396 -1.677875 -1.597832 -1.094729
 -1.200192 -1.559566 -1.374995 -1.444790
 -1.992429 -1.465075 -1.313269 -1.011601
