 -2.772589 0.000100 0.000100 0.000100
 -2.772589 0.000100 0.000100 0.000100
 -2.549446 0.000100 0.000100 0.000100
 -2.906119 0.000100 0.000100 0.000100
 -3.147279 0.000100 0.000100 0.000100
 -2.906119 0.000100 0.000100 0.000100
 -2.600739 0.000100 0.000100 0.000100
 -2.654806 0.000100 0.000100 0.000100
 -2.772589 0.000100 0.000100 0.000100
 -2.772589 0.000100 0.000100 0.000100
 -2.549446 0.000100 0.000100 0.000100
 -2.906119 0.000100 0.000100 0.000100
 -3.147279 0.000100 0.000100 0.000100
 -2.906119 0.000100 0.000100 0.000100
 -2.600739 0.000100 0.000100 0.000100
 -2.654806 0.000100 0.000100 0.000100
 -11.982954 -0.000019 -11.982954 -11.982954
 -11.982954 -0.000019 -11.982954 -11.982954
 -12.206093 -0.000015 -12.206093 -12.206093
 -11.849426 -0.000021 -11.849426 -11.849426
 -11.608273 -0.000027 -11.608273 -11.608273
 -11.849426 -0.000021 -11.849426 -11.849426
 -12.154800 -0.000016 -12.154800 -12.154800
 -12.100734 -0.000017 -12.100734 -12.100734
 -11.982954 -0.000019 -11.982954 -11.982954
 -11.982954 -0.000019 -11.982954 -11.982954
 -12.206093 -0.000015 -12.206093 -12.206093
 -11.849426 -0.000021 -11.849426 -11.849426
 -11.608273 -0.000027 -11.608273 -11.608273
 -11.849426 -0.000021 -11.849426 -11.849426
 -12.154800 -0.000016 -12.154800 -12.154800
 -12.100734 -0.000017 -12.100734 -12.100734
 -1.386294 -1.386294 -1.386294 -1.386294
 -0.000005 -13.400002 -13.400002 -13.400002
 -1.386294 -1.386294 -1.386294 -1.386294
 -1.386294 -1.386294 -1.386294 -1.386294
 -1.386294 -1.386294 -1.386294 -1.386294
 -0.000005 -13.337481 -13.337481 -13.337481
 -1.386294 -1.386294 -1.386294 -1.386294
 -1.386294 -1.386294 -1.386294 -1.386294
 -1.386294 -1.386294 -1.386294 -1.386294
 -0.000005 -13.400002 -13.400002 -13.400002
 -1.386294 -1.386294 -1.386294 -1.386294
 -1.386294 -1.386294 -1.386294 -1.386294
 -1.386294 -1.386294 -1.386294 -1.386294
 -0.000005 -13.337481 -13.337481 -13.337481
 -1.386294 -1.386294 -1.386294 -1.386294
 -1.386294 -1.386294 -1.386294 -1.386294
 -1.386294 -1.386294 -1.386294 -1.386294
 -1.386294 -1.386294 -1.386294 -1.386294
 -1.386294 -1.386294 -1.386294 -1.386294
 -1.386294 -1.386294 -1.386294 -1.386294
 -14.062374 -14.062374 -0.000002 -14.062374
 -1.386294 -1.386294 -1.386294 -1.386294
 -1.386294 -1.386294 -1.386294 -1.386294
 -1.386294 -1.386294 -1.386294 -1.386294
 -1.386294 -1.386294 -1.386294 -1.386294
 -1.386294 -1.386294 -1.386294 -1.386294
 -1.386294 -1.386294 -1.386294 -1.386294
 -1.386294 -1.386294 -1.386294 -1.386294
 -14.062374 -14.062374 -0.000002 -14.062374
 -1.386294 -1.386294 -1.386294 -1.386294
 -1.386294 -1.386294 -1.386294 -1.386294
 -1.386294 -1.386294 -1.386294 -1.386294
 -1.386294 -1.386294 -1.386294 -1.386294
 -1.386294 -1.386294 -1.386294 -1.386294
 -14.062374 -14.062374 -0.000002 -14.062374
 -1.386294 -1.386294 -1.386294 -1.386294
 -1.386294 -1.386294 -1.386294 -1.386294
 -1.386294 -1.386294 -1.386294 -1.386294
 -1.386294 -1.386294 -1.386294 -1.386294
 -1.386294 -1.386294 -1.386294 -1.386294
 -1.386294 -1.386294 -1.386294 -1.386294
 -1.386294 -1.386294 -1.386294 -1.386294
 -14.062374 -14.062374 -0.000002 -14.062374
 -1.386294 -1.386294 -1.386294 -1.386294
 -1.386294 -1.386294 -1.386294 -1.386294
 -1.386294 -1.386294 -1.386294 -1.386294
 -1.386294 -1.386294 -1.386294 -1.386294
 -1.386294 -1.386294 -1.386294 -1.386294
 -1.386294 -1.386294 -1.386294 -1.386294
 -1.386294 -1.386294 -1.386294 -1.386294
 -14.062374 -14.062374 -14.062374 -0.000002
 -1.386294 -1.386294 -1.386294 -1.386294
 -1.386294 -1.386294 -1.386294 -1.386294
 -1.386294 -1.386294 -1.386294 -1.386294
 -1.386294 -1.386294 -1.386294 -1.386294
 -1.386294 -1.386294 -1.386294 -1.386294
 -1.386294 -1.386294 -1.386294 -1.386294
 -1.386294 -1.386294 -1.386294 -1.386294
 -14.062374 -14.062374 -14.062374 -0.000002
 -1.386294 -1.386294 -1.386294 -1.386294
 -1.386294 -1.386294 -1.386294 -1.386294
 -1.386294 -1.386294 -1.386294 -1.386294
 -1.386294 -1.386294 -1.386294 -1.386294
 -1.386294 -1.386294 -1.386294 -1.386294
 -1.386294 -1.386294 -1.386294 -1.386294
 -1.386294 -1.386294 -1.386294 -1.386294
 -1.386294 -1.386294 -1.386294 -1.386294
 -0.000003 -14.062374 -14.062374 -14.062374
 -1.386294 -1.386294 -1.386294 -1.386294
 -1.386294 -1.386294 -1.386294 -1.386294
 -1.386294 -1.386294 -1.386294 -1.386294
 -1.386294 -1.386294 -1.386294 -1.386294
 -1.386294 -1.386294 -1.386294 -1.386294
 -1.386294 -1.386294 -1.386294 -1.386294
 -1.386294 -1.386294 -1.386294 -1.386294
 -0.000003 -14.062374 -14.062374 -14.062374
 -1.386294 -1.386294 -1.386294 -1.386294
 -1.386294 -1.386294 -1.386294 -1.386294
 -1.386294 -1.386294 -1.386294 -1.386294
 -1.386294 -1.386294 -1.386294 -1.386294
 -1.386294 -1.386294 -1.386294 -1.386294
 -1.386294 -1.386294 -1.386294 -1.386294
 -1.386294 -1.386294 -1.386294 -1.386294
 -1.386294 -1.386294 -1.386294 -1.386294
 -1.673975 -0.960211 -1.633154 -1.450833
 -1.386294 -1.386294 -1.386294 -1.386294
 -1.386294 -1.386294 -1.386294 -1.386294
 -1.386294 -1.386294 -1.386294 -1.386294
 -1.386294 -1.386294 -1.386294 -1.386294
 -1.386294 -1.386294 -1.386294 -1.386294
 -1.386294 -1.386294 -1.386294 -1.386294
 -1.386294 -1.386294 -1.386294 -1.386294
 -1.673975 -0.960211 -1.633154 -1.450833
 -1.386294 -1.386294 -1.386294 -1.386294
 -1.386294 -1.386294 -1.386294 -1.386294
 -1.386294 -1.386294 -1.386294 -1.386294
 -1.098616 -1.386294 -1.791751 -1.386294
 -1.493924 -1.183772 -1.406914 -1.493924
 -1.832572 -1.427116 -1.609434 -0.916297
 -1.609435 -1.455286 -1.455286 -1.098616
 -1.386294 -1.386294 -1.386294 -1.386294
 -1.386294 -1.386294 -1.386294 -1.386294
 -1.386294 -1.386294 -1.386294 -1.386294
 -1.386294 -1.386294 -1.386294 -1.386294
 -1.098616 -1.386294 -1.791751 -1.386294
 -1.493924 -1.183772 -1.406914 -1.493924
 -1.832572 -1.427116 -1.609434 -0.916297
 -1.609435 -1.455286 -1.455286 -1.098616
 -1.386294 -1.386294 -1.386294 -1.386294
 -1.386294 -1.386294 -1.386294 -1.386294
 -1.386294 -1.386294 -1.386294 -1.386294
 -1.386294 -1.386294 -1.386294 -1.386294
 -1.386294 -0.875482 -1.791743 -1.791743
 -0.875482 -1.791743 -2.484840 -1.098621
 -1.098623 -1.098623 -1.098623 -11.407610
 -1.163156 -2.079417 -1.163156 -1.386294
 -1.041461 -2.140040 -1.446918 -1.223779
 -1.299284 -1.011607 -3.090961 -1.145136
 -2.251263 -1.335002 -1.845814 -0.747224
 -1.098617 -1.945896 -1.098617 -1.658222
 -1.386294 -0.875482 -1.791743 -1.791743
 -0.875482 -1.791743 -2.484840 -1.098621
 -1.098623 -1.098623 -1.098623 -11.407610
 -1.163156 -2.079417 -1.163156 -1.386294
 -1.041461 -2.140040 -1.446918 -1.223779
 -1.299284 -1.011607 -3.090961 -1.145136
 -2.251263 -1.335002 -1.845814 -0.747224
 -1.098617 -1.945896 -1.098617 -1.658222
 -1.540440 -1.945889 -0.847310 -1.540440
 -0.762152 -0.916301 -2.707977 -2.707977
 -0.875482 -1.386294 -1.098621 -11.695280
 -2.079417 -1.673968 -0.693160 -1.673968
 -1.526054 -1.056058 -1.343735 -1.749192
 -2.014880 -1.609431 -1.321758 -0.916301
 -0.847310 -1.540440 -1.540440 -1.945889
 -2.251263 -0.865006 -1.845814 -1.152684
 -1.540440 -1.945889 -0.847310 -1.540440
 -0.762152 -0.916301 -2.707977 -2.707977
 -0.875482 -1.386294 -1.098621 -11.695280
 -2.079417 -1.673968 -0.693160 -1.673968
 -1.526054 -1.056058 -1.343735 -1.749192
 -2.014880 -1.609431 -1.321758 -0.916301
 -0.847310 -1.540440 -1.540440 -1.945889
 -2.251263 -0.865006 -1.845814 -1.152684
 -1.845814 -1.558141 -1.335002 -0.998536
 -0.980838 -1.673968 -2.772514 -0.980838
 -1.335002 -1.152684 -1.845814 -1.335002
 -0.810950 -2.197169 -1.098623 -2.197169
 -1.871783 -1.178661 -2.564880 -0.773204
 -0.916298 -1.386294 -1.609433 -1.897107
 -1.673968 -1.386294 -0.826689 -2.079417
 -1.673968 -0.980838 -2.079417 -1.163156
 -1.845814 -1.558141 -1.335002 -0.998536
 -0.980838 -1.673968 -2.772514 -0.980838
 -1.335002 -1.152684 -1.845814 -1.335002
 -0.810950 -2.197169 -1.098623 -2.197169
 -1.871783 -1.178661 -2.564880 -0.773204
 -0.916298 -1.386294 -1.609433 -1.897107
 -1.673968 -1.386294 -0.826689 -2.079417
 -1.673968 -0.980838 -2.079417 -1.163156
 -1.178661 -1.466334 -1.466334 -1.466334
 -0.944470 -1.791748 -1.791748 -1.280936
 -1.673968 -0.693160 -1.673968 -2.079417
 -1.897107 -2.995652 -0.798517 -1.049828
 -1.945896 -1.945896 -1.435084 -0.741946
 -0.916301 -2.014880 -2.707977 -0.916301
 -0.916306 -1.609428 -1.609428 -1.609428
 -1.098619 -1.609431 -1.609431 -1.321758
 -1.178661 -1.466334 -1.466334 -1.466334
 -0.944470 -1.791748 -1.791748 -1.280936
 -1.673968 -0.693160 -1.673968 -2.079417
 -1.897107 -2.995652 -0.798517 -1.049828
 -1.945896 -1.945896 -1.435084 -0.741946
 -0.916301 -2.014880 -2.707977 -0.916301
 -0.916306 -1.609428 -1.609428 -1.609428
 -1.098619 -1.609431 -1.609431 -1.321758
 -1.540440 -1.029628 -1.540440 -1.540440
 -1.673968 -1.163156 -1.386294 -1.386294
 -1.178661 -1.466334 -11.775321 -0.773204
 -0.887312 -2.140040 -1.041461 -2.140040
 -1.435084 -1.098617 -1.252765 -1.945896
 -1.098623 -2.197169 -1.098623 -1.504072
 -2.079417 -1.673968 -0.826689 -1.386294
 -1.992415 -1.011607 -1.299284 -1.481603
 -1.540440 -1.029628 -1.540440 -1.540440
 -1.673968 -1.163156 -1.386294 -1.386294
 -1.178661 -1.466334 -11.775321 -0.773204
 -0.887312 -2.140040 -1.041461 -2.140040
 -1.435084 -1.098617 -1.252765 -1.945896
 -1.098623 -2.197169 -1.098623 -1.504072
 -2.079417 -1.673968 -0.826689 -1.386294
 -1.992415 -1.011607 -1.299284 -1.481603
 -1.252766 -1.945889 -1.252766 -1.252766
 -0.810940 -1.791748 -1.504075 -1.791748
 -0.980838 -1.386294 -1.673968 -1.673968
 -2.079417 -1.163156 -1.386294 -1.163156
 -1.163156 -1.386294 -2.772514 -0.980838
 -1.386294 -1.386294 -1.386294 -1.386294
 -2.251263 -2.251263 -0.747224 -1.152684
 -0.955522 -2.564880 -0.955522 -1.871783
 -1.252766 -1.945889 -1.252766 -1.252766
 -0.810940 -1.791748 -1.504075 -1.791748
 -0.980838 -1.386294 -1.673968 -1.673968
 -2.079417 -1.163156 -1.386294 -1.163156
 -1.163156 -1.386294 -2.772514 -0.980838
 -1.386294 -1.386294 -1.386294 -1.386294
 -2.251263 -2.251263 -0.747224 -1.152684
 -0.955522 -2.564880 -0.955522 -1.871783
 -2.772589 0.000100 0.000100 0.000100
 -2.772589 0.000100 0.000100 0.000100
 -2.549446 0.000100 0.000100 0.000100
 -2.906119 0.000100 0.000100 0.000100
 -3.147279 0.000100 0.000100 0.000100
 -2.906119 0.000100 0.000100 0.000100
 -2.600739 0.000100 0.000100 0.000100
 -2.654806 0.000100 0.000100 0.000100
 -2.772589 0.000100 0.000100 0.000100
 -2.772589 0.000100 0.000100 0.000100
 -2.549446 0.000100 0.000100 0.000100
 -2.906119 0.000100 0.000100 0.000100
 -3.147279 0.000100 0.000100 0.000100
 -2.906119 0.000100 0.000100 0.000100
 -2.600739 0.000100 0.000100 0.000100
 -2.654806 0.000100 0.000100 0.000100
 -11.982954 -0.000019 -11.982954 -11.982954
 -11.982954 -0.000019 -11.982954 -11.982954
 -12.206093 -0.000015 -12.206093 -12.206093
 -11.849426 -0.000021 -11.849426 -11.849426
 -11.608273 -0.000027 -11.608273 -11.608273
 -11.849426 -0.000021 -11.849426 -11.849426
 -12.154800 -0.000016 -12.154800 -12.154800
 -12.100734 -0.000017 -12.100734 -12.100734
 -11.982954 -0.000019 -11.982954 -11.982954
 -11.982954 -0.000019 -11.982954 -11.982954
 -12.206093 -0.000015 -12.206093 -12.206093
 -11.849426 -0.000021 -11.849426 -11.849426
 -11.608273 -0.000027 -11.608273 -11.608273
 -11.849426 -0.000021 -11.849426 -11.849426
 -12.154800 -0.000016 -12.154800 -12.154800
 -12.100734 -0.000017 -12.100734 -12.100734
 -1.386294 -1.386294 -1.386294 -1.386294
 -0.000005 -13.400002 -13.400002 -13.400002
 -1.386294 -1.386294 -1.386294 -1.386294
 -1.386294 -1.386294 -1.386294 -1.386294
 -1.386294 -1.386294 -1.386294 -1.386294
 -0.000005 -13.337481 -13.337481 -13.337481
 -1.386294 -1.386294 -1.386294 -1.386294
 -1.386294 -1.386294 -1.386294 -1.386294
 -1.386294 -1.386294 -1.386294 -1.386294
 -0.000005 -13.400002 -13.400002 -13.400002
 -1.386294 -1.386294 -1.386294 -1.386294
 -1.386294 -1.386294 -1.386294 -1.386294
 -1.386294 -1.386294 -1.386294 -1.386294
 -0.000005 -13.337481 -13.337481 -13.337481
 -1.386294 -1.386294 -1.386294 -1.386294
 -1.386294 -1.386294 -1.386294 -1.386294
 -1.386294 -1.386294 -1.386294 -1.386294
 -1.386294 -1.386294 -1.386294 -1.386294
 -1.386294 -1.386294 -1.386294 -1.386294
 -1.386294 -1.386294 -1.386294 -1.386294
 -14.062374 -14.062374 -0.000002 -14.062374
 -1.386294 -1.386294 -1.386294 -1.386294
 -1.386294 -1.386294 -1.386294 -1.386294
 -1.386294 -1.386294 -1.386294 -1.386294
 -1.386294 -1.386294 -1.386294 -1.386294
 -1.386294 -1.386294 -1.386294 -1.386294
 -1.386294 -1.386294 -1.386294 -1.386294
 -1.386294 -1.386294 -1.386294 -1.386294
 -14.062374 -14.062374 -0.000002 -14.062374
 -1.386294 -1.386294 -1.386294 -1.386294
 -1.386294 -1.386294 -1.386294 -1.386294
 -1.386294 -1.386294 -1.386294 -1.386294
 -1.386294 -1.386294 -1.386294 -1.386294
 -1.386294 -1.386294 -1.386294 -1.386294
 -14.062374 -14.062374 -0.000002 -14.062374
 -1.386294 -1.386294 -1.386294 -1.386294
 -1.386294 -1.386294 -1.386294 -1.386294
 -1.386294 -1.386294 -1.386294 -1.386294
 -1.386294 -1.386294 -1.386294 -1.386294
 -1.386294 -1.386294 -1.386294 -1.386294
 -1.386294 -1.386294 -1.386294 -1.386294
 -1.386294 -1.386294 -1.386294 -1.386294
 -14.062374 -14.062374 -0.000002 -14.062374
 -1.386294 -1.386294 -1.386294 -1.386294
 -1.386294 -1.386294 -1.386294 -1.386294
 -1.386294 -1.386294 -1.386294 -1.386294
 -1.386294 -1.386294 -1.386294 -1.386294
 -1.386294 -1.386294 -1.386294 -1.386294
 -1.386294 -1.386294 -1.386294 -1.386294
 -1.386294 -1.386294 -1.386294 -1.386294
 -14.062374 -14.062374 -14.062374 -0.000002
 -1.386294 -1.386294 -1.386294 -1.386294
 -1.386294 -1.386294 -1.386294 -1.386294
 -1.386294 -1.386294 -1.386294 -1.386294
 -1.386294 -1.386294 -1.386294 -1.386294
 -1.386294 -1.386294 -1.386294 -1.386294
 -1.386294 -1.386294 -1.386294 -1.386294
 -1.386294 -1.386294 -1.386294 -1.386294
 -14.062374 -14.062374 -14.062374 -0.000002
 -1.386294 -1.386294 -1.386294 -1.386294
 -1.386294 -1.386294 -1.386294 -1.386294
 -1.386294 -1.386294 -1.386294 -1.386294
 -1.386294 -1.386294 -1.386294 -1.386294
 -1.386294 -1.386294 -1.386294 -1.386294
 -1.386294 -1.386294 -1.386294 -1.386294
 -1.386294 -1.386294 -1.386294 -1.386294
 -1.386294 -1.386294 -1.386294 -1.386294
 -0.000003 -14.062374 -14.062374 -14.062374
 -1.386294 -1.386294 -1.386294 -1.386294
 -1.386294 -1.386294 -1.386294 -1.386294
 -1.386294 -1.386294 -1.386294 -1.386294
 -1.386294 -1.386294 -1.386294 -1.386294
 -1.386294 -1.386294 -1.386294 -1.386294
 -1.386294 -1.386294 -1.386294 -1.386294
 -1.386294 -1.386294 -1.386294 -1.386294
 -0.000003 -14.062374 -14.062374 -14.062374
 -1.386294 -1.386294 -1.386294 -1.386294
 -1.386294 -1.386294 -1.386294 -1.386294
 -1.386294 -1.386294 -1.386294 -1.386294
 -1.386294 -1.386294 -1.386294 -1.386294
 -1.386294 -1.386294 -1.386294 -1.386294
 -1.386294 -1.386294 -1.386294 -1.386294
 -1.386294 -1.386294 -1.386294 -1.386294
 -1.386294 -1.386294 -1.386294 -1.386294
 -1.673975 -0.960211 -1.633154 -1.450833
 -1.386294 -1.386294 -1.386294 -1.386294
 -1.386294 -1.386294 -1.386294 -1.386294
 -1.386294 -1.386294 -1.386294 -1.386294
 -1.386294 -1.386294 -1.386294 -1.386294
 -1.386294 -1.386294 -1.386294 -1.386294
 -1.386294 -1.386294 -1.386294 -1.386294
 -1.386294 -1.386294 -1.386294 -1.386294
 -1.673975 -0.960211 -1.633154 -1.450833
 -1.386294 -1.386294 -1.386294 -1.386294
 -1.386294 -1.386294 -1.386294 -1.386294
 -1.386294 -1.386294 -1.386294 -1.386294
 -1.098616 -1.386294 -1.791751 -1.386294
 -1.493924 -1.183772 -1.406914 -1.493924
 -1.832572 -1.427116 -1.609434 -0.916297
 -1.609435 -1.455286 -1.455286 -1.098616
 -1.386294 -1.386294 -1.386294 -1.386294
 -1.386294 -1.386294 -1.386294 -1.386294
 -1.386294 -1.386294 -1.386294 -1.386294
 -1.386294 -1.386294 -1.386294 -1.386294
 -1.098616 -1.386294 -1.791751 -1.386294
 -1.493924 -1.183772 -1.406914 -1.493924
 -1.832572 -1.427116 -1.609434 -0.916297
 -1.609435 -1.455286 -1.455286 -1.098616
 -1.386294 -1.386294 -1.386294 -1.386294
 -1.386294 -1.386294 -1.386294 -1.386294
 -1.386294 -1.386294 -1.386294 -1.386294
 -1.386294 -1.386294 -1.386294 -1.386294
 -1.386294 -0.875482 -1.791743 -1.791743
 -0.875482 -1.791743 -2.484840 -1.098621
 -1.098623 -1.098623 -1.098623 -11.407610
 -1.163156 -2.079417 -1.163156 -1.386294
 -1.041461 -2.140040 -1.446918 -1.223779
 -1.299284 -1.011607 -3.090961 -1.145136
 -2.251263 -1.335002 -1.845814 -0.747224
 -1.098617 -1.945896 -1.098617 -1.658222
 -1.386294 -0.875482 -1.791743 -1.791743
 -0.875482 -1.791743 -2.484840 -1.098621
 -1.098623 -1.098623 -1.098623 -11.407610
 -1.163156 -2.079417 -1.163156 -1.386294
 -1.041461 -2.140040 -1.446918 -1.223779
 -1.299284 -1.011607 -3.090961 -1.145136
 -2.251263 -1.335002 -1.845814 -0.747224
 -1.098617 -1.945896 -1.098617 -1.658222
 -1.540440 -1.945889 -0.847310 -1.540440
 -0.762152 -0.916301 -2.707977 -2.707977
 -0.875482 -1.386294 -1.098621 -11.695280
 -2.079417 -1.673968 -0.693160 -1.673968
 -1.526054 -1.056058 -1.343735 -1.749192
 -2.014880 -1.609431 -1.321758 -0.916301
 -0.847310 -1.540440 -1.540440 -1.945889
 -2.251263 -0.865006 -1.845814 -1.152684
 -1.540440 -1.945889 -0.847310 -1.540440
 -0.762152 -0.916301 -2.707977 -2.707977
 -0.875482 -1.386294 -1.098621 -11.695280
 -2.079417 -1.673968 -0.693160 -1.673968
 -1.526054 -1.056058 -1.343735 -1.749192
 -2.014880 -1.609431 -1.321758 -0.916301
 -0.847310 -1.540440 -1.540440 -1.945889
 -2.251263 -0.865006 -1.845814 -1.152684
 -1.845814 -1.558141 -1.335002 -0.998536
 -0.980838 -1.673968 -2.772514 -0.980838
 -1.335002 -1.152684 -1.845814 -1.335002
 -0.810950 -2.197169 -1.098623 -2.197169
 -1.871783 -1.178661 -2.564880 -0.773204
 -0.916298 -1.386294 -1.609433 -1.897107
 -1.673968 -1.386294 -0.826689 -2.079417
 -1.673968 -0.980838 -2.079417 -1.163156
 -1.845814 -1.558141 -1.335002 -0.998536
 -0.980838 -1.673968 -2.772514 -0.980838
 -1.335002 -1.152684 -1.845814 -1.335002
 -0.810950 -2.197169 -1.098623 -2.197169
 -1.871783 -1.178661 -2.564880 -0.773204
 -0.916298 -1.386294 -1.609433 -1.897107
 -1.673968 -1.386294 -0.826689 -2.079417
 -1.673968 -0.980838 -2.079417 -1.163156
 -1.178661 -1.466334 -1.466334 -1.466334
 -0.944470 -1.791748 -1.791748 -1.280936
 -1.673968 -0.693160 -1.673968 -2.079417
 -1.897107 -2.995652 -0.798517 -1.049828
 -1.945896 -1.945896 -1.435084 -0.741946
 -0.916301 -2.014880 -2.707977 -0.916301
 -0.916306 -1.609428 -1.609428 -1.609428
 -1.098619 -1.609431 -1.609431 -1.321758
 -1.178661 -1.466334 -1.466334 -1.466334
 -0.944470 -1.791748 -1.791748 -1.280936
 -1.673968 -0.693160 -1.673968 -2.079417
 -1.897107 -2.995652 -0.798517 -1.049828
 -1.945896 -1.945896 -1.435084 -0.741946
 -0.916301 -2.014880 -2.707977 -0.916301
 -0.916306 -1.609428 -1.609428 -1.609428
 -1.098619 -1.609431 -1.609431 -1.321758
 -1.540440 -1.029628 -1.540440 -1.540440
 -1.673968 -1.163156 -1.386294 -1.386294
 -1.178661 -1.466334 -11.775321 -0.773204
 -0.887312 -2.140040 -1.041461 -2.140040
 -1.435084 -1.098617 -1.252765 -1.945896
 -1.098623 -2.197169 -1.098623 -1.504072
 -2.079417 -1.673968 -0.826689 -1.386294
 -1.992415 -1.011607 -1.299284 -1.481603
 -1.540440 -1.029628 -1.540440 -1.540440
 -1.673968 -1.163156 -1.386294 -1.386294
 -1.178661 -1.466334 -11.775321 -0.773204
 -0.887312 -2.140040 -1.041461 -2.140040
 -1.435084 -1.098617 -1.252765 -1.945896
 -1.098623 -2.197169 -1.098623 -1.504072
 -2.079417 -1.673968 -0.826689 -1.386294
 -1.992415 -1.011607 -1.299284 -1.481603
 -1.252766 -1.945889 -1.252766 -1.252766
 -0.810940 -1.791748 -1.504075 -1.791748
 -0.980838 -1.386294 -1.673968 -1.673968
 -2.079417 -1.163156 -1.386294 -1.163156
 -1.163156 -1.386294 -2.772514 -0.980838
 -1.386294 -1.386294 -1.386294 -1.386294
 -2.251263 -2.251263 -0.747224 -1.152684
 -0.955522 -2.564880 -0.955522 -1.871783
 -1.252766 -1.945889 -1.252766 -1.252766
 -0.810940 -1.791748 -1.504075 -1.791748
 -0.980838 -1.386294 -1.673968 -1.673968
 -2.079417 -1.163156 -1.386294 -1.163156
 -1.163156 -1.386294 -2.772514 -0.980838
 -1.386294 -1.386294 -1.386294 -1.386294
 -2.251263 -2.251263 -0.747224 -1.152684
 -0.955522 -2.564880 -0.955522 -1.871783
