 -2.761790 0.000100 0.000100 0.000100
 -2.809494 0.000100 0.000100 0.000100
 -2.919863 0.000100 0.000100 0.000100
 -2.714203 0.000100 0.000100 0.000100
 -2.886496 0.000100 0.000100 0.000100
 -2.672351 0.000100 0.000100 0.000100
 -2.906428 0.000100 0.000100 0.000100
 -2.565828 0.000100 0.000100 0.000100
 -2.761790 0.000100 0.000100 0.000100
 -2.809494 0.000100 0.000100 0.000100
 -2.919863 0.000100 0.000100 0.000100
 -2.714203 0.000100 0.000100 0.000100
 -2.886496 0.000100 0.000100 0.000100
 -2.672351 0.000100 0.000100 0.000100
 -2.906428 0.000100 0.000100 0.000100
 -2.565828 0.000100 0.000100 0.000100
 -1.417506 -1.527545 -1.281051 -1.336098
 -1.391853 -1.430578 -1.210357 -1.541198
 -1.560670 -1.361389 -1.327965 -1.314219
 -1.724635 -1.582372 -1.102539 -1.257909
 -1.466115 -1.467076 -1.406452 -1.225640
 -1.454239 -1.582421 -1.066556 -1.528996
 -1.643020 -1.377512 -1.316623 -1.250504
 -1.824968 -1.435600 -1.277112 -1.133319
 -1.417506 -1.527545 -1.281051 -1.336098
 -1.391853 -1.430578 -1.210357 -1.541198
 -1.560670 -1.361389 -1.327965 -1.314219
 -1.724635 -1.582372 -1.102539 -1.257909
 -1.466115 -1.467076 -1.406452 -1.225640
 -1.454239 -1.582421 -1.066556 -1.528996
 -1.643020 -1.377512 -1.316623 -1.250504
 -1.824968 -1.435600 -1.277112 -1.133319
 -1.218063 -1.509648 -1.615630 -1.257217
 -1.213604 -1.554386 -1.632990 -1.216681
 -1.361326 -1.315098 -1.449286 -1.425063
 -1.520470 -1.521366 -1.461322 -1.105492
 -1.382056 -1.360909 -1.635025 -1.212129
 -1.218313 -1.573903 -1.595838 -1.223163
 -1.647469 -1.211308 -1.326960 -1.409058
 -1.681737 -1.330753 -1.545419 -1.089310
 -1.218063 -1.509648 -1.615630 -1.257217
 -1.213604 -1.554386 -1.632990 -1.216681
 -1.361326 -1.315098 -1.449286 -1.425063
 -1.520470 -1.521366 -1.461322 -1.105492
 -1.382056 -1.360909 -1.635025 -1.212129
 -1.218313 -1.573903 -1.595838 -1.223163
 -1.647469 -1.211308 -1.326960 -1.409058
 -1.681737 -1.330753 -1.545419 -1.089310
 -1.075186 -1.566248 -17.706106 -0.798644
 -1.244095 -1.067251 -17.804310 -1.000091
 -1.150744 -1.103575 -17.654102 -1.044364
 -1.366256 -1.162851 -17.792572 -0.838528
 -1.090548 -1.790950 -17.715462 -0.698831
 -1.119341 -1.426825 -17.640232 -0.836013
 -1.232680 -1.268720 -17.568304 -0.850273
 -1.470741 -1.329554 -17.970009 -0.681911
 -1.075186 -1.566248 -17.706106 -0.798644
 -1.244095 -1.067251 -17.804310 -1.000091
 -1.150744 -1.103575 -17.654102 -1.044364
 -1.366256 -1.162851 -17.792572 -0.838528
 -1.090548 -1.790950 -17.715462 -0.698831
 -1.119341 -1.426825 -17.640232 -0.836013
 -1.232680 -1.268720 -17.568304 -0.850273
 -1.470741 -1.329554 -17.970009 -0.681911
 -17.916996 -17.916996 0.000000 -17.916996
 -17.641104 -17.641104 0.000000 -17.641104
 -1.386294 -1.386294 -1.386294 -1.386294
 -18.211809 -18.211809 0.000000 -18.211809
 -17.889143 -17.889143 0.000000 -17.889143
 -17.960390 -17.960390 0.000000 -17.960390
 -1.386294 -1.386294 -1.386294 -1.386294
 -18.369493 -18.369493 0.000000 -18.369493
 -17.916996 -17.916996 0.000000 -17.916996
 -17.641104 -17.641104 0.000000 -17.641104
 -1.386294 -1.386294 -1.386294 -1.386294
 -18.211809 -18.211809 0.000000 -18.211809
 -17.889143 -17.889143 0.000000 -17.889143
 -17.960390 -17.960390 0.000000 -17.960390
 -1.386294 -1.386294 -1.386294 -1.386294
 -18.369493 -18.369493 0.000000 -18.369493
 -1.386294 -1.386294 -1.386294 -1.386294
 -1.386294 -1.386294 -1.386294 -1.386294
 -18.596313 -18.596313 -18.596313 0.000000
 -1.386294 -1.386294 -1.386294 -1.386294
 -1.386294 -1.386294 -1.386294 -1.386294
 -1.386294 -1.386294 -1.386294 -1.386294
 -19.468456 -19.468456 -19.468456 0.000000
 -1.386294 -1.386294 -1.386294 -1.386294
 -1.386294 -1.386294 -1.386294 -1.386294
 -1.386294 -1.386294 -1.386294 -1.386294
 -18.596313 -18.596313 -18.596313 0.000000
 -1.386294 -1.386294 -1.386294 -1.386294
 -1.386294 -1.386294 -1.386294 -1.386294
 -1.386294 -1.386294 -1.386294 -1.386294
 -19.468456 -19.468456 -19.468456 0.000000
 -1.386294 -1.386294 -1.386294 -1.386294
 -1.386294 -1.386294 -1.386294 -1.386294
 -1.386294 -1.386294 -1.386294 -1.386294
 -1.386294 -1.386294 -1.386294 -1.386294
 -1.692372 -1.391974 -1.346368 -1.180419
 -1.386294 -1.386294 -1.386294 -1.386294
 -1.386294 -1.386294 -1.386294 -1.386294
 -1.386294 -1.386294 -1.386294 -1.386294
 -1.386294 -1.386294 -1.386294 -1.386294
 -1.386294 -1.386294 -1.386294 -1.386294
 -1.386294 -1.386294 -1.386294 -1.386294
 -1.386294 -1.386294 -1.386294 -1.386294
 -1.692372 -1.391974 -1.346368 -1.180419
 -1.386294 -1.386294 -1.386294 -1.386294
 -1.386294 -1.386294 -1.386294 -1.386294
 -1.386294 -1.386294 -1.386294 -1.386294
 -1.386294 -1.386294 -1.386294 -1.386294
 -1.386294 -1.386294 -1.386294 -1.386294
 -1.386294 -1.386294 -1.386294 -1.386294
 -1.386294 -1.386294 -1.386294 -1.386294
 -1.386294 -1.386294 -1.386294 -1.386294
 -1.560667 -1.211119 -1.554925 -1.269632
 -1.452831 -1.491423 -1.095136 -1.577229
 -1.513437 -1.292368 -1.305258 -1.451898
 -1.846283 -1.267608 -1.375323 -1.177931
 -1.386294 -1.386294 -1.386294 -1.386294
 -1.386294 -1.386294 -1.386294 -1.386294
 -1.386294 -1.386294 -1.386294 -1.386294
 -1.386294 -1.386294 -1.386294 -1.386294
 -1.560667 -1.211119 -1.554925 -1.269632
 -1.452831 -1.491423 -1.095136 -1.577229
 -1.513437 -1.292368 -1.305258 -1.451898
 -1.846283 -1.267608 -1.375323 -1.177931
 -1.169928 -1.698068 -1.713682 -1.119715
 -1.185090 -1.561823 -1.776599 -1.154182
 -1.316458 -1.392644 -1.617153 -1.255139
 -1.554747 -1.644976 -1.310619 -1.120591
 -1.270550 -1.576581 -1.662063 -1.130428
 -1.259559 -1.538710 -1.555846 -1.235972
 -1.416432 -1.357936 -1.507313 -1.277525
 -1.673299 -1.480791 -1.327067 -1.140494
 -1.169928 -1.698068 -1.713682 -1.119715
 -1.185090 -1.561823 -1.776599 -1.154182
 -1.316458 -1.392644 -1.617153 -1.255139
 -1.554747 -1.644976 -1.310619 -1.120591
 -1.270550 -1.576581 -1.662063 -1.130428
 -1.259559 -1.538710 -1.555846 -1.235972
 -1.416432 -1.357936 -1.507313 -1.277525
 -1.673299 -1.480791 -1.327067 -1.140494
 -1.385715 -1.533579 -1.336741 -1.304188
 -1.294567 -1.281300 -1.774975 -1.277190
 -1.422131 -1.176962 -1.591349 -1.398626
 -1.731001 -1.341092 -1.274637 -1.266555
 -1.393157 -1.546670 -1.491148 -1.159510
 -1.215374 -1.482665 -1.760025 -1.189647
 -1.393711 -1.331191 -1.503770 -1.326539
 -1.703772 -1.340759 -1.394443 -1.176403
 -1.385715 -1.533579 -1.336741 -1.304188
 -1.294567 -1.281300 -1.774975 -1.277190
 -1.422131 -1.176962 -1.591349 -1.398626
 -1.731001 -1.341092 -1.274637 -1.266555
 -1.393157 -1.546670 -1.491148 -1.159510
 -1.215374 -1.482665 -1.760025 -1.189647
 -1.393711 -1.331191 -1.503770 -1.326539
 -1.703772 -1.340759 -1.394443 -1.176403
 -1.365399 -1.553195 -1.328057 -1.316176
 -1.346110 -1.437509 -1.346927 -1.418023
 -1.369427 -1.347370 -1.368535 -1.463845
 -1.650095 -1.589065 -1.149349 -1.248242
 -1.398748 -1.519616 -1.460063 -1.197074
 -1.379387 -1.639435 -1.231466 -1.338217
 -1.568784 -1.278339 -1.313564 -1.409186
 -1.727760 -1.494070 -1.240940 -1.175229
 -1.365399 -1.553195 -1.328057 -1.316176
 -1.346110 -1.437509 -1.346927 -1.418023
 -1.369427 -1.347370 -1.368535 -1.463845
 -1.650095 -1.589065 -1.149349 -1.248242
 -1.398748 -1.519616 -1.460063 -1.197074
 -1.379387 -1.639435 -1.231466 -1.338217
 -1.568784 -1.278339 -1.313564 -1.409186
 -1.727760 -1.494070 -1.240940 -1.175229
 -1.209394 -1.710094 -1.515360 -1.200498
 -1.256975 -1.494609 -1.639760 -1.213606
 -1.294748 -1.361228 -1.525385 -1.377730
 -1.592427 -1.582436 -1.347828 -1.104759
 -1.294928 -1.659232 -1.510008 -1.155535
 -1.255014 -1.647417 -1.563190 -1.161824
 -1.460756 -1.365135 -1.412778 -1.312571
 -1.696329 -1.533945 -1.391613 -1.043307
 -1.209394 -1.710094 -1.515360 -1.200498
 -1.256975 -1.494609 -1.639760 -1.213606
 -1.294748 -1.361228 -1.525385 -1.377730
 -1.592427 -1.582436 -1.347828 -1.104759
 -1.294928 -1.659232 -1.510008 -1.155535
 -1.255014 -1.647417 -1.563190 -1.161824
 -1.460756 -1.365135 -1.412778 -1.312571
 -1.696329 -1.533945 -1.391613 -1.043307
 -1.365626 -1.531430 -1.350534 -1.311368
 -1.334254 -1.297380 -1.696429 -1.272746
 -1.393480 -1.171736 -1.608137 -1.420054
 -1.686643 -1.433867 -1.243669 -1.244273
 -1.356030 -1.535724 -1.493328 -1.196023
 -1.257514 -1.465153 -1.689579 -1.203973
 -1.440241 -1.289747 -1.465185 -1.359637
 -1.814767 -1.330918 -1.381270 -1.134353
 -1.365626 -1.531430 -1.350534 -1.311368
 -1.334254 -1.297380 -1.696429 -1.272746
 -1.393480 -1.171736 -1.608137 -1.420054
 -1.686643 -1.433867 -1.243669 -1.244273
 -1.356030 -1.535724 -1.493328 -1.196023
 -1.257514 -1.465153 -1.689579 -1.203973
 -1.440241 -1.289747 -1.465185 -1.359637
 -1.814767 -1.330918 -1.381270 -1.134353
 -1.344390 -1.602639 -1.292621 -1.334133
 -1.339923 -1.434921 -1.375712 -1.396990
 -1.356653 -1.285164 -1.416842 -1.498815
 -1.608860 -1.594512 -1.155737 -1.265666
 -1.389169 -1.523586 -1.415191 -1.238187
 -1.347030 -1.592474 -1.258514 -1.376379
 -1.502654 -1.287956 -1.410174 -1.356633
 -1.742992 -1.474301 -1.276280 -1.148879
 -1.344390 -1.602639 -1.292621 -1.334133
 -1.339923 -1.434921 -1.375712 -1.396990
 -1.356653 -1.285164 -1.416842 -1.498815
 -1.608860 -1.594512 -1.155737 -1.265666
 -1.389169 -1.523586 -1.415191 -1.238187
 -1.347030 -1.592474 -1.258514 -1.376379
 -1.502654 -1.287956 -1.410174 -1.356633
 -1.742992 -1.474301 -1.276280 -1.148879
 -1.184231 -1.827144 -1.458593 -1.202031
 -1.200827 -1.566201 -1.638206 -1.217770
 -1.245462 -1.399981 -1.478805 -1.436828
 -1.542234 -1.651137 -1.334836 -1.105443
 -1.285022 -1.672590 -1.609230 -1.091973
 -1.260065 -1.627955 -1.545519 -1.181453
 -1.449856 -1.328376 -1.391194 -1.379475
 -1.685967 -1.530022 -1.401206 -1.044396
 -1.184231 -1.827144 -1.458593 -1.202031
 -1.200827 -1.566201 -1.638206 -1.217770
 -1.245462 -1.399981 -1.478805 -1.436828
 -1.542234 -1.651137 -1.334836 -1.105443
 -1.285022 -1.672590 -1.609230 -1.091973
 -1.260065 -1.627955 -1.545519 -1.181453
 -1.449856 -1.328376 -1.391194 -1.379475
 -1.685967 -1.530022 -1.401206 -1.044396
 -2.761790 0.000100 0.000100 0.000100
 -2.809494 0.000100 0.000100 0.000100
 -2.919863 0.000100 0.000100 0.000100
 -2.714203 0.000100 0.000100 0.000100
 -2.886496 0.000100 0.000100 0.000100
 -2.672351 0.000100 0.000100 0.000100
 -2.906428 0.000100 0.000100 0.000100
 -2.565828 0.000100 0.000100 0.000100
 -2.761790 0.000100 0.000100 0.000100
 -2.809494 0.000100 0.000100 0.000100
 -2.919863 0.000100 0.000100 0.000100
 -2.714203 0.000100 0.000100 0.000100
 -2.886496 0.000100 0.000100 0.000100
 -2.672351 0.000100 0.000100 0.000100
 -2.906428 0.000100 0.000100 0.000100
 -2.565828 0.000100 0.000100 0.000100
 -1.417506 -1.527545 -1.281051 -1.336098
 -1.391853 -1.430578 -1.210357 -1.541198
 -1.560670 -1.361389 -1.327965 -1.314219
 -1.724635 -1.582372 -1.102539 -1.257909
 -1.466115 -1.467076 -1.406452 -1.225640
 -1.454239 -1.582421 -1.066556 -1.528996
 -1.643020 -1.377512 -1.316623 -1.250504
 -1.824968 -1.435600 -1.277112 -1.133319
 -1.417506 -1.527545 -1.281051 -1.336098
 -1.391853 -1.430578 -1.210357 -1.541198
 -1.560670 -1.361389 -1.327965 -1.314219
 -1.724635 -1.582372 -1.102539 -1.257909
 -1.466115 -1.467076 -1.406452 -1.225640
 -1.454239 -1.582421 -1.066556 -1.528996
 -1.643020 -1.377512 -1.316623 -1.250504
 -1.824968 -1.435600 -1.277112 -1.133319
 -1.218063 -1.509648 -1.615630 -1.257217
 -1.213604 -1.554386 -1.632990 -1.216681
 -1.361326 -1.315098 -1.449286 -1.425063
 -1.520470 -1.521366 -1.461322 -1.105492
 -1.382056 -1.360909 -1.635025 -1.212129
 -1.218313 -1.573903 -1.595838 -1.223163
 -1.647469 -1.211308 -1.326960 -1.409058
 -1.681737 -1.330753 -1.545419 -1.089310
 -1.218063 -1.509648 -1.615630 -1.257217
 -1.213604 -1.554386 -1.632990 -1.216681
 -1.361326 -1.315098 -1.449286 -1.425063
 -1.520470 -1.521366 -1.461322 -1.105492
 -1.382056 -1.360909 -1.635025 -1.212129
 -1.218313 -1.573903 -1.595838 -1.223163
 -1.647469 -1.211308 -1.326960 -1.409058
 -1.681737 -1.330753 -1.545419 -1.089310
 -1.075186 -1.566248 -17.706106 -0.798644
 -1.244095 -1.067251 -17.804310 -1.000091
 -1.150744 -1.103575 -17.654102 -1.044364
 -1.366256 -1.162851 -17.792572 -0.838528
 -1.090548 -1.790950 -17.715462 -0.698831
 -1.119341 -1.426825 -17.640232 -0.836013
 -1.232680 -1.268720 -17.568304 -0.850273
 -1.470741 -1.329554 -17.970009 -0.681911
 -1.075186 -1.566248 -17.706106 -0.798644
 -1.244095 -1.067251 -17.804310 -1.000091
 -1.150744 -1.103575 -17.654102 -1.044364
 -1.366256 -1.162851 -17.792572 -0.838528
 -1.090548 -1.790950 -17.715462 -0.698831
 -1.119341 -1.426825 -17.640232 -0.836013
 -1.232680 -1.268720 -17.568304 -0.850273
 -1.470741 -1.329554 -17.970009 -0.681911
 -17.916996 -17.916996 0.000000 -17.916996
 -17.641104 -17.641104 0.000000 -17.641104
 -1.386294 -1.386294 -1.386294 -1.386294
 -18.211809 -18.211809 0.000000 -18.211809
 -17.889143 -17.889143 0.000000 -17.889143
 -17.960390 -17.960390 0.000000 -17.960390
 -1.386294 -1.386294 -1.386294 -1.386294
 -18.369493 -18.369493 0.000000 -18.369493
 -17.916996 -17.916996 0.000000 -17.916996
 -17.641104 -17.641104 0.000000 -17.641104
 -1.386294 -1.386294 -1.386294 -1.386294
 -18.211809 -18.211809 0.000000 -18.211809
 -17.889143 -17.889143 0.000000 -17.889143
 -17.960390 -17.960390 0.000000 -17.960390
 -1.386294 -1.386294 -1.386294 -1.386294
 -18.369493 -18.369493 0.000000 -18.369493
 -1.386294 -1.386294 -1.386294 -1.386294
 -1.386294 -1.386294 -1.386294 -1.386294
 -18.596313 -18.596313 -18.596313 0.000000
 -1.386294 -1.386294 -1.386294 -1.386294
 -1.386294 -1.386294 -1.386294 -1.386294
 -1.386294 -1.386294 -1.386294 -1.386294
 -19.468456 -19.468456 -19.468456 0.000000
 -1.386294 -1.386294 -1.386294 -1.386294
 -1.386294 -1.386294 -1.386294 -1.386294
 -1.386294 -1.386294 -1.386294 -1.386294
 -18.596313 -18.596313 -18.596313 0.000000
 -1.386294 -1.386294 -1.386294 -1.386294
 -1.386294 -1.386294 -1.386294 -1.386294
 -1.386294 -1.386294 -1.386294 -1.386294
 -19.468456 -19.468456 -19.468456 0.000000
 -1.386294 -1.386294 -1.386294 -1.386294
 -1.386294 -1.386294 -1.386294 -1.386294
 -1.386294 -1.386294 -1.386294 -1.386294
 -1.386294 -1.386294 -1.386294 -1.386294
 -1.692372 -1.391974 -1.346368 -1.180419
 -1.386294 -1.386294 -1.386294 -1.386294
 -1.386294 -1.386294 -1.386294 -1.386294
 -1.386294 -1.386294 -1.386294 -1.386294
 -1.386294 -1.386294 -1.386294 -1.386294
 -1.386294 -1.386294 -1.386294 -1.386294
 -1.386294 -1.386294 -1.386294 -1.386294
 -1.386294 -1.386294 -1.386294 -1.386294
 -1.692372 -1.391974 -1.346368 -1.180419
 -1.386294 -1.386294 -1.386294 -1.386294
 -1.386294 -1.386294 -1.386294 -1.386294
 -1.386294 -1.386294 -1.386294 -1.386294
 -1.386294 -1.386294 -1.386294 -1.386294
 -1.386294 -1.386294 -1.386294 -1.386294
 -1.386294 -1.386294 -1.386294 -1.386294
 -1.386294 -1.386294 -1.386294 -1.386294
 -1.386294 -1.386294 -1.386294 -1.386294
 -1.560667 -1.211119 -1.554925 -1.269632
 -1.452831 -1.491423 -1.095136 -1.577229
 -1.513437 -1.292368 -1.305258 -1.451898
 -1.846283 -1.267608 -1.375323 -1.177931
 -1.386294 -1.386294 -1.386294 -1.386294
 -1.386294 -1.386294 -1.386294 -1.386294
 -1.386294 -1.386294 -1.386294 -1.386294
 -1.386294 -1.386294 -1.386294 -1.386294
 -1.560667 -1.211119 -1.554925 -1.269632
 -1.452831 -1.491423 -1.095136 -1.577229
 -1.513437 -1.292368 -1.305258 -1.451898
 -1.846283 -1.267608 -1.375323 -1.177931
 -1.169928 -1.698068 -1.713682 -1.119715
 -1.185090 -1.561823 -1.776599 -1.154182
 -1.316458 -1.392644 -1.617153 -1.255139
 -1.554747 -1.644976 -1.310619 -1.120591
 -1.270550 -1.576581 -1.662063 -1.130428
 -1.259559 -1.538710 -1.555846 -1.235972
 -1.416432 -1.357936 -1.507313 -1.277525
 -1.673299 -1.480791 -1.327067 -1.140494
 -1.169928 -1.698068 -1.713682 -1.119715
 -1.185090 -1.561823 -1.776599 -1.154182
 -1.316458 -1.392644 -1.617153 -1.255139
 -1.554747 -1.644976 -1.310619 -1.120591
 -1.270550 -1.576581 -1.662063 -1.130428
 -1.259559 -1.538710 -1.555846 -1.235972
 -1.416432 -1.357936 -1.507313 -1.277525
 -1.673299 -1.480791 -1.327067 -1.140494
 -1.385715 -1.533579 -1.336741 -1.304188
 -1.294567 -1.281300 -1.774975 -1.277190
 -1.422131 -1.176962 -1.591349 -1.398626
 -1.731001 -1.341092 -1.274637 -1.266555
 -1.393157 -1.546670 -1.491148 -1.159510
 -1.215374 -1.482665 -1.760025 -1.189647
 -1.393711 -1.331191 -1.503770 -1.326539
 -1.703772 -1.340759 -1.394443 -1.176403
 -1.385715 -1.533579 -1.336741 -1.304188
 -1.294567 -1.281300 -1.774975 -1.277190
 -1.422131 -1.176962 -1.591349 -1.398626
 -1.731001 -1.341092 -1.274637 -1.266555
 -1.393157 -1.546670 -1.491148 -1.159510
 -1.215374 -1.482665 -1.760025 -1.189647
 -1.393711 -1.331191 -1.503770 -1.326539
 -1.703772 -1.340759 -1.394443 -1.176403
 -1.365399 -1.553195 -1.328057 -1.316176
 -1.346110 -1.437509 -1.346927 -1.418023
 -1.369427 -1.347370 -1.368535 -1.463845
 -1.650095 -1.589065 -1.149349 -1.248242
 -1.398748 -1.519616 -1.460063 -1.197074
 -1.379387 -1.639435 -1.231466 -1.338217
 -1.568784 -1.278339 -1.313564 -1.409186
 -1.727760 -1.494070 -1.240940 -1.175229
 -1.365399 -1.553195 -1.328057 -1.316176
 -1.346110 -1.437509 -1.346927 -1.418023
 -1.369427 -1.347370 -1.368535 -1.463845
 -1.650095 -1.589065 -1.149349 -1.248242
 -1.398748 -1.519616 -1.460063 -1.197074
 -1.379387 -1.639435 -1.231466 -1.338217
 -1.568784 -1.278339 -1.313564 -1.409186
 -1.727760 -1.494070 -1.240940 -1.175229
 -1.209394 -1.710094 -1.515360 -1.200498
 -1.256975 -1.494609 -1.639760 -1.213606
 -1.294748 -1.361228 -1.525385 -1.377730
 -1.592427 -1.582436 -1.347828 -1.104759
 -1.294928 -1.659232 -1.510008 -1.155535
 -1.255014 -1.647417 -1.563190 -1.161824
 -1.460756 -1.365135 -1.412778 -1.312571
 -1.696329 -1.533945 -1.391613 -1.043307
 -1.209394 -1.710094 -1.515360 -1.200498
 -1.256975 -1.494609 -1.639760 -1.213606
 -1.294748 -1.361228 -1.525385 -1.377730
 -1.592427 -1.582436 -1.347828 -1.104759
 -1.294928 -1.659232 -1.510008 -1.155535
 -1.255014 -1.647417 -1.563190 -1.161824
 -1.460756 -1.365135 -1.412778 -1.312571
 -1.696329 -1.533945 -1.391613 -1.043307
 -1.365626 -1.531430 -1.350534 -1.311368
 -1.334254 -1.297380 -1.696429 -1.272746
 -1.393480 -1.171736 -1.608137 -1.420054
 -1.686643 -1.433867 -1.243669 -1.244273
 -1.356030 -1.535724 -1.493328 -1.196023
 -1.257514 -1.465153 -1.689579 -1.203973
 -1.440241 -1.289747 -1.465185 -1.359637
 -1.814767 -1.330918 -1.381270 -1.134353
 -1.365626 -1.531430 -1.350534 -1.311368
 -1.334254 -1.297380 -1.696429 -1.272746
 -1.393480 -1.171736 -1.608137 -1.420054
 -1.686643 -1.433867 -1.243669 -1.244273
 -1.356030 -1.535724 -1.493328 -1.196023
 -1.257514 -1.465153 -1.689579 -1.203973
 -1.440241 -1.289747 -1.465185 -1.359637
 -1.814767 -1.330918 -1.381270 -1.134353
 -1.344390 -1.602639 -1.292621 -1.334133
 -1.339923 -1.434921 -1.375712 -1.396990
 -1.356653 -1.285164 -1.416842 -1.498815
 -1.608860 -1.594512 -1.155737 -1.265666
 -1.389169 -1.523586 -1.415191 -1.238187
 -1.347030 -1.592474 -1.258514 -1.376379
 -1.502654 -1.287956 -1.410174 -1.356633
 -1.742992 -1.474301 -1.276280 -1.148879
 -1.344390 -1.602639 -1.292621 -1.334133
 -1.339923 -1.434921 -1.375712 -1.396990
 -1.356653 -1.285164 -1.416842 -1.498815
 -1.608860 -1.594512 -1.155737 -1.265666
 -1.389169 -1.523586 -1.415191 -1.238187
 -1.347030 -1.592474 -1.258514 -1.376379
 -1.502654 -1.287956 -1.410174 -1.356633
 -1.742992 -1.474301 -1.276280 -1.148879
 -1.184231 -1.827144 -1.458593 -1.202031
 -1.200827 -1.566201 -1.638206 -1.217770
 -1.245462 -1.399981 -1.478805 -1.436828
 -1.542234 -1.651137 -1.334836 -1.105443
 -1.285022 -1.672590 -1.609230 -1.091973
 -1.260065 -1.627955 -1.545519 -1.181453
 -1.449856 -1.328376 -1.391194 -1.379475
 -1.685967 -1.530022 -1.401206 -1.044396
 -1.184231 -1.827144 -1.458593 -1.202031
 -1.200827 -1.566201 -1.638206 -1.217770
 -1.245462 -1.399981 -1.478805 -1.436828
 -1.542234 -1.651137 -1.334836 -1.105443
 -1.285022 -1.672590 -1.609230 -1.091973
 -1.260065 -1.627955 -1.545519 -1.181453
 -1.449856 -1.328376 -1.391194 -1.379475
 -1.685967 -1.530022 -1.401206 -1.044396
