 -2.865112 0.000100 0.000100 0.000100
 -2.598050 0.000100 0.000100 0.000100
 -2.257124 0.000100 0.000100 0.000100
 -3.093370 0.000100 0.000100 0.000100
 -3.291195 0.000100 0.000100 0.000100
 -2.928291 0.000100 0.000100 0.000100
 -2.452868 0.000100 0.000100 0.000100
 -3.173413 0.000100 0.000100 0.000100
 -2.865112 0.000100 0.000100 0.000100
 -2.598050 0.000100 0.000100 0.000100
 -2.257124 0.000100 0.000100 0.000100
 -3.093370 0.000100 0.000100 0.000100
 -3.291195 0.000100 0.000100 0.000100
 -2.928291 0.000100 0.000100 0.000100
 -2.452868 0.000100 0.000100 0.000100
 -3.173413 0.000100 0.000100 0.000100
 -1.945904 -1.406913 -0.756330 -1.945904
 -0.940009 -2.212965 -0.900789 -2.367113
 -1.455287 -1.280934 -0.944463 -2.302578
 -2.054114 -0.955515 -1.098615 -1.871796
 -1.268513 -2.367103 -0.980833 -1.386294
 -0.737603 -1.749196 -1.263693 -2.730004
 -1.531476 -1.168572 -1.045970 -2.106835
 -1.791754 -1.018573 -1.386294 -1.504076
 -1.945904 -1.406913 -0.756330 -1.945904
 -0.940009 -2.212965 -0.900789 -2.367113
 -1.455287 -1.280934 -0.944463 -2.302578
 -2.054114 -0.955515 -1.098615 -1.871796
 -1.268513 -2.367103 -0.980833 -1.386294
 -0.737603 -1.749196 -1.263693 -2.730004
 -1.531476 -1.168572 -1.045970 -2.106835
 -1.791754 -1.018573 -1.386294 -1.504076
 -0.000006 -13.180640 -13.180640 -13.180640
 -0.000005 -13.353481 -13.353481 -13.353481
 -0.000003 -13.774693 -13.774693 -13.774693
 -0.000009 -12.706860 -12.706860 -12.706860
 -0.000005 -13.270790 -13.270790 -13.270790
 -0.000007 -12.971550 -12.971550 -12.971550
 -0.000005 -13.321220 -13.321220 -13.321220
 -0.000013 -12.345852 -12.345852 -12.345852
 -0.000006 -13.180640 -13.180640 -13.180640
 -0.000005 -13.353481 -13.353481 -13.353481
 -0.000003 -13.774693 -13.774693 -13.774693
 -0.000009 -12.706860 -12.706860 -12.706860
 -0.000005 -13.270790 -13.270790 -13.270790
 -0.000007 -12.971550 -12.971550 -12.971550
 -0.000005 -13.321220 -13.321220 -13.321220
 -0.000013 -12.345852 -12.345852 -12.345852
 -14.801329 -14.801329 -0.000001 -14.801329
 -1.386294 -1.386294 -1.386294 -1.386294
 -1.386294 -1.386294 -1.386294 -1.386294
 -1.386294 -1.386294 -1.386294 -1.386294
 -14.297939 -14.297939 -0.000002 -14.297939
 -1.386294 -1.386294 -1.386294 -1.386294
 -1.386294 -1.386294 -1.386294 -1.386294
 -1.386294 -1.386294 -1.386294 -1.386294
 -14.801329 -14.801329 -0.000001 -14.801329
 -1.386294 -1.386294 -1.386294 -1.386294
 -1.386294 -1.386294 -1.386294 -1.386294
 -1.386294 -1.386294 -1.386294 -1.386294
 -14.297939 -14.297939 -0.000002 -14.297939
 -1.386294 -1.386294 -1.386294 -1.386294
 -1.386294 -1.386294 -1.386294 -1.386294
 -1.386294 -1.386294 -1.386294 -1.386294
 -1.386294 -1.386294 -1.386294 -1.386294
 -1.386294 -1.386294 -1.386294 -1.386294
 -15.274126 -15.274126 -0.000001 -15.274126
 -1.386294 -1.386294 -1.386294 -1.386294
 -1.386294 -1.386294 -1.386294 -1.386294
 -1.386294 -1.386294 -1.386294 -1.386294
 -1.386294 -1.386294 -1.386294 -1.386294
 -1.386294 -1.386294 -1.386294 -1.386294
 -1.386294 -1.386294 -1.386294 -1.386294
 -1.386294 -1.386294 -1.386294 -1.386294
 -15.274126 -15.274126 -0.000001 -15.274126
 -1.386294 -1.386294 -1.386294 -1.386294
 -1.386294 -1.386294 -1.386294 -1.386294
 -1.386294 -1.386294 -1.386294 -1.386294
 -1.386294 -1.386294 -1.386294 -1.386294
 -1.386294 -1.386294 -1.386294 -1.386294
 -1.386294 -1.386294 -1.386294 -1.386294
 -1.386294 -1.386294 -1.386294 -1.386294
 -15.274126 -15.274126 -15.274126 -0.000001
 -1.386294 -1.386294 -1.386294 -1.386294
 -1.386294 -1.386294 -1.386294 -1.386294
 -1.386294 -1.386294 -1.386294 -1.386294
 -1.386294 -1.386294 -1.386294 -1.386294
 -1.386294 -1.386294 -1.386294 -1.386294
 -1.386294 -1.386294 -1.386294 -1.386294
 -1.386294 -1.386294 -1.386294 -1.386294
 -15.274126 -15.274126 -15.274126 -0.000001
 -1.386294 -1.386294 -1.386294 -1.386294
 -1.386294 -1.386294 -1.386294 -1.386294
 -1.386294 -1.386294 -1.386294 -1.386294
 -1.386294 -1.386294 -1.386294 -1.386294
 -1.386294 -1.386294 -1.386294 -1.386294
 -1.386294 -1.386294 -1.386294 -1.386294
 -1.386294 -1.386294 -1.386294 -1.386294
 -1.386294 -1.386294 -1.386294 -1.386294
 -15.274126 -1.143805 -0.957840 -1.211755
 -1.386294 -1.386294 -1.386294 -1.386294
 -1.386294 -1.386294 -1.386294 -1.386294
 -1.386294 -1.386294 -1.386294 -1.386294
 -1.386294 -1.386294 -1.386294 -1.386294
 -1.386294 -1.386294 -1.386294 -1.386294
 -1.386294 -1.386294 -1.386294 -1.386294
 -1.386294 -1.386294 -1.386294 -1.386294
 -15.274126 -1.143805 -0.957840 -1.211755
 -1.386294 -1.386294 -1.386294 -1.386294
 -1.386294 -1.386294 -1.386294 -1.386294
 -1.386294 -1.386294 -1.386294 -1.386294
 -1.386294 -1.386294 -1.386294 -1.386294
 -1.386294 -1.386294 -1.386294 -1.386294
 -1.386294 -1.386294 -1.386294 -1.386294
 -1.386294 -1.386294 -1.386294 -1.386294
 -1.386294 -1.386294 -1.386294 -1.386294
 -1.386294 -1.386294 -1.386294 -1.386294
 -1.364633 -1.875457 -0.968738 -1.552685
 -1.255798 -1.344745 -1.495027 -1.468359
 -1.716535 -1.484734 -1.214445 -1.214445
 -1.386294 -1.386294 -1.386294 -1.386294
 -1.386294 -1.386294 -1.386294 -1.386294
 -1.386294 -1.386294 -1.386294 -1.386294
 -1.386294 -1.386294 -1.386294 -1.386294
 -1.386294 -1.386294 -1.386294 -1.386294
 -1.364633 -1.875457 -0.968738 -1.552685
 -1.255798 -1.344745 -1.495027 -1.468359
 -1.716535 -1.484734 -1.214445 -1.214445
 -13.060496 -13.060496 -0.000006 -13.060496
 -12.971550 -12.971550 -0.000007 -12.971550
 -12.821269 -12.821269 -0.000008 -12.821269
 -12.847937 -12.847937 -0.000008 -12.847937
 -13.270790 -13.270790 -0.000005 -13.270790
 -13.122372 -13.122372 -0.000006 -13.122372
 -13.710155 -13.710155 -0.000003 -13.710155
 -13.415039 -13.415039 -0.000004 -13.415039
 -13.060496 -13.060496 -0.000006 -13.060496
 -12.971550 -12.971550 -0.000007 -12.971550
 -12.821269 -12.821269 -0.000008 -12.821269
 -12.847937 -12.847937 -0.000008 -12.847937
 -13.270790 -13.270790 -0.000005 -13.270790
 -13.122372 -13.122372 -0.000006 -13.122372
 -13.710155 -13.710155 -0.000003 -13.710155
 -13.415039 -13.415039 -0.000004 -13.415039
 -1.386294 -1.386294 -1.386294 -1.386294
 -1.386294 -1.386294 -1.386294 -1.386294
 -1.421386 -0.992391 -0.946928 -14.657080
 -1.386294 -1.386294 -1.386294 -1.386294
 -1.386294 -1.386294 -1.386294 -1.386294
 -1.386294 -1.386294 -1.386294 -1.386294
 -1.356441 -0.970780 -1.011602 -14.498610
 -1.386294 -1.386294 -1.386294 -1.386294
 -1.386294 -1.386294 -1.386294 -1.386294
 -1.386294 -1.386294 -1.386294 -1.386294
 -1.421386 -0.992391 -0.946928 -14.657080
 -1.386294 -1.386294 -1.386294 -1.386294
 -1.386294 -1.386294 -1.386294 -1.386294
 -1.386294 -1.386294 -1.386294 -1.386294
 -1.356441 -0.970780 -1.011602 -14.498610
 -1.386294 -1.386294 -1.386294 -1.386294
 -1.340624 -1.782455 -1.271632 -1.238842
 -1.470486 -1.210204 -1.320204 -1.584896
 -1.450010 -1.424035 -1.237449 -1.450010
 -1.386294 -1.386294 -1.386294 -1.386294
 -1.386294 -1.386294 -1.386294 -1.386294
 -1.386294 -1.386294 -1.386294 -1.386294
 -1.386294 -1.386294 -1.386294 -1.386294
 -1.386294 -1.386294 -1.386294 -1.386294
 -1.340624 -1.782455 -1.271632 -1.238842
 -1.470486 -1.210204 -1.320204 -1.584896
 -1.450010 -1.424035 -1.237449 -1.450010
 -1.386294 -1.386294 -1.386294 -1.386294
 -1.386294 -1.386294 -1.386294 -1.386294
 -1.386294 -1.386294 -1.386294 -1.386294
 -1.386294 -1.386294 -1.386294 -1.386294
 -1.386294 -1.386294 -1.386294 -1.386294
 -1.054162 -2.397885 -1.098614 -1.481604
 -1.558143 -1.403994 -1.270463 -1.335001
 -1.124931 -1.704746 -1.208312 -1.635754
 -1.749197 -1.461517 -1.343735 -1.098614
 -1.126014 -1.308334 -1.665004 -1.531475
 -1.037990 -1.925285 -1.098614 -1.791755
 -1.681755 -1.122145 -1.122145 -1.815285
 -1.704744 -1.299284 -1.299284 -1.299284
 -1.054162 -2.397885 -1.098614 -1.481604
 -1.558143 -1.403994 -1.270463 -1.335001
 -1.124931 -1.704746 -1.208312 -1.635754
 -1.749197 -1.461517 -1.343735 -1.098614
 -1.126014 -1.308334 -1.665004 -1.531475
 -1.037990 -1.925285 -1.098614 -1.791755
 -1.681755 -1.122145 -1.122145 -1.815285
 -1.704744 -1.299284 -1.299284 -1.299284
 -1.654557 -1.654557 -1.041456 -1.329136
 -1.992422 -1.219242 -1.011604 -1.586963
 -1.299284 -0.970781 -1.550596 -1.992425
 -1.860747 -0.916294 -1.241714 -1.860747
 -1.547561 -1.365241 -1.547561 -1.142099
 -1.343735 -1.882726 -1.189586 -1.263693
 -1.998090 -0.781704 -1.133100 -2.468086
 -2.397882 -0.916293 -1.368276 -1.368276
 -1.654557 -1.654557 -1.041456 -1.329136
 -1.992422 -1.219242 -1.011604 -1.586963
 -1.299284 -0.970781 -1.550596 -1.992425
 -1.860747 -0.916294 -1.241714 -1.860747
 -1.547561 -1.365241 -1.547561 -1.142099
 -1.343735 -1.882726 -1.189586 -1.263693
 -1.998090 -0.781704 -1.133100 -2.468086
 -2.397882 -0.916293 -1.368276 -1.368276
 -1.252764 -1.493924 -1.252764 -1.589233
 -1.571216 -1.399366 -1.299283 -1.299283
 -1.496642 -1.496642 -1.026641 -1.639742
 -2.058380 -2.240698 -1.016937 -0.905712
 -1.203975 -1.321757 -1.455286 -1.609435
 -1.897115 -1.261132 -1.049824 -1.529394
 -2.097134 -1.047321 -1.047321 -1.740463
 -1.815285 -1.969433 -1.122145 -0.988614
 -1.252764 -1.493924 -1.252764 -1.589233
 -1.571216 -1.399366 -1.299283 -1.299283
 -1.496642 -1.496642 -1.026641 -1.639742
 -2.058380 -2.240698 -1.016937 -0.905712
 -1.203975 -1.321757 -1.455286 -1.609435
 -1.897115 -1.261132 -1.049824 -1.529394
 -2.097134 -1.047321 -1.047321 -1.740463
 -1.815285 -1.969433 -1.122145 -0.988614
 -1.321756 -1.408767 -1.167607 -1.727217
 -1.591087 -1.504076 -1.155772 -1.349927
 -1.284016 -1.284016 -1.401798 -1.609436
 -1.871796 -1.360977 -1.178657 -1.265668
 -1.239692 -1.335002 -1.845821 -1.239692
 -1.142099 -2.751510 -1.077561 -1.285199
 -1.199418 -1.245938 -1.346021 -1.892560
 -1.343735 -1.595048 -1.461517 -1.189585
 -1.321756 -1.408767 -1.167607 -1.727217
 -1.591087 -1.504076 -1.155772 -1.349927
 -1.284016 -1.284016 -1.401798 -1.609436
 -1.871796 -1.360977 -1.178657 -1.265668
 -1.239692 -1.335002 -1.845821 -1.239692
 -1.142099 -2.751510 -1.077561 -1.285199
 -1.199418 -1.245938 -1.346021 -1.892560
 -1.343735 -1.595048 -1.461517 -1.189585
 -2.865112 0.000100 0.000100 0.000100
 -2.598050 0.000100 0.000100 0.000100
 -2.257124 0.000100 0.000100 0.000100
 -3.093370 0.000100 0.000100 0.000100
 -3.291195 0.000100 0.000100 0.000100
 -2.928291 0.000100 0.000100 0.000100
 -2.452868 0.000100 0.000100 0.000100
 -3.173413 0.000100 0.000100 0.000100
 -2.865112 0.000100 0.000100 0.000100
 -2.598050 0.000100 0.000100 0.000100
 -2.257124 0.000100 0.000100 0.000100
 -3.093370 0.000100 0.000100 0.000100
 -3.291195 0.000100 0.000100 0.000100
 -2.928291 0.000100 0.000100 0.000100
 -2.452868 0.000100 0.000100 0.000100
 -3.173413 0.000100 0.000100 0.000100
 -1.945904 -1.406913 -0.756330 -1.945904
 -0.940009 -2.212965 -0.900789 -2.367113
 -1.455287 -1.280934 -0.944463 -2.302578
 -2.054114 -0.955515 -1.098615 -1.871796
 -1.268513 -2.367103 -0.980833 -1.386294
 -0.737603 -1.749196 -1.263693 -2.730004
 -1.531476 -1.168572 -1.045970 -2.106835
 -1.791754 -1.018573 -1.386294 -1.504076
 -1.945904 -1.406913 -0.756330 -1.945904
 -0.940009 -2.212965 -0.900789 -2.367113
 -1.455287 -1.280934 -0.944463 -2.302578
 -2.054114 -0.955515 -1.098615 -1.871796
 -1.268513 -2.367103 -0.980833 -1.386294
 -0.737603 -1.749196 -1.263693 -2.730004
 -1.531476 -1.168572 -1.045970 -2.106835
 -1.791754 -1.018573 -1.386294 -1.504076
 -0.000006 -13.180640 -13.180640 -13.180640
 -0.000005 -13.353481 -13.353481 -13.353481
 -0.000003 -13.774693 -13.774693 -13.774693
 -0.000009 -12.706860 -12.706860 -12.706860
 -0.000005 -13.270790 -13.270790 -13.270790
 -0.000007 -12.971550 -12.971550 -12.971550
 -0.000005 -13.321220 -13.321220 -13.321220
 -0.000013 -12.345852 -12.345852 -12.345852
 -0.000006 -13.180640 -13.180640 -13.180640
 -0.000005 -13.353481 -13.353481 -13.353481
 -0.000003 -13.774693 -13.774693 -13.774693
 -0.000009 -12.706860 -12.706860 -12.706860
 -0.000005 -13.270790 -13.270790 -13.270790
 -0.000007 -12.971550 -12.971550 -12.971550
 -0.000005 -13.321220 -13.321220 -13.321220
 -0.000013 -12.345852 -12.345852 -12.345852
 -14.801329 -14.801329 -0.000001 -14.801329
 -1.386294 -1.386294 -1.386294 -1.386294
 -1.386294 -1.386294 -1.386294 -1.386294
 -1.386294 -1.386294 -1.386294 -1.386294
 -14.297939 -14.297939 -0.000002 -14.297939
 -1.386294 -1.386294 -1.386294 -1.386294
 -1.386294 -1.386294 -1.386294 -1.386294
 -1.386294 -1.386294 -1.386294 -1.386294
 -14.801329 -14.801329 -0.000001 -14.801329
 -1.386294 -1.386294 -1.386294 -1.386294
 -1.386294 -1.386294 -1.386294 -1.386294
 -1.386294 -1.386294 -1.386294 -1.386294
 -14.297939 -14.297939 -0.000002 -14.297939
 -1.386294 -1.386294 -1.386294 -1.386294
 -1.386294 -1.386294 -1.386294 -1.386294
 -1.386294 -1.386294 -1.386294 -1.386294
 -1.386294 -1.386294 -1.386294 -1.386294
 -1.386294 -1.386294 -1.386294 -1.386294
 -15.274126 -15.274126 -0.000001 -15.274126
 -1.386294 -1.386294 -1.386294 -1.386294
 -1.386294 -1.386294 -1.386294 -1.386294
 -1.386294 -1.386294 -1.386294 -1.386294
 -1.386294 -1.386294 -1.386294 -1.386294
 -1.386294 -1.386294 -1.386294 -1.386294
 -1.386294 -1.386294 -1.386294 -1.386294
 -1.386294 -1.386294 -1.386294 -1.386294
 -15.274126 -15.274126 -0.000001 -15.274126
 -1.386294 -1.386294 -1.386294 -1.386294
 -1.386294 -1.386294 -1.386294 -1.386294
 -1.386294 -1.386294 -1.386294 -1.386294
 -1.386294 -1.386294 -1.386294 -1.386294
 -1.386294 -1.386294 -1.386294 -1.386294
 -1.386294 -1.386294 -1.386294 -1.386294
 -1.386294 -1.386294 -1.386294 -1.386294
 -15.274126 -15.274126 -15.274126 -0.000001
 -1.386294 -1.386294 -1.386294 -1.386294
 -1.386294 -1.386294 -1.386294 -1.386294
 -1.386294 -1.386294 -1.386294 -1.386294
 -1.386294 -1.386294 -1.386294 -1.386294
 -1.386294 -1.386294 -1.386294 -1.386294
 -1.386294 -1.386294 -1.386294 -1.386294
 -1.386294 -1.386294 -1.386294 -1.386294
 -15.274126 -15.274126 -15.274126 -0.000001
 -1.386294 -1.386294 -1.386294 -1.386294
 -1.386294 -1.386294 -1.386294 -1.386294
 -1.386294 -1.386294 -1.386294 -1.386294
 -1.386294 -1.386294 -1.386294 -1.386294
 -1.386294 -1.386294 -1.386294 -1.386294
 -1.386294 -1.386294 -1.386294 -1.386294
 -1.386294 -1.386294 -1.386294 -1.386294
 -1.386294 -1.386294 -1.386294 -1.386294
 -15.274126 -1.143805 -0.957840 -1.211755
 -1.386294 -1.386294 -1.386294 -1.386294
 -1.386294 -1.386294 -1.386294 -1.386294
 -1.386294 -1.386294 -1.386294 -1.386294
 -1.386294 -1.386294 -1.386294 -1.386294
 -1.386294 -1.386294 -1.386294 -1.386294
 -1.386294 -1.386294 -1.386294 -1.386294
 -1.386294 -1.386294 -1.386294 -1.386294
 -15.274126 -1.143805 -0.957840 -1.211755
 -1.386294 -1.386294 -1.386294 -1.386294
 -1.386294 -1.386294 -1.386294 -1.386294
 -1.386294 -1.386294 -1.386294 -1.386294
 -1.386294 -1.386294 -1.386294 -1.386294
 -1.386294 -1.386294 -1.386294 -1.386294
 -1.386294 -1.386294 -1.386294 -1.386294
 -1.386294 -1.386294 -1.386294 -1.386294
 -1.386294 -1.386294 -1.386294 -1.386294
 -1.386294 -1.386294 -1.386294 -1.386294
 -1.364633 -1.875457 -0.968738 -1.552685
 -1.255798 -1.344745 -1.495027 -1.468359
 -1.716535 -1.484734 -1.214445 -1.214445
 -1.386294 -1.386294 -1.386294 -1.386294
 -1.386294 -1.386294 -1.386294 -1.386294
 -1.386294 -1.386294 -1.386294 -1.386294
 -1.386294 -1.386294 -1.386294 -1.386294
 -1.386294 -1.386294 -1.386294 -1.386294
 -1.364633 -1.875457 -0.968738 -1.552685
 -1.255798 -1.344745 -1.495027 -1.468359
 -1.716535 -1.484734 -1.214445 -1.214445
 -13.060496 -13.060496 -0.000006 -13.060496
 -12.971550 -12.971550 -0.000007 -12.971550
 -12.821269 -12.821269 -0.000008 -12.821269
 -12.847937 -12.847937 -0.000008 -12.847937
 -13.270790 -13.270790 -0.000005 -13.270790
 -13.122372 -13.122372 -0.000006 -13.122372
 -13.710155 -13.710155 -0.000003 -13.710155
 -13.415039 -13.415039 -0.000004 -13.415039
 -13.060496 -13.060496 -0.000006 -13.060496
 -12.971550 -12.971550 -0.000007 -12.971550
 -12.821269 -12.821269 -0.000008 -12.821269
 -12.847937 -12.847937 -0.000008 -12.847937
 -13.270790 -13.270790 -0.000005 -13.270790
 -13.122372 -13.122372 -0.000006 -13.122372
 -13.710155 -13.710155 -0.000003 -13.710155
 -13.415039 -13.415039 -0.000004 -13.415039
 -1.386294 -1.386294 -1.386294 -1.386294
 -1.386294 -1.386294 -1.386294 -1.386294
 -1.421386 -0.992391 -0.946928 -14.657080
 -1.386294 -1.386294 -1.386294 -1.386294
 -1.386294 -1.386294 -1.386294 -1.386294
 -1.386294 -1.386294 -1.386294 -1.386294
 -1.356441 -0.970780 -1.011602 -14.498610
 -1.386294 -1.386294 -1.386294 -1.386294
 -1.386294 -1.386294 -1.386294 -1.386294
 -1.386294 -1.386294 -1.386294 -1.386294
 -1.421386 -0.992391 -0.946928 -14.657080
 -1.386294 -1.386294 -1.386294 -1.386294
 -1.386294 -1.386294 -1.386294 -1.386294
 -1.386294 -1.386294 -1.386294 -1.386294
 -1.356441 -0.970780 -1.011602 -14.498610
 -1.386294 -1.386294 -1.386294 -1.386294
 -1.340624 -1.782455 -1.271632 -1.238842
 -1.470486 -1.210204 -1.320204 -1.584896
 -1.450010 -1.424035 -1.237449 -1.450010
 -1.386294 -1.386294 -1.386294 -1.386294
 -1.386294 -1.386294 -1.386294 -1.386294
 -1.386294 -1.386294 -1.386294 -1.386294
 -1.386294 -1.386294 -1.386294 -1.386294
 -1.386294 -1.386294 -1.386294 -1.386294
 -1.340624 -1.782455 -1.271632 -1.238842
 -1.470486 -1.210204 -1.320204 -1.584896
 -1.450010 -1.424035 -1.237449 -1.450010
 -1.386294 -1.386294 -1.386294 -1.386294
 -1.386294 -1.386294 -1.386294 -1.386294
 -1.386294 -1.386294 -1.386294 -1.386294
 -1.386294 -1.386294 -1.386294 -1.386294
 -1.386294 -1.386294 -1.386294 -1.386294
 -1.054162 -2.397885 -1.098614 -1.481604
 -1.558143 -1.403994 -1.270463 -1.335001
 -1.124931 -1.704746 -1.208312 -1.635754
 -1.749197 -1.461517 -1.343735 -1.098614
 -1.126014 -1.308334 -1.665004 -1.531475
 -1.037990 -1.925285 -1.098614 -1.791755
 -1.681755 -1.122145 -1.122145 -1.815285
 -1.704744 -1.299284 -1.299284 -1.299284
 -1.054162 -2.397885 -1.098614 -1.481604
 -1.558143 -1.403994 -1.270463 -1.335001
 -1.124931 -1.704746 -1.208312 -1.635754
 -1.749197 -1.461517 -1.343735 -1.098614
 -1.126014 -1.308334 -1.665004 -1.531475
 -1.037990 -1.925285 -1.098614 -1.791755
 -1.681755 -1.122145 -1.122145 -1.815285
 -1.704744 -1.299284 -1.299284 -1.299284
 -1.654557 -1.654557 -1.041456 -1.329136
 -1.992422 -1.219242 -1.011604 -1.586963
 -1.299284 -0.970781 -1.550596 -1.992425
 -1.860747 -0.916294 -1.241714 -1.860747
 -1.547561 -1.365241 -1.547561 -1.142099
 -1.343735 -1.882726 -1.189586 -1.263693
 -1.998090 -0.781704 -1.133100 -2.468086
 -2.397882 -0.916293 -1.368276 -1.368276
 -1.654557 -1.654557 -1.041456 -1.329136
 -1.992422 -1.219242 -1.011604 -1.586963
 -1.299284 -0.970781 -1.550596 -1.992425
 -1.860747 -0.916294 -1.241714 -1.860747
 -1.547561 -1.365241 -1.547561 -1.142099
 -1.343735 -1.882726 -1.189586 -1.263693
 -1.998090 -0.781704 -1.133100 -2.468086
 -2.397882 -0.916293 -1.368276 -1.368276
 -1.252764 -1.493924 -1.252764 -1.589233
 -1.571216 -1.399366 -1.299283 -1.299283
 -1.496642 -1.496642 -1.026641 -1.639742
 -2.058380 -2.240698 -1.016937 -0.905712
 -1.203975 -1.321757 -1.455286 -1.609435
 -1.897115 -1.261132 -1.049824 -1.529394
 -2.097134 -1.047321 -1.047321 -1.740463
 -1.815285 -1.969433 -1.122145 -0.988614
 -1.252764 -1.493924 -1.252764 -1.589233
 -1.571216 -1.399366 -1.299283 -1.299283
 -1.496642 -1.496642 -1.026641 -1.639742
 -2.058380 -2.240698 -1.016937 -0.905712
 -1.203975 -1.321757 -1.455286 -1.609435
 -1.897115 -1.261132 -1.049824 -1.529394
 -2.097134 -1.047321 -1.047321 -1.740463
 -1.815285 -1.969433 -1.122145 -0.988614
 -1.321756 -1.408767 -1.167607 -1.727217
 -1.591087 -1.504076 -1.155772 -1.349927
 -1.284016 -1.284016 -1.401798 -1.609436
 -1.871796 -1.360977 -1.178657 -1.265668
 -1.239692 -1.335002 -1.845821 -1.239692
 -1.142099 -2.751510 -1.077561 -1.285199
 -1.199418 -1.245938 -1.346021 -1.892560
 -1.343735 -1.595048 -1.461517 -1.189585
 -1.321756 -1.408767 -1.167607 -1.727217
 -1.591087 -1.504076 -1.155772 -1.349927
 -1.284016 -1.284016 -1.401798 -1.609436
 -1.871796 -1.360977 -1.178657 -1.265668
 -1.239692 -1.335002 -1.845821 -1.239692
 -1.142099 -2.751510 -1.077561 -1.285199
 -1.199418 -1.245938 -1.346021 -1.892560
 -1.343735 -1.595048 -1.461517 -1.189585
