 -2.846959 0.000100 0.000100 0.000100
 -2.789801 0.000100 0.000100 0.000100
 -3.006023 0.000100 0.000100 0.000100
 -2.907583 0.000100 0.000100 0.000100
 -2.762402 0.000100 0.000100 0.000100
 -2.972122 0.000100 0.000100 0.000100
 -2.659748 0.000100 0.000100 0.000100
 -2.384336 0.000100 0.000100 0.000100
 -2.846959 0.000100 0.000100 0.000100
 -2.789801 0.000100 0.000100 0.000100
 -3.006023 0.000100 0.000100 0.000100
 -2.907583 0.000100 0.000100 0.000100
 -2.762402 0.000100 0.000100 0.000100
 -2.972122 0.000100 0.000100 0.000100
 -2.659748 0.000100 0.000100 0.000100
 -2.384336 0.000100 0.000100 0.000100
 -1.329137 -1.734596 -1.128468 -1.446918
 -1.974072 -1.280935 -1.386294 -1.098615
 -1.064715 -1.575534 -1.980990 -1.170074
 -1.673972 -1.519824 -1.163153 -1.268513
 -1.126014 -2.224609 -1.665004 -0.971864
 -0.916296 -1.609435 -1.791753 -1.455286
 -1.410987 -1.315677 -1.410987 -1.410987
 -1.349927 -1.280935 -1.686396 -1.280935
 -1.329137 -1.734596 -1.128468 -1.446918
 -1.974072 -1.280935 -1.386294 -1.098615
 -1.064715 -1.575534 -1.980990 -1.170074
 -1.673972 -1.519824 -1.163153 -1.268513
 -1.126014 -2.224609 -1.665004 -0.971864
 -0.916296 -1.609435 -1.791753 -1.455286
 -1.410987 -1.315677 -1.410987 -1.410987
 -1.349927 -1.280935 -1.686396 -1.280935
 -12.923923 -1.634128 -0.880363 -0.940987
 -12.506192 -1.098616 -1.349927 -0.897947
 -12.676089 -2.772551 -1.067844 -0.521304
 -12.923923 -1.634128 -0.880363 -0.940987
 -12.821269 -1.531475 -1.531475 -0.566402
 -12.847937 -1.691672 -0.998532 -0.804377
 -12.736712 -1.580448 -1.041457 -0.818315
 -12.971550 -1.969433 -1.196252 -0.583151
 -12.923923 -1.634128 -0.880363 -0.940987
 -12.506192 -1.098616 -1.349927 -0.897947
 -12.676089 -2.772551 -1.067844 -0.521304
 -12.923923 -1.634128 -0.880363 -0.940987
 -12.821269 -1.531475 -1.531475 -0.566402
 -12.847937 -1.691672 -0.998532 -0.804377
 -12.736712 -1.580448 -1.041457 -0.818315
 -12.971550 -1.969433 -1.196252 -0.583151
 -1.386294 -1.386294 -1.386294 -1.386294
 -12.429233 -12.429233 -0.000012 -12.429233
 -13.081550 -13.081550 -0.000006 -13.081550
 -13.473026 -13.473026 -0.000004 -13.473026
 -1.386294 -1.386294 -1.386294 -1.386294
 -12.611551 -12.611551 -0.000010 -12.611551
 -13.142174 -13.142174 -0.000006 -13.142174
 -13.429854 -13.429854 -0.000004 -13.429854
 -1.386294 -1.386294 -1.386294 -1.386294
 -12.429233 -12.429233 -0.000012 -12.429233
 -13.081550 -13.081550 -0.000006 -13.081550
 -13.473026 -13.473026 -0.000004 -13.473026
 -1.386294 -1.386294 -1.386294 -1.386294
 -12.611551 -12.611551 -0.000010 -12.611551
 -13.142174 -13.142174 -0.000006 -13.142174
 -13.429854 -13.429854 -0.000004 -13.429854
 -1.386294 -1.386294 -1.386294 -1.386294
 -1.386294 -1.386294 -1.386294 -1.386294
 -13.805464 -13.805464 -0.000003 -13.805464
 -1.386294 -1.386294 -1.386294 -1.386294
 -1.386294 -1.386294 -1.386294 -1.386294
 -1.386294 -1.386294 -1.386294 -1.386294
 -14.478201 -14.478201 -0.000002 -14.478201
 -1.386294 -1.386294 -1.386294 -1.386294
 -1.386294 -1.386294 -1.386294 -1.386294
 -1.386294 -1.386294 -1.386294 -1.386294
 -13.805464 -13.805464 -0.000003 -13.805464
 -1.386294 -1.386294 -1.386294 -1.386294
 -1.386294 -1.386294 -1.386294 -1.386294
 -1.386294 -1.386294 -1.386294 -1.386294
 -14.478201 -14.478201 -0.000002 -14.478201
 -1.386294 -1.386294 -1.386294 -1.386294
 -1.386294 -1.386294 -1.386294 -1.386294
 -1.386294 -1.386294 -1.386294 -1.386294
 -14.890514 -14.890514 -14.890514 -0.000001
 -1.386294 -1.386294 -1.386294 -1.386294
 -1.386294 -1.386294 -1.386294 -1.386294
 -1.386294 -1.386294 -1.386294 -1.386294
 -1.386294 -1.386294 -1.386294 -1.386294
 -1.386294 -1.386294 -1.386294 -1.386294
 -1.386294 -1.386294 -1.386294 -1.386294
 -1.386294 -1.386294 -1.386294 -1.386294
 -14.890514 -14.890514 -14.890514 -0.000001
 -1.386294 -1.386294 -1.386294 -1.386294
 -1.386294 -1.386294 -1.386294 -1.386294
 -1.386294 -1.386294 -1.386294 -1.386294
 -1.386294 -1.386294 -1.386294 -1.386294
 -1.386294 -1.386294 -1.386294 -1.386294
 -1.386294 -1.386294 -1.386294 -1.386294
 -1.386294 -1.386294 -1.386294 -1.386294
 -1.386294 -1.386294 -1.386294 -1.386294
 -0.000001 -14.890514 -14.890514 -14.890514
 -1.386294 -1.386294 -1.386294 -1.386294
 -1.386294 -1.386294 -1.386294 -1.386294
 -1.386294 -1.386294 -1.386294 -1.386294
 -1.386294 -1.386294 -1.386294 -1.386294
 -1.386294 -1.386294 -1.386294 -1.386294
 -1.386294 -1.386294 -1.386294 -1.386294
 -1.386294 -1.386294 -1.386294 -1.386294
 -0.000001 -14.890514 -14.890514 -14.890514
 -1.386294 -1.386294 -1.386294 -1.386294
 -1.386294 -1.386294 -1.386294 -1.386294
 -1.386294 -1.386294 -1.386294 -1.386294
 -1.386294 -1.386294 -1.386294 -1.386294
 -1.386294 -1.386294 -1.386294 -1.386294
 -1.386294 -1.386294 -1.386294 -1.386294
 -1.386294 -1.386294 -1.386294 -1.386294
 -1.386294 -1.386294 -1.386294 -1.386294
 -1.788352 -1.349439 -1.475480 -1.065053
 -1.386294 -1.386294 -1.386294 -1.386294
 -1.386294 -1.386294 -1.386294 -1.386294
 -1.386294 -1.386294 -1.386294 -1.386294
 -1.386294 -1.386294 -1.386294 -1.386294
 -1.386294 -1.386294 -1.386294 -1.386294
 -1.386294 -1.386294 -1.386294 -1.386294
 -1.386294 -1.386294 -1.386294 -1.386294
 -1.788352 -1.349439 -1.475480 -1.065053
 -1.386294 -1.386294 -1.386294 -1.386294
 -1.386294 -1.386294 -1.386294 -1.386294
 -1.386294 -1.386294 -1.386294 -1.386294
 -13.102169 -13.102169 -0.000006 -13.102169
 -13.541079 -13.541079 -0.000004 -13.541079
 -13.415039 -13.415039 -0.000004 -13.415039
 -13.825465 -13.825465 -0.000003 -13.825465
 -1.386294 -1.386294 -1.386294 -1.386294
 -1.386294 -1.386294 -1.386294 -1.386294
 -1.386294 -1.386294 -1.386294 -1.386294
 -1.386294 -1.386294 -1.386294 -1.386294
 -13.102169 -13.102169 -0.000006 -13.102169
 -13.541079 -13.541079 -0.000004 -13.541079
 -13.415039 -13.415039 -0.000004 -13.415039
 -13.825465 -13.825465 -0.000003 -13.825465
 -1.386294 -1.386294 -1.386294 -1.386294
 -1.386294 -1.386294 -1.386294 -1.386294
 -1.386294 -1.386294 -1.386294 -1.386294
 -1.386294 -1.386294 -1.386294 -1.386294
 -1.386294 -1.386294 -1.386294 -1.386294
 -1.386294 -1.386294 -1.386294 -1.386294
 -1.090029 -1.198243 -1.709066 -1.709066
 -1.386294 -1.386294 -1.386294 -1.386294
 -1.386294 -1.386294 -1.386294 -1.386294
 -1.386294 -1.386294 -1.386294 -1.386294
 -1.369487 -1.414950 -1.065277 -1.843944
 -1.386294 -1.386294 -1.386294 -1.386294
 -1.386294 -1.386294 -1.386294 -1.386294
 -1.386294 -1.386294 -1.386294 -1.386294
 -1.090029 -1.198243 -1.709066 -1.709066
 -1.386294 -1.386294 -1.386294 -1.386294
 -1.386294 -1.386294 -1.386294 -1.386294
 -1.386294 -1.386294 -1.386294 -1.386294
 -1.369487 -1.414950 -1.065277 -1.843944
 -1.386294 -1.386294 -1.386294 -1.386294
 -1.339775 -1.658227 -1.597602 -1.063522
 -1.584119 -1.178656 -1.648657 -1.221215
 -1.462280 -1.315677 -1.271226 -1.516347
 -2.282371 -1.589233 -0.896091 -1.252764
 -1.386294 -1.386294 -1.386294 -1.386294
 -1.386294 -1.386294 -1.386294 -1.386294
 -1.386294 -1.386294 -1.386294 -1.386294
 -1.386294 -1.386294 -1.386294 -1.386294
 -1.339775 -1.658227 -1.597602 -1.063522
 -1.584119 -1.178656 -1.648657 -1.221215
 -1.462280 -1.315677 -1.271226 -1.516347
 -2.282371 -1.589233 -0.896091 -1.252764
 -1.386294 -1.386294 -1.386294 -1.386294
 -1.386294 -1.386294 -1.386294 -1.386294
 -1.386294 -1.386294 -1.386294 -1.386294
 -1.386294 -1.386294 -1.386294 -1.386294
 -1.767657 -1.410987 -1.767657 -0.880363
 -1.239692 -1.335002 -1.239692 -1.845821
 -1.491654 -1.123932 -1.491654 -1.491654
 -2.240698 -1.770702 -1.142099 -0.905712
 -1.435084 -1.658222 -1.098617 -1.435084
 -1.580448 -1.916914 -1.041457 -1.223777
 -2.169040 -1.157455 -1.157455 -1.358124
 -1.531475 -1.126014 -1.413693 -1.531475
 -1.767657 -1.410987 -1.767657 -0.880363
 -1.239692 -1.335002 -1.239692 -1.845821
 -1.491654 -1.123932 -1.491654 -1.491654
 -2.240698 -1.770702 -1.142099 -0.905712
 -1.435084 -1.658222 -1.098617 -1.435084
 -1.580448 -1.916914 -1.041457 -1.223777
 -2.169040 -1.157455 -1.157455 -1.358124
 -1.531475 -1.126014 -1.413693 -1.531475
 -1.427116 -1.427116 -1.139438 -1.609434
 -1.239692 -1.691672 -1.558143 -1.152682
 -1.580448 -1.329137 -1.446918 -1.223777
 -1.897113 -1.609435 -0.855670 -1.491654
 -1.236764 -1.488076 -1.642224 -1.236764
 -1.252764 -1.763583 -1.609435 -1.070444
 -1.285199 -1.285199 -1.452252 -1.547561
 -1.563974 -1.458614 -1.196252 -1.363305
 -1.427116 -1.427116 -1.139438 -1.609434
 -1.239692 -1.691672 -1.558143 -1.152682
 -1.580448 -1.329137 -1.446918 -1.223777
 -1.897113 -1.609435 -0.855670 -1.491654
 -1.236764 -1.488076 -1.642224 -1.236764
 -1.252764 -1.763583 -1.609435 -1.070444
 -1.285199 -1.285199 -1.452252 -1.547561
 -1.563974 -1.458614 -1.196252 -1.363305
 -1.475905 -1.358124 -1.157455 -1.609435
 -2.169040 -1.609435 -0.990402 -1.157455
 -1.704744 -2.397874 -0.931563 -1.098615
 -1.734596 -1.041457 -1.580448 -1.329137
 -1.185626 -1.637606 -1.386294 -1.386294
 -1.642224 -1.236764 -1.036096 -1.824542
 -1.408767 -1.609436 -0.973452 -1.727217
 -1.586963 -1.586963 -1.219242 -1.219242
 -1.475905 -1.358124 -1.157455 -1.609435
 -2.169040 -1.609435 -0.990402 -1.157455
 -1.704744 -2.397874 -0.931563 -1.098615
 -1.734596 -1.041457 -1.580448 -1.329137
 -1.185626 -1.637606 -1.386294 -1.386294
 -1.642224 -1.236764 -1.036096 -1.824542
 -1.408767 -1.609436 -0.973452 -1.727217
 -1.586963 -1.586963 -1.219242 -1.219242
 -1.185626 -2.484885 -1.280935 -1.098615
 -1.722761 -1.029624 -1.029624 -2.233573
 -1.832577 -1.021654 -1.514127 -1.347074
 -1.609435 -2.169040 -0.847303 -1.358124
 -1.272967 -1.427116 -1.609434 -1.272967
 -0.902872 -1.819153 -1.531475 -1.531475
 -1.704745 -0.739671 -1.704745 -1.838274
 -2.538951 -1.152682 -1.152682 -1.239692
 -1.185626 -2.484885 -1.280935 -1.098615
 -1.722761 -1.029624 -1.029624 -2.233573
 -1.832577 -1.021654 -1.514127 -1.347074
 -1.609435 -2.169040 -0.847303 -1.358124
 -1.272967 -1.427116 -1.609434 -1.272967
 -0.902872 -1.819153 -1.531475 -1.531475
 -1.704745 -0.739671 -1.704745 -1.838274
 -2.538951 -1.152682 -1.152682 -1.239692
 -2.846959 0.000100 0.000100 0.000100
 -2.789801 0.000100 0.000100 0.000100
 -3.006023 0.000100 0.000100 0.000100
 -2.907583 0.000100 0.000100 0.000100
 -2.762402 0.000100 0.000100 0.000100
 -2.972122 0.000100 0.000100 0.000100
 -2.659748 0.000100 0.000100 0.000100
 -2.384336 0.000100 0.000100 0.000100
 -2.846959 0.000100 0.000100 0.000100
 -2.789801 0.000100 0.000100 0.000100
 -3.006023 0.000100 0.000100 0.000100
 -2.907583 0.000100 0.000100 0.000100
 -2.762402 0.000100 0.000100 0.000100
 -2.972122 0.000100 0.000100 0.000100
 -2.659748 0.000100 0.000100 0.000100
 -2.384336 0.000100 0.000100 0.000100
 -1.329137 -1.734596 -1.128468 -1.446918
 -1.974072 -1.280935 -1.386294 -1.098615
 -1.064715 -1.575534 -1.980990 -1.170074
 -1.673972 -1.519824 -1.163153 -1.268513
 -1.126014 -2.224609 -1.665004 -0.971864
 -0.916296 -1.609435 -1.791753 -1.455286
 -1.410987 -1.315677 -1.410987 -1.410987
 -1.349927 -1.280935 -1.686396 -1.280935
 -1.329137 -1.734596 -1.128468 -1.446918
 -1.974072 -1.280935 -1.386294 -1.098615
 -1.064715 -1.575534 -1.980990 -1.170074
 -1.673972 -1.519824 -1.163153 -1.268513
 -1.126014 -2.224609 -1.665004 -0.971864
 -0.916296 -1.609435 -1.791753 -1.455286
 -1.410987 -1.315677 -1.410987 -1.410987
 -1.349927 -1.280935 -1.686396 -1.280935
 -12.923923 -1.634128 -0.880363 -0.940987
 -12.506192 -1.098616 -1.349927 -0.897947
 -12.676089 -2.772551 -1.067844 -0.521304
 -12.923923 -1.634128 -0.880363 -0.940987
 -12.821269 -1.531475 -1.531475 -0.566402
 -12.847937 -1.691672 -0.998532 -0.804377
 -12.736712 -1.580448 -1.041457 -0.818315
 -12.971550 -1.969433 -1.196252 -0.583151
 -12.923923 -1.634128 -0.880363 -0.940987
 -12.506192 -1.098616 -1.349927 -0.897947
 -12.676089 -2.772551 -1.067844 -0.521304
 -12.923923 -1.634128 -0.880363 -0.940987
 -12.821269 -1.531475 -1.531475 -0.566402
 -12.847937 -1.691672 -0.998532 -0.804377
 -12.736712 -1.580448 -1.041457 -0.818315
 -12.971550 -1.969433 -1.196252 -0.583151
 -1.386294 -1.386294 -1.386294 -1.386294
 -12.429233 -12.429233 -0.000012 -12.429233
 -13.081550 -13.081550 -0.000006 -13.081550
 -13.473026 -13.473026 -0.000004 -13.473026
 -1.386294 -1.386294 -1.386294 -1.386294
 -12.611551 -12.611551 -0.000010 -12.611551
 -13.142174 -13.142174 -0.000006 -13.142174
 -13.429854 -13.429854 -0.000004 -13.429854
 -1.386294 -1.386294 -1.386294 -1.386294
 -12.429233 -12.429233 -0.000012 -12.429233
 -13.081550 -13.081550 -0.000006 -13.081550
 -13.473026 -13.473026 -0.000004 -13.473026
 -1.386294 -1.386294 -1.386294 -1.386294
 -12.611551 -12.611551 -0.000010 -12.611551
 -13.142174 -13.142174 -0.000006 -13.142174
 -13.429854 -13.429854 -0.000004 -13.429854
 -1.386294 -1.386294 -1.386294 -1.386294
 -1.386294 -1.386294 -1.386294 -1.386294
 -13.805464 -13.805464 -0.000003 -13.805464
 -1.386294 -1.386294 -1.386294 -1.386294
 -1.386294 -1.386294 -1.386294 -1.386294
 -1.386294 -1.386294 -1.386294 -1.386294
 -14.478201 -14.478201 -0.000002 -14.478201
 -1.386294 -1.386294 -1.386294 -1.386294
 -1.386294 -1.386294 -1.386294 -1.386294
 -1.386294 -1.386294 -1.386294 -1.386294
 -13.805464 -13.805464 -0.000003 -13.805464
 -1.386294 -1.386294 -1.386294 -1.386294
 -1.386294 -1.386294 -1.386294 -1.386294
 -1.386294 -1.386294 -1.386294 -1.386294
 -14.478201 -14.478201 -0.000002 -14.478201
 -1.386294 -1.386294 -1.386294 -1.386294
 -1.386294 -1.386294 -1.386294 -1.386294
 -1.386294 -1.386294 -1.386294 -1.386294
 -14.890514 -14.890514 -14.890514 -0.000001
 -1.386294 -1.386294 -1.386294 -1.386294
 -1.386294 -1.386294 -1.386294 -1.386294
 -1.386294 -1.386294 -1.386294 -1.386294
 -1.386294 -1.386294 -1.386294 -1.386294
 -1.386294 -1.386294 -1.386294 -1.386294
 -1.386294 -1.386294 -1.386294 -1.386294
 -1.386294 -1.386294 -1.386294 -1.386294
 -14.890514 -14.890514 -14.890514 -0.000001
 -1.386294 -1.386294 -1.386294 -1.386294
 -1.386294 -1.386294 -1.386294 -1.386294
 -1.386294 -1.386294 -1.386294 -1.386294
 -1.386294 -1.386294 -1.386294 -1.386294
 -1.386294 -1.386294 -1.386294 -1.386294
 -1.386294 -1.386294 -1.386294 -1.386294
 -1.386294 -1.386294 -1.386294 -1.386294
 -1.386294 -1.386294 -1.386294 -1.386294
 -0.000001 -14.890514 -14.890514 -14.890514
 -1.386294 -1.386294 -1.386294 -1.386294
 -1.386294 -1.386294 -1.386294 -1.386294
 -1.386294 -1.386294 -1.386294 -1.386294
 -1.386294 -1.386294 -1.386294 -1.386294
 -1.386294 -1.386294 -1.386294 -1.386294
 -1.386294 -1.386294 -1.386294 -1.386294
 -1.386294 -1.386294 -1.386294 -1.386294
 -0.000001 -14.890514 -14.890514 -14.890514
 -1.386294 -1.386294 -1.386294 -1.386294
 -1.386294 -1.386294 -1.386294 -1.386294
 -1.386294 -1.386294 -1.386294 -1.386294
 -1.386294 -1.386294 -1.386294 -1.386294
 -1.386294 -1.386294 -1.386294 -1.386294
 -1.386294 -1.386294 -1.386294 -1.386294
 -1.386294 -1.386294 -1.386294 -1.386294
 -1.386294 -1.386294 -1.386294 -1.386294
 -1.788352 -1.349439 -1.475480 -1.065053
 -1.386294 -1.386294 -1.386294 -1.386294
 -1.386294 -1.386294 -1.386294 -1.386294
 -1.386294 -1.386294 -1.386294 -1.386294
 -1.386294 -1.386294 -1.386294 -1.386294
 -1.386294 -1.386294 -1.386294 -1.386294
 -1.386294 -1.386294 -1.386294 -1.386294
 -1.386294 -1.386294 -1.386294 -1.386294
 -1.788352 -1.349439 -1.475480 -1.065053
 -1.386294 -1.386294 -1.386294 -1.386294
 -1.386294 -1.386294 -1.386294 -1.386294
 -1.386294 -1.386294 -1.386294 -1.386294
 -13.102169 -13.102169 -0.000006 -13.102169
 -13.541079 -13.541079 -0.000004 -13.541079
 -13.415039 -13.415039 -0.000004 -13.415039
 -13.825465 -13.825465 -0.000003 -13.825465
 -1.386294 -1.386294 -1.386294 -1.386294
 -1.386294 -1.386294 -1.386294 -1.386294
 -1.386294 -1.386294 -1.386294 -1.386294
 -1.386294 -1.386294 -1.386294 -1.386294
 -13.102169 -13.102169 -0.000006 -13.102169
 -13.541079 -13.541079 -0.000004 -13.541079
 -13.415039 -13.415039 -0.000004 -13.415039
 -13.825465 -13.825465 -0.000003 -13.825465
 -1.386294 -1.386294 -1.386294 -1.386294
 -1.386294 -1.386294 -1.386294 -1.386294
 -1.386294 -1.386294 -1.386294 -1.386294
 -1.386294 -1.386294 -1.386294 -1.386294
 -1.386294 -1.386294 -1.386294 -1.386294
 -1.386294 -1.386294 -1.386294 -1.386294
 -1.090029 -1.198243 -1.709066 -1.709066
 -1.386294 -1.386294 -1.386294 -1.386294
 -1.386294 -1.386294 -1.386294 -1.386294
 -1.386294 -1.386294 -1.386294 -1.386294
 -1.369487 -1.414950 -1.065277 -1.843944
 -1.386294 -1.386294 -1.386294 -1.386294
 -1.386294 -1.386294 -1.386294 -1.386294
 -1.386294 -1.386294 -1.386294 -1.386294
 -1.090029 -1.198243 -1.709066 -1.709066
 -1.386294 -1.386294 -1.386294 -1.386294
 -1.386294 -1.386294 -1.386294 -1.386294
 -1.386294 -1.386294 -1.386294 -1.386294
 -1.369487 -1.414950 -1.065277 -1.843944
 -1.386294 -1.386294 -1.386294 -1.386294
 -1.339775 -1.658227 -1.597602 -1.063522
 -1.584119 -1.178656 -1.648657 -1.221215
 -1.462280 -1.315677 -1.271226 -1.516347
 -2.282371 -1.589233 -0.896091 -1.252764
 -1.386294 -1.386294 -1.386294 -1.386294
 -1.386294 -1.386294 -1.386294 -1.386294
 -1.386294 -1.386294 -1.386294 -1.386294
 -1.386294 -1.386294 -1.386294 -1.386294
 -1.339775 -1.658227 -1.597602 -1.063522
 -1.584119 -1.178656 -1.648657 -1.221215
 -1.462280 -1.315677 -1.271226 -1.516347
 -2.282371 -1.589233 -0.896091 -1.252764
 -1.386294 -1.386294 -1.386294 -1.386294
 -1.386294 -1.386294 -1.386294 -1.386294
 -1.386294 -1.386294 -1.386294 -1.386294
 -1.386294 -1.386294 -1.386294 -1.386294
 -1.767657 -1.410987 -1.767657 -0.880363
 -1.239692 -1.335002 -1.239692 -1.845821
 -1.491654 -1.123932 -1.491654 -1.491654
 -2.240698 -1.770702 -1.142099 -0.905712
 -1.435084 -1.658222 -1.098617 -1.435084
 -1.580448 -1.916914 -1.041457 -1.223777
 -2.169040 -1.157455 -1.157455 -1.358124
 -1.531475 -1.126014 -1.413693 -1.531475
 -1.767657 -1.410987 -1.767657 -0.880363
 -1.239692 -1.335002 -1.239692 -1.845821
 -1.491654 -1.123932 -1.491654 -1.491654
 -2.240698 -1.770702 -1.142099 -0.905712
 -1.435084 -1.658222 -1.098617 -1.435084
 -1.580448 -1.916914 -1.041457 -1.223777
 -2.169040 -1.157455 -1.157455 -1.358124
 -1.531475 -1.126014 -1.413693 -1.531475
 -1.427116 -1.427116 -1.139438 -1.609434
 -1.239692 -1.691672 -1.558143 -1.152682
 -1.580448 -1.329137 -1.446918 -1.223777
 -1.897113 -1.609435 -0.855670 -1.491654
 -1.236764 -1.488076 -1.642224 -1.236764
 -1.252764 -1.763583 -1.609435 -1.070444
 -1.285199 -1.285199 -1.452252 -1.547561
 -1.563974 -1.458614 -1.196252 -1.363305
 -1.427116 -1.427116 -1.139438 -1.609434
 -1.239692 -1.691672 -1.558143 -1.152682
 -1.580448 -1.329137 -1.446918 -1.223777
 -1.897113 -1.609435 -0.855670 -1.491654
 -1.236764 -1.488076 -1.642224 -1.236764
 -1.252764 -1.763583 -1.609435 -1.070444
 -1.285199 -1.285199 -1.452252 -1.547561
 -1.563974 -1.458614 -1.196252 -1.363305
 -1.475905 -1.358124 -1.157455 -1.609435
 -2.169040 -1.609435 -0.990402 -1.157455
 -1.704744 -2.397874 -0.931563 -1.098615
 -1.734596 -1.041457 -1.580448 -1.329137
 -1.185626 -1.637606 -1.386294 -1.386294
 -1.642224 -1.236764 -1.036096 -1.824542
 -1.408767 -1.609436 -0.973452 -1.727217
 -1.586963 -1.586963 -1.219242 -1.219242
 -1.475905 -1.358124 -1.157455 -1.609435
 -2.169040 -1.609435 -0.990402 -1.157455
 -1.704744 -2.397874 -0.931563 -1.098615
 -1.734596 -1.041457 -1.580448 -1.329137
 -1.185626 -1.637606 -1.386294 -1.386294
 -1.642224 -1.236764 -1.036096 -1.824542
 -1.408767 -1.609436 -0.973452 -1.727217
 -1.586963 -1.586963 -1.219242 -1.219242
 -1.185626 -2.484885 -1.280935 -1.098615
 -1.722761 -1.029624 -1.029624 -2.233573
 -1.832577 -1.021654 -1.514127 -1.347074
 -1.609435 -2.169040 -0.847303 -1.358124
 -1.272967 -1.427116 -1.609434 -1.272967
 -0.902872 -1.819153 -1.531475 -1.531475
 -1.704745 -0.739671 -1.704745 -1.838274
 -2.538951 -1.152682 -1.152682 -1.239692
 -1.185626 -2.484885 -1.280935 -1.098615
 -1.722761 -1.029624 -1.029624 -2.233573
 -1.832577 -1.021654 -1.514127 -1.347074
 -1.609435 -2.169040 -0.847303 -1.358124
 -1.272967 -1.427116 -1.609434 -1.272967
 -0.902872 -1.819153 -1.531475 -1.531475
 -1.704745 -0.739671 -1.704745 -1.838274
 -2.538951 -1.152682 -1.152682 -1.239692
