 -2.966882 0.000100 0.000100 0.000100
 -2.806755 0.000100 0.000100 0.000100
 -2.640618 0.000100 0.000100 0.000100
 -2.916871 0.000100 0.000100 0.000100
 -3.181900 0.000100 0.000100 0.000100
 -2.838023 0.000100 0.000100 0.000100
 -2.292559 0.000100 0.000100 0.000100
 -2.786115 0.000100 0.000100 0.000100
 -2.966882 0.000100 0.000100 0.000100
 -2.806755 0.000100 0.000100 0.000100
 -2.640618 0.000100 0.000100 0.000100
 -2.916871 0.000100 0.000100 0.000100
 -3.181900 0.000100 0.000100 0.000100
 -2.838023 0.000100 0.000100 0.000100
 -2.292559 0.000100 0.000100 0.000100
 -2.786115 0.000100 0.000100 0.000100
 -1.334069 -1.673200 -1.412270 -1.186260
 -1.241408 -1.544093 -1.346386 -1.438267
 -1.435421 -1.309427 -1.225796 -1.617036
 -1.729441 -1.617229 -1.379665 -0.987503
 -1.522306 -1.341089 -1.489730 -1.221466
 -1.118272 -1.771475 -1.270334 -1.503565
 -1.755604 -1.360502 -0.939722 -1.715194
 -1.770584 -1.532693 -1.297016 -1.077437
 -1.334069 -1.673200 -1.412270 -1.186260
 -1.241408 -1.544093 -1.346386 -1.438267
 -1.435421 -1.309427 -1.225796 -1.617036
 -1.729441 -1.617229 -1.379665 -0.987503
 -1.522306 -1.341089 -1.489730 -1.221466
 -1.118272 -1.771475 -1.270334 -1.503565
 -1.755604 -1.360502 -0.939722 -1.715194
 -1.770584 -1.532693 -1.297016 -1.077437
 -16.067854 -1.574310 -1.219159 -0.698419
 -16.208851 -1.112406 -1.517871 -0.793952
 -16.434366 -1.112558 -1.694596 -0.718241
 -16.123083 -1.505571 -1.166540 -0.762140
 -16.061525 -1.692130 -1.421839 -0.554076
 -15.872195 -1.268227 -1.329136 -0.789737
 -16.161156 -1.301841 -1.308908 -0.781204
 -16.250877 -1.707818 -1.313689 -0.597996
 -16.067854 -1.574310 -1.219159 -0.698419
 -16.208851 -1.112406 -1.517871 -0.793952
 -16.434366 -1.112558 -1.694596 -0.718241
 -16.123083 -1.505571 -1.166540 -0.762140
 -16.061525 -1.692130 -1.421839 -0.554076
 -15.872195 -1.268227 -1.329136 -0.789737
 -16.161156 -1.301841 -1.308908 -0.781204
 -16.250877 -1.707818 -1.313689 -0.597996
 -1.386294 -1.386294 -1.386294 -1.386294
 -16.218845 -16.218845 -0.000000 -16.218845
 -16.160198 -16.160198 -0.000000 -16.160198
 -16.889591 -16.889591 -0.000000 -16.889591
 -1.386294 -1.386294 -1.386294 -1.386294
 -16.128046 -16.128046 -0.000000 -16.128046
 -16.182947 -16.182947 -0.000000 -16.182947
 -16.784386 -16.784386 -0.000000 -16.784386
 -1.386294 -1.386294 -1.386294 -1.386294
 -16.218845 -16.218845 -0.000000 -16.218845
 -16.160198 -16.160198 -0.000000 -16.160198
 -16.889591 -16.889591 -0.000000 -16.889591
 -1.386294 -1.386294 -1.386294 -1.386294
 -16.128046 -16.128046 -0.000000 -16.128046
 -16.182947 -16.182947 -0.000000 -16.182947
 -16.784386 -16.784386 -0.000000 -16.784386
 -1.386294 -1.386294 -1.386294 -1.386294
 -1.386294 -1.386294 -1.386294 -1.386294
 -16.864784 -16.864784 -0.000000 -16.864784
 -1.386294 -1.386294 -1.386294 -1.386294
 -1.386294 -1.386294 -1.386294 -1.386294
 -1.386294 -1.386294 -1.386294 -1.386294
 -17.946829 -17.946829 0.000000 -17.946829
 -1.386294 -1.386294 -1.386294 -1.386294
 -1.386294 -1.386294 -1.386294 -1.386294
 -1.386294 -1.386294 -1.386294 -1.386294
 -16.864784 -16.864784 -0.000000 -16.864784
 -1.386294 -1.386294 -1.386294 -1.386294
 -1.386294 -1.386294 -1.386294 -1.386294
 -1.386294 -1.386294 -1.386294 -1.386294
 -17.946829 -17.946829 0.000000 -17.946829
 -1.386294 -1.386294 -1.386294 -1.386294
 -1.386294 -1.386294 -1.386294 -1.386294
 -1.386294 -1.386294 -1.386294 -1.386294
 -18.238680 -18.238680 -18.238680 0.000000
 -1.386294 -1.386294 -1.386294 -1.386294
 -1.386294 -1.386294 -1.386294 -1.386294
 -1.386294 -1.386294 -1.386294 -1.386294
 -1.386294 -1.386294 -1.386294 -1.386294
 -1.386294 -1.386294 -1.386294 -1.386294
 -1.386294 -1.386294 -1.386294 -1.386294
 -1.386294 -1.386294 -1.386294 -1.386294
 -18.238680 -18.238680 -18.238680 0.000000
 -1.386294 -1.386294 -1.386294 -1.386294
 -1.386294 -1.386294 -1.386294 -1.386294
 -1.386294 -1.386294 -1.386294 -1.386294
 -1.386294 -1.386294 -1.386294 -1.386294
 -1.386294 -1.386294 -1.386294 -1.386294
 -1.386294 -1.386294 -1.386294 -1.386294
 -1.386294 -1.386294 -1.386294 -1.386294
 -1.386294 -1.386294 -1.386294 -1.386294
 -18.238680 -1.568424 -0.718908 -1.189601
 -1.386294 -1.386294 -1.386294 -1.386294
 -1.386294 -1.386294 -1.386294 -1.386294
 -1.386294 -1.386294 -1.386294 -1.386294
 -1.386294 -1.386294 -1.386294 -1.386294
 -1.386294 -1.386294 -1.386294 -1.386294
 -1.386294 -1.386294 -1.386294 -1.386294
 -1.386294 -1.386294 -1.386294 -1.386294
 -18.238680 -1.568424 -0.718908 -1.189601
 -1.386294 -1.386294 -1.386294 -1.386294
 -1.386294 -1.386294 -1.386294 -1.386294
 -1.386294 -1.386294 -1.386294 -1.386294
 -1.386294 -1.386294 -1.386294 -1.386294
 -1.386294 -1.386294 -1.386294 -1.386294
 -1.386294 -1.386294 -1.386294 -1.386294
 -1.386294 -1.386294 -1.386294 -1.386294
 -1.386294 -1.386294 -1.386294 -1.386294
 -1.386294 -1.386294 -1.386294 -1.386294
 -1.196517 -1.642804 -1.261436 -1.509272
 -1.475322 -1.463551 -0.996210 -1.768401
 -1.781954 -1.267855 -1.386689 -1.202791
 -1.386294 -1.386294 -1.386294 -1.386294
 -1.386294 -1.386294 -1.386294 -1.386294
 -1.386294 -1.386294 -1.386294 -1.386294
 -1.386294 -1.386294 -1.386294 -1.386294
 -1.386294 -1.386294 -1.386294 -1.386294
 -1.196517 -1.642804 -1.261436 -1.509272
 -1.475322 -1.463551 -0.996210 -1.768401
 -1.781954 -1.267855 -1.386689 -1.202791
 -1.296775 -1.576613 -1.545842 -1.181620
 -1.399143 -1.547562 -1.658494 -1.049822
 -1.418818 -1.179822 -1.824283 -1.240176
 -1.643190 -1.417066 -1.478435 -1.089992
 -1.329136 -1.446919 -1.632818 -1.188684
 -1.200803 -1.514128 -1.567474 -1.307571
 -1.493037 -1.302842 -1.366945 -1.391637
 -1.659538 -1.374152 -1.343589 -1.218033
 -1.296775 -1.576613 -1.545842 -1.181620
 -1.399143 -1.547562 -1.658494 -1.049822
 -1.418818 -1.179822 -1.824283 -1.240176
 -1.643190 -1.417066 -1.478435 -1.089992
 -1.329136 -1.446919 -1.632818 -1.188684
 -1.200803 -1.514128 -1.567474 -1.307571
 -1.493037 -1.302842 -1.366945 -1.391637
 -1.659538 -1.374152 -1.343589 -1.218033
 -1.550597 -1.473792 -1.136764 -1.435619
 -1.633391 -1.243926 -1.143564 -1.620488
 -1.513431 -1.344465 -1.160744 -1.580294
 -2.031723 -1.474647 -0.815986 -1.620358
 -1.474519 -1.441103 -1.305227 -1.334335
 -1.405602 -1.356375 -1.334776 -1.452559
 -1.493606 -1.413563 -1.156390 -1.525355
 -1.930003 -1.177601 -1.172136 -1.439143
 -1.550597 -1.473792 -1.136764 -1.435619
 -1.633391 -1.243926 -1.143564 -1.620488
 -1.513431 -1.344465 -1.160744 -1.580294
 -2.031723 -1.474647 -0.815986 -1.620358
 -1.474519 -1.441103 -1.305227 -1.334335
 -1.405602 -1.356375 -1.334776 -1.452559
 -1.493606 -1.413563 -1.156390 -1.525355
 -1.930003 -1.177601 -1.172136 -1.439143
 -1.345329 -1.493382 -1.363848 -1.349927
 -1.399481 -1.521699 -1.106284 -1.588908
 -1.385432 -1.402824 -1.171991 -1.639212
 -1.794040 -1.568160 -1.070536 -1.264218
 -1.378728 -1.457097 -1.548069 -1.195570
 -1.343328 -1.730274 -1.123305 -1.441446
 -1.685237 -1.431216 -0.936190 -1.695745
 -2.049227 -1.313356 -1.165198 -1.236535
 -1.345329 -1.493382 -1.363848 -1.349927
 -1.399481 -1.521699 -1.106284 -1.588908
 -1.385432 -1.402824 -1.171991 -1.639212
 -1.794040 -1.568160 -1.070536 -1.264218
 -1.378728 -1.457097 -1.548069 -1.195570
 -1.343328 -1.730274 -1.123305 -1.441446
 -1.685237 -1.431216 -0.936190 -1.695745
 -2.049227 -1.313356 -1.165198 -1.236535
 -1.368348 -1.628738 -1.408676 -1.188004
 -1.347149 -1.470565 -1.587290 -1.185004
 -1.368647 -1.290175 -1.607955 -1.309223
 -1.736330 -1.594013 -1.202247 -1.138787
 -1.375365 -1.520698 -1.690804 -1.066177
 -1.319155 -1.596787 -1.514549 -1.170586
 -1.459991 -1.351019 -1.288141 -1.456707
 -1.799712 -1.561119 -1.315587 -1.031602
 -1.368348 -1.628738 -1.408676 -1.188004
 -1.347149 -1.470565 -1.587290 -1.185004
 -1.368647 -1.290175 -1.607955 -1.309223
 -1.736330 -1.594013 -1.202247 -1.138787
 -1.375365 -1.520698 -1.690804 -1.066177
 -1.319155 -1.596787 -1.514549 -1.170586
 -1.459991 -1.351019 -1.288141 -1.456707
 -1.799712 -1.561119 -1.315587 -1.031602
 -1.638771 -1.353417 -1.085153 -1.562672
 -1.537375 -1.397426 -1.045614 -1.680145
 -1.498726 -1.148623 -1.301236 -1.674952
 -1.946708 -1.460770 -0.913504 -1.495739
 -1.444228 -1.434127 -1.263600 -1.414226
 -1.399816 -1.375365 -1.305407 -1.471642
 -1.564669 -1.240353 -1.211983 -1.589860
 -1.990035 -1.202109 -1.152813 -1.398357
 -1.638771 -1.353417 -1.085153 -1.562672
 -1.537375 -1.397426 -1.045614 -1.680145
 -1.498726 -1.148623 -1.301236 -1.674952
 -1.946708 -1.460770 -0.913504 -1.495739
 -1.444228 -1.434127 -1.263600 -1.414226
 -1.399816 -1.375365 -1.305407 -1.471642
 -1.564669 -1.240353 -1.211983 -1.589860
 -1.990035 -1.202109 -1.152813 -1.398357
 -1.412770 -1.510033 -1.234522 -1.407904
 -1.494928 -1.470636 -1.183954 -1.427576
 -1.368580 -1.382048 -1.313281 -1.489294
 -1.750111 -1.619206 -1.199528 -1.118245
 -1.461677 -1.524020 -1.272056 -1.309098
 -1.464587 -1.564073 -1.100365 -1.483708
 -1.596859 -1.413989 -1.007612 -1.664912
 -1.910819 -1.419492 -1.125501 -1.252763
 -1.412770 -1.510033 -1.234522 -1.407904
 -1.494928 -1.470636 -1.183954 -1.427576
 -1.368580 -1.382048 -1.313281 -1.489294
 -1.750111 -1.619206 -1.199528 -1.118245
 -1.461677 -1.524020 -1.272056 -1.309098
 -1.464587 -1.564073 -1.100365 -1.483708
 -1.596859 -1.413989 -1.007612 -1.664912
 -1.910819 -1.419492 -1.125501 -1.252763
 -1.490533 -1.604400 -1.280934 -1.217532
 -1.411184 -1.486533 -1.473574 -1.201027
 -1.442789 -1.228603 -1.522301 -1.375071
 -1.616703 -1.611508 -1.272080 -1.134406
 -1.411741 -1.475592 -1.617004 -1.111255
 -1.365147 -1.666133 -1.442990 -1.141123
 -1.501345 -1.423734 -1.224245 -1.417261
 -1.696364 -1.498015 -1.314997 -1.125154
 -1.490533 -1.604400 -1.280934 -1.217532
 -1.411184 -1.486533 -1.473574 -1.201027
 -1.442789 -1.228603 -1.522301 -1.375071
 -1.616703 -1.611508 -1.272080 -1.134406
 -1.411741 -1.475592 -1.617004 -1.111255
 -1.365147 -1.666133 -1.442990 -1.141123
 -1.501345 -1.423734 -1.224245 -1.417261
 -1.696364 -1.498015 -1.314997 -1.125154
 -2.966882 0.000100 0.000100 0.000100
 -2.806755 0.000100 0.000100 0.000100
 -2.640618 0.000100 0.000100 0.000100
 -2.916871 0.000100 0.000100 0.000100
 -3.181900 0.000100 0.000100 0.000100
 -2.838023 0.000100 0.000100 0.000100
 -2.292559 0.000100 0.000100 0.000100
 -2.786115 0.000100 0.000100 0.000100
 -2.966882 0.000100 0.000100 0.000100
 -2.806755 0.000100 0.000100 0.000100
 -2.640618 0.000100 0.000100 0.000100
 -2.916871 0.000100 0.000100 0.000100
 -3.181900 0.000100 0.000100 0.000100
 -2.838023 0.000100 0.000100 0.000100
 -2.292559 0.000100 0.000100 0.000100
 -2.786115 0.000100 0.000100 0.000100
 -1.334069 -1.673200 -1.412270 -1.186260
 -1.241408 -1.544093 -1.346386 -1.438267
 -1.435421 -1.309427 -1.225796 -1.617036
 -1.729441 -1.617229 -1.379665 -0.987503
 -1.522306 -1.341089 -1.489730 -1.221466
 -1.118272 -1.771475 -1.270334 -1.503565
 -1.755604 -1.360502 -0.939722 -1.715194
 -1.770584 -1.532693 -1.297016 -1.077437
 -1.334069 -1.673200 -1.412270 -1.186260
 -1.241408 -1.544093 -1.346386 -1.438267
 -1.435421 -1.309427 -1.225796 -1.617036
 -1.729441 -1.617229 -1.379665 -0.987503
 -1.522306 -1.341089 -1.489730 -1.221466
 -1.118272 -1.771475 -1.270334 -1.503565
 -1.755604 -1.360502 -0.939722 -1.715194
 -1.770584 -1.532693 -1.297016 -1.077437
 -16.067854 -1.574310 -1.219159 -0.698419
 -16.208851 -1.112406 -1.517871 -0.793952
 -16.434366 -1.112558 -1.694596 -0.718241
 -16.123083 -1.505571 -1.166540 -0.762140
 -16.061525 -1.692130 -1.421839 -0.554076
 -15.872195 -1.268227 -1.329136 -0.789737
 -16.161156 -1.301841 -1.308908 -0.781204
 -16.250877 -1.707818 -1.313689 -0.597996
 -16.067854 -1.574310 -1.219159 -0.698419
 -16.208851 -1.112406 -1.517871 -0.793952
 -16.434366 -1.112558 -1.694596 -0.718241
 -16.123083 -1.505571 -1.166540 -0.762140
 -16.061525 -1.692130 -1.421839 -0.554076
 -15.872195 -1.268227 -1.329136 -0.789737
 -16.161156 -1.301841 -1.308908 -0.781204
 -16.250877 -1.707818 -1.313689 -0.597996
 -1.386294 -1.386294 -1.386294 -1.386294
 -16.218845 -16.218845 -0.000000 -16.218845
 -16.160198 -16.160198 -0.000000 -16.160198
 -16.889591 -16.889591 -0.000000 -16.889591
 -1.386294 -1.386294 -1.386294 -1.386294
 -16.128046 -16.128046 -0.000000 -16.128046
 -16.182947 -16.182947 -0.000000 -16.182947
 -16.784386 -16.784386 -0.000000 -16.784386
 -1.386294 -1.386294 -1.386294 -1.386294
 -16.218845 -16.218845 -0.000000 -16.218845
 -16.160198 -16.160198 -0.000000 -16.160198
 -16.889591 -16.889591 -0.000000 -16.889591
 -1.386294 -1.386294 -1.386294 -1.386294
 -16.128046 -16.128046 -0.000000 -16.128046
 -16.182947 -16.182947 -0.000000 -16.182947
 -16.784386 -16.784386 -0.000000 -16.784386
 -1.386294 -1.386294 -1.386294 -1.386294
 -1.386294 -1.386294 -1.386294 -1.386294
 -16.864784 -16.864784 -0.000000 -16.864784
 -1.386294 -1.386294 -1.386294 -1.386294
 -1.386294 -1.386294 -1.386294 -1.386294
 -1.386294 -1.386294 -1.386294 -1.386294
 -17.946829 -17.946829 0.000000 -17.946829
 -1.386294 -1.386294 -1.386294 -1.386294
 -1.386294 -1.386294 -1.386294 -1.386294
 -1.386294 -1.386294 -1.386294 -1.386294
 -16.864784 -16.864784 -0.000000 -16.864784
 -1.386294 -1.386294 -1.386294 -1.386294
 -1.386294 -1.386294 -1.386294 -1.386294
 -1.386294 -1.386294 -1.386294 -1.386294
 -17.946829 -17.946829 0.000000 -17.946829
 -1.386294 -1.386294 -1.386294 -1.386294
 -1.386294 -1.386294 -1.386294 -1.386294
 -1.386294 -1.386294 -1.386294 -1.386294
 -18.238680 -18.238680 -18.238680 0.000000
 -1.386294 -1.386294 -1.386294 -1.386294
 -1.386294 -1.386294 -1.386294 -1.386294
 -1.386294 -1.386294 -1.386294 -1.386294
 -1.386294 -1.386294 -1.386294 -1.386294
 -1.386294 -1.386294 -1.386294 -1.386294
 -1.386294 -1.386294 -1.386294 -1.386294
 -1.386294 -1.386294 -1.386294 -1.386294
 -18.238680 -18.238680 -18.238680 0.000000
 -1.386294 -1.386294 -1.386294 -1.386294
 -1.386294 -1.386294 -1.386294 -1.386294
 -1.386294 -1.386294 -1.386294 -1.386294
 -1.386294 -1.386294 -1.386294 -1.386294
 -1.386294 -1.386294 -1.386294 -1.386294
 -1.386294 -1.386294 -1.386294 -1.386294
 -1.386294 -1.386294 -1.386294 -1.386294
 -1.386294 -1.386294 -1.386294 -1.386294
 -18.238680 -1.568424 -0.718908 -1.189601
 -1.386294 -1.386294 -1.386294 -1.386294
 -1.386294 -1.386294 -1.386294 -1.386294
 -1.386294 -1.386294 -1.386294 -1.386294
 -1.386294 -1.386294 -1.386294 -1.386294
 -1.386294 -1.386294 -1.386294 -1.386294
 -1.386294 -1.386294 -1.386294 -1.386294
 -1.386294 -1.386294 -1.386294 -1.386294
 -18.238680 -1.568424 -0.718908 -1.189601
 -1.386294 -1.386294 -1.386294 -1.386294
 -1.386294 -1.386294 -1.386294 -1.386294
 -1.386294 -1.386294 -1.386294 -1.386294
 -1.386294 -1.386294 -1.386294 -1.386294
 -1.386294 -1.386294 -1.386294 -1.386294
 -1.386294 -1.386294 -1.386294 -1.386294
 -1.386294 -1.386294 -1.386294 -1.386294
 -1.386294 -1.386294 -1.386294 -1.386294
 -1.386294 -1.386294 -1.386294 -1.386294
 -1.196517 -1.642804 -1.261436 -1.509272
 -1.475322 -1.463551 -0.996210 -1.768401
 -1.781954 -1.267855 -1.386689 -1.202791
 -1.386294 -1.386294 -1.386294 -1.386294
 -1.386294 -1.386294 -1.386294 -1.386294
 -1.386294 -1.386294 -1.386294 -1.386294
 -1.386294 -1.386294 -1.386294 -1.386294
 -1.386294 -1.386294 -1.386294 -1.386294
 -1.196517 -1.642804 -1.261436 -1.509272
 -1.475322 -1.463551 -0.996210 -1.768401
 -1.781954 -1.267855 -1.386689 -1.202791
 -1.296775 -1.576613 -1.545842 -1.181620
 -1.399143 -1.547562 -1.658494 -1.049822
 -1.418818 -1.179822 -1.824283 -1.240176
 -1.643190 -1.417066 -1.478435 -1.089992
 -1.329136 -1.446919 -1.632818 -1.188684
 -1.200803 -1.514128 -1.567474 -1.307571
 -1.493037 -1.302842 -1.366945 -1.391637
 -1.659538 -1.374152 -1.343589 -1.218033
 -1.296775 -1.576613 -1.545842 -1.181620
 -1.399143 -1.547562 -1.658494 -1.049822
 -1.418818 -1.179822 -1.824283 -1.240176
 -1.643190 -1.417066 -1.478435 -1.089992
 -1.329136 -1.446919 -1.632818 -1.188684
 -1.200803 -1.514128 -1.567474 -1.307571
 -1.493037 -1.302842 -1.366945 -1.391637
 -1.659538 -1.374152 -1.343589 -1.218033
 -1.550597 -1.473792 -1.136764 -1.435619
 -1.633391 -1.243926 -1.143564 -1.620488
 -1.513431 -1.344465 -1.160744 -1.580294
 -2.031723 -1.474647 -0.815986 -1.620358
 -1.474519 -1.441103 -1.305227 -1.334335
 -1.405602 -1.356375 -1.334776 -1.452559
 -1.493606 -1.413563 -1.156390 -1.525355
 -1.930003 -1.177601 -1.172136 -1.439143
 -1.550597 -1.473792 -1.136764 -1.435619
 -1.633391 -1.243926 -1.143564 -1.620488
 -1.513431 -1.344465 -1.160744 -1.580294
 -2.031723 -1.474647 -0.815986 -1.620358
 -1.474519 -1.441103 -1.305227 -1.334335
 -1.405602 -1.356375 -1.334776 -1.452559
 -1.493606 -1.413563 -1.156390 -1.525355
 -1.930003 -1.177601 -1.172136 -1.439143
 -1.345329 -1.493382 -1.363848 -1.349927
 -1.399481 -1.521699 -1.106284 -1.588908
 -1.385432 -1.402824 -1.171991 -1.639212
 -1.794040 -1.568160 -1.070536 -1.264218
 -1.378728 -1.457097 -1.548069 -1.195570
 -1.343328 -1.730274 -1.123305 -1.441446
 -1.685237 -1.431216 -0.936190 -1.695745
 -2.049227 -1.313356 -1.165198 -1.236535
 -1.345329 -1.493382 -1.363848 -1.349927
 -1.399481 -1.521699 -1.106284 -1.588908
 -1.385432 -1.402824 -1.171991 -1.639212
 -1.794040 -1.568160 -1.070536 -1.264218
 -1.378728 -1.457097 -1.548069 -1.195570
 -1.343328 -1.730274 -1.123305 -1.441446
 -1.685237 -1.431216 -0.936190 -1.695745
 -2.049227 -1.313356 -1.165198 -1.236535
 -1.368348 -1.628738 -1.408676 -1.188004
 -1.347149 -1.470565 -1.587290 -1.185004
 -1.368647 -1.290175 -1.607955 -1.309223
 -1.736330 -1.594013 -1.202247 -1.138787
 -1.375365 -1.520698 -1.690804 -1.066177
 -1.319155 -1.596787 -1.514549 -1.170586
 -1.459991 -1.351019 -1.288141 -1.456707
 -1.799712 -1.561119 -1.315587 -1.031602
 -1.368348 -1.628738 -1.408676 -1.188004
 -1.347149 -1.470565 -1.587290 -1.185004
 -1.368647 -1.290175 -1.607955 -1.309223
 -1.736330 -1.594013 -1.202247 -1.138787
 -1.375365 -1.520698 -1.690804 -1.066177
 -1.319155 -1.596787 -1.514549 -1.170586
 -1.459991 -1.351019 -1.288141 -1.456707
 -1.799712 -1.561119 -1.315587 -1.031602
 -1.638771 -1.353417 -1.085153 -1.562672
 -1.537375 -1.397426 -1.045614 -1.680145
 -1.498726 -1.148623 -1.301236 -1.674952
 -1.946708 -1.460770 -0.913504 -1.495739
 -1.444228 -1.434127 -1.263600 -1.414226
 -1.399816 -1.375365 -1.305407 -1.471642
 -1.564669 -1.240353 -1.211983 -1.589860
 -1.990035 -1.202109 -1.152813 -1.398357
 -1.638771 -1.353417 -1.085153 -1.562672
 -1.537375 -1.397426 -1.045614 -1.680145
 -1.498726 -1.148623 -1.301236 -1.674952
 -1.946708 -1.460770 -0.913504 -1.495739
 -1.444228 -1.434127 -1.263600 -1.414226
 -1.399816 -1.375365 -1.305407 -1.471642
 -1.564669 -1.240353 -1.211983 -1.589860
 -1.990035 -1.202109 -1.152813 -1.398357
 -1.412770 -1.510033 -1.234522 -1.407904
 -1.494928 -1.470636 -1.183954 -1.427576
 -1.368580 -1.382048 -1.313281 -1.489294
 -1.750111 -1.619206 -1.199528 -1.118245
 -1.461677 -1.524020 -1.272056 -1.309098
 -1.464587 -1.564073 -1.100365 -1.483708
 -1.596859 -1.413989 -1.007612 -1.664912
 -1.910819 -1.419492 -1.125501 -1.252763
 -1.412770 -1.510033 -1.234522 -1.407904
 -1.494928 -1.470636 -1.183954 -1.427576
 -1.368580 -1.382048 -1.313281 -1.489294
 -1.750111 -1.619206 -1.199528 -1.118245
 -1.461677 -1.524020 -1.272056 -1.309098
 -1.464587 -1.564073 -1.100365 -1.483708
 -1.596859 -1.413989 -1.007612 -1.664912
 -1.910819 -1.419492 -1.125501 -1.252763
 -1.490533 -1.604400 -1.280934 -1.217532
 -1.411184 -1.486533 -1.473574 -1.201027
 -1.442789 -1.228603 -1.522301 -1.375071
 -1.616703 -1.611508 -1.272080 -1.134406
 -1.411741 -1.475592 -1.617004 -1.111255
 -1.365147 -1.666133 -1.442990 -1.141123
 -1.501345 -1.423734 -1.224245 -1.417261
 -1.696364 -1.498015 -1.314997 -1.125154
 -1.490533 -1.604400 -1.280934 -1.217532
 -1.411184 -1.486533 -1.473574 -1.201027
 -1.442789 -1.228603 -1.522301 -1.375071
 -1.616703 -1.611508 -1.272080 -1.134406
 -1.411741 -1.475592 -1.617004 -1.111255
 -1.365147 -1.666133 -1.442990 -1.141123
 -1.501345 -1.423734 -1.224245 -1.417261
 -1.696364 -1.498015 -1.314997 -1.125154
