 -2.741294 0.000100 0.000100 0.000100
 -3.112154 0.000100 0.000100 0.000100
 -2.748362 0.000100 0.000100 0.000100
 -2.471375 0.000100 0.000100 0.000100
 -2.699909 0.000100 0.000100 0.000100
 -3.153826 0.000100 0.000100 0.000100
 -2.679842 0.000100 0.000100 0.000100
 -2.748362 0.000100 0.000100 0.000100
 -2.741294 0.000100 0.000100 0.000100
 -3.112154 0.000100 0.000100 0.000100
 -2.748362 0.000100 0.000100 0.000100
 -2.471375 0.000100 0.000100 0.000100
 -2.699909 0.000100 0.000100 0.000100
 -3.153826 0.000100 0.000100 0.000100
 -2.679842 0.000100 0.000100 0.000100
 -2.748362 0.000100 0.000100 0.000100
 -1.127186 -1.960093 -1.372308 -1.266948
 -1.119233 -1.694594 -1.589234 -1.252764
 -1.393412 -1.514772 -1.770705 -1.016935
 -1.536867 -1.760010 -1.021055 -1.375599
 -1.470852 -1.596014 -1.531476 -1.045969
 -1.452252 -2.145395 -1.498772 -0.854417
 -1.881784 -1.461932 -1.167133 -1.188639
 -1.616555 -1.581463 -1.652922 -0.905710
 -1.127186 -1.960093 -1.372308 -1.266948
 -1.119233 -1.694594 -1.589234 -1.252764
 -1.393412 -1.514772 -1.770705 -1.016935
 -1.536867 -1.760010 -1.021055 -1.375599
 -1.470852 -1.596014 -1.531476 -1.045969
 -1.452252 -2.145395 -1.498772 -0.854417
 -1.881784 -1.461932 -1.167133 -1.188639
 -1.616555 -1.581463 -1.652922 -0.905710
 -14.137597 -2.154662 -1.056054 -0.623190
 -13.963934 -1.618095 -1.575536 -0.519486
 -14.144817 -1.437966 -1.567178 -0.590670
 -14.452089 -1.658227 -1.130874 -0.719959
 -14.014364 -2.164960 -1.338285 -0.473290
 -13.710155 -1.727219 -1.609437 -0.474461
 -14.115618 -1.439539 -1.191703 -0.778142
 -14.357837 -1.889396 -1.592146 -0.437966
 -14.137597 -2.154662 -1.056054 -0.623190
 -13.963934 -1.618095 -1.575536 -0.519486
 -14.144817 -1.437966 -1.567178 -0.590670
 -14.452089 -1.658227 -1.130874 -0.719959
 -14.014364 -2.164960 -1.338285 -0.473290
 -13.710155 -1.727219 -1.609437 -0.474461
 -14.115618 -1.439539 -1.191703 -0.778142
 -14.357837 -1.889396 -1.592146 -0.437966
 -1.386294 -1.386294 -1.386294 -1.386294
 -13.764221 -13.764221 -0.000003 -13.764221
 -14.220979 -14.220979 -0.000002 -14.220979
 -14.876768 -14.876768 -0.000001 -14.876768
 -1.386294 -1.386294 -1.386294 -1.386294
 -13.825465 -13.825465 -0.000003 -13.825465
 -14.137597 -14.137597 -0.000002 -14.137597
 -15.003355 -15.003355 -0.000001 -15.003355
 -1.386294 -1.386294 -1.386294 -1.386294
 -13.764221 -13.764221 -0.000003 -13.764221
 -14.220979 -14.220979 -0.000002 -14.220979
 -14.876768 -14.876768 -0.000001 -14.876768
 -1.386294 -1.386294 -1.386294 -1.386294
 -13.825465 -13.825465 -0.000003 -13.825465
 -14.137597 -14.137597 -0.000002 -14.137597
 -15.003355 -15.003355 -0.000001 -15.003355
 -1.386294 -1.386294 -1.386294 -1.386294
 -1.386294 -1.386294 -1.386294 -1.386294
 -14.873302 -14.873302 -0.000001 -14.873302
 -1.386294 -1.386294 -1.386294 -1.386294
 -1.386294 -1.386294 -1.386294 -1.386294
 -1.386294 -1.386294 -1.386294 -1.386294
 -15.911072 -15.911072 -0.000000 -15.911072
 -1.386294 -1.386294 -1.386294 -1.386294
 -1.386294 -1.386294 -1.386294 -1.386294
 -1.386294 -1.386294 -1.386294 -1.386294
 -14.873302 -14.873302 -0.000001 -14.873302
 -1.386294 -1.386294 -1.386294 -1.386294
 -1.386294 -1.386294 -1.386294 -1.386294
 -1.386294 -1.386294 -1.386294 -1.386294
 -15.911072 -15.911072 -0.000000 -15.911072
 -1.386294 -1.386294 -1.386294 -1.386294
 -1.386294 -1.386294 -1.386294 -1.386294
 -1.386294 -1.386294 -1.386294 -1.386294
 -16.214315 -16.214315 -16.214315 -0.000000
 -1.386294 -1.386294 -1.386294 -1.386294
 -1.386294 -1.386294 -1.386294 -1.386294
 -1.386294 -1.386294 -1.386294 -1.386294
 -1.386294 -1.386294 -1.386294 -1.386294
 -1.386294 -1.386294 -1.386294 -1.386294
 -1.386294 -1.386294 -1.386294 -1.386294
 -1.386294 -1.386294 -1.386294 -1.386294
 -16.214315 -16.214315 -16.214315 -0.000000
 -1.386294 -1.386294 -1.386294 -1.386294
 -1.386294 -1.386294 -1.386294 -1.386294
 -1.386294 -1.386294 -1.386294 -1.386294
 -1.386294 -1.386294 -1.386294 -1.386294
 -1.386294 -1.386294 -1.386294 -1.386294
 -1.386294 -1.386294 -1.386294 -1.386294
 -1.386294 -1.386294 -1.386294 -1.386294
 -1.386294 -1.386294 -1.386294 -1.386294
 -0.000000 -16.214315 -16.214315 -16.214315
 -1.386294 -1.386294 -1.386294 -1.386294
 -1.386294 -1.386294 -1.386294 -1.386294
 -1.386294 -1.386294 -1.386294 -1.386294
 -1.386294 -1.386294 -1.386294 -1.386294
 -1.386294 -1.386294 -1.386294 -1.386294
 -1.386294 -1.386294 -1.386294 -1.386294
 -1.386294 -1.386294 -1.386294 -1.386294
 -0.000000 -16.214315 -16.214315 -16.214315
 -1.386294 -1.386294 -1.386294 -1.386294
 -1.386294 -1.386294 -1.386294 -1.386294
 -1.386294 -1.386294 -1.386294 -1.386294
 -1.386294 -1.386294 -1.386294 -1.386294
 -1.386294 -1.386294 -1.386294 -1.386294
 -1.386294 -1.386294 -1.386294 -1.386294
 -1.386294 -1.386294 -1.386294 -1.386294
 -1.386294 -1.386294 -1.386294 -1.386294
 -1.519177 -1.303531 -1.383573 -1.351485
 -1.386294 -1.386294 -1.386294 -1.386294
 -1.386294 -1.386294 -1.386294 -1.386294
 -1.386294 -1.386294 -1.386294 -1.386294
 -1.386294 -1.386294 -1.386294 -1.386294
 -1.386294 -1.386294 -1.386294 -1.386294
 -1.386294 -1.386294 -1.386294 -1.386294
 -1.386294 -1.386294 -1.386294 -1.386294
 -1.519177 -1.303531 -1.383573 -1.351485
 -1.386294 -1.386294 -1.386294 -1.386294
 -1.386294 -1.386294 -1.386294 -1.386294
 -1.386294 -1.386294 -1.386294 -1.386294
 -0.920449 -1.495813 -14.695139 -0.973938
 -0.981945 -1.330996 -14.910786 -1.018313
 -1.131765 -1.143064 -14.830743 -1.025281
 -1.348424 -1.221673 -14.862831 -0.808303
 -1.386294 -1.386294 -1.386294 -1.386294
 -1.386294 -1.386294 -1.386294 -1.386294
 -1.386294 -1.386294 -1.386294 -1.386294
 -1.386294 -1.386294 -1.386294 -1.386294
 -0.920449 -1.495813 -14.695139 -0.973938
 -0.981945 -1.330996 -14.910786 -1.018313
 -1.131765 -1.143064 -14.830743 -1.025281
 -1.348424 -1.221673 -14.862831 -0.808303
 -1.386294 -1.386294 -1.386294 -1.386294
 -1.386294 -1.386294 -1.386294 -1.386294
 -1.386294 -1.386294 -1.386294 -1.386294
 -1.386294 -1.386294 -1.386294 -1.386294
 -1.030702 -2.042300 -1.391714 -1.328536
 -0.912777 -1.521839 -2.183235 -1.318241
 -1.386294 -1.386294 -1.386294 -1.386294
 -1.186581 -1.951186 -1.239691 -1.335001
 -1.114873 -1.929908 -1.536867 -1.165304
 -1.265109 -1.430188 -1.567389 -1.309561
 -1.386294 -1.386294 -1.386294 -1.386294
 -1.452252 -1.508342 -1.365241 -1.240078
 -1.030702 -2.042300 -1.391714 -1.328536
 -0.912777 -1.521839 -2.183235 -1.318241
 -1.386294 -1.386294 -1.386294 -1.386294
 -1.186581 -1.951186 -1.239691 -1.335001
 -1.114873 -1.929908 -1.536867 -1.165304
 -1.265109 -1.430188 -1.567389 -1.309561
 -1.386294 -1.386294 -1.386294 -1.386294
 -1.452252 -1.508342 -1.365241 -1.240078
 -1.260669 -1.753143 -1.378451 -1.233270
 -1.292769 -0.987389 -2.322376 -1.366876
 -1.276294 -1.276294 -1.563975 -1.458615
 -1.728388 -1.581786 -1.340624 -1.035244
 -1.314836 -1.686398 -1.314836 -1.280934
 -1.366360 -1.366360 -1.636650 -1.219757
 -1.579584 -1.344745 -1.392373 -1.255798
 -1.491655 -1.634755 -1.328026 -1.155183
 -1.260669 -1.753143 -1.378451 -1.233270
 -1.292769 -0.987389 -2.322376 -1.366876
 -1.276294 -1.276294 -1.563975 -1.458615
 -1.728388 -1.581786 -1.340624 -1.035244
 -1.314836 -1.686398 -1.314836 -1.280934
 -1.366360 -1.366360 -1.636650 -1.219757
 -1.579584 -1.344745 -1.392373 -1.255798
 -1.491655 -1.634755 -1.328026 -1.155183
 -1.412963 -1.589893 -1.360319 -1.217218
 -1.222227 -1.222227 -1.681758 -1.492516
 -1.219757 -1.477586 -1.538210 -1.340385
 -1.603358 -1.516347 -1.315677 -1.168041
 -1.198243 -1.709066 -1.618095 -1.142673
 -1.369487 -1.274177 -1.880311 -1.159767
 -1.412727 -1.377636 -1.279197 -1.486835
 -1.596859 -1.766757 -1.349023 -1.002153
 -1.412963 -1.589893 -1.360319 -1.217218
 -1.222227 -1.222227 -1.681758 -1.492516
 -1.219757 -1.477586 -1.538210 -1.340385
 -1.603358 -1.516347 -1.315677 -1.168041
 -1.198243 -1.709066 -1.618095 -1.142673
 -1.369487 -1.274177 -1.880311 -1.159767
 -1.412727 -1.377636 -1.279197 -1.486835
 -1.596859 -1.766757 -1.349023 -1.002153
 -1.232144 -1.974079 -1.332227 -1.185624
 -1.310945 -1.526056 -1.749198 -1.081371
 -0.924260 -1.617405 -1.578185 -1.617405
 -1.464072 -1.854937 -0.965082 -1.464072
 -1.201470 -1.523053 -1.671472 -1.226788
 -1.006020 -1.432104 -1.853316 -1.432104
 -1.206601 -1.708692 -1.548350 -1.180626
 -1.427116 -1.475906 -1.475906 -1.194494
 -1.232144 -1.974079 -1.332227 -1.185624
 -1.310945 -1.526056 -1.749198 -1.081371
 -0.924260 -1.617405 -1.578185 -1.617405
 -1.464072 -1.854937 -0.965082 -1.464072
 -1.201470 -1.523053 -1.671472 -1.226788
 -1.006020 -1.432104 -1.853316 -1.432104
 -1.206601 -1.708692 -1.548350 -1.180626
 -1.427116 -1.475906 -1.475906 -1.194494
 -1.264598 -1.670062 -1.446919 -1.223776
 -1.316615 -1.048352 -2.009758 -1.396657
 -1.495493 -1.227230 -1.386294 -1.457753
 -1.464072 -1.623136 -1.252763 -1.252763
 -1.221215 -1.717651 -1.265667 -1.412270
 -1.098613 -1.455287 -1.843051 -1.290985
 -1.256420 -1.393620 -1.282395 -1.661883
 -1.399033 -1.536234 -1.349023 -1.278406
 -1.264598 -1.670062 -1.446919 -1.223776
 -1.316615 -1.048352 -2.009758 -1.396657
 -1.495493 -1.227230 -1.386294 -1.457753
 -1.464072 -1.623136 -1.252763 -1.252763
 -1.221215 -1.717651 -1.265667 -1.412270
 -1.098613 -1.455287 -1.843051 -1.290985
 -1.256420 -1.393620 -1.282395 -1.661883
 -1.399033 -1.536234 -1.349023 -1.278406
 -1.307704 -1.701607 -1.262242 -1.331235
 -1.138459 -1.633154 -1.716535 -1.188469
 -1.433761 -1.433761 -1.279611 -1.406362
 -1.581463 -1.729883 -1.311174 -1.056940
 -1.468738 -1.567178 -1.350955 -1.196805
 -1.301953 -1.650259 -1.783790 -0.999673
 -1.134015 -1.161414 -1.700408 -1.700408
 -1.630639 -1.595548 -1.379326 -1.050822
 -1.307704 -1.701607 -1.262242 -1.331235
 -1.138459 -1.633154 -1.716535 -1.188469
 -1.433761 -1.433761 -1.279611 -1.406362
 -1.581463 -1.729883 -1.311174 -1.056940
 -1.468738 -1.567178 -1.350955 -1.196805
 -1.301953 -1.650259 -1.783790 -0.999673
 -1.134015 -1.161414 -1.700408 -1.700408
 -1.630639 -1.595548 -1.379326 -1.050822
 -2.741294 0.000100 0.000100 0.000100
 -3.112154 0.000100 0.000100 0.000100
 -2.748362 0.000100 0.000100 0.000100
 -2.471375 0.000100 0.000100 0.000100
 -2.699909 0.000100 0.000100 0.000100
 -3.153826 0.000100 0.000100 0.000100
 -2.679842 0.000100 0.000100 0.000100
 -2.748362 0.000100 0.000100 0.000100
 -2.741294 0.000100 0.000100 0.000100
 -3.112154 0.000100 0.000100 0.000100
 -2.748362 0.000100 0.000100 0.000100
 -2.471375 0.000100 0.000100 0.000100
 -2.699909 0.000100 0.000100 0.000100
 -3.153826 0.000100 0.000100 0.000100
 -2.679842 0.000100 0.000100 0.000100
 -2.748362 0.000100 0.000100 0.000100
 -1.127186 -1.960093 -1.372308 -1.266948
 -1.119233 -1.694594 -1.589234 -1.252764
 -1.393412 -1.514772 -1.770705 -1.016935
 -1.536867 -1.760010 -1.021055 -1.375599
 -1.470852 -1.596014 -1.531476 -1.045969
 -1.452252 -2.145395 -1.498772 -0.854417
 -1.881784 -1.461932 -1.167133 -1.188639
 -1.616555 -1.581463 -1.652922 -0.905710
 -1.127186 -1.960093 -1.372308 -1.266948
 -1.119233 -1.694594 -1.589234 -1.252764
 -1.393412 -1.514772 -1.770705 -1.016935
 -1.536867 -1.760010 -1.021055 -1.375599
 -1.470852 -1.596014 -1.531476 -1.045969
 -1.452252 -2.145395 -1.498772 -0.854417
 -1.881784 -1.461932 -1.167133 -1.188639
 -1.616555 -1.581463 -1.652922 -0.905710
 -14.137597 -2.154662 -1.056054 -0.623190
 -13.963934 -1.618095 -1.575536 -0.519486
 -14.144817 -1.437966 -1.567178 -0.590670
 -14.452089 -1.658227 -1.130874 -0.719959
 -14.014364 -2.164960 -1.338285 -0.473290
 -13.710155 -1.727219 -1.609437 -0.474461
 -14.115618 -1.439539 -1.191703 -0.778142
 -14.357837 -1.889396 -1.592146 -0.437966
 -14.137597 -2.154662 -1.056054 -0.623190
 -13.963934 -1.618095 -1.575536 -0.519486
 -14.144817 -1.437966 -1.567178 -0.590670
 -14.452089 -1.658227 -1.130874 -0.719959
 -14.014364 -2.164960 -1.338285 -0.473290
 -13.710155 -1.727219 -1.609437 -0.474461
 -14.115618 -1.439539 -1.191703 -0.778142
 -14.357837 -1.889396 -1.592146 -0.437966
 -1.386294 -1.386294 -1.386294 -1.386294
 -13.764221 -13.764221 -0.000003 -13.764221
 -14.220979 -14.220979 -0.000002 -14.220979
 -14.876768 -14.876768 -0.000001 -14.876768
 -1.386294 -1.386294 -1.386294 -1.386294
 -13.825465 -13.825465 -0.000003 -13.825465
 -14.137597 -14.137597 -0.000002 -14.137597
 -15.003355 -15.003355 -0.000001 -15.003355
 -1.386294 -1.386294 -1.386294 -1.386294
 -13.764221 -13.764221 -0.000003 -13.764221
 -14.220979 -14.220979 -0.000002 -14.220979
 -14.876768 -14.876768 -0.000001 -14.876768
 -1.386294 -1.386294 -1.386294 -1.386294
 -13.825465 -13.825465 -0.000003 -13.825465
 -14.137597 -14.137597 -0.000002 -14.137597
 -15.003355 -15.003355 -0.000001 -15.003355
 -1.386294 -1.386294 -1.386294 -1.386294
 -1.386294 -1.386294 -1.386294 -1.386294
 -14.873302 -14.873302 -0.000001 -14.873302
 -1.386294 -1.386294 -1.386294 -1.386294
 -1.386294 -1.386294 -1.386294 -1.386294
 -1.386294 -1.386294 -1.386294 -1.386294
 -15.911072 -15.911072 -0.000000 -15.911072
 -1.386294 -1.386294 -1.386294 -1.386294
 -1.386294 -1.386294 -1.386294 -1.386294
 -1.386294 -1.386294 -1.386294 -1.386294
 -14.873302 -14.873302 -0.000001 -14.873302
 -1.386294 -1.386294 -1.386294 -1.386294
 -1.386294 -1.386294 -1.386294 -1.386294
 -1.386294 -1.386294 -1.386294 -1.386294
 -15.911072 -15.911072 -0.000000 -15.911072
 -1.386294 -1.386294 -1.386294 -1.386294
 -1.386294 -1.386294 -1.386294 -1.386294
 -1.386294 -1.386294 -1.386294 -1.386294
 -16.214315 -16.214315 -16.214315 -0.000000
 -1.386294 -1.386294 -1.386294 -1.386294
 -1.386294 -1.386294 -1.386294 -1.386294
 -1.386294 -1.386294 -1.386294 -1.386294
 -1.386294 -1.386294 -1.386294 -1.386294
 -1.386294 -1.386294 -1.386294 -1.386294
 -1.386294 -1.386294 -1.386294 -1.386294
 -1.386294 -1.386294 -1.386294 -1.386294
 -16.214315 -16.214315 -16.214315 -0.000000
 -1.386294 -1.386294 -1.386294 -1.386294
 -1.386294 -1.386294 -1.386294 -1.386294
 -1.386294 -1.386294 -1.386294 -1.386294
 -1.386294 -1.386294 -1.386294 -1.386294
 -1.386294 -1.386294 -1.386294 -1.386294
 -1.386294 -1.386294 -1.386294 -1.386294
 -1.386294 -1.386294 -1.386294 -1.386294
 -1.386294 -1.386294 -1.386294 -1.386294
 -0.000000 -16.214315 -16.214315 -16.214315
 -1.386294 -1.386294 -1.386294 -1.386294
 -1.386294 -1.386294 -1.386294 -1.386294
 -1.386294 -1.386294 -1.386294 -1.386294
 -1.386294 -1.386294 -1.386294 -1.386294
 -1.386294 -1.386294 -1.386294 -1.386294
 -1.386294 -1.386294 -1.386294 -1.386294
 -1.386294 -1.386294 -1.386294 -1.386294
 -0.000000 -16.214315 -16.214315 -16.214315
 -1.386294 -1.386294 -1.386294 -1.386294
 -1.386294 -1.386294 -1.386294 -1.386294
 -1.386294 -1.386294 -1.386294 -1.386294
 -1.386294 -1.386294 -1.386294 -1.386294
 -1.386294 -1.386294 -1.386294 -1.386294
 -1.386294 -1.386294 -1.386294 -1.386294
 -1.386294 -1.386294 -1.386294 -1.386294
 -1.386294 -1.386294 -1.386294 -1.386294
 -1.519177 -1.303531 -1.383573 -1.351485
 -1.386294 -1.386294 -1.386294 -1.386294
 -1.386294 -1.386294 -1.386294 -1.386294
 -1.386294 -1.386294 -1.386294 -1.386294
 -1.386294 -1.386294 -1.386294 -1.386294
 -1.386294 -1.386294 -1.386294 -1.386294
 -1.386294 -1.386294 -1.386294 -1.386294
 -1.386294 -1.386294 -1.386294 -1.386294
 -1.519177 -1.303531 -1.383573 -1.351485
 -1.386294 -1.386294 -1.386294 -1.386294
 -1.386294 -1.386294 -1.386294 -1.386294
 -1.386294 -1.386294 -1.386294 -1.386294
 -0.920449 -1.495813 -14.695139 -0.973938
 -0.981945 -1.330996 -14.910786 -1.018313
 -1.131765 -1.143064 -14.830743 -1.025281
 -1.348424 -1.221673 -14.862831 -0.808303
 -1.386294 -1.386294 -1.386294 -1.386294
 -1.386294 -1.386294 -1.386294 -1.386294
 -1.386294 -1.386294 -1.386294 -1.386294
 -1.386294 -1.386294 -1.386294 -1.386294
 -0.920449 -1.495813 -14.695139 -0.973938
 -0.981945 -1.330996 -14.910786 -1.018313
 -1.131765 -1.143064 -14.830743 -1.025281
 -1.348424 -1.221673 -14.862831 -0.808303
 -1.386294 -1.386294 -1.386294 -1.386294
 -1.386294 -1.386294 -1.386294 -1.386294
 -1.386294 -1.386294 -1.386294 -1.386294
 -1.386294 -1.386294 -1.386294 -1.386294
 -1.030702 -2.042300 -1.391714 -1.328536
 -0.912777 -1.521839 -2.183235 -1.318241
 -1.386294 -1.386294 -1.386294 -1.386294
 -1.186581 -1.951186 -1.239691 -1.335001
 -1.114873 -1.929908 -1.536867 -1.165304
 -1.265109 -1.430188 -1.567389 -1.309561
 -1.386294 -1.386294 -1.386294 -1.386294
 -1.452252 -1.508342 -1.365241 -1.240078
 -1.030702 -2.042300 -1.391714 -1.328536
 -0.912777 -1.521839 -2.183235 -1.318241
 -1.386294 -1.386294 -1.386294 -1.386294
 -1.186581 -1.951186 -1.239691 -1.335001
 -1.114873 -1.929908 -1.536867 -1.165304
 -1.265109 -1.430188 -1.567389 -1.309561
 -1.386294 -1.386294 -1.386294 -1.386294
 -1.452252 -1.508342 -1.365241 -1.240078
 -1.260669 -1.753143 -1.378451 -1.233270
 -1.292769 -0.987389 -2.322376 -1.366876
 -1.276294 -1.276294 -1.563975 -1.458615
 -1.728388 -1.581786 -1.340624 -1.035244
 -1.314836 -1.686398 -1.314836 -1.280934
 -1.366360 -1.366360 -1.636650 -1.219757
 -1.579584 -1.344745 -1.392373 -1.255798
 -1.491655 -1.634755 -1.328026 -1.155183
 -1.260669 -1.753143 -1.378451 -1.233270
 -1.292769 -0.987389 -2.322376 -1.366876
 -1.276294 -1.276294 -1.563975 -1.458615
 -1.728388 -1.581786 -1.340624 -1.035244
 -1.314836 -1.686398 -1.314836 -1.280934
 -1.366360 -1.366360 -1.636650 -1.219757
 -1.579584 -1.344745 -1.392373 -1.255798
 -1.491655 -1.634755 -1.328026 -1.155183
 -1.412963 -1.589893 -1.360319 -1.217218
 -1.222227 -1.222227 -1.681758 -1.492516
 -1.219757 -1.477586 -1.538210 -1.340385
 -1.603358 -1.516347 -1.315677 -1.168041
 -1.198243 -1.709066 -1.618095 -1.142673
 -1.369487 -1.274177 -1.880311 -1.159767
 -1.412727 -1.377636 -1.279197 -1.486835
 -1.596859 -1.766757 -1.349023 -1.002153
 -1.412963 -1.589893 -1.360319 -1.217218
 -1.222227 -1.222227 -1.681758 -1.492516
 -1.219757 -1.477586 -1.538210 -1.340385
 -1.603358 -1.516347 -1.315677 -1.168041
 -1.198243 -1.709066 -1.618095 -1.142673
 -1.369487 -1.274177 -1.880311 -1.159767
 -1.412727 -1.377636 -1.279197 -1.486835
 -1.596859 -1.766757 -1.349023 -1.002153
 -1.232144 -1.974079 -1.332227 -1.185624
 -1.310945 -1.526056 -1.749198 -1.081371
 -0.924260 -1.617405 -1.578185 -1.617405
 -1.464072 -1.854937 -0.965082 -1.464072
 -1.201470 -1.523053 -1.671472 -1.226788
 -1.006020 -1.432104 -1.853316 -1.432104
 -1.206601 -1.708692 -1.548350 -1.180626
 -1.427116 -1.475906 -1.475906 -1.194494
 -1.232144 -1.974079 -1.332227 -1.185624
 -1.310945 -1.526056 -1.749198 -1.081371
 -0.924260 -1.617405 -1.578185 -1.617405
 -1.464072 -1.854937 -0.965082 -1.464072
 -1.201470 -1.523053 -1.671472 -1.226788
 -1.006020 -1.432104 -1.853316 -1.432104
 -1.206601 -1.708692 -1.548350 -1.180626
 -1.427116 -1.475906 -1.475906 -1.194494
 -1.264598 -1.670062 -1.446919 -1.223776
 -1.316615 -1.048352 -2.009758 -1.396657
 -1.495493 -1.227230 -1.386294 -1.457753
 -1.464072 -1.623136 -1.252763 -1.252763
 -1.221215 -1.717651 -1.265667 -1.412270
 -1.098613 -1.455287 -1.843051 -1.290985
 -1.256420 -1.393620 -1.282395 -1.661883
 -1.399033 -1.536234 -1.349023 -1.278406
 -1.264598 -1.670062 -1.446919 -1.223776
 -1.316615 -1.048352 -2.009758 -1.396657
 -1.495493 -1.227230 -1.386294 -1.457753
 -1.464072 -1.623136 -1.252763 -1.252763
 -1.221215 -1.717651 -1.265667 -1.412270
 -1.098613 -1.455287 -1.843051 -1.290985
 -1.256420 -1.393620 -1.282395 -1.661883
 -1.399033 -1.536234 -1.349023 -1.278406
 -1.307704 -1.701607 -1.262242 -1.331235
 -1.138459 -1.633154 -1.716535 -1.188469
 -1.433761 -1.433761 -1.279611 -1.406362
 -1.581463 -1.729883 -1.311174 -1.056940
 -1.468738 -1.567178 -1.350955 -1.196805
 -1.301953 -1.650259 -1.783790 -0.999673
 -1.134015 -1.161414 -1.700408 -1.700408
 -1.630639 -1.595548 -1.379326 -1.050822
 -1.307704 -1.701607 -1.262242 -1.331235
 -1.138459 -1.633154 -1.716535 -1.188469
 -1.433761 -1.433761 -1.279611 -1.406362
 -1.581463 -1.729883 -1.311174 -1.056940
 -1.468738 -1.567178 -1.350955 -1.196805
 -1.301953 -1.650259 -1.783790 -0.999673
 -1.134015 -1.161414 -1.700408 -1.700408
 -1.630639 -1.595548 -1.379326 -1.050822
