 -2.600219 0.000100 0.000100 0.000100
 -2.823361 0.000100 0.000100 0.000100
 -2.669211 0.000100 0.000100 0.000100
 -2.669211 0.000100 0.000100 0.000100
 -2.823361 0.000100 0.000100 0.000100
 -3.228822 0.000100 0.000100 0.000100
 -2.417898 0.000100 0.000100 0.000100
 -3.228822 0.000100 0.000100 0.000100
 -2.600219 0.000100 0.000100 0.000100
 -2.823361 0.000100 0.000100 0.000100
 -2.669211 0.000100 0.000100 0.000100
 -2.669211 0.000100 0.000100 0.000100
 -2.823361 0.000100 0.000100 0.000100
 -3.228822 0.000100 0.000100 0.000100
 -2.417898 0.000100 0.000100 0.000100
 -3.228822 0.000100 0.000100 0.000100
 -0.000020 -11.918417 -11.918417 -11.918417
 -0.000025 -11.695280 -11.695280 -11.695280
 -0.000021 -11.849426 -11.849426 -11.849426
 -0.000021 -11.849426 -11.849426 -11.849426
 -0.000025 -11.695280 -11.695280 -11.695280
 -0.000038 -11.289832 -11.289832 -11.289832
 -0.000017 -12.100734 -12.100734 -12.100734
 -0.000038 -11.289832 -11.289832 -11.289832
 -0.000020 -11.918417 -11.918417 -11.918417
 -0.000025 -11.695280 -11.695280 -11.695280
 -0.000021 -11.849426 -11.849426 -11.849426
 -0.000021 -11.849426 -11.849426 -11.849426
 -0.000025 -11.695280 -11.695280 -11.695280
 -0.000038 -11.289832 -11.289832 -11.289832
 -0.000017 -12.100734 -12.100734 -12.100734
 -0.000038 -11.289832 -11.289832 -11.289832
 -0.000005 -13.287885 -13.287885 -13.287885
 -1.386294 -1.386294 -1.386294 -1.386294
 -1.386294 -1.386294 -1.386294 -1.386294
 -1.386294 -1.386294 -1.386294 -1.386294
 -0.000007 -12.948019 -12.948019 -12.948019
 -1.386294 -1.386294 -1.386294 -1.386294
 -1.386294 -1.386294 -1.386294 -1.386294
 -1.386294 -1.386294 -1.386294 -1.386294
 -0.000005 -13.287885 -13.287885 -13.287885
 -1.386294 -1.386294 -1.386294 -1.386294
 -1.386294 -1.386294 -1.386294 -1.386294
 -1.386294 -1.386294 -1.386294 -1.386294
 -0.000007 -12.948019 -12.948019 -12.948019
 -1.386294 -1.386294 -1.386294 -1.386294
 -1.386294 -1.386294 -1.386294 -1.386294
 -1.386294 -1.386294 -1.386294 -1.386294
 -13.825465 -13.825465 -0.000003 -13.825465
 -1.386294 -1.386294 -1.386294 -1.386294
 -1.386294 -1.386294 -1.386294 -1.386294
 -1.386294 -1.386294 -1.386294 -1.386294
 -1.386294 -1.386294 -1.386294 -1.386294
 -1.386294 -1.386294 -1.386294 -1.386294
 -1.386294 -1.386294 -1.386294 -1.386294
 -1.386294 -1.386294 -1.386294 -1.386294
 -13.825465 -13.825465 -0.000003 -13.825465
 -1.386294 -1.386294 -1.386294 -1.386294
 -1.386294 -1.386294 -1.386294 -1.386294
 -1.386294 -1.386294 -1.386294 -1.386294
 -1.386294 -1.386294 -1.386294 -1.386294
 -1.386294 -1.386294 -1.386294 -1.386294
 -1.386294 -1.386294 -1.386294 -1.386294
 -1.386294 -1.386294 -1.386294 -1.386294
 -1.386294 -1.386294 -1.386294 -1.386294
 -1.386294 -1.386294 -1.386294 -1.386294
 -13.825465 -13.825465 -0.000003 -13.825465
 -1.386294 -1.386294 -1.386294 -1.386294
 -1.386294 -1.386294 -1.386294 -1.386294
 -1.386294 -1.386294 -1.386294 -1.386294
 -1.386294 -1.386294 -1.386294 -1.386294
 -1.386294 -1.386294 -1.386294 -1.386294
 -1.386294 -1.386294 -1.386294 -1.386294
 -1.386294 -1.386294 -1.386294 -1.386294
 -13.825465 -13.825465 -0.000003 -13.825465
 -1.386294 -1.386294 -1.386294 -1.386294
 -1.386294 -1.386294 -1.386294 -1.386294
 -1.386294 -1.386294 -1.386294 -1.386294
 -1.386294 -1.386294 -1.386294 -1.386294
 -1.386294 -1.386294 -1.386294 -1.386294
 -1.386294 -1.386294 -1.386294 -1.386294
 -1.386294 -1.386294 -1.386294 -1.386294
 -13.825465 -13.825465 -13.825465 -0.000003
 -1.386294 -1.386294 -1.386294 -1.386294
 -1.386294 -1.386294 -1.386294 -1.386294
 -1.386294 -1.386294 -1.386294 -1.386294
 -1.386294 -1.386294 -1.386294 -1.386294
 -1.386294 -1.386294 -1.386294 -1.386294
 -1.386294 -1.386294 -1.386294 -1.386294
 -1.386294 -1.386294 -1.386294 -1.386294
 -13.825465 -13.825465 -13.825465 -0.000003
 -1.386294 -1.386294 -1.386294 -1.386294
 -1.386294 -1.386294 -1.386294 -1.386294
 -1.386294 -1.386294 -1.386294 -1.386294
 -1.386294 -1.386294 -1.386294 -1.386294
 -1.386294 -1.386294 -1.386294 -1.386294
 -1.386294 -1.386294 -1.386294 -1.386294
 -1.386294 -1.386294 -1.386294 -1.386294
 -1.386294 -1.386294 -1.386294 -1.386294
 -0.000003 -13.825465 -13.825465 -13.825465
 -1.386294 -1.386294 -1.386294 -1.386294
 -1.386294 -1.386294 -1.386294 -1.386294
 -1.386294 -1.386294 -1.386294 -1.386294
 -1.386294 -1.386294 -1.386294 -1.386294
 -1.386294 -1.386294 -1.386294 -1.386294
 -1.386294 -1.386294 -1.386294 -1.386294
 -1.386294 -1.386294 -1.386294 -1.386294
 -0.000003 -13.825465 -13.825465 -13.825465
 -1.386294 -1.386294 -1.386294 -1.386294
 -1.386294 -1.386294 -1.386294 -1.386294
 -1.386294 -1.386294 -1.386294 -1.386294
 -1.386294 -1.386294 -1.386294 -1.386294
 -1.386294 -1.386294 -1.386294 -1.386294
 -1.386294 -1.386294 -1.386294 -1.386294
 -1.386294 -1.386294 -1.386294 -1.386294
 -1.386294 -1.386294 -1.386294 -1.386294
 -1.619387 -1.976060 -0.951560 -1.282916
 -1.386294 -1.386294 -1.386294 -1.386294
 -1.386294 -1.386294 -1.386294 -1.386294
 -1.386294 -1.386294 -1.386294 -1.386294
 -1.386294 -1.386294 -1.386294 -1.386294
 -1.386294 -1.386294 -1.386294 -1.386294
 -1.386294 -1.386294 -1.386294 -1.386294
 -1.386294 -1.386294 -1.386294 -1.386294
 -1.619387 -1.976060 -0.951560 -1.282916
 -1.386294 -1.386294 -1.386294 -1.386294
 -1.386294 -1.386294 -1.386294 -1.386294
 -1.386294 -1.386294 -1.386294 -1.386294
 -1.203976 -0.916298 -2.995652 -1.386294
 -0.847310 -1.945889 -2.638986 -1.029628
 -1.584118 -1.360977 -1.584118 -1.098615
 -1.945899 -1.722761 -1.722761 -0.693154
 -1.386294 -1.386294 -1.386294 -1.386294
 -1.386294 -1.386294 -1.386294 -1.386294
 -1.386294 -1.386294 -1.386294 -1.386294
 -1.386294 -1.386294 -1.386294 -1.386294
 -1.203976 -0.916298 -2.995652 -1.386294
 -0.847310 -1.945889 -2.638986 -1.029628
 -1.584118 -1.360977 -1.584118 -1.098615
 -1.945899 -1.722761 -1.722761 -0.693154
 -1.386294 -1.386294 -1.386294 -1.386294
 -1.386294 -1.386294 -1.386294 -1.386294
 -1.386294 -1.386294 -1.386294 -1.386294
 -1.386294 -1.386294 -1.386294 -1.386294
 -0.847310 -1.945889 -1.945889 -1.252766
 -0.810940 -1.280936 -2.890294 -1.504075
 -1.098623 -1.504072 -1.504072 -1.504072
 -0.693158 -2.197197 -1.504075 -1.791748
 -1.609428 -0.916306 -2.302525 -1.203979
 -0.847322 -1.945867 -11.156308 -0.847322
 -1.791726 -1.098629 -1.098629 -1.791726
 -1.335002 -2.944360 -0.865006 -1.335002
 -0.847310 -1.945889 -1.945889 -1.252766
 -0.810940 -1.280936 -2.890294 -1.504075
 -1.098623 -1.504072 -1.504072 -1.504072
 -0.693158 -2.197197 -1.504075 -1.791748
 -1.609428 -0.916306 -2.302525 -1.203979
 -0.847322 -1.945867 -11.156308 -0.847322
 -1.791726 -1.098629 -1.098629 -1.791726
 -1.335002 -2.944360 -0.865006 -1.335002
 -1.098621 -2.484840 -1.386294 -1.098621
 -0.916306 -11.512965 -0.916306 -1.609428
 -0.336509 -1.252770 -11.156308 -11.156308
 -1.203979 -2.302525 -1.203979 -1.203979
 -0.916297 -1.427116 -1.609434 -1.832572
 -0.810950 -2.197169 -1.504072 -1.504072
 -0.955522 -1.178661 -1.871783 -1.871783
 -1.609431 -2.014880 -1.098619 -1.098619
 -1.098621 -2.484840 -1.386294 -1.098621
 -0.916306 -11.512965 -0.916306 -1.609428
 -0.336509 -1.252770 -11.156308 -11.156308
 -1.203979 -2.302525 -1.203979 -1.203979
 -0.916297 -1.427116 -1.609434 -1.832572
 -0.810950 -2.197169 -1.504072 -1.504072
 -0.955522 -1.178661 -1.871783 -1.871783
 -1.609431 -2.014880 -1.098619 -1.098619
 -1.098616 -2.484873 -1.386294 -1.098616
 -1.466334 -1.871783 -2.564880 -0.619056
 -1.203979 -0.916306 -2.302525 -1.609428
 -1.609428 -2.302525 -2.302525 -0.510849
 -0.847310 -1.945889 -1.945889 -1.252766
 -1.386294 -10.596735 -0.693197 -1.386294
 -1.252766 -1.252766 -1.252766 -1.945889
 -1.791743 -1.791743 -1.791743 -0.693164
 -1.098616 -2.484873 -1.386294 -1.098616
 -1.466334 -1.871783 -2.564880 -0.619056
 -1.203979 -0.916306 -2.302525 -1.609428
 -1.609428 -2.302525 -2.302525 -0.510849
 -0.847310 -1.945889 -1.945889 -1.252766
 -1.386294 -10.596735 -0.693197 -1.386294
 -1.252766 -1.252766 -1.252766 -1.945889
 -1.791743 -1.791743 -1.791743 -0.693164
 -1.435084 -1.252765 -1.658222 -1.252765
 -1.098621 -1.098621 -1.386294 -2.484840
 -0.955522 -1.178661 -2.564880 -1.466334
 -2.079417 -1.386294 -0.980838 -1.386294
 -0.693172 -2.079391 -2.079391 -1.386294
 -10.819859 -1.609418 -1.609418 -0.510872
 -1.791726 -1.791726 -11.002167 -0.405507
 -1.897107 -0.916298 -1.203976 -1.897107
 -1.435084 -1.252765 -1.658222 -1.252765
 -1.098621 -1.098621 -1.386294 -2.484840
 -0.955522 -1.178661 -2.564880 -1.466334
 -2.079417 -1.386294 -0.980838 -1.386294
 -0.693172 -2.079391 -2.079391 -1.386294
 -10.819859 -1.609418 -1.609418 -0.510872
 -1.791726 -1.791726 -11.002167 -0.405507
 -1.897107 -0.916298 -1.203976 -1.897107
 -2.014880 -1.321758 -0.762152 -2.014880
 -0.693164 -0.875482 -2.484840 -11.695280
 -1.791726 -1.791726 -1.098629 -1.098629
 -2.707977 -1.609431 -0.628623 -1.609431
 -1.098623 -1.098623 -2.197169 -1.504072
 -1.041461 -1.734591 -1.734591 -1.223779
 -1.386294 -2.079417 -1.163156 -1.163156
 -1.704734 -1.704734 -1.011612 -1.299286
 -2.014880 -1.321758 -0.762152 -2.014880
 -0.693164 -0.875482 -2.484840 -11.695280
 -1.791726 -1.791726 -1.098629 -1.098629
 -2.707977 -1.609431 -0.628623 -1.609431
 -1.098623 -1.098623 -2.197169 -1.504072
 -1.041461 -1.734591 -1.734591 -1.223779
 -1.386294 -2.079417 -1.163156 -1.163156
 -1.704734 -1.704734 -1.011612 -1.299286
 -1.609428 -2.302525 -0.916306 -1.203979
 -0.916306 -1.609428 -2.302525 -1.203979
 -1.098619 -0.916301 -1.609431 -2.707977
 -11.608273 -0.788474 -1.704734 -1.011612
 -2.707977 -11.918417 -0.628623 -0.916301
 -0.773204 -1.466334 -1.871783 -1.871783
 -1.673968 -2.079417 -0.980838 -1.163156
 -11.608273 -1.704734 -0.606156 -1.299286
 -1.609428 -2.302525 -0.916306 -1.203979
 -0.916306 -1.609428 -2.302525 -1.203979
 -1.098619 -0.916301 -1.609431 -2.707977
 -11.608273 -0.788474 -1.704734 -1.011612
 -2.707977 -11.918417 -0.628623 -0.916301
 -0.773204 -1.466334 -1.871783 -1.871783
 -1.673968 -2.079417 -0.980838 -1.163156
 -11.608273 -1.704734 -0.606156 -1.299286
 -2.600219 0.000100 0.000100 0.000100
 -2.823361 0.000100 0.000100 0.000100
 -2.669211 0.000100 0.000100 0.000100
 -2.669211 0.000100 0.000100 0.000100
 -2.823361 0.000100 0.000100 0.000100
 -3.228822 0.000100 0.000100 0.000100
 -2.417898 0.000100 0.000100 0.000100
 -3.228822 0.000100 0.000100 0.000100
 -2.600219 0.000100 0.000100 0.000100
 -2.823361 0.000100 0.000100 0.000100
 -2.669211 0.000100 0.000100 0.000100
 -2.669211 0.000100 0.000100 0.000100
 -2.823361 0.000100 0.000100 0.000100
 -3.228822 0.000100 0.000100 0.000100
 -2.417898 0.000100 0.000100 0.000100
 -3.228822 0.000100 0.000100 0.000100
 -0.000020 -11.918417 -11.918417 -11.918417
 -0.000025 -11.695280 -11.695280 -11.695280
 -0.000021 -11.849426 -11.849426 -11.849426
 -0.000021 -11.849426 -11.849426 -11.849426
 -0.000025 -11.695280 -11.695280 -11.695280
 -0.000038 -11.289832 -11.289832 -11.289832
 -0.000017 -12.100734 -12.100734 -12.100734
 -0.000038 -11.289832 -11.289832 -11.289832
 -0.000020 -11.918417 -11.918417 -11.918417
 -0.000025 -11.695280 -11.695280 -11.695280
 -0.000021 -11.849426 -11.849426 -11.849426
 -0.000021 -11.849426 -11.849426 -11.849426
 -0.000025 -11.695280 -11.695280 -11.695280
 -0.000038 -11.289832 -11.289832 -11.289832
 -0.000017 -12.100734 -12.100734 -12.100734
 -0.000038 -11.289832 -11.289832 -11.289832
 -0.000005 -13.287885 -13.287885 -13.287885
 -1.386294 -1.386294 -1.386294 -1.386294
 -1.386294 -1.386294 -1.386294 -1.386294
 -1.386294 -1.386294 -1.386294 -1.386294
 -0.000007 -12.948019 -12.948019 -12.948019
 -1.386294 -1.386294 -1.386294 -1.386294
 -1.386294 -1.386294 -1.386294 -1.386294
 -1.386294 -1.386294 -1.386294 -1.386294
 -0.000005 -13.287885 -13.287885 -13.287885
 -1.386294 -1.386294 -1.386294 -1.386294
 -1.386294 -1.386294 -1.386294 -1.386294
 -1.386294 -1.386294 -1.386294 -1.386294
 -0.000007 -12.948019 -12.948019 -12.948019
 -1.386294 -1.386294 -1.386294 -1.386294
 -1.386294 -1.386294 -1.386294 -1.386294
 -1.386294 -1.386294 -1.386294 -1.386294
 -13.825465 -13.825465 -0.000003 -13.825465
 -1.386294 -1.386294 -1.386294 -1.386294
 -1.386294 -1.386294 -1.386294 -1.386294
 -1.386294 -1.386294 -1.386294 -1.386294
 -1.386294 -1.386294 -1.386294 -1.386294
 -1.386294 -1.386294 -1.386294 -1.386294
 -1.386294 -1.386294 -1.386294 -1.386294
 -1.386294 -1.386294 -1.386294 -1.386294
 -13.825465 -13.825465 -0.000003 -13.825465
 -1.386294 -1.386294 -1.386294 -1.386294
 -1.386294 -1.386294 -1.386294 -1.386294
 -1.386294 -1.386294 -1.386294 -1.386294
 -1.386294 -1.386294 -1.386294 -1.386294
 -1.386294 -1.386294 -1.386294 -1.386294
 -1.386294 -1.386294 -1.386294 -1.386294
 -1.386294 -1.386294 -1.386294 -1.386294
 -1.386294 -1.386294 -1.386294 -1.386294
 -1.386294 -1.386294 -1.386294 -1.386294
 -13.825465 -13.825465 -0.000003 -13.825465
 -1.386294 -1.386294 -1.386294 -1.386294
 -1.386294 -1.386294 -1.386294 -1.386294
 -1.386294 -1.386294 -1.386294 -1.386294
 -1.386294 -1.386294 -1.386294 -1.386294
 -1.386294 -1.386294 -1.386294 -1.386294
 -1.386294 -1.386294 -1.386294 -1.386294
 -1.386294 -1.386294 -1.386294 -1.386294
 -13.825465 -13.825465 -0.000003 -13.825465
 -1.386294 -1.386294 -1.386294 -1.386294
 -1.386294 -1.386294 -1.386294 -1.386294
 -1.386294 -1.386294 -1.386294 -1.386294
 -1.386294 -1.386294 -1.386294 -1.386294
 -1.386294 -1.386294 -1.386294 -1.386294
 -1.386294 -1.386294 -1.386294 -1.386294
 -1.386294 -1.386294 -1.386294 -1.386294
 -13.825465 -13.825465 -13.825465 -0.000003
 -1.386294 -1.386294 -1.386294 -1.386294
 -1.386294 -1.386294 -1.386294 -1.386294
 -1.386294 -1.386294 -1.386294 -1.386294
 -1.386294 -1.386294 -1.386294 -1.386294
 -1.386294 -1.386294 -1.386294 -1.386294
 -1.386294 -1.386294 -1.386294 -1.386294
 -1.386294 -1.386294 -1.386294 -1.386294
 -13.825465 -13.825465 -13.825465 -0.000003
 -1.386294 -1.386294 -1.386294 -1.386294
 -1.386294 -1.386294 -1.386294 -1.386294
 -1.386294 -1.386294 -1.386294 -1.386294
 -1.386294 -1.386294 -1.386294 -1.386294
 -1.386294 -1.386294 -1.386294 -1.386294
 -1.386294 -1.386294 -1.386294 -1.386294
 -1.386294 -1.386294 -1.386294 -1.386294
 -1.386294 -1.386294 -1.386294 -1.386294
 -0.000003 -13.825465 -13.825465 -13.825465
 -1.386294 -1.386294 -1.386294 -1.386294
 -1.386294 -1.386294 -1.386294 -1.386294
 -1.386294 -1.386294 -1.386294 -1.386294
 -1.386294 -1.386294 -1.386294 -1.386294
 -1.386294 -1.386294 -1.386294 -1.386294
 -1.386294 -1.386294 -1.386294 -1.386294
 -1.386294 -1.386294 -1.386294 -1.386294
 -0.000003 -13.825465 -13.825465 -13.825465
 -1.386294 -1.386294 -1.386294 -1.386294
 -1.386294 -1.386294 -1.386294 -1.386294
 -1.386294 -1.386294 -1.386294 -1.386294
 -1.386294 -1.386294 -1.386294 -1.386294
 -1.386294 -1.386294 -1.386294 -1.386294
 -1.386294 -1.386294 -1.386294 -1.386294
 -1.386294 -1.386294 -1.386294 -1.386294
 -1.386294 -1.386294 -1.386294 -1.386294
 -1.619387 -1.976060 -0.951560 -1.282916
 -1.386294 -1.386294 -1.386294 -1.386294
 -1.386294 -1.386294 -1.386294 -1.386294
 -1.386294 -1.386294 -1.386294 -1.386294
 -1.386294 -1.386294 -1.386294 -1.386294
 -1.386294 -1.386294 -1.386294 -1.386294
 -1.386294 -1.386294 -1.386294 -1.386294
 -1.386294 -1.386294 -1.386294 -1.386294
 -1.619387 -1.976060 -0.951560 -1.282916
 -1.386294 -1.386294 -1.386294 -1.386294
 -1.386294 -1.386294 -1.386294 -1.386294
 -1.386294 -1.386294 -1.386294 -1.386294
 -1.203976 -0.916298 -2.995652 -1.386294
 -0.847310 -1.945889 -2.638986 -1.029628
 -1.584118 -1.360977 -1.584118 -1.098615
 -1.945899 -1.722761 -1.722761 -0.693154
 -1.386294 -1.386294 -1.386294 -1.386294
 -1.386294 -1.386294 -1.386294 -1.386294
 -1.386294 -1.386294 -1.386294 -1.386294
 -1.386294 -1.386294 -1.386294 -1.386294
 -1.203976 -0.916298 -2.995652 -1.386294
 -0.847310 -1.945889 -2.638986 -1.029628
 -1.584118 -1.360977 -1.584118 -1.098615
 -1.945899 -1.722761 -1.722761 -0.693154
 -1.386294 -1.386294 -1.386294 -1.386294
 -1.386294 -1.386294 -1.386294 -1.386294
 -1.386294 -1.386294 -1.386294 -1.386294
 -1.386294 -1.386294 -1.386294 -1.386294
 -0.847310 -1.945889 -1.945889 -1.252766
 -0.810940 -1.280936 -2.890294 -1.504075
 -1.098623 -1.504072 -1.504072 -1.504072
 -0.693158 -2.197197 -1.504075 -1.791748
 -1.609428 -0.916306 -2.302525 -1.203979
 -0.847322 -1.945867 -11.156308 -0.847322
 -1.791726 -1.098629 -1.098629 -1.791726
 -1.335002 -2.944360 -0.865006 -1.335002
 -0.847310 -1.945889 -1.945889 -1.252766
 -0.810940 -1.280936 -2.890294 -1.504075
 -1.098623 -1.504072 -1.504072 -1.504072
 -0.693158 -2.197197 -1.504075 -1.791748
 -1.609428 -0.916306 -2.302525 -1.203979
 -0.847322 -1.945867 -11.156308 -0.847322
 -1.791726 -1.098629 -1.098629 -1.791726
 -1.335002 -2.944360 -0.865006 -1.335002
 -1.098621 -2.484840 -1.386294 -1.098621
 -0.916306 -11.512965 -0.916306 -1.609428
 -0.336509 -1.252770 -11.156308 -11.156308
 -1.203979 -2.302525 -1.203979 -1.203979
 -0.916297 -1.427116 -1.609434 -1.832572
 -0.810950 -2.197169 -1.504072 -1.504072
 -0.955522 -1.178661 -1.871783 -1.871783
 -1.609431 -2.014880 -1.098619 -1.098619
 -1.098621 -2.484840 -1.386294 -1.098621
 -0.916306 -11.512965 -0.916306 -1.609428
 -0.336509 -1.252770 -11.156308 -11.156308
 -1.203979 -2.302525 -1.203979 -1.203979
 -0.916297 -1.427116 -1.609434 -1.832572
 -0.810950 -2.197169 -1.504072 -1.504072
 -0.955522 -1.178661 -1.871783 -1.871783
 -1.609431 -2.014880 -1.098619 -1.098619
 -1.098616 -2.484873 -1.386294 -1.098616
 -1.466334 -1.871783 -2.564880 -0.619056
 -1.203979 -0.916306 -2.302525 -1.609428
 -1.609428 -2.302525 -2.302525 -0.510849
 -0.847310 -1.945889 -1.945889 -1.252766
 -1.386294 -10.596735 -0.693197 -1.386294
 -1.252766 -1.252766 -1.252766 -1.945889
 -1.791743 -1.791743 -1.791743 -0.693164
 -1.098616 -2.484873 -1.386294 -1.098616
 -1.466334 -1.871783 -2.564880 -0.619056
 -1.203979 -0.916306 -2.302525 -1.609428
 -1.609428 -2.302525 -2.302525 -0.510849
 -0.847310 -1.945889 -1.945889 -1.252766
 -1.386294 -10.596735 -0.693197 -1.386294
 -1.252766 -1.252766 -1.252766 -1.945889
 -1.791743 -1.791743 -1.791743 -0.693164
 -1.435084 -1.252765 -1.658222 -1.252765
 -1.098621 -1.098621 -1.386294 -2.484840
 -0.955522 -1.178661 -2.564880 -1.466334
 -2.079417 -1.386294 -0.980838 -1.386294
 -0.693172 -2.079391 -2.079391 -1.386294
 -10.819859 -1.609418 -1.609418 -0.510872
 -1.791726 -1.791726 -11.002167 -0.405507
 -1.897107 -0.916298 -1.203976 -1.897107
 -1.435084 -1.252765 -1.658222 -1.252765
 -1.098621 -1.098621 -1.386294 -2.484840
 -0.955522 -1.178661 -2.564880 -1.466334
 -2.079417 -1.386294 -0.980838 -1.386294
 -0.693172 -2.079391 -2.079391 -1.386294
 -10.819859 -1.609418 -1.609418 -0.510872
 -1.791726 -1.791726 -11.002167 -0.405507
 -1.897107 -0.916298 -1.203976 -1.897107
 -2.014880 -1.321758 -0.762152 -2.014880
 -0.693164 -0.875482 -2.484840 -11.695280
 -1.791726 -1.791726 -1.098629 -1.098629
 -2.707977 -1.609431 -0.628623 -1.609431
 -1.098623 -1.098623 -2.197169 -1.504072
 -1.041461 -1.734591 -1.734591 -1.223779
 -1.386294 -2.079417 -1.163156 -1.163156
 -1.704734 -1.704734 -1.011612 -1.299286
 -2.014880 -1.321758 -0.762152 -2.014880
 -0.693164 -0.875482 -2.484840 -11.695280
 -1.791726 -1.791726 -1.098629 -1.098629
 -2.707977 -1.609431 -0.628623 -1.609431
 -1.098623 -1.098623 -2.197169 -1.504072
 -1.041461 -1.734591 -1.734591 -1.223779
 -1.386294 -2.079417 -1.163156 -1.163156
 -1.704734 -1.704734 -1.011612 -1.299286
 -1.609428 -2.302525 -0.916306 -1.203979
 -0.916306 -1.609428 -2.302525 -1.203979
 -1.098619 -0.916301 -1.609431 -2.707977
 -11.608273 -0.788474 -1.704734 -1.011612
 -2.707977 -11.918417 -0.628623 -0.916301
 -0.773204 -1.466334 -1.871783 -1.871783
 -1.673968 -2.079417 -0.980838 -1.163156
 -11.608273 -1.704734 -0.606156 -1.299286
 -1.609428 -2.302525 -0.916306 -1.203979
 -0.916306 -1.609428 -2.302525 -1.203979
 -1.098619 -0.916301 -1.609431 -2.707977
 -11.608273 -0.788474 -1.704734 -1.011612
 -2.707977 -11.918417 -0.628623 -0.916301
 -0.773204 -1.466334 -1.871783 -1.871783
 -1.673968 -2.079417 -0.980838 -1.163156
 -11.608273 -1.704734 -0.606156 -1.299286
