 -3.029873 0.000100 0.000100 0.000100
 -2.761081 0.000100 0.000100 0.000100
 -3.044956 0.000100 0.000100 0.000100
 -3.009132 0.000100 0.000100 0.000100
 -2.916758 0.000100 0.000100 0.000100
 -2.347260 0.000100 0.000100 0.000100
 -2.968896 0.000100 0.000100 0.000100
 -2.403263 0.000100 0.000100 0.000100
 -3.029873 0.000100 0.000100 0.000100
 -2.761081 0.000100 0.000100 0.000100
 -3.044956 0.000100 0.000100 0.000100
 -3.009132 0.000100 0.000100 0.000100
 -2.916758 0.000100 0.000100 0.000100
 -2.347260 0.000100 0.000100 0.000100
 -2.968896 0.000100 0.000100 0.000100
 -2.403263 0.000100 0.000100 0.000100
 -1.454432 -1.101611 -1.577034 -1.480407
 -1.749199 -0.822438 -2.678733 -1.145459
 -1.825765 -1.051126 -1.414031 -1.401609
 -1.788831 -1.354546 -1.140535 -1.365974
 -1.505415 -1.103974 -1.493439 -1.505415
 -1.369790 -1.137168 -2.882834 -0.996586
 -1.227727 -1.361258 -1.667425 -1.339518
 -2.006934 -1.159637 -1.212005 -1.368847
 -1.454432 -1.101611 -1.577034 -1.480407
 -1.749199 -0.822438 -2.678733 -1.145459
 -1.825765 -1.051126 -1.414031 -1.401609
 -1.788831 -1.354546 -1.140535 -1.365974
 -1.505415 -1.103974 -1.493439 -1.505415
 -1.369790 -1.137168 -2.882834 -0.996586
 -1.227727 -1.361258 -1.667425 -1.339518
 -2.006934 -1.159637 -1.212005 -1.368847
 -1.667706 -0.982928 -1.431318 -1.618916
 -1.524696 -0.890548 -2.870166 -1.154571
 -1.733490 -1.021652 -1.373049 -1.560647
 -1.916321 -1.297283 -1.071944 -1.438695
 -1.299283 -1.252763 -1.409948 -1.622510
 -1.392125 -1.053150 -2.950268 -1.048992
 -1.016447 -1.327296 -1.866292 -1.522196
 -1.933271 -1.135864 -1.251174 -1.394275
 -1.667706 -0.982928 -1.431318 -1.618916
 -1.524696 -0.890548 -2.870166 -1.154571
 -1.733490 -1.021652 -1.373049 -1.560647
 -1.916321 -1.297283 -1.071944 -1.438695
 -1.299283 -1.252763 -1.409948 -1.622510
 -1.392125 -1.053150 -2.950268 -1.048992
 -1.016447 -1.327296 -1.866292 -1.522196
 -1.933271 -1.135864 -1.251174 -1.394275
 -1.620965 -0.972270 -1.696188 -1.424255
 -1.851229 -0.929074 -2.738531 -0.958750
 -1.949226 -0.827626 -1.551544 -1.567292
 -1.877154 -1.320867 -1.184008 -1.294549
 -1.423846 -1.088832 -1.678079 -1.444465
 -1.257677 -1.141537 -3.312783 -1.021807
 -0.981769 -1.307770 -1.794580 -1.667425
 -2.117556 -1.118317 -1.262567 -1.309635
 -1.620965 -0.972270 -1.696188 -1.424255
 -1.851229 -0.929074 -2.738531 -0.958750
 -1.949226 -0.827626 -1.551544 -1.567292
 -1.877154 -1.320867 -1.184008 -1.294549
 -1.423846 -1.088832 -1.678079 -1.444465
 -1.257677 -1.141537 -3.312783 -1.021807
 -0.981769 -1.307770 -1.794580 -1.667425
 -2.117556 -1.118317 -1.262567 -1.309635
 -1.431011 -1.050239 -1.648075 -1.520242
 -1.481202 -1.026807 -2.807390 -1.038106
 -2.016805 -0.862624 -1.511711 -1.494616
 -2.047692 -1.259236 -1.092182 -1.379864
 -1.428406 -1.173514 -1.771350 -1.269658
 -1.373049 -1.148737 -2.903793 -0.981323
 -1.227605 -1.260757 -1.878191 -1.306742
 -2.358154 -1.130652 -1.213023 -1.254266
 -1.431011 -1.050239 -1.648075 -1.520242
 -1.481202 -1.026807 -2.807390 -1.038106
 -2.016805 -0.862624 -1.511711 -1.494616
 -2.047692 -1.259236 -1.092182 -1.379864
 -1.428406 -1.173514 -1.771350 -1.269658
 -1.373049 -1.148737 -2.903793 -0.981323
 -1.227605 -1.260757 -1.878191 -1.306742
 -2.358154 -1.130652 -1.213023 -1.254266
 -1.599553 -1.095307 -1.551544 -1.379694
 -1.769286 -0.904992 -2.652785 -1.036919
 -1.888751 -1.053431 -1.464937 -1.313388
 -2.104133 -1.304377 -1.048082 -1.362197
 -1.527608 -1.187740 -1.695744 -1.222226
 -1.396417 -1.127812 -2.880348 -0.987084
 -1.115006 -1.389008 -1.885444 -1.305627
 -2.327277 -1.066147 -1.243481 -1.310344
 -1.599553 -1.095307 -1.551544 -1.379694
 -1.769286 -0.904992 -2.652785 -1.036919
 -1.888751 -1.053431 -1.464937 -1.313388
 -2.104133 -1.304377 -1.048082 -1.362197
 -1.527608 -1.187740 -1.695744 -1.222226
 -1.396417 -1.127812 -2.880348 -0.987084
 -1.115006 -1.389008 -1.885444 -1.305627
 -2.327277 -1.066147 -1.243481 -1.310344
 -1.721442 -0.812588 -1.903764 -1.476320
 -1.756843 -0.939399 -2.421001 -1.056370
 -1.978970 -0.994473 -1.378197 -1.427794
 -2.924854 -1.294586 -0.964023 -1.234568
 -1.744983 -1.035836 -1.554629 -1.350329
 -1.495914 -1.082352 -2.932217 -0.957426
 -1.219639 -1.292398 -1.828702 -1.311447
 -2.421459 -1.072749 -1.259335 -1.254220
 -1.721442 -0.812588 -1.903764 -1.476320
 -1.756843 -0.939399 -2.421001 -1.056370
 -1.978970 -0.994473 -1.378197 -1.427794
 -2.924854 -1.294586 -0.964023 -1.234568
 -1.744983 -1.035836 -1.554629 -1.350329
 -1.495914 -1.082352 -2.932217 -0.957426
 -1.219639 -1.292398 -1.828702 -1.311447
 -2.421459 -1.072749 -1.259335 -1.254220
 -2.079440 -0.970779 -1.605657 -1.219241
 -1.742656 -0.861994 -2.461120 -1.147950
 -1.647020 -1.090449 -1.625967 -1.292476
 -2.143156 -1.089396 -1.303407 -1.292107
 -1.914361 -0.852655 -1.936340 -1.265666
 -1.746479 -1.033989 -2.666682 -0.914929
 -1.558763 -1.239241 -1.858280 -1.066941
 -2.549723 -1.082015 -1.286809 -1.181448
 -2.079440 -0.970779 -1.605657 -1.219241
 -1.742656 -0.861994 -2.461120 -1.147950
 -1.647020 -1.090449 -1.625967 -1.292476
 -2.143156 -1.089396 -1.303407 -1.292107
 -1.914361 -0.852655 -1.936340 -1.265666
 -1.746479 -1.033989 -2.666682 -0.914929
 -1.558763 -1.239241 -1.858280 -1.066941
 -2.549723 -1.082015 -1.286809 -1.181448
 -1.768338 -0.969832 -1.567668 -1.420032
 -1.863732 -0.837317 -2.736218 -1.057791
 -1.941135 -0.911518 -1.492186 -1.471133
 -2.392531 -1.236763 -1.165304 -1.182696
 -1.972756 -1.028296 -1.703093 -1.135716
 -2.000736 -0.978351 -2.885420 -0.837012
 -1.802454 -1.133799 -1.835244 -1.039240
 -2.705379 -1.099950 -1.339288 -1.084014
 -1.768338 -0.969832 -1.567668 -1.420032
 -1.863732 -0.837317 -2.736218 -1.057791
 -1.941135 -0.911518 -1.492186 -1.471133
 -2.392531 -1.236763 -1.165304 -1.182696
 -1.972756 -1.028296 -1.703093 -1.135716
 -2.000736 -0.978351 -2.885420 -0.837012
 -1.802454 -1.133799 -1.835244 -1.039240
 -2.705379 -1.099950 -1.339288 -1.084014
 -2.044754 -1.128466 -1.374598 -1.223776
 -2.167146 -0.737368 -2.754931 -1.068535
 -2.192379 -0.921158 -1.320543 -1.499235
 -2.330320 -1.180937 -1.180937 -1.242181
 -2.005332 -0.996334 -1.949763 -1.038893
 -2.424212 -0.995498 -2.957509 -0.713422
 -2.021417 -1.070442 -1.662784 -1.093431
 -2.738532 -1.043573 -1.370257 -1.111396
 -2.044754 -1.128466 -1.374598 -1.223776
 -2.167146 -0.737368 -2.754931 -1.068535
 -2.192379 -0.921158 -1.320543 -1.499235
 -2.330320 -1.180937 -1.180937 -1.242181
 -2.005332 -0.996334 -1.949763 -1.038893
 -2.424212 -0.995498 -2.957509 -0.713422
 -2.021417 -1.070442 -1.662784 -1.093431
 -2.738532 -1.043573 -1.370257 -1.111396
 -1.697142 -1.137528 -1.739702 -1.137528
 -2.236334 -0.695891 -2.721840 -1.112406
 -2.005332 -0.837729 -1.576338 -1.487390
 -2.868526 -1.095463 -1.281565 -1.104942
 -1.782189 -1.006805 -2.393096 -0.980830
 -2.156182 -0.902060 -2.839849 -0.867343
 -2.439784 -1.083345 -1.500238 -1.046166
 -2.943363 -1.095392 -1.309732 -1.069994
 -1.697142 -1.137528 -1.739702 -1.137528
 -2.236334 -0.695891 -2.721840 -1.112406
 -2.005332 -0.837729 -1.576338 -1.487390
 -2.868526 -1.095463 -1.281565 -1.104942
 -1.782189 -1.006805 -2.393096 -0.980830
 -2.156182 -0.902060 -2.839849 -0.867343
 -2.439784 -1.083345 -1.500238 -1.046166
 -2.943363 -1.095392 -1.309732 -1.069994
 -1.851350 -0.967150 -2.397889 -0.989129
 -2.218026 -0.710952 -2.394956 -1.174985
 -2.374902 -0.753046 -1.746296 -1.340832
 -2.772585 -0.998529 -1.310309 -1.206168
 -2.216362 -0.852049 -2.461483 -0.969832
 -2.192067 -0.944609 -2.848845 -0.817415
 -2.341804 -1.020050 -1.825992 -0.961781
 -3.001151 -1.021651 -1.463818 -1.024659
 -1.851350 -0.967150 -2.397889 -0.989129
 -2.218026 -0.710952 -2.394956 -1.174985
 -2.374902 -0.753046 -1.746296 -1.340832
 -2.772585 -0.998529 -1.310309 -1.206168
 -2.216362 -0.852049 -2.461483 -0.969832
 -2.192067 -0.944609 -2.848845 -0.817415
 -2.341804 -1.020050 -1.825992 -0.961781
 -3.001151 -1.021651 -1.463818 -1.024659
 -2.100057 -1.183771 -2.975514 -0.653144
 -2.294442 -0.935549 -2.727305 -0.817766
 -2.533690 -0.847299 -2.128228 -0.986135
 -3.023464 -1.231710 -1.341710 -0.920861
 -2.302582 -0.793231 -3.267655 -0.892761
 -2.341805 -0.955512 -3.024480 -0.753645
 -2.615828 -0.930755 -1.904983 -0.957603
 -2.969889 -1.059593 -1.641355 -0.895565
 -2.100057 -1.183771 -2.975514 -0.653144
 -2.294442 -0.935549 -2.727305 -0.817766
 -2.533690 -0.847299 -2.128228 -0.986135
 -3.023464 -1.231710 -1.341710 -0.920861
 -2.302582 -0.793231 -3.267655 -0.892761
 -2.341805 -0.955512 -3.024480 -0.753645
 -2.615828 -0.930755 -1.904983 -0.957603
 -2.969889 -1.059593 -1.641355 -0.895565
 -2.470909 -0.707335 -2.653228 -1.043806
 -2.540993 -0.622944 -2.580214 -1.174120
 -2.496732 -0.550834 -1.877699 -1.670061
 -2.857675 -0.998098 -1.568012 -1.006328
 -2.510611 -0.772345 -3.337281 -0.864364
 -2.314219 -0.706912 -3.143940 -1.008189
 -3.065137 -0.719737 -2.124157 -1.058607
 -2.951431 -0.929885 -1.647614 -1.019911
 -2.470909 -0.707335 -2.653228 -1.043806
 -2.540993 -0.622944 -2.580214 -1.174120
 -2.496732 -0.550834 -1.877699 -1.670061
 -2.857675 -0.998098 -1.568012 -1.006328
 -2.510611 -0.772345 -3.337281 -0.864364
 -2.314219 -0.706912 -3.143940 -1.008189
 -3.065137 -0.719737 -2.124157 -1.058607
 -2.951431 -0.929885 -1.647614 -1.019911
 -13.017012 -13.017012 -13.017012 -0.000007
 -15.045153 -15.045153 -15.045153 -0.000001
 -13.400002 -13.400002 -13.400002 -0.000005
 -14.703403 -14.703403 -14.703403 -0.000001
 -14.503647 -14.503647 -14.503647 -0.000002
 -16.317766 -16.317766 -16.317766 -0.000000
 -15.085272 -15.085272 -15.085272 -0.000001
 -16.101967 -16.101967 -16.101967 -0.000000
 -13.017012 -13.017012 -13.017012 -0.000007
 -15.045153 -15.045153 -15.045153 -0.000001
 -13.400002 -13.400002 -13.400002 -0.000005
 -14.703403 -14.703403 -14.703403 -0.000001
 -14.503647 -14.503647 -14.503647 -0.000002
 -16.317766 -16.317766 -16.317766 -0.000000
 -15.085272 -15.085272 -15.085272 -0.000001
 -16.101967 -16.101967 -16.101967 -0.000000
 -1.386294 -1.386294 -1.386294 -1.386294
 -1.386294 -1.386294 -1.386294 -1.386294
 -1.386294 -1.386294 -1.386294 -1.386294
 -3.243190 -0.899171 -1.291804 -1.275543
 -1.386294 -1.386294 -1.386294 -1.386294
 -1.386294 -1.386294 -1.386294 -1.386294
 -1.386294 -1.386294 -1.386294 -1.386294
 -3.422936 -0.832121 -1.456825 -1.206365
 -1.386294 -1.386294 -1.386294 -1.386294
 -1.386294 -1.386294 -1.386294 -1.386294
 -1.386294 -1.386294 -1.386294 -1.386294
 -3.243190 -0.899171 -1.291804 -1.275543
 -1.386294 -1.386294 -1.386294 -1.386294
 -1.386294 -1.386294 -1.386294 -1.386294
 -1.386294 -1.386294 -1.386294 -1.386294
 -3.422936 -0.832121 -1.456825 -1.206365
 -1.386294 -1.386294 -1.386294 -1.386294
 -1.386294 -1.386294 -1.386294 -1.386294
 -1.386294 -1.386294 -1.386294 -1.386294
 -1.386294 -1.386294 -1.386294 -1.386294
 -1.928958 -1.360977 -13.972518 -0.513681
 -3.083661 -1.104692 -3.453021 -0.525524
 -3.198671 -1.457175 -2.150322 -0.494552
 -2.903185 -1.064907 -1.847133 -0.814856
 -1.386294 -1.386294 -1.386294 -1.386294
 -1.386294 -1.386294 -1.386294 -1.386294
 -1.386294 -1.386294 -1.386294 -1.386294
 -1.386294 -1.386294 -1.386294 -1.386294
 -1.928958 -1.360977 -13.972518 -0.513681
 -3.083661 -1.104692 -3.453021 -0.525524
 -3.198671 -1.457175 -2.150322 -0.494552
 -2.903185 -1.064907 -1.847133 -0.814856
 -1.985909 -0.840786 -3.931733 -0.887306
 -1.885284 -0.776918 -2.772583 -1.121187
 -2.782939 -0.937126 -1.578978 -1.078205
 -2.958374 -0.746446 -1.432320 -1.446919
 -1.824548 -0.970135 -14.030625 -0.777232
 -1.934131 -0.985580 -2.976950 -0.840999
 -2.246493 -1.118031 -1.405712 -1.132846
 -2.916267 -0.914413 -1.390816 -1.216583
 -1.985909 -0.840786 -3.931733 -0.887306
 -1.885284 -0.776918 -2.772583 -1.121187
 -2.782939 -0.937126 -1.578978 -1.078205
 -2.958374 -0.746446 -1.432320 -1.446919
 -1.824548 -0.970135 -14.030625 -0.777232
 -1.934131 -0.985580 -2.976950 -0.840999
 -2.246493 -1.118031 -1.405712 -1.132846
 -2.916267 -0.914413 -1.390816 -1.216583
 -1.927886 -0.749240 -13.217681 -0.962813
 -2.766884 -0.632188 -3.555330 -0.975132
 -3.178026 -0.810933 -2.330747 -0.875471
 -3.572328 -0.891325 -2.237342 -0.787335
 -2.461914 -0.685426 -4.859764 -0.908569
 -2.728669 -0.880215 -3.814856 -0.697237
 -3.320858 -0.780505 -2.576420 -0.844766
 -3.236610 -0.900389 -2.479748 -0.753901
 -1.927886 -0.749240 -13.217681 -0.962813
 -2.766884 -0.632188 -3.555330 -0.975132
 -3.178026 -0.810933 -2.330747 -0.875471
 -3.572328 -0.891325 -2.237342 -0.787335
 -2.461914 -0.685426 -4.859764 -0.908569
 -2.728669 -0.880215 -3.814856 -0.697237
 -3.320858 -0.780505 -2.576420 -0.844766
 -3.236610 -0.900389 -2.479748 -0.753901
 -13.161592 -0.000006 -13.161592 -13.161592
 -15.271798 -0.000001 -15.271798 -15.271798
 -13.102169 -0.000006 -13.102169 -13.102169
 -15.153141 -0.000001 -15.153141 -15.153141
 -14.108183 -0.000002 -14.108183 -14.108183
 -16.182947 -0.000000 -16.182947 -16.182947
 -14.093145 -0.000002 -14.093145 -14.093145
 -16.310368 -0.000000 -16.310368 -16.310368
 -13.161592 -0.000006 -13.161592 -13.161592
 -15.271798 -0.000001 -15.271798 -15.271798
 -13.102169 -0.000006 -13.102169 -13.102169
 -15.153141 -0.000001 -15.153141 -15.153141
 -14.108183 -0.000002 -14.108183 -14.108183
 -16.182947 -0.000000 -16.182947 -16.182947
 -14.093145 -0.000002 -14.093145 -14.093145
 -16.310368 -0.000000 -16.310368 -16.310368
 -1.386294 -1.386294 -1.386294 -1.386294
 -15.115704 -0.000001 -15.115704 -15.115704
 -1.386294 -1.386294 -1.386294 -1.386294
 -1.386294 -1.386294 -1.386294 -1.386294
 -1.386294 -1.386294 -1.386294 -1.386294
 -17.245943 0.000000 -17.245943 -17.245943
 -1.386294 -1.386294 -1.386294 -1.386294
 -1.386294 -1.386294 -1.386294 -1.386294
 -1.386294 -1.386294 -1.386294 -1.386294
 -15.115704 -0.000001 -15.115704 -15.115704
 -1.386294 -1.386294 -1.386294 -1.386294
 -1.386294 -1.386294 -1.386294 -1.386294
 -1.386294 -1.386294 -1.386294 -1.386294
 -17.245943 0.000000 -17.245943 -17.245943
 -1.386294 -1.386294 -1.386294 -1.386294
 -1.386294 -1.386294 -1.386294 -1.386294
 -1.386294 -1.386294 -1.386294 -1.386294
 -1.386294 -1.386294 -1.386294 -1.386294
 -1.386294 -1.386294 -1.386294 -1.386294
 -1.386294 -1.386294 -1.386294 -1.386294
 -1.386294 -1.386294 -1.386294 -1.386294
 -1.027423 -1.100350 -2.181720 -1.627246
 -1.386294 -1.386294 -1.386294 -1.386294
 -1.386294 -1.386294 -1.386294 -1.386294
 -1.386294 -1.386294 -1.386294 -1.386294
 -1.386294 -1.386294 -1.386294 -1.386294
 -1.386294 -1.386294 -1.386294 -1.386294
 -1.386294 -1.386294 -1.386294 -1.386294
 -1.386294 -1.386294 -1.386294 -1.386294
 -1.027423 -1.100350 -2.181720 -1.627246
 -1.386294 -1.386294 -1.386294 -1.386294
 -1.386294 -1.386294 -1.386294 -1.386294
 -1.386294 -1.386294 -1.386294 -1.386294
 -1.386294 -1.386294 -1.386294 -1.386294
 -1.386294 -1.386294 -1.386294 -1.386294
 -1.386294 -1.386294 -1.386294 -1.386294
 -16.330786 -0.000000 -16.330786 -16.330786
 -16.257858 -0.000000 -16.257858 -16.257858
 -15.176488 -0.000001 -15.176488 -15.176488
 -15.730962 -0.000001 -15.730962 -15.730962
 -1.386294 -1.386294 -1.386294 -1.386294
 -1.386294 -1.386294 -1.386294 -1.386294
 -1.386294 -1.386294 -1.386294 -1.386294
 -1.386294 -1.386294 -1.386294 -1.386294
 -16.330786 -0.000000 -16.330786 -16.330786
 -16.257858 -0.000000 -16.257858 -16.257858
 -15.176488 -0.000001 -15.176488 -15.176488
 -15.730962 -0.000001 -15.730962 -15.730962
 -1.386294 -1.386294 -1.386294 -1.386294
 -0.000000 -16.604834 -16.604834 -16.604834
 -1.386294 -1.386294 -1.386294 -1.386294
 -1.386294 -1.386294 -1.386294 -1.386294
 -1.386294 -1.386294 -1.386294 -1.386294
 -0.000000 -16.721865 -16.721865 -16.721865
 -1.386294 -1.386294 -1.386294 -1.386294
 -1.386294 -1.386294 -1.386294 -1.386294
 -1.386294 -1.386294 -1.386294 -1.386294
 -0.000000 -16.604834 -16.604834 -16.604834
 -1.386294 -1.386294 -1.386294 -1.386294
 -1.386294 -1.386294 -1.386294 -1.386294
 -1.386294 -1.386294 -1.386294 -1.386294
 -0.000000 -16.721865 -16.721865 -16.721865
 -1.386294 -1.386294 -1.386294 -1.386294
 -1.386294 -1.386294 -1.386294 -1.386294
 -1.386294 -1.386294 -1.386294 -1.386294
 -1.386294 -1.386294 -1.386294 -1.386294
 -1.386294 -1.386294 -1.386294 -1.386294
 -1.386294 -1.386294 -1.386294 -1.386294
 -17.358208 -17.358208 -0.000000 -17.358208
 -1.386294 -1.386294 -1.386294 -1.386294
 -1.386294 -1.386294 -1.386294 -1.386294
 -1.386294 -1.386294 -1.386294 -1.386294
 -1.386294 -1.386294 -1.386294 -1.386294
 -1.386294 -1.386294 -1.386294 -1.386294
 -1.386294 -1.386294 -1.386294 -1.386294
 -1.386294 -1.386294 -1.386294 -1.386294
 -17.358208 -17.358208 -0.000000 -17.358208
 -1.386294 -1.386294 -1.386294 -1.386294
 -1.386294 -1.386294 -1.386294 -1.386294
 -1.386294 -1.386294 -1.386294 -1.386294
 -1.386294 -1.386294 -1.386294 -1.386294
 -1.386294 -1.386294 -1.386294 -1.386294
 -1.478369 -1.663232 -0.738125 -2.258989
 -1.386294 -1.386294 -1.386294 -1.386294
 -1.386294 -1.386294 -1.386294 -1.386294
 -1.386294 -1.386294 -1.386294 -1.386294
 -1.386294 -1.386294 -1.386294 -1.386294
 -1.386294 -1.386294 -1.386294 -1.386294
 -1.386294 -1.386294 -1.386294 -1.386294
 -1.386294 -1.386294 -1.386294 -1.386294
 -1.478369 -1.663232 -0.738125 -2.258989
 -1.386294 -1.386294 -1.386294 -1.386294
 -1.386294 -1.386294 -1.386294 -1.386294
 -1.386294 -1.386294 -1.386294 -1.386294
 -1.386294 -1.386294 -1.386294 -1.386294
 -1.386294 -1.386294 -1.386294 -1.386294
 -1.460012 -1.665552 -1.298860 -1.184701
 -1.648353 -1.132777 -2.279942 -0.959183
 -1.311668 -1.604607 -1.480153 -1.197136
 -1.997057 -1.778004 -0.871599 -1.283708
 -1.386294 -1.386294 -1.386294 -1.386294
 -1.386294 -1.386294 -1.386294 -1.386294
 -1.386294 -1.386294 -1.386294 -1.386294
 -1.386294 -1.386294 -1.386294 -1.386294
 -1.460012 -1.665552 -1.298860 -1.184701
 -1.648353 -1.132777 -2.279942 -0.959183
 -1.311668 -1.604607 -1.480153 -1.197136
 -1.997057 -1.778004 -0.871599 -1.283708
 -1.386294 -1.386294 -1.386294 -1.386294
 -1.386294 -1.386294 -1.386294 -1.386294
 -1.386294 -1.386294 -1.386294 -1.386294
 -1.386294 -1.386294 -1.386294 -1.386294
 -1.324546 -1.379945 -1.342674 -1.508066
 -1.331680 -1.016812 -2.186882 -1.339585
 -1.405082 -1.172330 -1.545534 -1.461835
 -1.897120 -1.328536 -0.889623 -1.746838
 -1.527200 -0.990399 -2.120261 -1.232961
 -1.511457 -0.923671 -2.309963 -1.261997
 -1.623294 -1.452669 -1.015048 -1.577832
 -2.305436 -0.985589 -1.032473 -1.766441
 -1.324546 -1.379945 -1.342674 -1.508066
 -1.331680 -1.016812 -2.186882 -1.339585
 -1.405082 -1.172330 -1.545534 -1.461835
 -1.897120 -1.328536 -0.889623 -1.746838
 -1.527200 -0.990399 -2.120261 -1.232961
 -1.511457 -0.923671 -2.309963 -1.261997
 -1.623294 -1.452669 -1.015048 -1.577832
 -2.305436 -0.985589 -1.032473 -1.766441
 -3.032382 0.000100 0.000100 0.000100
 -3.123613 0.000100 0.000100 0.000100
 -1.675817 0.000100 0.000100 0.000100
 -3.271317 0.000100 0.000100 0.000100
 -3.250768 0.000100 0.000100 0.000100
 -2.938807 0.000100 0.000100 0.000100
 -3.299389 0.000100 0.000100 0.000100
 -2.916720 0.000100 0.000100 0.000100
 -3.032382 0.000100 0.000100 0.000100
 -3.123613 0.000100 0.000100 0.000100
 -1.675817 0.000100 0.000100 0.000100
 -3.271317 0.000100 0.000100 0.000100
 -3.250768 0.000100 0.000100 0.000100
 -2.938807 0.000100 0.000100 0.000100
 -3.299389 0.000100 0.000100 0.000100
 -2.916720 0.000100 0.000100 0.000100
 -1.394502 -1.700669 -0.894727 -1.827824
 -1.219011 -1.069199 -2.076460 -1.444683
 -2.143933 -1.983812 -0.376418 -2.831109
 -1.837785 -1.623375 -0.806615 -1.623375
 -1.592631 -1.268135 -1.122627 -1.661623
 -1.592217 -0.874973 -2.597737 -1.186752
 -1.560817 -1.307621 -1.043235 -1.788206
 -2.013689 -1.284825 -1.115749 -1.338892
 -1.394502 -1.700669 -0.894727 -1.827824
 -1.219011 -1.069199 -2.076460 -1.444683
 -2.143933 -1.983812 -0.376418 -2.831109
 -1.837785 -1.623375 -0.806615 -1.623375
 -1.592631 -1.268135 -1.122627 -1.661623
 -1.592217 -0.874973 -2.597737 -1.186752
 -1.560817 -1.307621 -1.043235 -1.788206
 -2.013689 -1.284825 -1.115749 -1.338892
 -1.388950 -1.466337 -1.454908 -1.250114
 -1.590658 -0.797982 -2.489655 -1.335475
 -2.644361 -1.510903 -2.400165 -0.482018
 -1.894413 -1.300639 -1.394458 -1.110883
 -1.581464 -1.337842 -1.088031 -1.634573
 -1.364507 -1.148284 -2.534576 -1.055502
 -1.658228 -1.554431 -1.054938 -1.386294
 -1.993338 -1.300192 -1.143188 -1.300192
 -1.388950 -1.466337 -1.454908 -1.250114
 -1.590658 -0.797982 -2.489655 -1.335475
 -2.644361 -1.510903 -2.400165 -0.482018
 -1.894413 -1.300639 -1.394458 -1.110883
 -1.581464 -1.337842 -1.088031 -1.634573
 -1.364507 -1.148284 -2.534576 -1.055502
 -1.658228 -1.554431 -1.054938 -1.386294
 -1.993338 -1.300192 -1.143188 -1.300192
 -1.392767 -1.517064 -1.270664 -1.379864
 -1.772855 -1.579360 -2.650572 -0.591611
 -1.518466 -1.330725 -1.425134 -1.286665
 -3.256217 -2.780135 -2.325399 -0.221031
 -1.859763 -1.235610 -1.091716 -1.523292
 -1.404422 -1.274964 -2.720096 -0.893596
 -1.474401 -1.406579 -1.006594 -1.828573
 -2.217426 -1.257217 -1.265061 -1.125641
 -1.392767 -1.517064 -1.270664 -1.379864
 -1.772855 -1.579360 -2.650572 -0.591611
 -1.518466 -1.330725 -1.425134 -1.286665
 -3.256217 -2.780135 -2.325399 -0.221031
 -1.859763 -1.235610 -1.091716 -1.523292
 -1.404422 -1.274964 -2.720096 -0.893596
 -1.474401 -1.406579 -1.006594 -1.828573
 -2.217426 -1.257217 -1.265061 -1.125641
 -1.171302 -1.631827 -1.136211 -1.751971
 -1.280934 -1.071214 -2.448537 -1.226867
 -1.386294 -1.522870 -1.109308 -1.598855
 -1.932531 -1.227824 -1.108765 -1.459625
 -1.632889 -1.406362 -1.019080 -1.616082
 -1.506342 -1.003714 -2.480390 -1.114576
 -1.699777 -1.325084 -1.053150 -1.596236
 -3.301878 -0.253037 -2.403937 -2.339399
 -1.171302 -1.631827 -1.136211 -1.751971
 -1.280934 -1.071214 -2.448537 -1.226867
 -1.386294 -1.522870 -1.109308 -1.598855
 -1.932531 -1.227824 -1.108765 -1.459625
 -1.632889 -1.406362 -1.019080 -1.616082
 -1.506342 -1.003714 -2.480390 -1.114576
 -1.699777 -1.325084 -1.053150 -1.596236
 -3.301878 -0.253037 -2.403937 -2.339399
 -1.122877 -1.826605 -1.176944 -1.582409
 -1.189090 -1.177791 -2.299129 -1.247586
 -1.239905 -1.695380 -1.223776 -1.456969
 -1.808288 -1.471816 -0.997359 -1.436725
 -1.578454 -1.630640 -1.050822 -1.393312
 -0.302707 -2.127968 -3.892476 -2.106110
 -1.353288 -1.805272 -0.934920 -1.689760
 -1.541181 -1.452453 -1.153048 -1.443063
 -1.122877 -1.826605 -1.176944 -1.582409
 -1.189090 -1.177791 -2.299129 -1.247586
 -1.239905 -1.695380 -1.223776 -1.456969
 -1.808288 -1.471816 -0.997359 -1.436725
 -1.578454 -1.630640 -1.050822 -1.393312
 -0.302707 -2.127968 -3.892476 -2.106110
 -1.353288 -1.805272 -0.934920 -1.689760
 -1.541181 -1.452453 -1.153048 -1.443063
 -1.065276 -1.710413 -1.264127 -1.649789
 -1.430746 -1.094274 -2.219201 -1.147620
 -1.483458 -1.264405 -1.098613 -1.848917
 -1.627137 -1.558144 -1.119890 -1.321756
 -0.415156 -1.975269 -2.236564 -2.362190
 -1.314835 -0.968559 -2.513076 -1.306252
 -1.403507 -1.417493 -1.191536 -1.569299
 -1.794071 -1.136264 -1.416777 -1.308564
 -1.065276 -1.710413 -1.264127 -1.649789
 -1.430746 -1.094274 -2.219201 -1.147620
 -1.483458 -1.264405 -1.098613 -1.848917
 -1.627137 -1.558144 -1.119890 -1.321756
 -0.415156 -1.975269 -2.236564 -2.362190
 -1.314835 -0.968559 -2.513076 -1.306252
 -1.403507 -1.417493 -1.191536 -1.569299
 -1.794071 -1.136264 -1.416777 -1.308564
 -2.246649 -2.798296 -0.258228 -2.798296
 -1.386294 -1.510857 -1.197985 -1.480704
 -1.634917 -1.339203 -0.925770 -1.919021
 -1.930595 -1.518063 -0.790312 -1.703206
 -1.573309 -1.451948 -1.046484 -1.573309
 -1.258461 -1.166794 -2.236626 -1.211578
 -1.621134 -1.209154 -1.158511 -1.661139
 -1.853690 -1.220647 -1.284596 -1.303644
 -2.246649 -2.798296 -0.258228 -2.798296
 -1.386294 -1.510857 -1.197985 -1.480704
 -1.634917 -1.339203 -0.925770 -1.919021
 -1.930595 -1.518063 -0.790312 -1.703206
 -1.573309 -1.451948 -1.046484 -1.573309
 -1.258461 -1.166794 -2.236626 -1.211578
 -1.621134 -1.209154 -1.158511 -1.661139
 -1.853690 -1.220647 -1.284596 -1.303644
 -1.511659 -1.291259 -1.458313 -1.302309
 -1.433922 -1.078468 -2.473344 -1.087052
 -2.316658 -0.718306 -2.177239 -1.202421
 -1.949869 -1.313882 -1.090739 -1.374506
 -1.418890 -1.232560 -1.283854 -1.663343
 -1.185841 -1.103397 -2.511508 -1.267186
 -1.691018 -0.774728 -1.691018 -1.768979
 -2.008593 -1.174865 -1.269356 -1.287538
 -1.511659 -1.291259 -1.458313 -1.302309
 -1.433922 -1.078468 -2.473344 -1.087052
 -2.316658 -0.718306 -2.177239 -1.202421
 -1.949869 -1.313882 -1.090739 -1.374506
 -1.418890 -1.232560 -1.283854 -1.663343
 -1.185841 -1.103397 -2.511508 -1.267186
 -1.691018 -0.774728 -1.691018 -1.768979
 -2.008593 -1.174865 -1.269356 -1.287538
 -1.463586 -1.751268 -0.819230 -1.869051
 -1.115436 -1.236218 -1.291788 -2.235229
 -1.520544 -1.241520 -0.982506 -2.136303
 -2.415913 -2.079441 -0.392562 -2.203738
 -1.495751 -1.606099 -1.167844 -1.330996
 -1.346729 -1.050463 -2.362648 -1.217517
 -1.625002 -1.137988 -1.150109 -1.795627
 -2.019828 -1.238129 -1.141279 -1.354853
 -1.463586 -1.751268 -0.819230 -1.869051
 -1.115436 -1.236218 -1.291788 -2.235229
 -1.520544 -1.241520 -0.982506 -2.136303
 -2.415913 -2.079441 -0.392562 -2.203738
 -1.495751 -1.606099 -1.167844 -1.330996
 -1.346729 -1.050463 -2.362648 -1.217517
 -1.625002 -1.137988 -1.150109 -1.795627
 -2.019828 -1.238129 -1.141279 -1.354853
 -1.235610 -1.882236 -0.984296 -1.696134
 -1.294104 -1.176322 -2.274932 -1.156321
 -1.262104 -1.361803 -1.518646 -1.419911
 -1.752538 -1.408767 -1.112036 -1.373049
 -0.705749 -2.063469 -1.349416 -2.121456
 -0.729343 -1.495613 -2.734675 -1.475134
 -0.342945 -2.277555 -2.255332 -2.489525
 -1.708377 -1.289668 -1.307367 -1.298478
 -1.235610 -1.882236 -0.984296 -1.696134
 -1.294104 -1.176322 -2.274932 -1.156321
 -1.262104 -1.361803 -1.518646 -1.419911
 -1.752538 -1.408767 -1.112036 -1.373049
 -0.705749 -2.063469 -1.349416 -2.121456
 -0.729343 -1.495613 -2.734675 -1.475134
 -0.342945 -2.277555 -2.255332 -2.489525
 -1.708377 -1.289668 -1.307367 -1.298478
 -2.658105 -2.752134 -2.493025 -0.244025
 -1.228666 -1.197894 -2.266651 -1.197894
 -1.436419 -1.347074 -1.474519 -1.297063
 -1.314501 -1.429276 -1.211553 -1.638996
 -2.131348 -1.924735 -1.753587 -0.575797
 -1.313918 -1.244324 -2.526938 -1.012813
 -1.652497 -1.359828 -1.301841 -1.274061
 -1.994819 -1.170337 -1.310483 -1.258747
 -2.658105 -2.752134 -2.493025 -0.244025
 -1.228666 -1.197894 -2.266651 -1.197894
 -1.436419 -1.347074 -1.474519 -1.297063
 -1.314501 -1.429276 -1.211553 -1.638996
 -2.131348 -1.924735 -1.753587 -0.575797
 -1.313918 -1.244324 -2.526938 -1.012813
 -1.652497 -1.359828 -1.301841 -1.274061
 -1.994819 -1.170337 -1.310483 -1.258747
 -1.596015 -1.308333 -1.295910 -1.372871
 -1.333185 -1.164364 -2.302583 -1.126264
 -1.453277 -1.339518 -1.237389 -1.541384
 -3.224046 -1.492720 -2.758683 -0.397392
 -2.020682 -1.327536 -1.021011 -1.418508
 -1.460038 -0.951255 -3.000479 -1.103363
 -1.654558 -1.186962 -1.301737 -1.462667
 -2.370242 -1.061911 -1.314191 -1.230810
 -1.596015 -1.308333 -1.295910 -1.372871
 -1.333185 -1.164364 -2.302583 -1.126264
 -1.453277 -1.339518 -1.237389 -1.541384
 -3.224046 -1.492720 -2.758683 -0.397392
 -2.020682 -1.327536 -1.021011 -1.418508
 -1.460038 -0.951255 -3.000479 -1.103363
 -1.654558 -1.186962 -1.301737 -1.462667
 -2.370242 -1.061911 -1.314191 -1.230810
 -1.441746 -1.180732 -1.424354 -1.533553
 -1.662547 -0.670419 -3.144147 -1.363566
 -1.837160 -0.744029 -1.578587 -1.837160
 -2.231356 -0.917970 -1.553959 -1.266277
 -1.802570 -0.939864 -1.520338 -1.488077
 -1.982741 -0.479787 -3.176661 -1.601128
 -1.649443 -0.822765 -1.515912 -1.903676
 -3.014600 -0.268144 -2.430347 -2.321453
 -1.441746 -1.180732 -1.424354 -1.533553
 -1.662547 -0.670419 -3.144147 -1.363566
 -1.837160 -0.744029 -1.578587 -1.837160
 -2.231356 -0.917970 -1.553959 -1.266277
 -1.802570 -0.939864 -1.520338 -1.488077
 -1.982741 -0.479787 -3.176661 -1.601128
 -1.649443 -0.822765 -1.515912 -1.903676
 -3.014600 -0.268144 -2.430347 -2.321453
 -14.571634 -14.571634 -14.571634 -0.000001
 -15.377858 -15.377858 -15.377858 -0.000001
 -14.747676 -14.747676 -14.747676 -0.000001
 -14.576319 -14.576319 -14.576319 -0.000001
 -14.771024 -14.771024 -14.771024 -0.000001
 -16.662743 -16.662743 -16.662743 -0.000000
 -14.608505 -14.608505 -14.608505 -0.000001
 -15.306166 -15.306166 -15.306166 -0.000001
 -14.571634 -14.571634 -14.571634 -0.000001
 -15.377858 -15.377858 -15.377858 -0.000001
 -14.747676 -14.747676 -14.747676 -0.000001
 -14.576319 -14.576319 -14.576319 -0.000001
 -14.771024 -14.771024 -14.771024 -0.000001
 -16.662743 -16.662743 -16.662743 -0.000000
 -14.608505 -14.608505 -14.608505 -0.000001
 -15.306166 -15.306166 -15.306166 -0.000001
 -1.386294 -1.386294 -1.386294 -1.386294
 -1.386294 -1.386294 -1.386294 -1.386294
 -1.386294 -1.386294 -1.386294 -1.386294
 -1.905594 -1.289834 -1.121013 -1.386294
 -1.386294 -1.386294 -1.386294 -1.386294
 -1.386294 -1.386294 -1.386294 -1.386294
 -1.386294 -1.386294 -1.386294 -1.386294
 -2.695537 -0.649015 -1.478183 -1.704398
 -1.386294 -1.386294 -1.386294 -1.386294
 -1.386294 -1.386294 -1.386294 -1.386294
 -1.386294 -1.386294 -1.386294 -1.386294
 -1.905594 -1.289834 -1.121013 -1.386294
 -1.386294 -1.386294 -1.386294 -1.386294
 -1.386294 -1.386294 -1.386294 -1.386294
 -1.386294 -1.386294 -1.386294 -1.386294
 -2.695537 -0.649015 -1.478183 -1.704398
 -1.386294 -1.386294 -1.386294 -1.386294
 -1.386294 -1.386294 -1.386294 -1.386294
 -1.386294 -1.386294 -1.386294 -1.386294
 -1.386294 -1.386294 -1.386294 -1.386294
 -1.416692 -1.300282 -1.345233 -1.493653
 -2.152104 -0.393570 -3.327088 -1.753196
 -1.559707 -1.346514 -1.222528 -1.447439
 -2.439708 -0.922253 -1.403617 -1.311243
 -1.386294 -1.386294 -1.386294 -1.386294
 -1.386294 -1.386294 -1.386294 -1.386294
 -1.386294 -1.386294 -1.386294 -1.386294
 -1.386294 -1.386294 -1.386294 -1.386294
 -1.416692 -1.300282 -1.345233 -1.493653
 -2.152104 -0.393570 -3.327088 -1.753196
 -1.559707 -1.346514 -1.222528 -1.447439
 -2.439708 -0.922253 -1.403617 -1.311243
 -1.226606 -1.795299 -1.040277 -1.675155
 -1.095684 -1.257172 -2.335373 -1.257172
 -1.665007 -1.693995 -0.857258 -1.596015
 -1.312661 -1.579976 -1.091990 -1.664059
 -1.647178 -1.686398 -1.132514 -1.203973
 -2.227996 -1.657723 -3.639606 -0.392419
 -1.828573 -1.566209 -1.358570 -0.984854
 -2.071598 -1.394199 -1.161577 -1.161577
 -1.226606 -1.795299 -1.040277 -1.675155
 -1.095684 -1.257172 -2.335373 -1.257172
 -1.665007 -1.693995 -0.857258 -1.596015
 -1.312661 -1.579976 -1.091990 -1.664059
 -1.647178 -1.686398 -1.132514 -1.203973
 -2.227996 -1.657723 -3.639606 -0.392419
 -1.828573 -1.566209 -1.358570 -0.984854
 -2.071598 -1.394199 -1.161577 -1.161577
 -1.183770 -1.763588 -1.035351 -1.787685
 -1.236763 -1.089438 -2.244401 -1.319454
 -1.249093 -1.489478 -1.199083 -1.680534
 -1.839225 -1.685075 -0.820078 -1.536040
 -1.393480 -1.452903 -1.110618 -1.668423
 -0.754873 -1.788244 -2.065454 -1.444282
 -1.316499 -1.474401 -1.283347 -1.487647
 -2.628474 -2.338165 -0.351478 -2.058388
 -1.183770 -1.763588 -1.035351 -1.787685
 -1.236763 -1.089438 -2.244401 -1.319454
 -1.249093 -1.489478 -1.199083 -1.680534
 -1.839225 -1.685075 -0.820078 -1.536040
 -1.393480 -1.452903 -1.110618 -1.668423
 -0.754873 -1.788244 -2.065454 -1.444282
 -1.316499 -1.474401 -1.283347 -1.487647
 -2.628474 -2.338165 -0.351478 -2.058388
 -15.163585 -0.000001 -15.163585 -15.163585
 -14.940441 -0.000001 -14.940441 -14.940441
 -15.297116 -0.000001 -15.297116 -15.297116
 -14.812461 -0.000001 -14.812461 -14.812461
 -15.369436 -0.000001 -15.369436 -15.369436
 -15.071128 -0.000001 -15.071128 -15.071128
 -16.261330 -0.000000 -16.261330 -16.261330
 -15.262430 -0.000001 -15.262430 -15.262430
 -15.163585 -0.000001 -15.163585 -15.163585
 -14.940441 -0.000001 -14.940441 -14.940441
 -15.297116 -0.000001 -15.297116 -15.297116
 -14.812461 -0.000001 -14.812461 -14.812461
 -15.369436 -0.000001 -15.369436 -15.369436
 -15.071128 -0.000001 -15.071128 -15.071128
 -16.261330 -0.000000 -16.261330 -16.261330
 -15.262430 -0.000001 -15.262430 -15.262430
 -1.386294 -1.386294 -1.386294 -1.386294
 -17.014999 0.000000 -17.014999 -17.014999
 -1.386294 -1.386294 -1.386294 -1.386294
 -1.386294 -1.386294 -1.386294 -1.386294
 -1.386294 -1.386294 -1.386294 -1.386294
 -16.421898 -0.000000 -16.421898 -16.421898
 -1.386294 -1.386294 -1.386294 -1.386294
 -1.386294 -1.386294 -1.386294 -1.386294
 -1.386294 -1.386294 -1.386294 -1.386294
 -17.014999 0.000000 -17.014999 -17.014999
 -1.386294 -1.386294 -1.386294 -1.386294
 -1.386294 -1.386294 -1.386294 -1.386294
 -1.386294 -1.386294 -1.386294 -1.386294
 -16.421898 -0.000000 -16.421898 -16.421898
 -1.386294 -1.386294 -1.386294 -1.386294
 -1.386294 -1.386294 -1.386294 -1.386294
 -1.386294 -1.386294 -1.386294 -1.386294
 -1.386294 -1.386294 -1.386294 -1.386294
 -1.386294 -1.386294 -1.386294 -1.386294
 -1.386294 -1.386294 -1.386294 -1.386294
 -1.386294 -1.386294 -1.386294 -1.386294
 -1.692089 -1.409412 -3.002849 -0.650216
 -1.386294 -1.386294 -1.386294 -1.386294
 -1.386294 -1.386294 -1.386294 -1.386294
 -1.386294 -1.386294 -1.386294 -1.386294
 -1.386294 -1.386294 -1.386294 -1.386294
 -1.386294 -1.386294 -1.386294 -1.386294
 -1.386294 -1.386294 -1.386294 -1.386294
 -1.386294 -1.386294 -1.386294 -1.386294
 -1.692089 -1.409412 -3.002849 -0.650216
 -1.386294 -1.386294 -1.386294 -1.386294
 -1.386294 -1.386294 -1.386294 -1.386294
 -1.386294 -1.386294 -1.386294 -1.386294
 -1.386294 -1.386294 -1.386294 -1.386294
 -1.386294 -1.386294 -1.386294 -1.386294
 -1.386294 -1.386294 -1.386294 -1.386294
 -15.762849 -0.000001 -15.762849 -15.762849
 -16.045525 -0.000000 -16.045525 -16.045525
 -14.452089 -0.000002 -14.452089 -14.452089
 -16.804722 -0.000000 -16.804722 -16.804722
 -1.386294 -1.386294 -1.386294 -1.386294
 -1.386294 -1.386294 -1.386294 -1.386294
 -1.386294 -1.386294 -1.386294 -1.386294
 -1.386294 -1.386294 -1.386294 -1.386294
 -15.762849 -0.000001 -15.762849 -15.762849
 -16.045525 -0.000000 -16.045525 -16.045525
 -14.452089 -0.000002 -14.452089 -14.452089
 -16.804722 -0.000000 -16.804722 -16.804722
 -1.386294 -1.386294 -1.386294 -1.386294
 -0.000000 -16.001562 -16.001562 -16.001562
 -1.386294 -1.386294 -1.386294 -1.386294
 -1.386294 -1.386294 -1.386294 -1.386294
 -1.386294 -1.386294 -1.386294 -1.386294
 0.000000 -17.188652 -17.188652 -17.188652
 -1.386294 -1.386294 -1.386294 -1.386294
 -1.386294 -1.386294 -1.386294 -1.386294
 -1.386294 -1.386294 -1.386294 -1.386294
 -0.000000 -16.001562 -16.001562 -16.001562
 -1.386294 -1.386294 -1.386294 -1.386294
 -1.386294 -1.386294 -1.386294 -1.386294
 -1.386294 -1.386294 -1.386294 -1.386294
 0.000000 -17.188652 -17.188652 -17.188652
 -1.386294 -1.386294 -1.386294 -1.386294
 -1.386294 -1.386294 -1.386294 -1.386294
 -1.386294 -1.386294 -1.386294 -1.386294
 -1.386294 -1.386294 -1.386294 -1.386294
 -1.386294 -1.386294 -1.386294 -1.386294
 -1.386294 -1.386294 -1.386294 -1.386294
 -17.454937 -17.454937 -0.000000 -17.454937
 -1.386294 -1.386294 -1.386294 -1.386294
 -1.386294 -1.386294 -1.386294 -1.386294
 -1.386294 -1.386294 -1.386294 -1.386294
 -1.386294 -1.386294 -1.386294 -1.386294
 -1.386294 -1.386294 -1.386294 -1.386294
 -1.386294 -1.386294 -1.386294 -1.386294
 -1.386294 -1.386294 -1.386294 -1.386294
 -17.454937 -17.454937 -0.000000 -17.454937
 -1.386294 -1.386294 -1.386294 -1.386294
 -1.386294 -1.386294 -1.386294 -1.386294
 -1.386294 -1.386294 -1.386294 -1.386294
 -1.386294 -1.386294 -1.386294 -1.386294
 -1.386294 -1.386294 -1.386294 -1.386294
 -1.867870 -0.679840 -1.623191 -1.954881
 -1.386294 -1.386294 -1.386294 -1.386294
 -1.386294 -1.386294 -1.386294 -1.386294
 -1.386294 -1.386294 -1.386294 -1.386294
 -1.386294 -1.386294 -1.386294 -1.386294
 -1.386294 -1.386294 -1.386294 -1.386294
 -1.386294 -1.386294 -1.386294 -1.386294
 -1.386294 -1.386294 -1.386294 -1.386294
 -1.867870 -0.679840 -1.623191 -1.954881
 -1.386294 -1.386294 -1.386294 -1.386294
 -1.386294 -1.386294 -1.386294 -1.386294
 -1.386294 -1.386294 -1.386294 -1.386294
 -1.386294 -1.386294 -1.386294 -1.386294
 -1.386294 -1.386294 -1.386294 -1.386294
 -1.282977 -1.524697 -1.124454 -1.713288
 -2.246637 -0.359122 -3.405873 -1.815364
 -1.422909 -1.343291 -1.274298 -1.521539
 -1.870874 -1.195966 -1.183770 -1.437685
 -1.386294 -1.386294 -1.386294 -1.386294
 -1.386294 -1.386294 -1.386294 -1.386294
 -1.386294 -1.386294 -1.386294 -1.386294
 -1.386294 -1.386294 -1.386294 -1.386294
 -1.282977 -1.524697 -1.124454 -1.713288
 -2.246637 -0.359122 -3.405873 -1.815364
 -1.422909 -1.343291 -1.274298 -1.521539
 -1.870874 -1.195966 -1.183770 -1.437685
 -1.386294 -1.386294 -1.386294 -1.386294
 -1.386294 -1.386294 -1.386294 -1.386294
 -1.386294 -1.386294 -1.386294 -1.386294
 -1.386294 -1.386294 -1.386294 -1.386294
 -1.149294 -1.471194 -1.340832 -1.650987
 -1.280934 -1.226867 -2.043073 -1.206033
 -1.472173 -1.010355 -1.419250 -1.804306
 -1.727220 -1.471287 -0.907075 -1.666596
 -1.439974 -1.315677 -1.265033 -1.548608
 -2.637733 -2.172370 -3.630983 -0.238156
 -1.562521 -1.244068 -1.244068 -1.541901
 -1.828629 -1.409179 -1.372811 -1.074030
 -1.149294 -1.471194 -1.340832 -1.650987
 -1.280934 -1.226867 -2.043073 -1.206033
 -1.472173 -1.010355 -1.419250 -1.804306
 -1.727220 -1.471287 -0.907075 -1.666596
 -1.439974 -1.315677 -1.265033 -1.548608
 -2.637733 -2.172370 -3.630983 -0.238156
 -1.562521 -1.244068 -1.244068 -1.541901
 -1.828629 -1.409179 -1.372811 -1.074030
