 -2.722603 0.000100 0.000100 0.000100
 -3.138595 0.000100 0.000100 0.000100
 -3.374719 0.000100 0.000100 0.000100
 -2.730488 0.000100 0.000100 0.000100
 -2.661671 0.000100 0.000100 0.000100
 -2.694214 0.000100 0.000100 0.000100
 -3.092075 0.000100 0.000100 0.000100
 -2.219135 0.000100 0.000100 0.000100
 -2.722603 0.000100 0.000100 0.000100
 -3.138595 0.000100 0.000100 0.000100
 -3.374719 0.000100 0.000100 0.000100
 -2.730488 0.000100 0.000100 0.000100
 -2.661671 0.000100 0.000100 0.000100
 -2.694214 0.000100 0.000100 0.000100
 -3.092075 0.000100 0.000100 0.000100
 -2.219135 0.000100 0.000100 0.000100
 -1.218033 -1.468084 -1.654961 -1.263289
 -1.252763 -1.266749 -2.964473 -0.965081
 -1.629743 -1.361479 -1.709785 -1.002846
 -1.362825 -1.689041 -1.620048 -1.017556
 -1.162166 -1.662547 -1.847469 -1.079100
 -1.083461 -1.399099 -3.776575 -0.936857
 -1.043350 -1.704748 -1.769286 -1.219241
 -1.431610 -1.479076 -1.653099 -1.073611
 -1.218033 -1.468084 -1.654961 -1.263289
 -1.252763 -1.266749 -2.964473 -0.965081
 -1.629743 -1.361479 -1.709785 -1.002846
 -1.362825 -1.689041 -1.620048 -1.017556
 -1.162166 -1.662547 -1.847469 -1.079100
 -1.083461 -1.399099 -3.776575 -0.936857
 -1.043350 -1.704748 -1.769286 -1.219241
 -1.431610 -1.479076 -1.653099 -1.073611
 -1.255455 -1.524445 -1.744506 -1.131402
 -1.448815 -1.157109 -2.742731 -0.950977
 -1.577832 -1.433251 -1.695615 -0.990047
 -1.577217 -1.693476 -1.329976 -1.063956
 -1.160065 -1.551544 -1.709172 -1.225543
 -1.301030 -1.291460 -3.748186 -0.845555
 -1.053762 -1.773576 -2.052289 -1.040690
 -1.549887 -1.614425 -1.496642 -1.008290
 -1.255455 -1.524445 -1.744506 -1.131402
 -1.448815 -1.157109 -2.742731 -0.950977
 -1.577832 -1.433251 -1.695615 -0.990047
 -1.577217 -1.693476 -1.329976 -1.063956
 -1.160065 -1.551544 -1.709172 -1.225543
 -1.301030 -1.291460 -3.748186 -0.845555
 -1.053762 -1.773576 -2.052289 -1.040690
 -1.549887 -1.614425 -1.496642 -1.008290
 -1.247358 -1.468145 -1.767661 -1.165865
 -1.409109 -1.293037 -2.875441 -0.856109
 -1.363305 -1.499437 -1.520490 -1.196251
 -1.728133 -1.770097 -1.231102 -1.021381
 -1.009609 -1.463681 -2.168388 -1.238241
 -1.279360 -1.215412 -3.544896 -0.925520
 -1.164656 -1.754854 -1.822295 -1.040202
 -1.734066 -1.551744 -1.500072 -0.945609
 -1.247358 -1.468145 -1.767661 -1.165865
 -1.409109 -1.293037 -2.875441 -0.856109
 -1.363305 -1.499437 -1.520490 -1.196251
 -1.728133 -1.770097 -1.231102 -1.021381
 -1.009609 -1.463681 -2.168388 -1.238241
 -1.279360 -1.215412 -3.544896 -0.925520
 -1.164656 -1.754854 -1.822295 -1.040202
 -1.734066 -1.551744 -1.500072 -0.945609
 -1.197867 -1.560773 -1.708692 -1.180626
 -1.472622 -1.164656 -3.504044 -0.847299
 -1.516914 -1.406914 -1.781606 -1.001449
 -1.617301 -1.657575 -1.363068 -1.035380
 -1.196468 -1.403389 -2.040654 -1.133099
 -1.355835 -1.417711 -3.476091 -0.756999
 -1.375823 -1.462834 -1.823847 -1.037369
 -1.755719 -1.548633 -1.492675 -0.941844
 -1.197867 -1.560773 -1.708692 -1.180626
 -1.472622 -1.164656 -3.504044 -0.847299
 -1.516914 -1.406914 -1.781606 -1.001449
 -1.617301 -1.657575 -1.363068 -1.035380
 -1.196468 -1.403389 -2.040654 -1.133099
 -1.355835 -1.417711 -3.476091 -0.756999
 -1.375823 -1.462834 -1.823847 -1.037369
 -1.755719 -1.548633 -1.492675 -0.941844
 -1.287484 -1.377432 -1.908059 -1.128735
 -1.281646 -1.334290 -2.865761 -0.910967
 -1.396657 -1.630271 -1.355835 -1.207415
 -1.890540 -1.827027 -1.319284 -0.865617
 -1.213542 -1.623826 -1.780395 -1.087249
 -1.309619 -1.463770 -3.130361 -0.787430
 -1.248997 -1.609438 -1.751088 -1.079921
 -1.787402 -1.476088 -1.672522 -0.876343
 -1.287484 -1.377432 -1.908059 -1.128735
 -1.281646 -1.334290 -2.865761 -0.910967
 -1.396657 -1.630271 -1.355835 -1.207415
 -1.890540 -1.827027 -1.319284 -0.865617
 -1.213542 -1.623826 -1.780395 -1.087249
 -1.309619 -1.463770 -3.130361 -0.787430
 -1.248997 -1.609438 -1.751088 -1.079921
 -1.787402 -1.476088 -1.672522 -0.876343
 -1.176322 -1.401993 -2.082561 -1.136712
 -1.423721 -1.252763 -2.668041 -0.906139
 -1.431190 -1.315677 -1.494368 -1.315677
 -1.737271 -1.664246 -1.311806 -1.006945
 -1.329446 -1.620642 -2.169749 -0.859442
 -1.513186 -1.292398 -2.736959 -0.820039
 -1.455287 -1.591088 -1.748274 -0.944462
 -2.050377 -1.651881 -1.416229 -0.827828
 -1.176322 -1.401993 -2.082561 -1.136712
 -1.423721 -1.252763 -2.668041 -0.906139
 -1.431190 -1.315677 -1.494368 -1.315677
 -1.737271 -1.664246 -1.311806 -1.006945
 -1.329446 -1.620642 -2.169749 -0.859442
 -1.513186 -1.292398 -2.736959 -0.820039
 -1.455287 -1.591088 -1.748274 -0.944462
 -2.050377 -1.651881 -1.416229 -0.827828
 -1.292768 -1.533930 -2.034704 -0.969995
 -1.466337 -1.178655 -3.258088 -0.860202
 -1.575536 -1.227230 -1.693319 -1.151723
 -2.039294 -1.671569 -1.474402 -0.791837
 -1.446919 -1.354137 -2.427746 -0.871555
 -1.584120 -1.075798 -3.075770 -0.897243
 -1.737692 -1.546637 -1.952101 -0.756864
 -2.129872 -1.578501 -1.533185 -0.778670
 -1.292768 -1.533930 -2.034704 -0.969995
 -1.466337 -1.178655 -3.258088 -0.860202
 -1.575536 -1.227230 -1.693319 -1.151723
 -2.039294 -1.671569 -1.474402 -0.791837
 -1.446919 -1.354137 -2.427746 -0.871555
 -1.584120 -1.075798 -3.075770 -0.897243
 -1.737692 -1.546637 -1.952101 -0.756864
 -2.129872 -1.578501 -1.533185 -0.778670
 -1.226994 -1.492101 -2.116254 -1.017644
 -1.485385 -1.262242 -2.746512 -0.852343
 -1.841238 -1.365816 -1.421386 -1.064711
 -2.122482 -1.600608 -1.299283 -0.901982
 -1.433662 -1.511220 -2.111993 -0.867671
 -1.591500 -1.437349 -3.452246 -0.640272
 -1.668062 -1.577911 -1.631021 -0.893423
 -2.371757 -1.499673 -1.727063 -0.681862
 -1.226994 -1.492101 -2.116254 -1.017644
 -1.485385 -1.262242 -2.746512 -0.852343
 -1.841238 -1.365816 -1.421386 -1.064711
 -2.122482 -1.600608 -1.299283 -0.901982
 -1.433662 -1.511220 -2.111993 -0.867671
 -1.591500 -1.437349 -3.452246 -0.640272
 -1.668062 -1.577911 -1.631021 -0.893423
 -2.371757 -1.499673 -1.727063 -0.681862
 -1.297741 -1.637608 -1.974080 -0.932628
 -1.554629 -1.057228 -2.963390 -0.942452
 -1.481604 -1.348073 -1.399366 -1.323381
 -1.896226 -1.644912 -1.388979 -0.897698
 -1.393515 -1.437966 -2.583095 -0.823601
 -1.900100 -1.128060 -3.060267 -0.734156
 -1.643924 -1.543840 -1.902785 -0.811779
 -2.260473 -1.446113 -1.577689 -0.790179
 -1.297741 -1.637608 -1.974080 -0.932628
 -1.554629 -1.057228 -2.963390 -0.942452
 -1.481604 -1.348073 -1.399366 -1.323381
 -1.896226 -1.644912 -1.388979 -0.897698
 -1.393515 -1.437966 -2.583095 -0.823601
 -1.900100 -1.128060 -3.060267 -0.734156
 -1.643924 -1.543840 -1.902785 -0.811779
 -2.260473 -1.446113 -1.577689 -0.790179
 -1.368276 -1.461802 -2.397892 -0.861029
 -1.638286 -0.945140 -2.866945 -1.021125
 -1.594512 -1.106160 -1.594512 -1.335001
 -1.826662 -1.555509 -1.283576 -1.047187
 -1.375037 -1.708528 -2.807136 -0.681891
 -1.971730 -1.190986 -3.526355 -0.639700
 -1.908753 -1.402193 -1.827075 -0.810142
 -2.270979 -1.529042 -1.594640 -0.740104
 -1.368276 -1.461802 -2.397892 -0.861029
 -1.638286 -0.945140 -2.866945 -1.021125
 -1.594512 -1.106160 -1.594512 -1.335001
 -1.826662 -1.555509 -1.283576 -1.047187
 -1.375037 -1.708528 -2.807136 -0.681891
 -1.971730 -1.190986 -3.526355 -0.639700
 -1.908753 -1.402193 -1.827075 -0.810142
 -2.270979 -1.529042 -1.594640 -0.740104
 -1.188860 -1.433056 -2.449986 -0.992745
 -1.660493 -1.287289 -3.318710 -0.697683
 -2.028145 -1.209839 -1.403994 -1.125281
 -1.921398 -1.642227 -1.344976 -0.917533
 -1.511711 -1.511711 -3.492702 -0.637681
 -2.052149 -1.056053 -3.282093 -0.721205
 -2.366043 -1.442882 -1.841520 -0.670747
 -2.401256 -1.439119 -1.597209 -0.755451
 -1.188860 -1.433056 -2.449986 -0.992745
 -1.660493 -1.287289 -3.318710 -0.697683
 -2.028145 -1.209839 -1.403994 -1.125281
 -1.921398 -1.642227 -1.344976 -0.917533
 -1.511711 -1.511711 -3.492702 -0.637681
 -2.052149 -1.056053 -3.282093 -0.721205
 -2.366043 -1.442882 -1.841520 -0.670747
 -2.401256 -1.439119 -1.597209 -0.755451
 -1.175574 -1.829498 -3.478141 -0.693148
 -1.693024 -1.506438 -3.410664 -0.577464
 -2.140062 -1.257677 -1.734599 -0.863774
 -2.319932 -1.531476 -1.849930 -0.638176
 -1.617568 -1.638187 -3.717614 -0.539576
 -2.278215 -1.192027 -3.376824 -0.580226
 -2.219841 -1.526695 -1.668665 -0.722323
 -2.608576 -1.458188 -1.922702 -0.602408
 -1.175574 -1.829498 -3.478141 -0.693148
 -1.693024 -1.506438 -3.410664 -0.577464
 -2.140062 -1.257677 -1.734599 -0.863774
 -2.319932 -1.531476 -1.849930 -0.638176
 -1.617568 -1.638187 -3.717614 -0.539576
 -2.278215 -1.192027 -3.376824 -0.580226
 -2.219841 -1.526695 -1.668665 -0.722323
 -2.608576 -1.458188 -1.922702 -0.602408
 -1.263162 -1.542746 -3.590417 -0.742629
 -2.369071 -1.171372 -3.195741 -0.587788
 -2.174746 -0.980831 -1.769284 -1.076141
 -2.606265 -1.486378 -1.597603 -0.697921
 -1.811759 -1.501605 -3.921950 -0.520777
 -1.991780 -1.165102 -3.407057 -0.656780
 -2.530159 -1.246148 -2.376010 -0.616515
 -2.962998 -1.300743 -1.934591 -0.632008
 -1.263162 -1.542746 -3.590417 -0.742629
 -2.369071 -1.171372 -3.195741 -0.587788
 -2.174746 -0.980831 -1.769284 -1.076141
 -2.606265 -1.486378 -1.597603 -0.697921
 -1.811759 -1.501605 -3.921950 -0.520777
 -1.991780 -1.165102 -3.407057 -0.656780
 -2.530159 -1.246148 -2.376010 -0.616515
 -2.962998 -1.300743 -1.934591 -0.632008
 -13.835317 -13.835317 -13.835317 -0.000003
 -14.369398 -14.369398 -14.369398 -0.000002
 -12.994539 -12.994539 -12.994539 -0.000007
 -15.042224 -15.042224 -15.042224 -0.000001
 -14.380827 -14.380827 -14.380827 -0.000002
 -15.638447 -15.638447 -15.638447 -0.000000
 -14.823470 -14.823470 -14.823470 -0.000001
 -16.281065 -16.281065 -16.281065 -0.000000
 -13.835317 -13.835317 -13.835317 -0.000003
 -14.369398 -14.369398 -14.369398 -0.000002
 -12.994539 -12.994539 -12.994539 -0.000007
 -15.042224 -15.042224 -15.042224 -0.000001
 -14.380827 -14.380827 -14.380827 -0.000002
 -15.638447 -15.638447 -15.638447 -0.000000
 -14.823470 -14.823470 -14.823470 -0.000001
 -16.281065 -16.281065 -16.281065 -0.000000
 -1.386294 -1.386294 -1.386294 -1.386294
 -1.386294 -1.386294 -1.386294 -1.386294
 -1.386294 -1.386294 -1.386294 -1.386294
 -1.455767 -0.868780 -1.057522 -15.600582
 -1.386294 -1.386294 -1.386294 -1.386294
 -1.386294 -1.386294 -1.386294 -1.386294
 -1.386294 -1.386294 -1.386294 -1.386294
 -1.831933 -0.688399 -1.086142 -16.955776
 -1.386294 -1.386294 -1.386294 -1.386294
 -1.386294 -1.386294 -1.386294 -1.386294
 -1.386294 -1.386294 -1.386294 -1.386294
 -1.455767 -0.868780 -1.057522 -15.600582
 -1.386294 -1.386294 -1.386294 -1.386294
 -1.386294 -1.386294 -1.386294 -1.386294
 -1.386294 -1.386294 -1.386294 -1.386294
 -1.831933 -0.688399 -1.086142 -16.955776
 -1.386294 -1.386294 -1.386294 -1.386294
 -1.386294 -1.386294 -1.386294 -1.386294
 -1.386294 -1.386294 -1.386294 -1.386294
 -1.386294 -1.386294 -1.386294 -1.386294
 -1.334608 -1.813607 -6.232349 -0.559125
 -2.310411 -1.338551 -3.818064 -0.483561
 -2.475829 -1.469720 -2.231230 -0.547281
 -1.386294 -1.386294 -1.386294 -1.386294
 -1.386294 -1.386294 -1.386294 -1.386294
 -1.386294 -1.386294 -1.386294 -1.386294
 -1.386294 -1.386294 -1.386294 -1.386294
 -1.386294 -1.386294 -1.386294 -1.386294
 -1.334608 -1.813607 -6.232349 -0.559125
 -2.310411 -1.338551 -3.818064 -0.483561
 -2.475829 -1.469720 -2.231230 -0.547281
 -1.386294 -1.386294 -1.386294 -1.386294
 -1.573234 -1.488077 -5.379799 -0.575877
 -1.804746 -1.203973 -3.338669 -0.693148
 -2.033768 -1.376992 -1.677095 -0.844189
 -2.023056 -1.183306 -1.735375 -0.954120
 -2.169050 -1.203973 -14.151986 -0.534925
 -1.962258 -1.101319 -3.274440 -0.715007
 -2.740803 -1.354546 -2.047681 -0.600781
 -2.374043 -1.048182 -1.609438 -1.031921
 -1.573234 -1.488077 -5.379799 -0.575877
 -1.804746 -1.203973 -3.338669 -0.693148
 -2.033768 -1.376992 -1.677095 -0.844189
 -2.023056 -1.183306 -1.735375 -0.954120
 -2.169050 -1.203973 -14.151986 -0.534925
 -1.962258 -1.101319 -3.274440 -0.715007
 -2.740803 -1.354546 -2.047681 -0.600781
 -2.374043 -1.048182 -1.609438 -1.031921
 -1.635754 -1.299283 -3.650613 -0.680246
 -1.791758 -1.339774 -2.756831 -0.677400
 -1.832572 -1.609434 -1.427116 -0.916297
 -1.949661 -1.544197 -1.803058 -0.735219
 -1.586219 -1.636650 -14.907435 -0.509709
 -1.535785 -1.231962 -3.446804 -0.774040
 -1.733651 -1.406439 -2.223199 -0.754841
 -2.149311 -1.302013 -1.738015 -0.831070
 -1.635754 -1.299283 -3.650613 -0.680246
 -1.791758 -1.339774 -2.756831 -0.677400
 -1.832572 -1.609434 -1.427116 -0.916297
 -1.949661 -1.544197 -1.803058 -0.735219
 -1.586219 -1.636650 -14.907435 -0.509709
 -1.535785 -1.231962 -3.446804 -0.774040
 -1.733651 -1.406439 -2.223199 -0.754841
 -2.149311 -1.302013 -1.738015 -0.831070
 -14.166170 -14.166170 -14.166170 -0.000002
 -14.346141 -14.346141 -14.346141 -0.000002
 -13.038991 -13.038991 -13.038991 -0.000007
 -15.184151 -15.184151 -15.184151 -0.000001
 -15.045153 -15.045153 -15.045153 -0.000001
 -15.581953 -15.581953 -15.581953 -0.000001
 -14.727795 -14.727795 -14.727795 -0.000001
 -16.097893 -16.097893 -16.097893 -0.000000
 -14.166170 -14.166170 -14.166170 -0.000002
 -14.346141 -14.346141 -14.346141 -0.000002
 -13.038991 -13.038991 -13.038991 -0.000007
 -15.184151 -15.184151 -15.184151 -0.000001
 -15.045153 -15.045153 -15.045153 -0.000001
 -15.581953 -15.581953 -15.581953 -0.000001
 -14.727795 -14.727795 -14.727795 -0.000001
 -16.097893 -16.097893 -16.097893 -0.000000
 -1.386294 -1.386294 -1.386294 -1.386294
 -1.386294 -1.386294 -1.386294 -1.386294
 -1.386294 -1.386294 -1.386294 -1.386294
 -15.868352 -15.868352 -15.868352 -0.000000
 -1.386294 -1.386294 -1.386294 -1.386294
 -1.386294 -1.386294 -1.386294 -1.386294
 -1.386294 -1.386294 -1.386294 -1.386294
 -16.873278 -16.873278 -16.873278 -0.000000
 -1.386294 -1.386294 -1.386294 -1.386294
 -1.386294 -1.386294 -1.386294 -1.386294
 -1.386294 -1.386294 -1.386294 -1.386294
 -15.868352 -15.868352 -15.868352 -0.000000
 -1.386294 -1.386294 -1.386294 -1.386294
 -1.386294 -1.386294 -1.386294 -1.386294
 -1.386294 -1.386294 -1.386294 -1.386294
 -16.873278 -16.873278 -16.873278 -0.000000
 -1.386294 -1.386294 -1.386294 -1.386294
 -1.386294 -1.386294 -1.386294 -1.386294
 -1.386294 -1.386294 -1.386294 -1.386294
 -1.386294 -1.386294 -1.386294 -1.386294
 -1.386294 -1.386294 -1.386294 -1.386294
 -1.386294 -1.386294 -1.386294 -1.386294
 -1.386294 -1.386294 -1.386294 -1.386294
 -1.852384 -1.488716 -1.292768 -1.070126
 -1.386294 -1.386294 -1.386294 -1.386294
 -1.386294 -1.386294 -1.386294 -1.386294
 -1.386294 -1.386294 -1.386294 -1.386294
 -1.386294 -1.386294 -1.386294 -1.386294
 -1.386294 -1.386294 -1.386294 -1.386294
 -1.386294 -1.386294 -1.386294 -1.386294
 -1.386294 -1.386294 -1.386294 -1.386294
 -1.852384 -1.488716 -1.292768 -1.070126
 -1.386294 -1.386294 -1.386294 -1.386294
 -1.386294 -1.386294 -1.386294 -1.386294
 -1.386294 -1.386294 -1.386294 -1.386294
 -1.386294 -1.386294 -1.386294 -1.386294
 -15.332834 -0.000001 -15.332834 -15.332834
 -15.696502 -0.000001 -15.696502 -15.696502
 -15.892449 -0.000000 -15.892449 -15.892449
 -16.115091 -0.000000 -16.115091 -16.115091
 -1.386294 -1.386294 -1.386294 -1.386294
 -1.386294 -1.386294 -1.386294 -1.386294
 -1.386294 -1.386294 -1.386294 -1.386294
 -1.386294 -1.386294 -1.386294 -1.386294
 -15.332834 -0.000001 -15.332834 -15.332834
 -15.696502 -0.000001 -15.696502 -15.696502
 -15.892449 -0.000000 -15.892449 -15.892449
 -16.115091 -0.000000 -16.115091 -16.115091
 -1.386294 -1.386294 -1.386294 -1.386294
 -0.000000 -16.344435 -16.344435 -16.344435
 -1.386294 -1.386294 -1.386294 -1.386294
 -1.386294 -1.386294 -1.386294 -1.386294
 -1.386294 -1.386294 -1.386294 -1.386294
 -0.000000 -16.620687 -16.620687 -16.620687
 -1.386294 -1.386294 -1.386294 -1.386294
 -1.386294 -1.386294 -1.386294 -1.386294
 -1.386294 -1.386294 -1.386294 -1.386294
 -0.000000 -16.344435 -16.344435 -16.344435
 -1.386294 -1.386294 -1.386294 -1.386294
 -1.386294 -1.386294 -1.386294 -1.386294
 -1.386294 -1.386294 -1.386294 -1.386294
 -0.000000 -16.620687 -16.620687 -16.620687
 -1.386294 -1.386294 -1.386294 -1.386294
 -1.386294 -1.386294 -1.386294 -1.386294
 -1.386294 -1.386294 -1.386294 -1.386294
 -1.386294 -1.386294 -1.386294 -1.386294
 -1.386294 -1.386294 -1.386294 -1.386294
 -1.386294 -1.386294 -1.386294 -1.386294
 -17.185217 -17.185217 -0.000000 -17.185217
 -1.386294 -1.386294 -1.386294 -1.386294
 -1.386294 -1.386294 -1.386294 -1.386294
 -1.386294 -1.386294 -1.386294 -1.386294
 -1.386294 -1.386294 -1.386294 -1.386294
 -1.386294 -1.386294 -1.386294 -1.386294
 -1.386294 -1.386294 -1.386294 -1.386294
 -1.386294 -1.386294 -1.386294 -1.386294
 -17.185217 -17.185217 -0.000000 -17.185217
 -1.386294 -1.386294 -1.386294 -1.386294
 -1.386294 -1.386294 -1.386294 -1.386294
 -1.386294 -1.386294 -1.386294 -1.386294
 -1.386294 -1.386294 -1.386294 -1.386294
 -1.386294 -1.386294 -1.386294 -1.386294
 -1.219108 -1.946598 -0.835217 -2.055983
 -1.386294 -1.386294 -1.386294 -1.386294
 -1.386294 -1.386294 -1.386294 -1.386294
 -1.386294 -1.386294 -1.386294 -1.386294
 -1.386294 -1.386294 -1.386294 -1.386294
 -1.386294 -1.386294 -1.386294 -1.386294
 -1.386294 -1.386294 -1.386294 -1.386294
 -1.386294 -1.386294 -1.386294 -1.386294
 -1.219108 -1.946598 -0.835217 -2.055983
 -1.386294 -1.386294 -1.386294 -1.386294
 -1.386294 -1.386294 -1.386294 -1.386294
 -1.386294 -1.386294 -1.386294 -1.386294
 -1.386294 -1.386294 -1.386294 -1.386294
 -1.386294 -1.386294 -1.386294 -1.386294
 -1.258601 -1.927455 -1.637775 -0.978117
 -1.374318 -1.300891 -2.732439 -0.892480
 -1.355835 -1.667390 -1.594483 -1.048351
 -2.006870 -2.006870 -1.043697 -0.970134
 -1.386294 -1.386294 -1.386294 -1.386294
 -1.386294 -1.386294 -1.386294 -1.386294
 -1.386294 -1.386294 -1.386294 -1.386294
 -1.386294 -1.386294 -1.386294 -1.386294
 -1.258601 -1.927455 -1.637775 -0.978117
 -1.374318 -1.300891 -2.732439 -0.892480
 -1.355835 -1.667390 -1.594483 -1.048351
 -2.006870 -2.006870 -1.043697 -0.970134
 -1.386294 -1.386294 -1.386294 -1.386294
 -1.386294 -1.386294 -1.386294 -1.386294
 -1.386294 -1.386294 -1.386294 -1.386294
 -1.386294 -1.386294 -1.386294 -1.386294
 -1.076023 -1.800585 -1.484068 -1.320000
 -1.098613 -1.451751 -2.562196 -1.034591
 -1.203185 -1.472661 -1.472661 -1.422399
 -1.609438 -1.463726 -1.210530 -1.307157
 -1.092182 -1.305756 -2.270833 -1.236763
 -1.201930 -1.309561 -2.528795 -1.050700
 -1.479076 -1.695298 -1.255933 -1.191394
 -2.002122 -1.383084 -1.262456 -1.105064
 -1.076023 -1.800585 -1.484068 -1.320000
 -1.098613 -1.451751 -2.562196 -1.034591
 -1.203185 -1.472661 -1.472661 -1.422399
 -1.609438 -1.463726 -1.210530 -1.307157
 -1.092182 -1.305756 -2.270833 -1.236763
 -1.201930 -1.309561 -2.528795 -1.050700
 -1.479076 -1.695298 -1.255933 -1.191394
 -2.002122 -1.383084 -1.262456 -1.105064
 -3.158552 0.000100 0.000100 0.000100
 -3.362049 0.000100 0.000100 0.000100
 -1.527757 0.000100 0.000100 0.000100
 -3.041828 0.000100 0.000100 0.000100
 -3.316414 0.000100 0.000100 0.000100
 -3.354297 0.000100 0.000100 0.000100
 -3.422187 0.000100 0.000100 0.000100
 -2.914673 0.000100 0.000100 0.000100
 -3.158552 0.000100 0.000100 0.000100
 -3.362049 0.000100 0.000100 0.000100
 -1.527757 0.000100 0.000100 0.000100
 -3.041828 0.000100 0.000100 0.000100
 -3.316414 0.000100 0.000100 0.000100
 -3.354297 0.000100 0.000100 0.000100
 -3.422187 0.000100 0.000100 0.000100
 -2.914673 0.000100 0.000100 0.000100
 -1.117844 -1.263936 -1.658228 -1.609438
 -1.071740 -1.300581 -1.938157 -1.421942
 -2.850768 -0.197981 -2.840073 -2.758395
 -1.664604 -1.861963 -0.920537 -1.358437
 -1.360605 -1.435828 -1.405057 -1.346216
 -1.090920 -1.382441 -2.512302 -1.102481
 -2.023200 -0.989129 -1.184873 -1.660296
 -1.652646 -1.401332 -1.352061 -1.192431
 -1.117844 -1.263936 -1.658228 -1.609438
 -1.071740 -1.300581 -1.938157 -1.421942
 -2.850768 -0.197981 -2.840073 -2.758395
 -1.664604 -1.861963 -0.920537 -1.358437
 -1.360605 -1.435828 -1.405057 -1.346216
 -1.090920 -1.382441 -2.512302 -1.102481
 -2.023200 -0.989129 -1.184873 -1.660296
 -1.652646 -1.401332 -1.352061 -1.192431
 -0.957534 -1.599387 -1.431052 -1.742488
 -3.179974 -0.161428 -4.263316 -2.370755
 -1.435084 -1.194944 -1.478887 -1.464072
 -1.706529 -1.043235 -1.448700 -1.463967
 -1.395743 -1.622056 -1.140219 -1.447703
 -1.247586 -1.102079 -2.670691 -1.166617
 -1.331706 -1.801709 -0.986345 -1.619388
 -1.612212 -1.571390 -1.411541 -1.052596
 -0.957534 -1.599387 -1.431052 -1.742488
 -3.179974 -0.161428 -4.263316 -2.370755
 -1.435084 -1.194944 -1.478887 -1.464072
 -1.706529 -1.043235 -1.448700 -1.463967
 -1.395743 -1.622056 -1.140219 -1.447703
 -1.247586 -1.102079 -2.670691 -1.166617
 -1.331706 -1.801709 -0.986345 -1.619388
 -1.612212 -1.571390 -1.411541 -1.052596
 -0.993544 -1.905904 -1.337921 -1.520242
 -1.291679 -1.224539 -2.623902 -1.025050
 -1.435651 -1.646960 -1.739333 -0.931995
 -1.382380 -1.780063 -1.278584 -1.197458
 -1.353624 -1.730917 -1.325453 -1.207670
 -2.813410 -2.823881 -4.669703 -0.137827
 -1.781606 -1.640528 -1.289131 -1.015435
 -1.979246 -1.579447 -1.625967 -0.778670
 -0.993544 -1.905904 -1.337921 -1.520242
 -1.291679 -1.224539 -2.623902 -1.025050
 -1.435651 -1.646960 -1.739333 -0.931995
 -1.382380 -1.780063 -1.278584 -1.197458
 -1.353624 -1.730917 -1.325453 -1.207670
 -2.813410 -2.823881 -4.669703 -0.137827
 -1.781606 -1.640528 -1.289131 -1.015435
 -1.979246 -1.579447 -1.625967 -0.778670
 -1.004461 -1.655048 -1.500898 -1.515286
 -1.133356 -1.179876 -2.432635 -1.262567
 -1.220902 -1.393515 -1.500487 -1.453234
 -1.808288 -1.877281 -0.760970 -1.533185
 -1.514440 -1.468631 -1.303876 -1.278874
 -1.396245 -1.079004 -2.823357 -1.040904
 -1.216396 -1.391599 -1.435084 -1.528175
 -3.299249 -0.217340 -2.909288 -2.264151
 -1.004461 -1.655048 -1.500898 -1.515286
 -1.133356 -1.179876 -2.432635 -1.262567
 -1.220902 -1.393515 -1.500487 -1.453234
 -1.808288 -1.877281 -0.760970 -1.533185
 -1.514440 -1.468631 -1.303876 -1.278874
 -1.396245 -1.079004 -2.823357 -1.040904
 -1.216396 -1.391599 -1.435084 -1.528175
 -3.299249 -0.217340 -2.909288 -2.264151
 -1.058422 -1.733550 -1.316251 -1.569247
 -1.175574 -1.062245 -2.853999 -1.244566
 -1.102527 -1.502126 -1.370790 -1.653357
 -1.574885 -1.484734 -1.450833 -1.102527
 -1.335001 -1.733348 -1.293037 -1.252763
 -2.837493 -0.186602 -4.457397 -2.301975
 -1.907069 -1.885091 -0.607788 -1.863584
 -1.996340 -0.956918 -1.700075 -1.212597
 -1.058422 -1.733550 -1.316251 -1.569247
 -1.175574 -1.062245 -2.853999 -1.244566
 -1.102527 -1.502126 -1.370790 -1.653357
 -1.574885 -1.484734 -1.450833 -1.102527
 -1.335001 -1.733348 -1.293037 -1.252763
 -2.837493 -0.186602 -4.457397 -2.301975
 -1.907069 -1.885091 -0.607788 -1.863584
 -1.996340 -0.956918 -1.700075 -1.212597
 -1.193278 -1.952382 -1.161862 -1.419084
 -1.302525 -1.051211 -2.619821 -1.184742
 -1.566556 -0.879601 -1.684339 -1.656940
 -1.665608 -1.521027 -1.313388 -1.128466
 -1.351448 -1.452252 -1.324419 -1.422399
 -2.813010 -0.271409 -4.085973 -1.827194
 -1.586315 -1.452784 -1.291516 -1.249844
 -1.769585 -1.130506 -1.455928 -1.296298
 -1.193278 -1.952382 -1.161862 -1.419084
 -1.302525 -1.051211 -2.619821 -1.184742
 -1.566556 -0.879601 -1.684339 -1.656940
 -1.665608 -1.521027 -1.313388 -1.128466
 -1.351448 -1.452252 -1.324419 -1.422399
 -2.813010 -0.271409 -4.085973 -1.827194
 -1.586315 -1.452784 -1.291516 -1.249844
 -1.769585 -1.130506 -1.455928 -1.296298
 -1.202796 -1.733423 -1.314714 -1.368781
 -1.144673 -1.788549 -2.274055 -0.887763
 -1.316615 -1.498936 -1.184687 -1.595785
 -1.378804 -1.671473 -1.279431 -1.266008
 -1.254570 -1.616684 -1.267309 -1.449630
 -0.275190 -2.684277 -2.226250 -2.743118
 -1.344525 -1.590658 -1.103363 -1.590658
 -1.638148 -1.916168 -0.809046 -1.545489
 -1.202796 -1.733423 -1.314714 -1.368781
 -1.144673 -1.788549 -2.274055 -0.887763
 -1.316615 -1.498936 -1.184687 -1.595785
 -1.378804 -1.671473 -1.279431 -1.266008
 -1.254570 -1.616684 -1.267309 -1.449630
 -0.275190 -2.684277 -2.226250 -2.743118
 -1.344525 -1.590658 -1.103363 -1.590658
 -1.638148 -1.916168 -0.809046 -1.545489
 -0.889712 -1.865090 -1.704748 -1.376244
 -1.250419 -1.218158 -3.058699 -0.991845
 -1.054856 -1.587320 -1.651858 -1.364177
 -1.469130 -1.584643 -1.317581 -1.213784
 -0.236807 -2.913603 -2.450031 -2.655192
 -0.792677 -1.525355 -2.944434 -1.283041
 -0.428364 -2.359279 -1.981986 -2.152943
 -1.463930 -1.364839 -1.671569 -1.123004
 -0.889712 -1.865090 -1.704748 -1.376244
 -1.250419 -1.218158 -3.058699 -0.991845
 -1.054856 -1.587320 -1.651858 -1.364177
 -1.469130 -1.584643 -1.317581 -1.213784
 -0.236807 -2.913603 -2.450031 -2.655192
 -0.792677 -1.525355 -2.944434 -1.283041
 -0.428364 -2.359279 -1.981986 -2.152943
 -1.463930 -1.364839 -1.671569 -1.123004
 -0.462485 -3.544206 -1.191861 -3.277143
 -0.745334 -1.613684 -2.328335 -1.474848
 -1.105127 -1.879951 -1.057271 -1.778855
 -1.435084 -1.820746 -1.209278 -1.198696
 -1.095684 -1.642227 -1.332073 -1.569202
 -0.990399 -1.358124 -2.690347 -1.192139
 -1.652257 -1.333804 -1.333804 -1.267846
 -1.754019 -1.566420 -1.169766 -1.178655
 -0.462485 -3.544206 -1.191861 -3.277143
 -0.745334 -1.613684 -2.328335 -1.474848
 -1.105127 -1.879951 -1.057271 -1.778855
 -1.435084 -1.820746 -1.209278 -1.198696
 -1.095684 -1.642227 -1.332073 -1.569202
 -0.990399 -1.358124 -2.690347 -1.192139
 -1.652257 -1.333804 -1.333804 -1.267846
 -1.754019 -1.566420 -1.169766 -1.178655
 -2.394860 -3.104813 -0.257740 -2.394860
 -1.037417 -1.415853 -2.842963 -1.065197
 -1.983650 -2.271332 -2.233592 -0.427532
 -1.626679 -1.563501 -1.543298 -0.966685
 -1.606617 -1.512588 -1.294586 -1.187166
 -1.242652 -1.378197 -2.247233 -1.039424
 -1.710790 -1.585627 -1.374318 -1.017644
 -1.839105 -1.641746 -1.451990 -0.883595
 -2.394860 -3.104813 -0.257740 -2.394860
 -1.037417 -1.415853 -2.842963 -1.065197
 -1.983650 -2.271332 -2.233592 -0.427532
 -1.626679 -1.563501 -1.543298 -0.966685
 -1.606617 -1.512588 -1.294586 -1.187166
 -1.242652 -1.378197 -2.247233 -1.039424
 -1.710790 -1.585627 -1.374318 -1.017644
 -1.839105 -1.641746 -1.451990 -0.883595
 -1.243978 -1.978797 -1.472237 -1.066772
 -0.856109 -2.028147 -1.972577 -1.189047
 -2.532108 -2.833212 -2.532108 -0.245653
 -0.434870 -2.786244 -1.910776 -1.944678
 -1.224592 -1.763588 -1.550014 -1.131811
 -1.047320 -1.579198 -2.790283 -0.963438
 -1.466337 -1.546379 -1.368699 -1.198074
 -1.689480 -1.584120 -1.444358 -0.982540
 -1.243978 -1.978797 -1.472237 -1.066772
 -0.856109 -2.028147 -1.972577 -1.189047
 -2.532108 -2.833212 -2.532108 -0.245653
 -0.434870 -2.786244 -1.910776 -1.944678
 -1.224592 -1.763588 -1.550014 -1.131811
 -1.047320 -1.579198 -2.790283 -0.963438
 -1.466337 -1.546379 -1.368699 -1.198074
 -1.689480 -1.584120 -1.444358 -0.982540
 -1.118221 -1.801515 -1.290690 -1.456675
 -1.103651 -1.361479 -2.115249 -1.232862
 -1.515127 -1.498598 -1.190631 -1.375365
 -2.852901 -3.004707 -0.221926 -2.388194
 -2.161173 -2.367967 -0.406732 -2.076913
 -1.213452 -1.313535 -3.159353 -0.937746
 -1.743512 -0.809981 -1.787964 -1.546802
 -1.986247 -1.719979 -1.211755 -0.951798
 -1.118221 -1.801515 -1.290690 -1.456675
 -1.103651 -1.361479 -2.115249 -1.232862
 -1.515127 -1.498598 -1.190631 -1.375365
 -2.852901 -3.004707 -0.221926 -2.388194
 -2.161173 -2.367967 -0.406732 -2.076913
 -1.213452 -1.313535 -3.159353 -0.937746
 -1.743512 -0.809981 -1.787964 -1.546802
 -1.986247 -1.719979 -1.211755 -0.951798
 -1.091924 -1.340385 -1.785070 -1.448598
 -1.670681 -0.589770 -3.148777 -1.539345
 -2.355448 -0.283176 -2.493069 -2.672117
 -1.612822 -1.563225 -1.456253 -1.026921
 -1.531476 -1.024229 -1.625002 -1.479290
 -1.427794 -1.005522 -2.940376 -1.074515
 -3.461384 -0.202222 -3.283703 -2.169708
 -2.014902 -1.395864 -1.540445 -0.904457
 -1.091924 -1.340385 -1.785070 -1.448598
 -1.670681 -0.589770 -3.148777 -1.539345
 -2.355448 -0.283176 -2.493069 -2.672117
 -1.612822 -1.563225 -1.456253 -1.026921
 -1.531476 -1.024229 -1.625002 -1.479290
 -1.427794 -1.005522 -2.940376 -1.074515
 -3.461384 -0.202222 -3.283703 -2.169708
 -2.014902 -1.395864 -1.540445 -0.904457
 -14.778687 -14.778687 -14.778687 -0.000001
 -16.627319 -16.627319 -16.627319 -0.000000
 -14.533352 -14.533352 -14.533352 -0.000001
 -14.950134 -14.950134 -14.950134 -0.000001
 -14.652760 -14.652760 -14.652760 -0.000001
 -15.260075 -15.260075 -15.260075 -0.000001
 -14.430698 -14.430698 -14.430698 -0.000002
 -15.262430 -15.262430 -15.262430 -0.000001
 -14.778687 -14.778687 -14.778687 -0.000001
 -16.627319 -16.627319 -16.627319 -0.000000
 -14.533352 -14.533352 -14.533352 -0.000001
 -14.950134 -14.950134 -14.950134 -0.000001
 -14.652760 -14.652760 -14.652760 -0.000001
 -15.260075 -15.260075 -15.260075 -0.000001
 -14.430698 -14.430698 -14.430698 -0.000002
 -15.262430 -15.262430 -15.262430 -0.000001
 -1.386294 -1.386294 -1.386294 -1.386294
 -1.386294 -1.386294 -1.386294 -1.386294
 -1.386294 -1.386294 -1.386294 -1.386294
 -1.273937 -1.230366 -0.848431 -15.993666
 -1.386294 -1.386294 -1.386294 -1.386294
 -1.386294 -1.386294 -1.386294 -1.386294
 -1.386294 -1.386294 -1.386294 -1.386294
 -1.937096 -1.920043 -0.343508 -17.156250
 -1.386294 -1.386294 -1.386294 -1.386294
 -1.386294 -1.386294 -1.386294 -1.386294
 -1.386294 -1.386294 -1.386294 -1.386294
 -1.273937 -1.230366 -0.848431 -15.993666
 -1.386294 -1.386294 -1.386294 -1.386294
 -1.386294 -1.386294 -1.386294 -1.386294
 -1.386294 -1.386294 -1.386294 -1.386294
 -1.937096 -1.920043 -0.343508 -17.156250
 -1.386294 -1.386294 -1.386294 -1.386294
 -1.386294 -1.386294 -1.386294 -1.386294
 -1.386294 -1.386294 -1.386294 -1.386294
 -1.386294 -1.386294 -1.386294 -1.386294
 -1.563126 -1.972247 -1.010837 -1.246665
 -1.172720 -1.322873 -2.598234 -1.050673
 -2.061543 -2.599126 -0.430557 -1.908808
 -1.386294 -1.386294 -1.386294 -1.386294
 -1.386294 -1.386294 -1.386294 -1.386294
 -1.386294 -1.386294 -1.386294 -1.386294
 -1.386294 -1.386294 -1.386294 -1.386294
 -1.386294 -1.386294 -1.386294 -1.386294
 -1.563126 -1.972247 -1.010837 -1.246665
 -1.172720 -1.322873 -2.598234 -1.050673
 -2.061543 -2.599126 -0.430557 -1.908808
 -1.386294 -1.386294 -1.386294 -1.386294
 -1.377245 -1.992429 -0.893818 -1.598138
 -1.184268 -1.447852 -2.372109 -1.006020
 -2.381788 -2.999096 -0.224404 -2.833773
 -0.985152 -1.949613 -1.557221 -1.296207
 -1.508896 -1.623966 -1.178655 -1.294487
 -0.982694 -1.380723 -2.702473 -1.180053
 -1.966107 -2.302573 -0.653931 -1.427116
 -1.567765 -1.452252 -1.142098 -1.434234
 -1.377245 -1.992429 -0.893818 -1.598138
 -1.184268 -1.447852 -2.372109 -1.006020
 -2.381788 -2.999096 -0.224404 -2.833773
 -0.985152 -1.949613 -1.557221 -1.296207
 -1.508896 -1.623966 -1.178655 -1.294487
 -0.982694 -1.380723 -2.702473 -1.180053
 -1.966107 -2.302573 -0.653931 -1.427116
 -1.567765 -1.452252 -1.142098 -1.434234
 -0.833214 -1.735614 -1.606403 -1.668923
 -1.024505 -1.247648 -2.970407 -1.195462
 -0.156609 -3.079907 -2.754485 -3.342271
 -1.323659 -1.787964 -1.640328 -0.987187
 -1.179280 -2.021172 -1.386294 -1.171183
 -1.353505 -1.014731 -3.283405 -1.073920
 -1.395183 -1.395183 -1.469291 -1.293401
 -1.750601 -1.389099 -1.547002 -1.010202
 -0.833214 -1.735614 -1.606403 -1.668923
 -1.024505 -1.247648 -2.970407 -1.195462
 -0.156609 -3.079907 -2.754485 -3.342271
 -1.323659 -1.787964 -1.640328 -0.987187
 -1.179280 -2.021172 -1.386294 -1.171183
 -1.353505 -1.014731 -3.283405 -1.073920
 -1.395183 -1.395183 -1.469291 -1.293401
 -1.750601 -1.389099 -1.547002 -1.010202
 -16.690769 -16.690769 -16.690769 -0.000000
 -14.711600 -14.711600 -14.711600 -0.000001
 -14.997239 -14.997239 -14.997239 -0.000001
 -14.940441 -14.940441 -14.940441 -0.000001
 -14.786291 -14.786291 -14.786291 -0.000001
 -14.830743 -14.830743 -14.830743 -0.000001
 -14.193950 -14.193950 -14.193950 -0.000002
 -15.121139 -15.121139 -15.121139 -0.000001
 -16.690769 -16.690769 -16.690769 -0.000000
 -14.711600 -14.711600 -14.711600 -0.000001
 -14.997239 -14.997239 -14.997239 -0.000001
 -14.940441 -14.940441 -14.940441 -0.000001
 -14.786291 -14.786291 -14.786291 -0.000001
 -14.830743 -14.830743 -14.830743 -0.000001
 -14.193950 -14.193950 -14.193950 -0.000002
 -15.121139 -15.121139 -15.121139 -0.000001
 -1.386294 -1.386294 -1.386294 -1.386294
 -1.386294 -1.386294 -1.386294 -1.386294
 -1.386294 -1.386294 -1.386294 -1.386294
 -17.037979 -17.037979 -17.037979 -0.000000
 -1.386294 -1.386294 -1.386294 -1.386294
 -1.386294 -1.386294 -1.386294 -1.386294
 -1.386294 -1.386294 -1.386294 -1.386294
 -16.298750 -16.298750 -16.298750 -0.000000
 -1.386294 -1.386294 -1.386294 -1.386294
 -1.386294 -1.386294 -1.386294 -1.386294
 -1.386294 -1.386294 -1.386294 -1.386294
 -17.037979 -17.037979 -17.037979 -0.000000
 -1.386294 -1.386294 -1.386294 -1.386294
 -1.386294 -1.386294 -1.386294 -1.386294
 -1.386294 -1.386294 -1.386294 -1.386294
 -16.298750 -16.298750 -16.298750 -0.000000
 -1.386294 -1.386294 -1.386294 -1.386294
 -1.386294 -1.386294 -1.386294 -1.386294
 -1.386294 -1.386294 -1.386294 -1.386294
 -1.386294 -1.386294 -1.386294 -1.386294
 -1.386294 -1.386294 -1.386294 -1.386294
 -1.386294 -1.386294 -1.386294 -1.386294
 -1.386294 -1.386294 -1.386294 -1.386294
 -0.694497 -1.690020 -2.015443 -1.698831
 -1.386294 -1.386294 -1.386294 -1.386294
 -1.386294 -1.386294 -1.386294 -1.386294
 -1.386294 -1.386294 -1.386294 -1.386294
 -1.386294 -1.386294 -1.386294 -1.386294
 -1.386294 -1.386294 -1.386294 -1.386294
 -1.386294 -1.386294 -1.386294 -1.386294
 -1.386294 -1.386294 -1.386294 -1.386294
 -0.694497 -1.690020 -2.015443 -1.698831
 -1.386294 -1.386294 -1.386294 -1.386294
 -1.386294 -1.386294 -1.386294 -1.386294
 -1.386294 -1.386294 -1.386294 -1.386294
 -1.386294 -1.386294 -1.386294 -1.386294
 -16.733822 -0.000000 -16.733822 -16.733822
 -15.738299 -0.000001 -15.738299 -15.738299
 -15.412877 -0.000001 -15.412877 -15.412877
 -15.729488 -0.000001 -15.729488 -15.729488
 -1.386294 -1.386294 -1.386294 -1.386294
 -1.386294 -1.386294 -1.386294 -1.386294
 -1.386294 -1.386294 -1.386294 -1.386294
 -1.386294 -1.386294 -1.386294 -1.386294
 -16.733822 -0.000000 -16.733822 -16.733822
 -15.738299 -0.000001 -15.738299 -15.738299
 -15.412877 -0.000001 -15.412877 -15.412877
 -15.729488 -0.000001 -15.729488 -15.729488
 -1.386294 -1.386294 -1.386294 -1.386294
 0.000000 -16.970381 -16.970381 -16.970381
 -1.386294 -1.386294 -1.386294 -1.386294
 -1.386294 -1.386294 -1.386294 -1.386294
 -1.386294 -1.386294 -1.386294 -1.386294
 -0.000000 -16.427050 -16.427050 -16.427050
 -1.386294 -1.386294 -1.386294 -1.386294
 -1.386294 -1.386294 -1.386294 -1.386294
 -1.386294 -1.386294 -1.386294 -1.386294
 0.000000 -16.970381 -16.970381 -16.970381
 -1.386294 -1.386294 -1.386294 -1.386294
 -1.386294 -1.386294 -1.386294 -1.386294
 -1.386294 -1.386294 -1.386294 -1.386294
 -0.000000 -16.427050 -16.427050 -16.427050
 -1.386294 -1.386294 -1.386294 -1.386294
 -1.386294 -1.386294 -1.386294 -1.386294
 -1.386294 -1.386294 -1.386294 -1.386294
 -1.386294 -1.386294 -1.386294 -1.386294
 -1.386294 -1.386294 -1.386294 -1.386294
 -1.386294 -1.386294 -1.386294 -1.386294
 -17.428318 -17.428318 -0.000000 -17.428318
 -1.386294 -1.386294 -1.386294 -1.386294
 -1.386294 -1.386294 -1.386294 -1.386294
 -1.386294 -1.386294 -1.386294 -1.386294
 -1.386294 -1.386294 -1.386294 -1.386294
 -1.386294 -1.386294 -1.386294 -1.386294
 -1.386294 -1.386294 -1.386294 -1.386294
 -1.386294 -1.386294 -1.386294 -1.386294
 -17.428318 -17.428318 -0.000000 -17.428318
 -1.386294 -1.386294 -1.386294 -1.386294
 -1.386294 -1.386294 -1.386294 -1.386294
 -1.386294 -1.386294 -1.386294 -1.386294
 -1.386294 -1.386294 -1.386294 -1.386294
 -1.386294 -1.386294 -1.386294 -1.386294
 -1.661200 -2.015443 -0.658419 -1.837856
 -1.386294 -1.386294 -1.386294 -1.386294
 -1.386294 -1.386294 -1.386294 -1.386294
 -1.386294 -1.386294 -1.386294 -1.386294
 -1.386294 -1.386294 -1.386294 -1.386294
 -1.386294 -1.386294 -1.386294 -1.386294
 -1.386294 -1.386294 -1.386294 -1.386294
 -1.386294 -1.386294 -1.386294 -1.386294
 -1.661200 -2.015443 -0.658419 -1.837856
 -1.386294 -1.386294 -1.386294 -1.386294
 -1.386294 -1.386294 -1.386294 -1.386294
 -1.386294 -1.386294 -1.386294 -1.386294
 -1.386294 -1.386294 -1.386294 -1.386294
 -1.386294 -1.386294 -1.386294 -1.386294
 -1.248511 -1.539498 -1.566346 -1.238658
 -1.282555 -1.327338 -3.429941 -0.855428
 -2.503313 -0.535801 -2.715372 -1.321235
 -1.482283 -1.679642 -1.396516 -1.081805
 -1.386294 -1.386294 -1.386294 -1.386294
 -1.386294 -1.386294 -1.386294 -1.386294
 -1.386294 -1.386294 -1.386294 -1.386294
 -1.386294 -1.386294 -1.386294 -1.386294
 -1.248511 -1.539498 -1.566346 -1.238658
 -1.282555 -1.327338 -3.429941 -0.855428
 -2.503313 -0.535801 -2.715372 -1.321235
 -1.482283 -1.679642 -1.396516 -1.081805
 -1.386294 -1.386294 -1.386294 -1.386294
 -1.386294 -1.386294 -1.386294 -1.386294
 -1.386294 -1.386294 -1.386294 -1.386294
 -1.386294 -1.386294 -1.386294 -1.386294
 -1.182842 -1.740187 -1.079302 -1.724439
 -0.763038 -2.755467 -0.978216 -2.362425
 -1.423473 -1.393620 -1.295640 -1.438741
 -2.073870 -2.548327 -0.377236 -2.204232
 -1.524581 -1.183278 -1.397426 -1.474984
 -1.265289 -1.280105 -3.086894 -0.930921
 -1.080264 -1.591088 -1.621860 -1.349927
 -1.306627 -1.646709 -1.441446 -1.203973
 -1.182842 -1.740187 -1.079302 -1.724439
 -0.763038 -2.755467 -0.978216 -2.362425
 -1.423473 -1.393620 -1.295640 -1.438741
 -2.073870 -2.548327 -0.377236 -2.204232
 -1.524581 -1.183278 -1.397426 -1.474984
 -1.265289 -1.280105 -3.086894 -0.930921
 -1.080264 -1.591088 -1.621860 -1.349927
 -1.306627 -1.646709 -1.441446 -1.203973
