 -2.807312 0.000100 0.000100 0.000100
 -3.023811 0.000100 0.000100 0.000100
 -3.354341 0.000100 0.000100 0.000100
 -2.780995 0.000100 0.000100 0.000100
 -2.730351 0.000100 0.000100 0.000100
 -2.633919 0.000100 0.000100 0.000100
 -3.074756 0.000100 0.000100 0.000100
 -2.198997 0.000100 0.000100 0.000100
 -2.807312 0.000100 0.000100 0.000100
 -3.023811 0.000100 0.000100 0.000100
 -3.354341 0.000100 0.000100 0.000100
 -2.780995 0.000100 0.000100 0.000100
 -2.730351 0.000100 0.000100 0.000100
 -2.633919 0.000100 0.000100 0.000100
 -3.074756 0.000100 0.000100 0.000100
 -2.198997 0.000100 0.000100 0.000100
 -1.301953 -1.301953 -1.866482 -1.199538
 -1.244519 -1.210618 -3.145471 -0.991929
 -1.716335 -1.145791 -1.691017 -1.145791
 -1.510592 -1.892800 -1.442384 -0.935964
 -1.076634 -1.450010 -2.112066 -1.191703
 -1.557024 -1.427490 -3.155876 -0.679784
 -1.252763 -1.425376 -2.133120 -1.034510
 -1.644892 -1.441491 -1.644892 -0.974560
 -1.301953 -1.301953 -1.866482 -1.199538
 -1.244519 -1.210618 -3.145471 -0.991929
 -1.716335 -1.145791 -1.691017 -1.145791
 -1.510592 -1.892800 -1.442384 -0.935964
 -1.076634 -1.450010 -2.112066 -1.191703
 -1.557024 -1.427490 -3.155876 -0.679784
 -1.252763 -1.425376 -2.133120 -1.034510
 -1.644892 -1.441491 -1.644892 -0.974560
 -1.234918 -1.283708 -1.937633 -1.244487
 -1.457422 -1.132000 -2.980912 -0.931329
 -1.534935 -1.247254 -1.732760 -1.138054
 -1.704748 -1.704748 -1.255223 -1.045969
 -1.068981 -1.619513 -2.037717 -1.113764
 -1.481604 -1.273308 -3.396418 -0.777987
 -1.355523 -1.502126 -2.212971 -0.891218
 -1.698758 -1.482941 -1.594858 -0.948858
 -1.234918 -1.283708 -1.937633 -1.244487
 -1.457422 -1.132000 -2.980912 -0.931329
 -1.534935 -1.247254 -1.732760 -1.138054
 -1.704748 -1.704748 -1.255223 -1.045969
 -1.068981 -1.619513 -2.037717 -1.113764
 -1.481604 -1.273308 -3.396418 -0.777987
 -1.355523 -1.502126 -2.212971 -0.891218
 -1.698758 -1.482941 -1.594858 -0.948858
 -1.383417 -1.244155 -1.898080 -1.167194
 -1.280934 -1.256241 -2.829743 -0.971613
 -1.544518 -1.168041 -1.841769 -1.148623
 -1.781759 -1.695992 -1.371331 -0.930207
 -1.154852 -1.473306 -2.237069 -1.052803
 -1.414404 -1.223349 -3.442547 -0.842335
 -1.115476 -1.657392 -1.939242 -1.085323
 -2.004390 -1.436406 -1.592411 -0.857922
 -1.383417 -1.244155 -1.898080 -1.167194
 -1.280934 -1.256241 -2.829743 -0.971613
 -1.544518 -1.168041 -1.841769 -1.148623
 -1.781759 -1.695992 -1.371331 -0.930207
 -1.154852 -1.473306 -2.237069 -1.052803
 -1.414404 -1.223349 -3.442547 -0.842335
 -1.115476 -1.657392 -1.939242 -1.085323
 -2.004390 -1.436406 -1.592411 -0.857922
 -1.401066 -1.365974 -1.981734 -1.019699
 -1.295910 -1.320912 -2.917766 -0.902868
 -1.561235 -1.398717 -1.591088 -1.080264
 -1.851751 -1.716205 -1.278406 -0.955006
 -1.106911 -1.537694 -2.087739 -1.106911
 -1.543975 -1.246441 -3.594139 -0.751924
 -1.205135 -1.898281 -1.852819 -0.932095
 -1.970286 -1.408076 -1.653486 -0.856636
 -1.401066 -1.365974 -1.981734 -1.019699
 -1.295910 -1.320912 -2.917766 -0.902868
 -1.561235 -1.398717 -1.591088 -1.080264
 -1.851751 -1.716205 -1.278406 -0.955006
 -1.106911 -1.537694 -2.087739 -1.106911
 -1.543975 -1.246441 -3.594139 -0.751924
 -1.205135 -1.898281 -1.852819 -0.932095
 -1.970286 -1.408076 -1.653486 -0.856636
 -1.292107 -1.248144 -2.091863 -1.155771
 -1.195941 -1.562185 -3.316195 -0.794931
 -1.609437 -1.264598 -1.670062 -1.110447
 -1.924248 -1.552685 -1.345764 -0.962348
 -1.426646 -1.284330 -2.180416 -0.994100
 -1.740883 -1.351419 -3.127174 -0.650240
 -1.313172 -1.699589 -1.819733 -0.951383
 -2.057986 -1.448426 -1.621559 -0.821529
 -1.292107 -1.248144 -2.091863 -1.155771
 -1.195941 -1.562185 -3.316195 -0.794931
 -1.609437 -1.264598 -1.670062 -1.110447
 -1.924248 -1.552685 -1.345764 -0.962348
 -1.426646 -1.284330 -2.180416 -0.994100
 -1.740883 -1.351419 -3.127174 -0.650240
 -1.313172 -1.699589 -1.819733 -0.951383
 -2.057986 -1.448426 -1.621559 -0.821529
 -1.365532 -1.167356 -2.072472 -1.178655
 -1.428259 -1.188118 -2.681018 -0.949366
 -1.736699 -1.380025 -1.542543 -1.025854
 -1.883087 -1.650156 -1.302614 -0.957009
 -1.479760 -1.453092 -2.382626 -0.807092
 -1.744842 -1.178109 -3.487806 -0.719698
 -1.664059 -1.596236 -1.815289 -0.809271
 -2.440651 -1.368357 -1.684590 -0.748976
 -1.365532 -1.167356 -2.072472 -1.178655
 -1.428259 -1.188118 -2.681018 -0.949366
 -1.736699 -1.380025 -1.542543 -1.025854
 -1.883087 -1.650156 -1.302614 -0.957009
 -1.479760 -1.453092 -2.382626 -0.807092
 -1.744842 -1.178109 -3.487806 -0.719698
 -1.664059 -1.596236 -1.815289 -0.809271
 -2.440651 -1.368357 -1.684590 -0.748976
 -1.287854 -1.369200 -2.114531 -1.052289
 -1.576163 -0.948768 -2.810903 -1.061708
 -1.708108 -1.242747 -1.708108 -1.052703
 -1.745668 -1.583825 -1.485385 -0.931740
 -1.619909 -1.372501 -1.999398 -0.883838
 -1.857802 -1.207739 -3.280907 -0.678222
 -1.666404 -1.450181 -2.115928 -0.785206
 -2.493755 -1.373165 -1.767819 -0.706451
 -1.287854 -1.369200 -2.114531 -1.052289
 -1.576163 -0.948768 -2.810903 -1.061708
 -1.708108 -1.242747 -1.708108 -1.052703
 -1.745668 -1.583825 -1.485385 -0.931740
 -1.619909 -1.372501 -1.999398 -0.883838
 -1.857802 -1.207739 -3.280907 -0.678222
 -1.666404 -1.450181 -2.115928 -0.785206
 -2.493755 -1.373165 -1.767819 -0.706451
 -1.284825 -1.168993 -2.437501 -1.123184
 -1.680746 -1.009579 -2.464863 -1.009579
 -2.041981 -1.474000 -1.441210 -0.904907
 -2.020017 -1.708582 -1.346289 -0.853269
 -1.439974 -1.396802 -2.826264 -0.784286
 -1.906955 -1.135556 -2.960102 -0.737285
 -2.075962 -1.315677 -1.830840 -0.807453
 -2.566998 -1.495415 -1.691530 -0.663897
 -1.284825 -1.168993 -2.437501 -1.123184
 -1.680746 -1.009579 -2.464863 -1.009579
 -2.041981 -1.474000 -1.441210 -0.904907
 -2.020017 -1.708582 -1.346289 -0.853269
 -1.439974 -1.396802 -2.826264 -0.784286
 -1.906955 -1.135556 -2.960102 -0.737285
 -2.075962 -1.315677 -1.830840 -0.807453
 -2.566998 -1.495415 -1.691530 -0.663897
 -1.397594 -1.518222 -2.237342 -0.851051
 -1.878019 -1.070098 -2.849875 -0.806807
 -1.945907 -1.080914 -1.284512 -1.422662
 -2.108894 -1.460199 -1.718028 -0.761387
 -1.496385 -1.429694 -2.561092 -0.777705
 -2.211459 -1.075904 -3.247548 -0.672168
 -2.070472 -1.286354 -1.876316 -0.810931
 -2.478178 -1.334615 -1.856491 -0.699920
 -1.397594 -1.518222 -2.237342 -0.851051
 -1.878019 -1.070098 -2.849875 -0.806807
 -1.945907 -1.080914 -1.284512 -1.422662
 -2.108894 -1.460199 -1.718028 -0.761387
 -1.496385 -1.429694 -2.561092 -0.777705
 -2.211459 -1.075904 -3.247548 -0.672168
 -2.070472 -1.286354 -1.876316 -0.810931
 -2.478178 -1.334615 -1.856491 -0.699920
 -1.386294 -1.609437 -2.590261 -0.744442
 -2.008429 -1.047969 -3.139824 -0.751071
 -1.800057 -1.106912 -1.576914 -1.212272
 -2.199929 -1.424867 -1.623043 -0.795510
 -2.188639 -1.421386 -3.500815 -0.483894
 -2.074742 -1.215023 -3.365723 -0.610331
 -2.182297 -1.393842 -1.894616 -0.715963
 -2.610988 -1.463586 -1.789008 -0.638645
 -1.386294 -1.609437 -2.590261 -0.744442
 -2.008429 -1.047969 -3.139824 -0.751071
 -1.800057 -1.106912 -1.576914 -1.212272
 -2.199929 -1.424867 -1.623043 -0.795510
 -2.188639 -1.421386 -3.500815 -0.483894
 -2.074742 -1.215023 -3.365723 -0.610331
 -2.182297 -1.393842 -1.894616 -0.715963
 -2.610988 -1.463586 -1.789008 -0.638645
 -1.386294 -1.287855 -2.556358 -0.924950
 -1.771350 -0.963794 -2.869956 -0.937126
 -1.722765 -1.098614 -1.597602 -1.252764
 -2.124601 -1.583795 -1.534403 -0.777094
 -1.709067 -1.198242 -3.249503 -0.737208
 -2.225441 -1.092087 -3.370570 -0.649906
 -2.021895 -1.485095 -2.104133 -0.655537
 -2.656756 -1.351001 -1.794269 -0.684000
 -1.386294 -1.287855 -2.556358 -0.924950
 -1.771350 -0.963794 -2.869956 -0.937126
 -1.722765 -1.098614 -1.597602 -1.252764
 -2.124601 -1.583795 -1.534403 -0.777094
 -1.709067 -1.198242 -3.249503 -0.737208
 -2.225441 -1.092087 -3.370570 -0.649906
 -2.021895 -1.485095 -2.104133 -0.655537
 -2.656756 -1.351001 -1.794269 -0.684000
 -1.452986 -1.684786 -3.028509 -0.630629
 -2.439782 -1.145866 -2.875097 -0.619040
 -2.456725 -1.609436 -1.358124 -0.782762
 -2.431795 -1.671958 -1.655958 -0.628609
 -1.878373 -1.521699 -4.740527 -0.477896
 -2.496954 -1.205971 -3.508552 -0.530479
 -2.060512 -1.622258 -2.348194 -0.545387
 -2.752385 -1.445857 -1.945910 -0.583713
 -1.452986 -1.684786 -3.028509 -0.630629
 -2.439782 -1.145866 -2.875097 -0.619040
 -2.456725 -1.609436 -1.358124 -0.782762
 -2.431795 -1.671958 -1.655958 -0.628609
 -1.878373 -1.521699 -4.740527 -0.477896
 -2.496954 -1.205971 -3.508552 -0.530479
 -2.060512 -1.622258 -2.348194 -0.545387
 -2.752385 -1.445857 -1.945910 -0.583713
 -1.564985 -1.442384 -2.908708 -0.693149
 -2.364884 -1.091924 -2.924495 -0.660142
 -2.415901 -0.934312 -1.722764 -1.080915
 -2.461485 -1.429885 -1.638286 -0.731800
 -1.736496 -1.258461 -5.170386 -0.627190
 -2.304249 -0.978060 -3.454151 -0.708236
 -2.432847 -1.277885 -2.390288 -0.612518
 -2.671145 -1.201470 -1.841076 -0.751988
 -1.564985 -1.442384 -2.908708 -0.693149
 -2.364884 -1.091924 -2.924495 -0.660142
 -2.415901 -0.934312 -1.722764 -1.080915
 -2.461485 -1.429885 -1.638286 -0.731800
 -1.736496 -1.258461 -5.170386 -0.627190
 -2.304249 -0.978060 -3.454151 -0.708236
 -2.432847 -1.277885 -2.390288 -0.612518
 -2.671145 -1.201470 -1.841076 -0.751988
 -13.617064 -13.617064 -13.617064 -0.000004
 -14.352006 -14.352006 -14.352006 -0.000002
 -12.923923 -12.923923 -12.923923 -0.000007
 -14.946914 -14.946914 -14.946914 -0.000001
 -14.518610 -14.518610 -14.518610 -0.000002
 -15.865781 -15.865781 -15.865781 -0.000000
 -14.978662 -14.978662 -14.978662 -0.000001
 -16.302914 -16.302914 -16.302914 -0.000000
 -13.617064 -13.617064 -13.617064 -0.000004
 -14.352006 -14.352006 -14.352006 -0.000002
 -12.923923 -12.923923 -12.923923 -0.000007
 -14.946914 -14.946914 -14.946914 -0.000001
 -14.518610 -14.518610 -14.518610 -0.000002
 -15.865781 -15.865781 -15.865781 -0.000000
 -14.978662 -14.978662 -14.978662 -0.000001
 -16.302914 -16.302914 -16.302914 -0.000000
 -1.386294 -1.386294 -1.386294 -1.386294
 -1.386294 -1.386294 -1.386294 -1.386294
 -1.386294 -1.386294 -1.386294 -1.386294
 -2.342115 -1.270753 -1.796421 -0.782275
 -1.386294 -1.386294 -1.386294 -1.386294
 -1.386294 -1.386294 -1.386294 -1.386294
 -1.386294 -1.386294 -1.386294 -1.386294
 -2.690329 -1.103909 -1.950390 -0.780122
 -1.386294 -1.386294 -1.386294 -1.386294
 -1.386294 -1.386294 -1.386294 -1.386294
 -1.386294 -1.386294 -1.386294 -1.386294
 -2.342115 -1.270753 -1.796421 -0.782275
 -1.386294 -1.386294 -1.386294 -1.386294
 -1.386294 -1.386294 -1.386294 -1.386294
 -1.386294 -1.386294 -1.386294 -1.386294
 -2.690329 -1.103909 -1.950390 -0.780122
 -1.386294 -1.386294 -1.386294 -1.386294
 -1.386294 -1.386294 -1.386294 -1.386294
 -1.386294 -1.386294 -1.386294 -1.386294
 -1.386294 -1.386294 -1.386294 -1.386294
 -1.501896 -1.850202 -14.644064 -0.477896
 -2.473933 -1.018647 -3.572543 -0.641353
 -2.154391 -1.345560 -2.340492 -0.639887
 -2.587693 -1.266561 -2.197927 -0.631159
 -1.386294 -1.386294 -1.386294 -1.386294
 -1.386294 -1.386294 -1.386294 -1.386294
 -1.386294 -1.386294 -1.386294 -1.386294
 -1.386294 -1.386294 -1.386294 -1.386294
 -1.501896 -1.850202 -14.644064 -0.477896
 -2.473933 -1.018647 -3.572543 -0.641353
 -2.154391 -1.345560 -2.340492 -0.639887
 -2.587693 -1.266561 -2.197927 -0.631159
 -1.386294 -1.312187 -3.951197 -0.773192
 -1.952381 -0.809320 -2.963974 -1.018074
 -1.704745 -1.386294 -1.481604 -1.076142
 -2.812537 -1.144014 -1.853690 -0.766252
 -1.445611 -1.360453 -14.462616 -0.677563
 -2.277924 -0.796903 -4.236730 -0.838576
 -2.134702 -1.293921 -1.729238 -0.843721
 -2.464828 -1.053618 -1.878062 -0.883300
 -1.386294 -1.312187 -3.951197 -0.773192
 -1.952381 -0.809320 -2.963974 -1.018074
 -1.704745 -1.386294 -1.481604 -1.076142
 -2.812537 -1.144014 -1.853690 -0.766252
 -1.445611 -1.360453 -14.462616 -0.677563
 -2.277924 -0.796903 -4.236730 -0.838576
 -2.134702 -1.293921 -1.729238 -0.843721
 -2.464828 -1.053618 -1.878062 -0.883300
 -0.808460 -1.724747 -4.615025 -1.004204
 -2.101258 -1.022452 -3.548157 -0.714968
 -1.504076 -1.504076 -1.609436 -1.034076
 -2.046650 -1.437588 -1.984130 -0.701516
 -1.618096 -1.129250 -4.753542 -0.755390
 -2.366783 -0.777105 -3.487372 -0.877305
 -2.090409 -1.646479 -1.573720 -0.741575
 -2.496871 -1.358327 -1.909085 -0.668745
 -0.808460 -1.724747 -4.615025 -1.004204
 -2.101258 -1.022452 -3.548157 -0.714968
 -1.504076 -1.504076 -1.609436 -1.034076
 -2.046650 -1.437588 -1.984130 -0.701516
 -1.618096 -1.129250 -4.753542 -0.755390
 -2.366783 -0.777105 -3.487372 -0.877305
 -2.090409 -1.646479 -1.573720 -0.741575
 -2.496871 -1.358327 -1.909085 -0.668745
 -0.993253 -1.960834 -3.113502 -0.810932
 -2.005331 -0.667831 -3.440401 -1.137834
 -1.836208 -1.461517 -1.189585 -1.189585
 -2.972117 -1.403507 -1.691188 -0.656293
 -1.147620 -1.486835 -4.339436 -0.813107
 -2.243574 -0.918080 -3.121290 -0.797317
 -1.444738 -2.175623 -1.696052 -0.760894
 -2.146580 -1.609438 -1.778856 -0.664976
 -0.993253 -1.960834 -3.113502 -0.810932
 -2.005331 -0.667831 -3.440401 -1.137834
 -1.836208 -1.461517 -1.189585 -1.189585
 -2.972117 -1.403507 -1.691188 -0.656293
 -1.147620 -1.486835 -4.339436 -0.813107
 -2.243574 -0.918080 -3.121290 -0.797317
 -1.444738 -2.175623 -1.696052 -0.760894
 -2.146580 -1.609438 -1.778856 -0.664976
 -0.186588 -14.446785 -1.770705 -14.446785
 -0.238754 -13.937732 -1.549333 -13.937732
 -0.980831 -13.487012 -0.470007 -13.487012
 -1.137282 -14.880222 -0.386678 -14.880222
 -0.011607 -14.771024 -4.462038 -14.771024
 -0.234349 -15.786811 -1.565834 -15.786811
 -0.821294 -14.883665 -0.579574 -14.883665
 -1.011388 -16.278513 -0.452107 -16.278513
 -0.186588 -14.446785 -1.770705 -14.446785
 -0.238754 -13.937732 -1.549333 -13.937732
 -0.980831 -13.487012 -0.470007 -13.487012
 -1.137282 -14.880222 -0.386678 -14.880222
 -0.011607 -14.771024 -4.462038 -14.771024
 -0.234349 -15.786811 -1.565834 -15.786811
 -0.821294 -14.883665 -0.579574 -14.883665
 -1.011388 -16.278513 -0.452107 -16.278513
 -0.612022 -1.767410 -1.985412 -1.899470
 -1.386294 -1.386294 -1.386294 -1.386294
 -1.062245 -1.504077 -1.244566 -1.937712
 -1.386294 -1.386294 -1.386294 -1.386294
 -0.645855 -1.327721 -2.976378 -1.834282
 -1.386294 -1.386294 -1.386294 -1.386294
 -1.315514 -1.380942 -0.981426 -2.248611
 -1.386294 -1.386294 -1.386294 -1.386294
 -0.612022 -1.767410 -1.985412 -1.899470
 -1.386294 -1.386294 -1.386294 -1.386294
 -1.062245 -1.504077 -1.244566 -1.937712
 -1.386294 -1.386294 -1.386294 -1.386294
 -0.645855 -1.327721 -2.976378 -1.834282
 -1.386294 -1.386294 -1.386294 -1.386294
 -1.315514 -1.380942 -0.981426 -2.248611
 -1.386294 -1.386294 -1.386294 -1.386294
 -16.387360 -0.000000 -16.387360 -16.387360
 -15.822382 -0.000000 -15.822382 -15.822382
 -15.651288 -0.000001 -15.651288 -15.651288
 -15.264781 -0.000001 -15.264781 -15.264781
 -1.386294 -1.386294 -1.386294 -1.386294
 -1.386294 -1.386294 -1.386294 -1.386294
 -1.386294 -1.386294 -1.386294 -1.386294
 -1.386294 -1.386294 -1.386294 -1.386294
 -16.387360 -0.000000 -16.387360 -16.387360
 -15.822382 -0.000000 -15.822382 -15.822382
 -15.651288 -0.000001 -15.651288 -15.651288
 -15.264781 -0.000001 -15.264781 -15.264781
 -1.386294 -1.386294 -1.386294 -1.386294
 -1.386294 -1.386294 -1.386294 -1.386294
 -1.386294 -1.386294 -1.386294 -1.386294
 -1.386294 -1.386294 -1.386294 -1.386294
 -1.386294 -1.386294 -1.386294 -1.386294
 -0.000000 -16.778721 -16.778721 -16.778721
 -1.386294 -1.386294 -1.386294 -1.386294
 -1.386294 -1.386294 -1.386294 -1.386294
 -1.386294 -1.386294 -1.386294 -1.386294
 -0.000000 -16.275101 -16.275101 -16.275101
 -1.386294 -1.386294 -1.386294 -1.386294
 -1.386294 -1.386294 -1.386294 -1.386294
 -1.386294 -1.386294 -1.386294 -1.386294
 -0.000000 -16.778721 -16.778721 -16.778721
 -1.386294 -1.386294 -1.386294 -1.386294
 -1.386294 -1.386294 -1.386294 -1.386294
 -1.386294 -1.386294 -1.386294 -1.386294
 -0.000000 -16.275101 -16.275101 -16.275101
 -1.386294 -1.386294 -1.386294 -1.386294
 -1.386294 -1.386294 -1.386294 -1.386294
 -1.386294 -1.386294 -1.386294 -1.386294
 -1.386294 -1.386294 -1.386294 -1.386294
 -1.386294 -1.386294 -1.386294 -1.386294
 -1.386294 -1.386294 -1.386294 -1.386294
 -17.251432 -17.251432 -0.000000 -17.251432
 -1.386294 -1.386294 -1.386294 -1.386294
 -1.386294 -1.386294 -1.386294 -1.386294
 -1.386294 -1.386294 -1.386294 -1.386294
 -1.386294 -1.386294 -1.386294 -1.386294
 -1.386294 -1.386294 -1.386294 -1.386294
 -1.386294 -1.386294 -1.386294 -1.386294
 -1.386294 -1.386294 -1.386294 -1.386294
 -17.251432 -17.251432 -0.000000 -17.251432
 -1.386294 -1.386294 -1.386294 -1.386294
 -1.386294 -1.386294 -1.386294 -1.386294
 -1.386294 -1.386294 -1.386294 -1.386294
 -1.386294 -1.386294 -1.386294 -1.386294
 -1.386294 -1.386294 -1.386294 -1.386294
 -1.326921 -1.916408 -0.739943 -2.203361
 -1.386294 -1.386294 -1.386294 -1.386294
 -1.386294 -1.386294 -1.386294 -1.386294
 -1.386294 -1.386294 -1.386294 -1.386294
 -1.386294 -1.386294 -1.386294 -1.386294
 -1.386294 -1.386294 -1.386294 -1.386294
 -1.386294 -1.386294 -1.386294 -1.386294
 -1.386294 -1.386294 -1.386294 -1.386294
 -1.326921 -1.916408 -0.739943 -2.203361
 -1.386294 -1.386294 -1.386294 -1.386294
 -1.386294 -1.386294 -1.386294 -1.386294
 -1.386294 -1.386294 -1.386294 -1.386294
 -1.386294 -1.386294 -1.386294 -1.386294
 -1.386294 -1.386294 -1.386294 -1.386294
 -1.320543 -1.969238 -1.515673 -0.984071
 -1.379751 -1.388485 -2.723484 -0.836417
 -1.294795 -1.858730 -1.648659 -0.973211
 -2.076529 -1.945909 -0.925076 -1.092799
 -1.386294 -1.386294 -1.386294 -1.386294
 -1.386294 -1.386294 -1.386294 -1.386294
 -1.386294 -1.386294 -1.386294 -1.386294
 -1.386294 -1.386294 -1.386294 -1.386294
 -1.320543 -1.969238 -1.515673 -0.984071
 -1.379751 -1.388485 -2.723484 -0.836417
 -1.294795 -1.858730 -1.648659 -0.973211
 -2.076529 -1.945909 -0.925076 -1.092799
 -1.386294 -1.386294 -1.386294 -1.386294
 -1.386294 -1.386294 -1.386294 -1.386294
 -1.386294 -1.386294 -1.386294 -1.386294
 -1.386294 -1.386294 -1.386294 -1.386294
 -1.087492 -1.738870 -1.519369 -1.315386
 -0.956090 -1.542373 -2.479141 -1.145959
 -1.246346 -1.407987 -1.666848 -1.276651
 -1.498333 -1.648198 -1.072460 -1.419084
 -0.951722 -1.628607 -2.018070 -1.255933
 -1.265109 -1.332550 -2.098015 -1.104767
 -1.474401 -1.646251 -1.180163 -1.305326
 -1.985002 -1.389494 -1.151084 -1.213604
 -1.087492 -1.738870 -1.519369 -1.315386
 -0.956090 -1.542373 -2.479141 -1.145959
 -1.246346 -1.407987 -1.666848 -1.276651
 -1.498333 -1.648198 -1.072460 -1.419084
 -0.951722 -1.628607 -2.018070 -1.255933
 -1.265109 -1.332550 -2.098015 -1.104767
 -1.474401 -1.646251 -1.180163 -1.305326
 -1.985002 -1.389494 -1.151084 -1.213604
 -2.736754 0.000100 0.000100 0.000100
 -2.754912 0.000100 0.000100 0.000100
 -2.606997 0.000100 0.000100 0.000100
 -2.897977 0.000100 0.000100 0.000100
 -2.897977 0.000100 0.000100 0.000100
 -2.731370 0.000100 0.000100 0.000100
 -3.112962 0.000100 0.000100 0.000100
 -2.551289 0.000100 0.000100 0.000100
 -2.736754 0.000100 0.000100 0.000100
 -2.754912 0.000100 0.000100 0.000100
 -2.606997 0.000100 0.000100 0.000100
 -2.897977 0.000100 0.000100 0.000100
 -2.897977 0.000100 0.000100 0.000100
 -2.731370 0.000100 0.000100 0.000100
 -3.112962 0.000100 0.000100 0.000100
 -2.551289 0.000100 0.000100 0.000100
 -1.142757 -1.823290 -1.161263 -1.577563
 -1.473847 -1.094042 -2.813257 -0.977932
 -1.281013 -1.393830 -1.269697 -1.644007
 -1.631887 -1.648236 -1.172070 -1.196251
 -1.403352 -1.574128 -1.231842 -1.365373
 -1.113487 -1.271050 -2.721564 -1.123070
 -1.540445 -1.469619 -1.302127 -1.259668
 -1.805304 -1.510262 -1.365584 -1.023064
 -1.142757 -1.823290 -1.161263 -1.577563
 -1.473847 -1.094042 -2.813257 -0.977932
 -1.281013 -1.393830 -1.269697 -1.644007
 -1.631887 -1.648236 -1.172070 -1.196251
 -1.403352 -1.574128 -1.231842 -1.365373
 -1.113487 -1.271050 -2.721564 -1.123070
 -1.540445 -1.469619 -1.302127 -1.259668
 -1.805304 -1.510262 -1.365584 -1.023064
 -1.085988 -1.724220 -1.335001 -1.509765
 -1.164308 -1.249301 -2.507116 -1.140519
 -1.179287 -1.514664 -1.272545 -1.647648
 -1.466695 -1.695669 -1.296069 -1.164010
 -1.440579 -1.455148 -1.312746 -1.344142
 -1.356060 -1.372981 -2.790473 -0.849606
 -1.460750 -1.491870 -1.248248 -1.362659
 -1.985962 -1.663433 -1.485115 -0.805672
 -1.085988 -1.724220 -1.335001 -1.509765
 -1.164308 -1.249301 -2.507116 -1.140519
 -1.179287 -1.514664 -1.272545 -1.647648
 -1.466695 -1.695669 -1.296069 -1.164010
 -1.440579 -1.455148 -1.312746 -1.344142
 -1.356060 -1.372981 -2.790473 -0.849606
 -1.460750 -1.491870 -1.248248 -1.362659
 -1.985962 -1.663433 -1.485115 -0.805672
 -1.125292 -1.686572 -1.280330 -1.549550
 -1.133704 -1.356847 -2.285491 -1.142672
 -1.378730 -1.368148 -1.335359 -1.467678
 -1.739239 -1.504611 -1.184411 -1.216329
 -1.333896 -1.652588 -1.198458 -1.413302
 -1.250525 -1.261014 -2.684913 -1.015968
 -1.418324 -1.551460 -1.206883 -1.399119
 -1.984937 -1.696216 -0.976175 -1.195724
 -1.125292 -1.686572 -1.280330 -1.549550
 -1.133704 -1.356847 -2.285491 -1.142672
 -1.378730 -1.368148 -1.335359 -1.467678
 -1.739239 -1.504611 -1.184411 -1.216329
 -1.333896 -1.652588 -1.198458 -1.413302
 -1.250525 -1.261014 -2.684913 -1.015968
 -1.418324 -1.551460 -1.206883 -1.399119
 -1.984937 -1.696216 -0.976175 -1.195724
 -1.075261 -1.882537 -1.298072 -1.454444
 -1.118863 -1.243665 -2.399075 -1.223422
 -1.306623 -1.449225 -1.225708 -1.604623
 -1.631178 -1.650596 -1.173962 -1.193277
 -1.326910 -1.586565 -1.257659 -1.403407
 -1.199965 -1.150033 -2.667903 -1.162284
 -0.810364 -1.867054 -1.492360 -1.737931
 -1.857404 -1.484925 -1.372577 -1.010738
 -1.075261 -1.882537 -1.298072 -1.454444
 -1.118863 -1.243665 -2.399075 -1.223422
 -1.306623 -1.449225 -1.225708 -1.604623
 -1.631178 -1.650596 -1.173962 -1.193277
 -1.326910 -1.586565 -1.257659 -1.403407
 -1.199965 -1.150033 -2.667903 -1.162284
 -0.810364 -1.867054 -1.492360 -1.737931
 -1.857404 -1.484925 -1.372577 -1.010738
 -1.316534 -2.093855 -0.854538 -1.696925
 -1.099234 -1.335996 -2.448894 -1.146999
 -1.213650 -1.589796 -1.282747 -1.506668
 -1.578897 -1.622030 -1.183154 -1.237912
 -1.469349 -1.746197 -1.129149 -1.301290
 -1.155308 -1.247681 -2.686967 -1.109323
 -1.484970 -1.532800 -1.159548 -1.410863
 -1.811475 -1.624372 -1.313116 -0.992710
 -1.316534 -2.093855 -0.854538 -1.696925
 -1.099234 -1.335996 -2.448894 -1.146999
 -1.213650 -1.589796 -1.282747 -1.506668
 -1.578897 -1.622030 -1.183154 -1.237912
 -1.469349 -1.746197 -1.129149 -1.301290
 -1.155308 -1.247681 -2.686967 -1.109323
 -1.484970 -1.532800 -1.159548 -1.410863
 -1.811475 -1.624372 -1.313116 -0.992710
 -1.173733 -1.715774 -1.192345 -1.572835
 -1.126614 -1.204630 -2.436774 -1.242624
 -1.490880 -1.454671 -0.944414 -1.880977
 -1.693414 -1.559539 -1.231709 -1.158098
 -1.387761 -1.541912 -1.212312 -1.431768
 -1.228708 -1.143157 -2.648843 -1.146378
 -1.399565 -1.487270 -1.253077 -1.420131
 -1.895084 -1.515469 -1.392426 -0.963599
 -1.173733 -1.715774 -1.192345 -1.572835
 -1.126614 -1.204630 -2.436774 -1.242624
 -1.490880 -1.454671 -0.944414 -1.880977
 -1.693414 -1.559539 -1.231709 -1.158098
 -1.387761 -1.541912 -1.212312 -1.431768
 -1.228708 -1.143157 -2.648843 -1.146378
 -1.399565 -1.487270 -1.253077 -1.420131
 -1.895084 -1.515469 -1.392426 -0.963599
 -1.150205 -1.741035 -1.212903 -1.557052
 -1.269384 -1.125663 -2.585568 -1.141923
 -1.529684 -1.475949 -1.395562 -1.180450
 -1.658228 -1.537864 -1.233569 -1.192594
 -1.468145 -1.556655 -1.262567 -1.287787
 -1.162391 -1.201125 -2.753755 -1.130975
 -1.491799 -1.524108 -1.179143 -1.387596
 -1.817639 -1.648513 -1.358935 -0.945923
 -1.150205 -1.741035 -1.212903 -1.557052
 -1.269384 -1.125663 -2.585568 -1.141923
 -1.529684 -1.475949 -1.395562 -1.180450
 -1.658228 -1.537864 -1.233569 -1.192594
 -1.468145 -1.556655 -1.262567 -1.287787
 -1.162391 -1.201125 -2.753755 -1.130975
 -1.491799 -1.524108 -1.179143 -1.387596
 -1.817639 -1.648513 -1.358935 -0.945923
 -1.071734 -1.811205 -1.307300 -1.497990
 -1.180468 -1.238374 -2.321719 -1.187754
 -1.300117 -1.441103 -1.294019 -1.529395
 -1.781261 -1.042187 -1.419377 -1.439580
 -1.310603 -1.657976 -1.224683 -1.402555
 -1.177272 -1.146319 -2.718715 -1.177272
 -1.556488 -1.454908 -1.254754 -1.307272
 -1.904385 -1.539871 -1.360770 -0.967022
 -1.071734 -1.811205 -1.307300 -1.497990
 -1.180468 -1.238374 -2.321719 -1.187754
 -1.300117 -1.441103 -1.294019 -1.529395
 -1.781261 -1.042187 -1.419377 -1.439580
 -1.310603 -1.657976 -1.224683 -1.402555
 -1.177272 -1.146319 -2.718715 -1.177272
 -1.556488 -1.454908 -1.254754 -1.307272
 -1.904385 -1.539871 -1.360770 -0.967022
 -1.174304 -1.788188 -1.208156 -1.491854
 -1.215788 -1.209659 -2.515754 -1.125708
 -1.347450 -1.459684 -1.207093 -1.566748
 -1.631887 -1.414163 -1.185816 -1.363305
 -1.510737 -1.641409 -1.143869 -1.320650
 -0.756244 -1.597358 -2.826023 -1.313435
 -1.553969 -1.427426 -1.193489 -1.404437
 -1.740921 -1.544068 -1.365854 -1.032915
 -1.174304 -1.788188 -1.208156 -1.491854
 -1.215788 -1.209659 -2.515754 -1.125708
 -1.347450 -1.459684 -1.207093 -1.566748
 -1.631887 -1.414163 -1.185816 -1.363305
 -1.510737 -1.641409 -1.143869 -1.320650
 -0.756244 -1.597358 -2.826023 -1.313435
 -1.553969 -1.427426 -1.193489 -1.404437
 -1.740921 -1.544068 -1.365854 -1.032915
 -1.201554 -1.772099 -1.206397 -1.469571
 -1.196251 -1.190351 -2.300797 -1.226283
 -1.328643 -1.406275 -1.253773 -1.586292
 -1.674849 -1.536789 -1.185481 -1.231023
 -1.677193 -1.847627 -0.776277 -1.632831
 -1.202700 -1.249902 -2.534843 -1.097181
 -1.500325 -1.459054 -1.162650 -1.461753
 -1.883721 -1.524890 -1.433700 -0.936732
 -1.201554 -1.772099 -1.206397 -1.469571
 -1.196251 -1.190351 -2.300797 -1.226283
 -1.328643 -1.406275 -1.253773 -1.586292
 -1.674849 -1.536789 -1.185481 -1.231023
 -1.677193 -1.847627 -0.776277 -1.632831
 -1.202700 -1.249902 -2.534843 -1.097181
 -1.500325 -1.459054 -1.162650 -1.461753
 -1.883721 -1.524890 -1.433700 -0.936732
 -1.130270 -1.794596 -1.279801 -1.457718
 -1.040496 -1.396705 -2.348502 -1.191394
 -1.438669 -1.758521 -0.836095 -1.851142
 -1.611592 -1.630640 -1.151067 -1.243660
 -1.468607 -1.591803 -1.225661 -1.299632
 -1.090150 -1.351952 -2.688414 -1.087345
 -1.465701 -1.534104 -1.153528 -1.435848
 -1.772123 -1.616189 -1.422347 -0.941028
 -1.130270 -1.794596 -1.279801 -1.457718
 -1.040496 -1.396705 -2.348502 -1.191394
 -1.438669 -1.758521 -0.836095 -1.851142
 -1.611592 -1.630640 -1.151067 -1.243660
 -1.468607 -1.591803 -1.225661 -1.299632
 -1.090150 -1.351952 -2.688414 -1.087345
 -1.465701 -1.534104 -1.153528 -1.435848
 -1.772123 -1.616189 -1.422347 -0.941028
 -1.168157 -1.786779 -1.261425 -1.434177
 -1.288714 -1.157169 -2.443285 -1.129716
 -0.869663 -1.647035 -1.457127 -1.861865
 -1.706360 -1.537942 -1.243408 -1.154382
 -1.547976 -1.550138 -1.201068 -1.293786
 -1.210828 -1.270791 -2.588342 -1.060463
 -1.526816 -1.538547 -1.172185 -1.353280
 -1.934860 -1.583730 -1.400281 -0.906788
 -1.168157 -1.786779 -1.261425 -1.434177
 -1.288714 -1.157169 -2.443285 -1.129716
 -0.869663 -1.647035 -1.457127 -1.861865
 -1.706360 -1.537942 -1.243408 -1.154382
 -1.547976 -1.550138 -1.201068 -1.293786
 -1.210828 -1.270791 -2.588342 -1.060463
 -1.526816 -1.538547 -1.172185 -1.353280
 -1.934860 -1.583730 -1.400281 -0.906788
 -1.473939 -1.800223 -0.825789 -1.784821
 -1.430380 -0.938973 -2.673573 -1.201484
 -1.465930 -1.087276 -1.399409 -1.685992
 -1.766442 -1.444785 -1.301968 -1.135483
 -1.721632 -1.367182 -1.347336 -1.182636
 -1.265666 -1.024504 -2.724456 -1.226244
 -1.835201 -1.074702 -1.477297 -1.306503
 -2.028148 -1.391091 -1.512141 -0.918343
 -1.473939 -1.800223 -0.825789 -1.784821
 -1.430380 -0.938973 -2.673573 -1.201484
 -1.465930 -1.087276 -1.399409 -1.685992
 -1.766442 -1.444785 -1.301968 -1.135483
 -1.721632 -1.367182 -1.347336 -1.182636
 -1.265666 -1.024504 -2.724456 -1.226244
 -1.835201 -1.074702 -1.477297 -1.306503
 -2.028148 -1.391091 -1.512141 -0.918343
 -16.678284 -16.678284 -16.678284 -0.000000
 -16.929026 -16.929026 -16.929026 -0.000000
 -17.076679 -17.076679 -17.076679 -0.000000
 -16.742428 -16.742428 -16.742428 -0.000000
 -16.656342 -16.656342 -16.656342 -0.000000
 -17.075529 -17.075529 -17.075529 -0.000000
 -16.482044 -16.482044 -16.482044 -0.000000
 -17.191391 -17.191391 -17.191391 -0.000000
 -16.678284 -16.678284 -16.678284 -0.000000
 -16.929026 -16.929026 -16.929026 -0.000000
 -17.076679 -17.076679 -17.076679 -0.000000
 -16.742428 -16.742428 -16.742428 -0.000000
 -16.656342 -16.656342 -16.656342 -0.000000
 -17.075529 -17.075529 -17.075529 -0.000000
 -16.482044 -16.482044 -16.482044 -0.000000
 -17.191391 -17.191391 -17.191391 -0.000000
 -1.386294 -1.386294 -1.386294 -1.386294
 -1.386294 -1.386294 -1.386294 -1.386294
 -1.386294 -1.386294 -1.386294 -1.386294
 -1.845782 -1.592409 -1.243487 -1.049005
 -1.386294 -1.386294 -1.386294 -1.386294
 -1.386294 -1.386294 -1.386294 -1.386294
 -1.386294 -1.386294 -1.386294 -1.386294
 -1.879346 -1.402492 -1.261979 -1.144969
 -1.386294 -1.386294 -1.386294 -1.386294
 -1.386294 -1.386294 -1.386294 -1.386294
 -1.386294 -1.386294 -1.386294 -1.386294
 -1.845782 -1.592409 -1.243487 -1.049005
 -1.386294 -1.386294 -1.386294 -1.386294
 -1.386294 -1.386294 -1.386294 -1.386294
 -1.386294 -1.386294 -1.386294 -1.386294
 -1.879346 -1.402492 -1.261979 -1.144969
 -1.386294 -1.386294 -1.386294 -1.386294
 -1.386294 -1.386294 -1.386294 -1.386294
 -1.386294 -1.386294 -1.386294 -1.386294
 -1.386294 -1.386294 -1.386294 -1.386294
 -1.269640 -1.588596 -1.418007 -1.299534
 -1.227577 -1.160744 -2.805156 -1.098869
 -1.454966 -1.507043 -1.156840 -1.467291
 -1.883358 -1.299809 -1.607860 -0.980771
 -1.386294 -1.386294 -1.386294 -1.386294
 -1.386294 -1.386294 -1.386294 -1.386294
 -1.386294 -1.386294 -1.386294 -1.386294
 -1.386294 -1.386294 -1.386294 -1.386294
 -1.269640 -1.588596 -1.418007 -1.299534
 -1.227577 -1.160744 -2.805156 -1.098869
 -1.454966 -1.507043 -1.156840 -1.467291
 -1.883358 -1.299809 -1.607860 -0.980771
 -1.079744 -1.927561 -1.198696 -1.545396
 -0.994850 -1.366829 -2.432263 -1.246639
 -1.295323 -1.553348 -1.056912 -1.789016
 -1.447459 -1.855220 -1.057402 -1.343016
 -1.371479 -1.592175 -1.187525 -1.436279
 -1.080761 -1.376258 -1.993872 -1.302049
 -1.447645 -1.667707 -1.042180 -1.498289
 -1.854787 -1.786537 -1.047581 -1.123349
 -1.079744 -1.927561 -1.198696 -1.545396
 -0.994850 -1.366829 -2.432263 -1.246639
 -1.295323 -1.553348 -1.056912 -1.789016
 -1.447459 -1.855220 -1.057402 -1.343016
 -1.371479 -1.592175 -1.187525 -1.436279
 -1.080761 -1.376258 -1.993872 -1.302049
 -1.447645 -1.667707 -1.042180 -1.498289
 -1.854787 -1.786537 -1.047581 -1.123349
 -1.080456 -1.853409 -1.132946 -1.704989
 -1.085189 -1.247089 -2.486330 -1.232347
 -1.139383 -1.670140 -1.129139 -1.781108
 -1.540445 -1.682161 -1.051478 -1.385008
 -1.068491 -1.970434 -1.107388 -1.678488
 -1.049390 -1.225391 -2.587915 -1.269297
 -0.906219 -1.873913 -1.301817 -1.769652
 -1.620114 -1.717753 -0.900487 -1.531167
 -1.080456 -1.853409 -1.132946 -1.704989
 -1.085189 -1.247089 -2.486330 -1.232347
 -1.139383 -1.670140 -1.129139 -1.781108
 -1.540445 -1.682161 -1.051478 -1.385008
 -1.068491 -1.970434 -1.107388 -1.678488
 -1.049390 -1.225391 -2.587915 -1.269297
 -0.906219 -1.873913 -1.301817 -1.769652
 -1.620114 -1.717753 -0.900487 -1.531167
 -1.205184 -2.247817 -0.824951 -1.854846
 -0.927712 -1.392325 -2.515427 -1.290195
 -0.999895 -1.873510 -1.208534 -1.715557
 -1.461330 -1.615480 -1.104655 -1.435687
 -1.222418 -2.003325 -1.044775 -1.519479
 -1.049341 -1.362999 -2.429245 -1.184706
 -0.899569 -2.094371 -1.327264 -1.585207
 -1.506623 -1.740720 -1.096581 -1.313276
 -1.205184 -2.247817 -0.824951 -1.854846
 -0.927712 -1.392325 -2.515427 -1.290195
 -0.999895 -1.873510 -1.208534 -1.715557
 -1.461330 -1.615480 -1.104655 -1.435687
 -1.222418 -2.003325 -1.044775 -1.519479
 -1.049341 -1.362999 -2.429245 -1.184706
 -0.899569 -2.094371 -1.327264 -1.585207
 -1.506623 -1.740720 -1.096581 -1.313276
 -0.836980 -17.362539 -0.567425 -17.362539
 -0.221628 -16.394211 -1.615526 -16.394211
 -0.573590 -17.389820 -0.828964 -17.389820
 -0.959952 -16.757843 -0.482743 -16.757843
 -0.890605 -16.829575 -0.528324 -16.829575
 -0.180328 -16.525558 -1.801790 -16.525558
 -0.933269 -16.513512 -0.499665 -16.513512
 -0.895769 -16.749899 -0.524745 -16.749899
 -0.836980 -17.362539 -0.567425 -17.362539
 -0.221628 -16.394211 -1.615526 -16.394211
 -0.573590 -17.389820 -0.828964 -17.389820
 -0.959952 -16.757843 -0.482743 -16.757843
 -0.890605 -16.829575 -0.528324 -16.829575
 -0.180328 -16.525558 -1.801790 -16.525558
 -0.933269 -16.513512 -0.499665 -16.513512
 -0.895769 -16.749899 -0.524745 -16.749899
 -1.440654 -1.143599 -1.292146 -1.772684
 -1.386294 -1.386294 -1.386294 -1.386294
 -1.265731 -1.317456 -1.305582 -1.719608
 -1.386294 -1.386294 -1.386294 -1.386294
 -1.620006 -1.360609 -1.222987 -1.381313
 -1.386294 -1.386294 -1.386294 -1.386294
 -1.534614 -1.244029 -1.257788 -1.551365
 -1.386294 -1.386294 -1.386294 -1.386294
 -1.440654 -1.143599 -1.292146 -1.772684
 -1.386294 -1.386294 -1.386294 -1.386294
 -1.265731 -1.317456 -1.305582 -1.719608
 -1.386294 -1.386294 -1.386294 -1.386294
 -1.620006 -1.360609 -1.222987 -1.381313
 -1.386294 -1.386294 -1.386294 -1.386294
 -1.534614 -1.244029 -1.257788 -1.551365
 -1.386294 -1.386294 -1.386294 -1.386294
 -17.531519 0.000000 -17.531519 -17.531519
 -17.699135 0.000000 -17.699135 -17.699135
 -17.685461 0.000000 -17.685461 -17.685461
 -17.340105 0.000000 -17.340105 -17.340105
 -1.386294 -1.386294 -1.386294 -1.386294
 -1.386294 -1.386294 -1.386294 -1.386294
 -1.386294 -1.386294 -1.386294 -1.386294
 -1.386294 -1.386294 -1.386294 -1.386294
 -17.531519 0.000000 -17.531519 -17.531519
 -17.699135 0.000000 -17.699135 -17.699135
 -17.685461 0.000000 -17.685461 -17.685461
 -17.340105 0.000000 -17.340105 -17.340105
 -1.386294 -1.386294 -1.386294 -1.386294
 -1.386294 -1.386294 -1.386294 -1.386294
 -1.386294 -1.386294 -1.386294 -1.386294
 -1.386294 -1.386294 -1.386294 -1.386294
 -1.386294 -1.386294 -1.386294 -1.386294
 0.000000 -18.304596 -18.304596 -18.304596
 -1.386294 -1.386294 -1.386294 -1.386294
 -1.386294 -1.386294 -1.386294 -1.386294
 -1.386294 -1.386294 -1.386294 -1.386294
 0.000000 -18.228794 -18.228794 -18.228794
 -1.386294 -1.386294 -1.386294 -1.386294
 -1.386294 -1.386294 -1.386294 -1.386294
 -1.386294 -1.386294 -1.386294 -1.386294
 0.000000 -18.304596 -18.304596 -18.304596
 -1.386294 -1.386294 -1.386294 -1.386294
 -1.386294 -1.386294 -1.386294 -1.386294
 -1.386294 -1.386294 -1.386294 -1.386294
 0.000000 -18.228794 -18.228794 -18.228794
 -1.386294 -1.386294 -1.386294 -1.386294
 -1.386294 -1.386294 -1.386294 -1.386294
 -1.386294 -1.386294 -1.386294 -1.386294
 -1.386294 -1.386294 -1.386294 -1.386294
 -1.386294 -1.386294 -1.386294 -1.386294
 -1.386294 -1.386294 -1.386294 -1.386294
 -18.960560 -18.960560 0.000000 -18.960560
 -1.386294 -1.386294 -1.386294 -1.386294
 -1.386294 -1.386294 -1.386294 -1.386294
 -1.386294 -1.386294 -1.386294 -1.386294
 -1.386294 -1.386294 -1.386294 -1.386294
 -1.386294 -1.386294 -1.386294 -1.386294
 -1.386294 -1.386294 -1.386294 -1.386294
 -1.386294 -1.386294 -1.386294 -1.386294
 -18.960560 -18.960560 0.000000 -18.960560
 -1.386294 -1.386294 -1.386294 -1.386294
 -1.386294 -1.386294 -1.386294 -1.386294
 -1.386294 -1.386294 -1.386294 -1.386294
 -1.386294 -1.386294 -1.386294 -1.386294
 -1.386294 -1.386294 -1.386294 -1.386294
 -1.317061 -1.345747 -1.309692 -1.600329
 -1.386294 -1.386294 -1.386294 -1.386294
 -1.386294 -1.386294 -1.386294 -1.386294
 -1.386294 -1.386294 -1.386294 -1.386294
 -1.386294 -1.386294 -1.386294 -1.386294
 -1.386294 -1.386294 -1.386294 -1.386294
 -1.386294 -1.386294 -1.386294 -1.386294
 -1.386294 -1.386294 -1.386294 -1.386294
 -1.317061 -1.345747 -1.309692 -1.600329
 -1.386294 -1.386294 -1.386294 -1.386294
 -1.386294 -1.386294 -1.386294 -1.386294
 -1.386294 -1.386294 -1.386294 -1.386294
 -1.386294 -1.386294 -1.386294 -1.386294
 -1.386294 -1.386294 -1.386294 -1.386294
 -1.175452 -1.936384 -1.044831 -1.632989
 -1.339713 -0.928000 -2.608414 -1.312730
 -1.324946 -1.395623 -1.261983 -1.592523
 -1.641121 -1.616102 -1.143195 -1.242135
 -1.386294 -1.386294 -1.386294 -1.386294
 -1.386294 -1.386294 -1.386294 -1.386294
 -1.386294 -1.386294 -1.386294 -1.386294
 -1.386294 -1.386294 -1.386294 -1.386294
 -1.175452 -1.936384 -1.044831 -1.632989
 -1.339713 -0.928000 -2.608414 -1.312730
 -1.324946 -1.395623 -1.261983 -1.592523
 -1.641121 -1.616102 -1.143195 -1.242135
 -1.386294 -1.386294 -1.386294 -1.386294
 -1.386294 -1.386294 -1.386294 -1.386294
 -1.386294 -1.386294 -1.386294 -1.386294
 -1.386294 -1.386294 -1.386294 -1.386294
 -1.124220 -1.863722 -1.207754 -1.508995
 -1.099165 -1.396289 -2.207777 -1.173145
 -1.384929 -1.585145 -1.426718 -1.188609
 -1.523559 -1.653890 -1.013233 -1.479650
 -1.461280 -1.567422 -1.211789 -1.340120
 -1.569105 -1.588868 -2.828740 -0.637666
 -1.389790 -1.580550 -1.263638 -1.337936
 -1.751701 -1.552936 -1.232533 -1.129043
 -1.124220 -1.863722 -1.207754 -1.508995
 -1.099165 -1.396289 -2.207777 -1.173145
 -1.384929 -1.585145 -1.426718 -1.188609
 -1.523559 -1.653890 -1.013233 -1.479650
 -1.461280 -1.567422 -1.211789 -1.340120
 -1.569105 -1.588868 -2.828740 -0.637666
 -1.389790 -1.580550 -1.263638 -1.337936
 -1.751701 -1.552936 -1.232533 -1.129043
