 -2.869634 0.000100 0.000100 0.000100
 -2.987816 0.000100 0.000100 0.000100
 -3.146757 0.000100 0.000100 0.000100
 -2.769703 0.000100 0.000100 0.000100
 -2.853836 0.000100 0.000100 0.000100
 -2.543681 0.000100 0.000100 0.000100
 -3.155195 0.000100 0.000100 0.000100
 -2.222098 0.000100 0.000100 0.000100
 -2.869634 0.000100 0.000100 0.000100
 -2.987816 0.000100 0.000100 0.000100
 -3.146757 0.000100 0.000100 0.000100
 -2.769703 0.000100 0.000100 0.000100
 -2.853836 0.000100 0.000100 0.000100
 -2.543681 0.000100 0.000100 0.000100
 -3.155195 0.000100 0.000100 0.000100
 -2.222098 0.000100 0.000100 0.000100
 -1.445328 -1.227605 -1.817567 -1.174682
 -1.553674 -0.996483 -3.146298 -0.977252
 -1.622123 -1.282616 -1.313388 -1.361397
 -1.644632 -1.479877 -1.338465 -1.148845
 -1.211314 -1.243403 -1.813947 -1.383165
 -1.330414 -1.177506 -3.436282 -0.927852
 -1.229726 -1.702631 -1.456499 -1.229726
 -1.801809 -1.303180 -1.406497 -1.144656
 -1.445328 -1.227605 -1.817567 -1.174682
 -1.553674 -0.996483 -3.146298 -0.977252
 -1.622123 -1.282616 -1.313388 -1.361397
 -1.644632 -1.479877 -1.338465 -1.148845
 -1.211314 -1.243403 -1.813947 -1.383165
 -1.330414 -1.177506 -3.436282 -0.927852
 -1.229726 -1.702631 -1.456499 -1.229726
 -1.801809 -1.303180 -1.406497 -1.144656
 -1.321756 -1.245770 -1.891288 -1.221673
 -1.619729 -1.026213 -2.544675 -1.007344
 -1.819157 -0.995959 -1.531476 -1.377326
 -1.756555 -1.464168 -1.272501 -1.152137
 -1.075356 -1.386294 -1.877701 -1.363037
 -1.409527 -1.222941 -3.227257 -0.863433
 -1.054161 -1.586965 -1.684128 -1.341843
 -2.015768 -1.278170 -1.425100 -1.056269
 -1.321756 -1.245770 -1.891288 -1.221673
 -1.619729 -1.026213 -2.544675 -1.007344
 -1.819157 -0.995959 -1.531476 -1.377326
 -1.756555 -1.464168 -1.272501 -1.152137
 -1.075356 -1.386294 -1.877701 -1.363037
 -1.409527 -1.222941 -3.227257 -0.863433
 -1.054161 -1.586965 -1.684128 -1.341843
 -2.015768 -1.278170 -1.425100 -1.056269
 -1.464256 -1.153201 -2.054748 -1.123930
 -1.539345 -1.098613 -2.941139 -0.917943
 -1.702147 -0.913691 -1.760987 -1.407348
 -2.135010 -1.386294 -1.283640 -1.036399
 -1.338285 -1.376506 -1.625967 -1.242975
 -1.564440 -1.242357 -3.125084 -0.780539
 -1.087439 -1.655423 -1.675225 -1.256516
 -2.131862 -1.272730 -1.424922 -1.019457
 -1.464256 -1.153201 -2.054748 -1.123930
 -1.539345 -1.098613 -2.941139 -0.917943
 -1.702147 -0.913691 -1.760987 -1.407348
 -2.135010 -1.386294 -1.283640 -1.036399
 -1.338285 -1.376506 -1.625967 -1.242975
 -1.564440 -1.242357 -3.125084 -0.780539
 -1.087439 -1.655423 -1.675225 -1.256516
 -2.131862 -1.272730 -1.424922 -1.019457
 -1.802570 -1.261764 -1.605860 -1.046245
 -1.518892 -1.032238 -2.545528 -1.060146
 -1.551374 -1.343735 -1.551374 -1.154493
 -1.968382 -1.547880 -1.286665 -0.990399
 -1.301737 -1.528264 -1.673976 -1.128466
 -1.400893 -1.217172 -3.540953 -0.847298
 -1.223021 -1.572396 -1.773067 -1.113822
 -1.976493 -1.305325 -1.494336 -1.005221
 -1.802570 -1.261764 -1.605860 -1.046245
 -1.518892 -1.032238 -2.545528 -1.060146
 -1.551374 -1.343735 -1.551374 -1.154493
 -1.968382 -1.547880 -1.286665 -0.990399
 -1.301737 -1.528264 -1.673976 -1.128466
 -1.400893 -1.217172 -3.540953 -0.847298
 -1.223021 -1.572396 -1.773067 -1.113822
 -1.976493 -1.305325 -1.494336 -1.005221
 -1.516816 -1.124255 -1.779180 -1.248553
 -1.357663 -1.140992 -2.919842 -0.996161
 -1.920067 -1.077887 -1.514603 -1.226922
 -1.995455 -1.582610 -1.186998 -1.039945
 -1.392525 -1.457063 -1.903350 -0.995428
 -1.512126 -1.299951 -3.216870 -0.761568
 -1.243680 -1.350448 -2.057779 -1.124492
 -2.352861 -1.179027 -1.577271 -0.939591
 -1.516816 -1.124255 -1.779180 -1.248553
 -1.357663 -1.140992 -2.919842 -0.996161
 -1.920067 -1.077887 -1.514603 -1.226922
 -1.995455 -1.582610 -1.186998 -1.039945
 -1.392525 -1.457063 -1.903350 -0.995428
 -1.512126 -1.299951 -3.216870 -0.761568
 -1.243680 -1.350448 -2.057779 -1.124492
 -2.352861 -1.179027 -1.577271 -0.939591
 -1.317581 -1.317581 -1.892944 -1.158976
 -1.602517 -0.826679 -2.404861 -1.306252
 -1.704747 -1.028409 -1.847848 -1.193923
 -2.043934 -1.448426 -1.170406 -1.123004
 -1.347895 -1.375675 -1.877154 -1.095060
 -1.647020 -1.054517 -3.245872 -0.867306
 -1.435084 -1.531934 -1.759323 -0.984499
 -2.622106 -1.301660 -1.466337 -0.856840
 -1.317581 -1.317581 -1.892944 -1.158976
 -1.602517 -0.826679 -2.404861 -1.306252
 -1.704747 -1.028409 -1.847848 -1.193923
 -2.043934 -1.448426 -1.170406 -1.123004
 -1.347895 -1.375675 -1.877154 -1.095060
 -1.647020 -1.054517 -3.245872 -0.867306
 -1.435084 -1.531934 -1.759323 -0.984499
 -2.622106 -1.301660 -1.466337 -0.856840
 -1.709067 -1.170072 -1.783175 -1.077290
 -1.895802 -1.000790 -2.643014 -0.888999
 -2.028146 -0.998530 -1.691675 -1.152680
 -1.900239 -1.376992 -1.317094 -1.108002
 -1.721141 -1.187844 -2.138034 -0.920365
 -1.782948 -1.053622 -3.245780 -0.811373
 -1.824549 -1.354546 -1.844751 -0.861376
 -2.492189 -1.364757 -1.491816 -0.828131
 -1.709067 -1.170072 -1.783175 -1.077290
 -1.895802 -1.000790 -2.643014 -0.888999
 -2.028146 -0.998530 -1.691675 -1.152680
 -1.900239 -1.376992 -1.317094 -1.108002
 -1.721141 -1.187844 -2.138034 -0.920365
 -1.782948 -1.053622 -3.245780 -0.811373
 -1.824549 -1.354546 -1.844751 -0.861376
 -2.492189 -1.364757 -1.491816 -0.828131
 -1.438938 -1.243194 -2.216639 -1.006806
 -1.753626 -1.010718 -2.812229 -0.909249
 -2.143517 -1.006443 -1.680896 -1.105533
 -2.237343 -1.456090 -1.331636 -0.926171
 -1.711070 -1.267578 -2.140064 -0.867101
 -2.070342 -1.046954 -3.531855 -0.706027
 -2.000767 -1.463967 -1.687110 -0.802073
 -2.345486 -1.288839 -1.442990 -0.935503
 -1.438938 -1.243194 -2.216639 -1.006806
 -1.753626 -1.010718 -2.812229 -0.909249
 -2.143517 -1.006443 -1.680896 -1.105533
 -2.237343 -1.456090 -1.331636 -0.926171
 -1.711070 -1.267578 -2.140064 -0.867101
 -2.070342 -1.046954 -3.531855 -0.706027
 -2.000767 -1.463967 -1.687110 -0.802073
 -2.345486 -1.288839 -1.442990 -0.935503
 -1.378914 -1.191703 -2.340321 -1.055128
 -2.105873 -0.960743 -2.873124 -0.822960
 -1.729238 -1.209364 -1.419084 -1.264934
 -2.275756 -1.280330 -1.407669 -0.981837
 -1.605080 -1.244068 -2.794659 -0.798994
 -2.282381 -1.098612 -2.765807 -0.689752
 -2.063285 -1.370139 -1.876699 -0.764004
 -2.653726 -1.271753 -1.677218 -0.771371
 -1.378914 -1.191703 -2.340321 -1.055128
 -2.105873 -0.960743 -2.873124 -0.822960
 -1.729238 -1.209364 -1.419084 -1.264934
 -2.275756 -1.280330 -1.407669 -0.981837
 -1.605080 -1.244068 -2.794659 -0.798994
 -2.282381 -1.098612 -2.765807 -0.689752
 -2.063285 -1.370139 -1.876699 -0.764004
 -2.653726 -1.271753 -1.677218 -0.771371
 -1.365241 -1.235188 -2.646168 -0.959777
 -2.144579 -0.960027 -2.569460 -0.859383
 -2.564941 -0.930820 -1.754017 -1.033474
 -2.657516 -1.249719 -1.436305 -0.902665
 -1.825660 -1.431757 -2.890364 -0.607991
 -2.104463 -1.042553 -3.317482 -0.714797
 -2.285191 -1.198142 -1.781288 -0.848469
 -2.613849 -1.258328 -1.572397 -0.832244
 -1.365241 -1.235188 -2.646168 -0.959777
 -2.144579 -0.960027 -2.569460 -0.859383
 -2.564941 -0.930820 -1.754017 -1.033474
 -2.657516 -1.249719 -1.436305 -0.902665
 -1.825660 -1.431757 -2.890364 -0.607991
 -2.104463 -1.042553 -3.317482 -0.714797
 -2.285191 -1.198142 -1.781288 -0.848469
 -2.613849 -1.258328 -1.572397 -0.832244
 -1.629239 -1.128466 -2.322381 -0.961412
 -2.173802 -0.797982 -2.712795 -0.995150
 -2.508427 -0.927988 -1.458615 -1.235472
 -2.184443 -1.383084 -1.297142 -1.012406
 -2.106251 -1.114613 -3.295825 -0.667037
 -2.332297 -0.966045 -3.256553 -0.726040
 -2.458929 -1.163151 -1.785201 -0.834226
 -2.585909 -1.106284 -1.660961 -0.906514
 -1.629239 -1.128466 -2.322381 -0.961412
 -2.173802 -0.797982 -2.712795 -0.995150
 -2.508427 -0.927988 -1.458615 -1.235472
 -2.184443 -1.383084 -1.297142 -1.012406
 -2.106251 -1.114613 -3.295825 -0.667037
 -2.332297 -0.966045 -3.256553 -0.726040
 -2.458929 -1.163151 -1.785201 -0.834226
 -2.585909 -1.106284 -1.660961 -0.906514
 -1.497519 -0.963439 -3.637541 -0.998531
 -2.772583 -1.148967 -3.214412 -0.544113
 -2.867883 -1.386294 -2.079437 -0.565316
 -2.347966 -1.521289 -1.585828 -0.731413
 -1.818285 -1.538701 -3.172822 -0.542744
 -2.409021 -1.162874 -3.405352 -0.572142
 -2.519037 -1.242746 -2.033531 -0.693148
 -2.785239 -1.172105 -1.797490 -0.770337
 -1.497519 -0.963439 -3.637541 -0.998531
 -2.772583 -1.148967 -3.214412 -0.544113
 -2.867883 -1.386294 -2.079437 -0.565316
 -2.347966 -1.521289 -1.585828 -0.731413
 -1.818285 -1.538701 -3.172822 -0.542744
 -2.409021 -1.162874 -3.405352 -0.572142
 -2.519037 -1.242746 -2.033531 -0.693148
 -2.785239 -1.172105 -1.797490 -0.770337
 -1.399366 -1.124931 -4.343710 -0.878072
 -2.237342 -0.837979 -2.984550 -0.891325
 -2.484893 -0.916293 -1.696447 -1.098614
 -2.989828 -1.248335 -1.492312 -0.825834
 -1.584896 -1.367832 -3.695087 -0.662565
 -2.229381 -0.861641 -3.230010 -0.843088
 -2.104973 -1.252763 -2.038282 -0.771791
 -2.945360 -0.960135 -1.751971 -0.938680
 -1.399366 -1.124931 -4.343710 -0.878072
 -2.237342 -0.837979 -2.984550 -0.891325
 -2.484893 -0.916293 -1.696447 -1.098614
 -2.989828 -1.248335 -1.492312 -0.825834
 -1.584896 -1.367832 -3.695087 -0.662565
 -2.229381 -0.861641 -3.230010 -0.843088
 -2.104973 -1.252763 -2.038282 -0.771791
 -2.945360 -0.960135 -1.751971 -0.938680
 -13.664692 -13.664692 -13.664692 -0.000003
 -14.272938 -14.272938 -14.272938 -0.000002
 -13.060496 -13.060496 -13.060496 -0.000006
 -14.711600 -14.711600 -14.711600 -0.000001
 -14.291747 -14.291747 -14.291747 -0.000002
 -15.962611 -15.962611 -15.962611 -0.000000
 -14.907435 -14.907435 -14.907435 -0.000001
 -16.031448 -16.031448 -16.031448 -0.000000
 -13.664692 -13.664692 -13.664692 -0.000003
 -14.272938 -14.272938 -14.272938 -0.000002
 -13.060496 -13.060496 -13.060496 -0.000006
 -14.711600 -14.711600 -14.711600 -0.000001
 -14.291747 -14.291747 -14.291747 -0.000002
 -15.962611 -15.962611 -15.962611 -0.000000
 -14.907435 -14.907435 -14.907435 -0.000001
 -16.031448 -16.031448 -16.031448 -0.000000
 -1.386294 -1.386294 -1.386294 -1.386294
 -1.386294 -1.386294 -1.386294 -1.386294
 -1.386294 -1.386294 -1.386294 -1.386294
 -2.719943 -1.174021 -1.604383 -0.858054
 -1.386294 -1.386294 -1.386294 -1.386294
 -1.386294 -1.386294 -1.386294 -1.386294
 -1.386294 -1.386294 -1.386294 -1.386294
 -2.914558 -1.022111 -1.771741 -0.877309
 -1.386294 -1.386294 -1.386294 -1.386294
 -1.386294 -1.386294 -1.386294 -1.386294
 -1.386294 -1.386294 -1.386294 -1.386294
 -2.719943 -1.174021 -1.604383 -0.858054
 -1.386294 -1.386294 -1.386294 -1.386294
 -1.386294 -1.386294 -1.386294 -1.386294
 -1.386294 -1.386294 -1.386294 -1.386294
 -2.914558 -1.022111 -1.771741 -0.877309
 -1.386294 -1.386294 -1.386294 -1.386294
 -1.386294 -1.386294 -1.386294 -1.386294
 -1.386294 -1.386294 -1.386294 -1.386294
 -1.386294 -1.386294 -1.386294 -1.386294
 -1.559738 -1.724040 -4.363051 -0.512953
 -2.491136 -0.899354 -4.039945 -0.707746
 -2.637012 -1.324828 -2.098017 -0.616414
 -2.790040 -1.066269 -1.911057 -0.806614
 -1.386294 -1.386294 -1.386294 -1.386294
 -1.386294 -1.386294 -1.386294 -1.386294
 -1.386294 -1.386294 -1.386294 -1.386294
 -1.386294 -1.386294 -1.386294 -1.386294
 -1.559738 -1.724040 -4.363051 -0.512953
 -2.491136 -0.899354 -4.039945 -0.707746
 -2.637012 -1.324828 -2.098017 -0.616414
 -2.790040 -1.066269 -1.911057 -0.806614
 -1.329136 -1.275069 -3.526316 -0.852214
 -1.884540 -0.718791 -3.676278 -1.092304
 -2.181216 -0.908261 -1.729236 -1.182697
 -2.479333 -0.997731 -1.675840 -1.020721
 -1.551543 -1.379694 -5.017182 -0.635255
 -2.108949 -0.904977 -3.415198 -0.818226
 -2.145397 -1.304616 -1.710081 -0.841994
 -2.555917 -0.964829 -1.621608 -1.067841
 -1.329136 -1.275069 -3.526316 -0.852214
 -1.884540 -0.718791 -3.676278 -1.092304
 -2.181216 -0.908261 -1.729236 -1.182697
 -2.479333 -0.997731 -1.675840 -1.020721
 -1.551543 -1.379694 -5.017182 -0.635255
 -2.108949 -0.904977 -3.415198 -0.818226
 -2.145397 -1.304616 -1.710081 -0.841994
 -2.555917 -0.964829 -1.621608 -1.067841
 -1.324926 -1.971549 -4.369353 -0.540809
 -2.251288 -0.901366 -2.810898 -0.847299
 -1.673974 -1.306252 -1.473305 -1.163152
 -2.857421 -1.513693 -1.678772 -0.623836
 -1.533129 -1.220258 -4.731754 -0.733603
 -2.651258 -0.929610 -4.037548 -0.659540
 -2.907579 -1.214265 -2.214435 -0.617578
 -2.986598 -1.067007 -1.974998 -0.761976
 -1.324926 -1.971549 -4.369353 -0.540809
 -2.251288 -0.901366 -2.810898 -0.847299
 -1.673974 -1.306252 -1.473305 -1.163152
 -2.857421 -1.513693 -1.678772 -0.623836
 -1.533129 -1.220258 -4.731754 -0.733603
 -2.651258 -0.929610 -4.037548 -0.659540
 -2.907579 -1.214265 -2.214435 -0.617578
 -2.986598 -1.067007 -1.974998 -0.761976
 -0.998530 -13.764221 -2.068966 -0.682678
 -1.353142 -14.392126 -3.102332 -0.361503
 -1.631414 -13.038991 -1.120593 -0.737603
 -2.209493 -15.003355 -1.732570 -0.337693
 -1.432104 -14.108183 -14.108183 -0.272869
 -1.410328 -15.841024 -2.802040 -0.363483
 -1.847639 -14.425279 -1.154493 -0.640226
 -2.366804 -16.162113 -1.648467 -0.337047
 -0.998530 -13.764221 -2.068966 -0.682678
 -1.353142 -14.392126 -3.102332 -0.361503
 -1.631414 -13.038991 -1.120593 -0.737603
 -2.209493 -15.003355 -1.732570 -0.337693
 -1.432104 -14.108183 -14.108183 -0.272869
 -1.410328 -15.841024 -2.802040 -0.363483
 -1.847639 -14.425279 -1.154493 -0.640226
 -2.366804 -16.162113 -1.648467 -0.337047
 -13.864305 -0.000003 -13.864305 -13.864305
 -1.386294 -1.386294 -1.386294 -1.386294
 -13.652996 -0.000004 -13.652996 -13.652996
 -14.805053 -0.000001 -14.805053 -14.805053
 -15.110239 -0.000001 -15.110239 -15.110239
 -1.386294 -1.386294 -1.386294 -1.386294
 -14.956545 -0.000001 -14.956545 -14.956545
 -16.607288 -0.000000 -16.607288 -16.607288
 -13.864305 -0.000003 -13.864305 -13.864305
 -1.386294 -1.386294 -1.386294 -1.386294
 -13.652996 -0.000004 -13.652996 -13.652996
 -14.805053 -0.000001 -14.805053 -14.805053
 -15.110239 -0.000001 -15.110239 -15.110239
 -1.386294 -1.386294 -1.386294 -1.386294
 -14.956545 -0.000001 -14.956545 -14.956545
 -16.607288 -0.000000 -16.607288 -16.607288
 -1.386294 -1.386294 -1.386294 -1.386294
 -1.013619 -1.110200 -2.409482 -1.524445
 -1.386294 -1.386294 -1.386294 -1.386294
 -1.386294 -1.386294 -1.386294 -1.386294
 -1.386294 -1.386294 -1.386294 -1.386294
 -1.091271 -1.060404 -3.106957 -1.297705
 -1.386294 -1.386294 -1.386294 -1.386294
 -1.386294 -1.386294 -1.386294 -1.386294
 -1.386294 -1.386294 -1.386294 -1.386294
 -1.013619 -1.110200 -2.409482 -1.524445
 -1.386294 -1.386294 -1.386294 -1.386294
 -1.386294 -1.386294 -1.386294 -1.386294
 -1.386294 -1.386294 -1.386294 -1.386294
 -1.091271 -1.060404 -3.106957 -1.297705
 -1.386294 -1.386294 -1.386294 -1.386294
 -1.386294 -1.386294 -1.386294 -1.386294
 -1.386294 -1.386294 -1.386294 -1.386294
 -1.386294 -1.386294 -1.386294 -1.386294
 -1.386294 -1.386294 -1.386294 -1.386294
 -1.386294 -1.386294 -1.386294 -1.386294
 -16.069956 -0.000000 -16.069956 -16.069956
 -16.060467 -0.000000 -16.060467 -16.060467
 -14.304093 -0.000002 -14.304093 -14.304093
 -15.772785 -0.000001 -15.772785 -15.772785
 -1.386294 -1.386294 -1.386294 -1.386294
 -1.386294 -1.386294 -1.386294 -1.386294
 -1.386294 -1.386294 -1.386294 -1.386294
 -1.386294 -1.386294 -1.386294 -1.386294
 -16.069956 -0.000000 -16.069956 -16.069956
 -16.060467 -0.000000 -16.060467 -16.060467
 -14.304093 -0.000002 -14.304093 -14.304093
 -15.772785 -0.000001 -15.772785 -15.772785
 -1.386294 -1.386294 -1.386294 -1.386294
 -0.000000 -16.227846 -16.227846 -16.227846
 -1.386294 -1.386294 -1.386294 -1.386294
 -1.386294 -1.386294 -1.386294 -1.386294
 -1.386294 -1.386294 -1.386294 -1.386294
 -0.000000 -16.620083 -16.620083 -16.620083
 -1.386294 -1.386294 -1.386294 -1.386294
 -1.386294 -1.386294 -1.386294 -1.386294
 -1.386294 -1.386294 -1.386294 -1.386294
 -0.000000 -16.227846 -16.227846 -16.227846
 -1.386294 -1.386294 -1.386294 -1.386294
 -1.386294 -1.386294 -1.386294 -1.386294
 -1.386294 -1.386294 -1.386294 -1.386294
 -0.000000 -16.620083 -16.620083 -16.620083
 -1.386294 -1.386294 -1.386294 -1.386294
 -1.386294 -1.386294 -1.386294 -1.386294
 -1.386294 -1.386294 -1.386294 -1.386294
 -1.386294 -1.386294 -1.386294 -1.386294
 -1.386294 -1.386294 -1.386294 -1.386294
 -1.386294 -1.386294 -1.386294 -1.386294
 -17.136221 -17.136221 -0.000000 -17.136221
 -1.386294 -1.386294 -1.386294 -1.386294
 -1.386294 -1.386294 -1.386294 -1.386294
 -1.386294 -1.386294 -1.386294 -1.386294
 -1.386294 -1.386294 -1.386294 -1.386294
 -1.386294 -1.386294 -1.386294 -1.386294
 -1.386294 -1.386294 -1.386294 -1.386294
 -1.386294 -1.386294 -1.386294 -1.386294
 -17.136221 -17.136221 -0.000000 -17.136221
 -1.386294 -1.386294 -1.386294 -1.386294
 -1.386294 -1.386294 -1.386294 -1.386294
 -1.386294 -1.386294 -1.386294 -1.386294
 -1.386294 -1.386294 -1.386294 -1.386294
 -1.386294 -1.386294 -1.386294 -1.386294
 -1.492940 -1.871441 -0.678088 -2.173308
 -1.386294 -1.386294 -1.386294 -1.386294
 -1.386294 -1.386294 -1.386294 -1.386294
 -1.386294 -1.386294 -1.386294 -1.386294
 -1.386294 -1.386294 -1.386294 -1.386294
 -1.386294 -1.386294 -1.386294 -1.386294
 -1.386294 -1.386294 -1.386294 -1.386294
 -1.386294 -1.386294 -1.386294 -1.386294
 -1.492940 -1.871441 -0.678088 -2.173308
 -1.386294 -1.386294 -1.386294 -1.386294
 -1.386294 -1.386294 -1.386294 -1.386294
 -1.386294 -1.386294 -1.386294 -1.386294
 -1.386294 -1.386294 -1.386294 -1.386294
 -1.386294 -1.386294 -1.386294 -1.386294
 -1.345344 -1.679350 -1.520285 -1.095402
 -1.577102 -1.275316 -2.528077 -0.834084
 -1.451735 -1.641990 -1.495220 -1.055430
 -2.197223 -1.945909 -0.916291 -1.061225
 -1.386294 -1.386294 -1.386294 -1.386294
 -1.386294 -1.386294 -1.386294 -1.386294
 -1.386294 -1.386294 -1.386294 -1.386294
 -1.386294 -1.386294 -1.386294 -1.386294
 -1.345344 -1.679350 -1.520285 -1.095402
 -1.577102 -1.275316 -2.528077 -0.834084
 -1.451735 -1.641990 -1.495220 -1.055430
 -2.197223 -1.945909 -0.916291 -1.061225
 -1.386294 -1.386294 -1.386294 -1.386294
 -1.386294 -1.386294 -1.386294 -1.386294
 -1.386294 -1.386294 -1.386294 -1.386294
 -1.386294 -1.386294 -1.386294 -1.386294
 -1.185809 -1.542484 -1.400653 -1.451512
 -1.316614 -1.101193 -2.495267 -1.148821
 -1.184214 -1.578868 -1.349293 -1.476738
 -1.784611 -1.570052 -0.948364 -1.440840
 -1.410987 -1.174599 -2.173123 -1.098613
 -1.293204 -0.972733 -2.209491 -1.436305
 -1.437587 -1.337504 -1.203973 -1.609437
 -1.833431 -1.217672 -1.119232 -1.524696
 -1.185809 -1.542484 -1.400653 -1.451512
 -1.316614 -1.101193 -2.495267 -1.148821
 -1.184214 -1.578868 -1.349293 -1.476738
 -1.784611 -1.570052 -0.948364 -1.440840
 -1.410987 -1.174599 -2.173123 -1.098613
 -1.293204 -0.972733 -2.209491 -1.436305
 -1.437587 -1.337504 -1.203973 -1.609437
 -1.833431 -1.217672 -1.119232 -1.524696
 -2.796011 0.000100 0.000100 0.000100
 -2.574356 0.000100 0.000100 0.000100
 -2.666321 0.000100 0.000100 0.000100
 -2.317678 0.000100 0.000100 0.000100
 -3.207536 0.000100 0.000100 0.000100
 -2.953731 0.000100 0.000100 0.000100
 -3.215986 0.000100 0.000100 0.000100
 -2.780335 0.000100 0.000100 0.000100
 -2.796011 0.000100 0.000100 0.000100
 -2.574356 0.000100 0.000100 0.000100
 -2.666321 0.000100 0.000100 0.000100
 -2.317678 0.000100 0.000100 0.000100
 -3.207536 0.000100 0.000100 0.000100
 -2.953731 0.000100 0.000100 0.000100
 -3.215986 0.000100 0.000100 0.000100
 -2.780335 0.000100 0.000100 0.000100
 -1.339099 -1.525685 -1.146195 -1.596511
 -1.052058 -1.747340 -1.488928 -1.382578
 -1.358124 -1.430524 -1.065691 -1.837696
 -2.244403 -2.335375 -0.403164 -2.047693
 -1.398997 -1.613654 -1.227147 -1.343735
 -1.221167 -1.258766 -2.603777 -1.058095
 -1.524078 -1.504785 -1.223493 -1.324589
 -1.723682 -1.503620 -1.170681 -1.240939
 -1.339099 -1.525685 -1.146195 -1.596511
 -1.052058 -1.747340 -1.488928 -1.382578
 -1.358124 -1.430524 -1.065691 -1.837696
 -2.244403 -2.335375 -0.403164 -2.047693
 -1.398997 -1.613654 -1.227147 -1.343735
 -1.221167 -1.258766 -2.603777 -1.058095
 -1.524078 -1.504785 -1.223493 -1.324589
 -1.723682 -1.503620 -1.170681 -1.240939
 -1.252224 -1.690290 -1.215183 -1.456675
 -1.171417 -1.240131 -1.998096 -1.327523
 -1.387141 -1.414635 -1.271999 -1.483130
 -1.726586 -1.677796 -1.001802 -1.316370
 -1.783749 -1.692314 -0.787743 -1.644912
 -1.299651 -1.210617 -2.465233 -1.066036
 -2.177107 -2.329687 -0.349065 -2.477448
 -1.916254 -1.462720 -1.009096 -1.359890
 -1.252224 -1.690290 -1.215183 -1.456675
 -1.171417 -1.240131 -1.998096 -1.327523
 -1.387141 -1.414635 -1.271999 -1.483130
 -1.726586 -1.677796 -1.001802 -1.316370
 -1.783749 -1.692314 -0.787743 -1.644912
 -1.299651 -1.210617 -2.465233 -1.066036
 -2.177107 -2.329687 -0.349065 -2.477448
 -1.916254 -1.462720 -1.009096 -1.359890
 -1.302413 -1.829980 -1.283437 -1.235722
 -1.023492 -1.346892 -2.274611 -1.280934
 -2.148317 -2.110316 -2.083558 -0.449992
 -1.703582 -1.736158 -1.083557 -1.192756
 -1.543298 -1.697449 -1.004302 -1.440226
 -1.225277 -1.221634 -2.633712 -1.079504
 -1.813884 -1.736426 -0.934508 -1.316572
 -1.944957 -1.418258 -1.261860 -1.103390
 -1.302413 -1.829980 -1.283437 -1.235722
 -1.023492 -1.346892 -2.274611 -1.280934
 -2.148317 -2.110316 -2.083558 -0.449992
 -1.703582 -1.736158 -1.083557 -1.192756
 -1.543298 -1.697449 -1.004302 -1.440226
 -1.225277 -1.221634 -2.633712 -1.079504
 -1.813884 -1.736426 -0.934508 -1.316572
 -1.944957 -1.418258 -1.261860 -1.103390
 -1.107861 -1.673593 -1.218267 -1.679747
 -0.998529 -1.355204 -2.111529 -1.375823
 -0.962539 -1.737864 -1.326245 -1.733245
 -2.370949 -2.597636 -0.308754 -2.324857
 -1.548015 -1.548015 -1.013016 -1.553348
 -1.207683 -1.174774 -2.471661 -1.178377
 -1.539096 -1.539096 -1.110833 -1.420615
 -2.079441 -1.172853 -1.218445 -1.309972
 -1.107861 -1.673593 -1.218267 -1.679747
 -0.998529 -1.355204 -2.111529 -1.375823
 -0.962539 -1.737864 -1.326245 -1.733245
 -2.370949 -2.597636 -0.308754 -2.324857
 -1.548015 -1.548015 -1.013016 -1.553348
 -1.207683 -1.174774 -2.471661 -1.178377
 -1.539096 -1.539096 -1.110833 -1.420615
 -2.079441 -1.172853 -1.218445 -1.309972
 -1.476360 -1.829639 -0.791181 -1.846734
 -1.046287 -1.284245 -2.580215 -1.216912
 -1.196452 -1.516347 -1.208046 -1.717900
 -1.686130 -1.569959 -1.026136 -1.393028
 -1.632890 -1.556766 -0.909142 -1.655748
 -1.026431 -1.300282 -2.553044 -1.233000
 -2.209698 -2.702555 -0.299072 -2.504378
 -1.654252 -1.426950 -1.294976 -1.221388
 -1.476360 -1.829639 -0.791181 -1.846734
 -1.046287 -1.284245 -2.580215 -1.216912
 -1.196452 -1.516347 -1.208046 -1.717900
 -1.686130 -1.569959 -1.026136 -1.393028
 -1.632890 -1.556766 -0.909142 -1.655748
 -1.026431 -1.300282 -2.553044 -1.233000
 -2.209698 -2.702555 -0.299072 -2.504378
 -1.654252 -1.426950 -1.294976 -1.221388
 -1.361962 -1.629339 -1.020011 -1.675620
 -1.177350 -1.203103 -2.451526 -1.185861
 -2.208983 -0.672463 -2.062233 -1.376074
 -1.704064 -1.401457 -1.209918 -1.296096
 -1.255415 -1.447449 -1.197637 -1.726162
 -1.215534 -1.200149 -2.563800 -1.123046
 -1.662682 -1.427116 -1.107541 -1.427116
 -1.918949 -1.346607 -1.208707 -1.222360
 -1.361962 -1.629339 -1.020011 -1.675620
 -1.177350 -1.203103 -2.451526 -1.185861
 -2.208983 -0.672463 -2.062233 -1.376074
 -1.704064 -1.401457 -1.209918 -1.296096
 -1.255415 -1.447449 -1.197637 -1.726162
 -1.215534 -1.200149 -2.563800 -1.123046
 -1.662682 -1.427116 -1.107541 -1.427116
 -1.918949 -1.346607 -1.208707 -1.222360
 -1.336864 -1.686813 -1.039388 -1.616703
 -1.382350 -2.099402 -1.902404 -0.739667
 -1.374202 -1.355154 -1.217308 -1.644935
 -2.017339 -1.969711 -0.782151 -1.309063
 -1.360718 -1.605559 -1.176714 -1.450487
 -1.202897 -1.224637 -2.464660 -1.137015
 -1.543546 -1.487193 -1.218526 -1.329136
 -2.032921 -1.328475 -1.188876 -1.205297
 -1.336864 -1.686813 -1.039388 -1.616703
 -1.382350 -2.099402 -1.902404 -0.739667
 -1.374202 -1.355154 -1.217308 -1.644935
 -2.017339 -1.969711 -0.782151 -1.309063
 -1.360718 -1.605559 -1.176714 -1.450487
 -1.202897 -1.224637 -2.464660 -1.137015
 -1.543546 -1.487193 -1.218526 -1.329136
 -2.032921 -1.328475 -1.188876 -1.205297
 -1.166260 -1.547119 -1.299283 -1.595128
 -1.144774 -1.209838 -2.639056 -1.164656
 -1.429466 -1.200458 -1.400479 -1.546331
 -1.891170 -1.272783 -1.177058 -1.343735
 -1.772554 -1.121022 -1.263905 -1.506851
 -1.424516 -1.067841 -2.618437 -1.070876
 -2.057323 -1.016605 -1.192326 -1.575669
 -2.437095 -0.674884 -1.950661 -1.342507
 -1.166260 -1.547119 -1.299283 -1.595128
 -1.144774 -1.209838 -2.639056 -1.164656
 -1.429466 -1.200458 -1.400479 -1.546331
 -1.891170 -1.272783 -1.177058 -1.343735
 -1.772554 -1.121022 -1.263905 -1.506851
 -1.424516 -1.067841 -2.618437 -1.070876
 -2.057323 -1.016605 -1.192326 -1.575669
 -2.437095 -0.674884 -1.950661 -1.342507
 -1.234535 -1.736461 -1.062484 -1.675092
 -0.756294 -1.580024 -1.912158 -1.732365
 -1.683927 -1.644706 -0.747398 -1.912641
 -1.818077 -1.865867 -0.788458 -1.476854
 -1.463307 -1.608138 -1.147923 -1.382401
 -0.553931 -1.845637 -3.125848 -1.498392
 -1.662547 -1.447703 -1.055661 -1.481604
 -1.911304 -1.261407 -1.332969 -1.186905
 -1.234535 -1.736461 -1.062484 -1.675092
 -0.756294 -1.580024 -1.912158 -1.732365
 -1.683927 -1.644706 -0.747398 -1.912641
 -1.818077 -1.865867 -0.788458 -1.476854
 -1.463307 -1.608138 -1.147923 -1.382401
 -0.553931 -1.845637 -3.125848 -1.498392
 -1.662547 -1.447703 -1.055661 -1.481604
 -1.911304 -1.261407 -1.332969 -1.186905
 -1.267521 -1.641803 -1.214645 -1.478298
 -1.111628 -1.222340 -2.538015 -1.212631
 -1.555371 -1.031993 -1.520885 -1.541433
 -1.847287 -1.532207 -1.069834 -1.261561
 -2.177184 -0.924421 -1.648659 -1.212103
 -1.092018 -1.311646 -2.210545 -1.253709
 -1.577962 -1.212406 -1.541091 -1.265931
 -2.090889 -1.394458 -1.206687 -1.110882
 -1.267521 -1.641803 -1.214645 -1.478298
 -1.111628 -1.222340 -2.538015 -1.212631
 -1.555371 -1.031993 -1.520885 -1.541433
 -1.847287 -1.532207 -1.069834 -1.261561
 -2.177184 -0.924421 -1.648659 -1.212103
 -1.092018 -1.311646 -2.210545 -1.253709
 -1.577962 -1.212406 -1.541091 -1.265931
 -2.090889 -1.394458 -1.206687 -1.110882
 -1.473788 -1.684280 -1.303889 -1.158707
 -0.978512 -1.959341 -1.120901 -1.850284
 -1.476128 -1.464567 -1.345508 -1.273345
 -2.035151 -1.932635 -0.537407 -1.963888
 -1.714272 -1.367514 -1.169808 -1.367514
 -1.112494 -1.311732 -2.327277 -1.189584
 -1.588977 -1.231037 -1.394076 -1.363305
 -1.986431 -1.404510 -1.099515 -1.257739
 -1.473788 -1.684280 -1.303889 -1.158707
 -0.978512 -1.959341 -1.120901 -1.850284
 -1.476128 -1.464567 -1.345508 -1.273345
 -2.035151 -1.932635 -0.537407 -1.963888
 -1.714272 -1.367514 -1.169808 -1.367514
 -1.112494 -1.311732 -2.327277 -1.189584
 -1.588977 -1.231037 -1.394076 -1.363305
 -1.986431 -1.404510 -1.099515 -1.257739
 -1.289131 -1.391410 -1.226330 -1.701564
 -1.503507 -1.227431 -2.633371 -0.884863
 -1.559889 -1.238424 -1.234994 -1.564640
 -1.820460 -1.403019 -1.232004 -1.202348
 -2.065542 -0.704094 -1.625902 -1.703971
 -1.349630 -1.078078 -2.900798 -1.062949
 -2.531268 -0.412674 -2.037250 -2.054345
 -1.977476 -1.156768 -1.495638 -1.130179
 -1.289131 -1.391410 -1.226330 -1.701564
 -1.503507 -1.227431 -2.633371 -0.884863
 -1.559889 -1.238424 -1.234994 -1.564640
 -1.820460 -1.403019 -1.232004 -1.202348
 -2.065542 -0.704094 -1.625902 -1.703971
 -1.349630 -1.078078 -2.900798 -1.062949
 -2.531268 -0.412674 -2.037250 -2.054345
 -1.977476 -1.156768 -1.495638 -1.130179
 -1.200346 -1.422359 -1.356762 -1.608076
 -2.431202 -0.272284 -3.544629 -2.107415
 -1.480616 -1.086813 -1.298294 -1.818829
 -1.954494 -1.109662 -1.328187 -1.332806
 -1.681923 -1.205733 -1.293145 -1.426677
 -1.576676 -0.847013 -2.696165 -1.213411
 -1.917228 -1.134470 -1.124991 -1.576302
 -2.207680 -0.859256 -1.584492 -1.341261
 -1.200346 -1.422359 -1.356762 -1.608076
 -2.431202 -0.272284 -3.544629 -2.107415
 -1.480616 -1.086813 -1.298294 -1.818829
 -1.954494 -1.109662 -1.328187 -1.332806
 -1.681923 -1.205733 -1.293145 -1.426677
 -1.576676 -0.847013 -2.696165 -1.213411
 -1.917228 -1.134470 -1.124991 -1.576302
 -2.207680 -0.859256 -1.584492 -1.341261
 -15.744130 -15.744130 -15.744130 -0.000000
 -16.072052 -16.072052 -16.072052 -0.000000
 -15.995929 -15.995929 -15.995929 -0.000000
 -15.652882 -15.652882 -15.652882 -0.000000
 -15.775606 -15.775606 -15.775606 -0.000000
 -17.252398 -17.252398 -17.252398 -0.000000
 -15.670245 -15.670245 -15.670245 -0.000000
 -16.298750 -16.298750 -16.298750 -0.000000
 -15.744130 -15.744130 -15.744130 -0.000000
 -16.072052 -16.072052 -16.072052 -0.000000
 -15.995929 -15.995929 -15.995929 -0.000000
 -15.652882 -15.652882 -15.652882 -0.000000
 -15.775606 -15.775606 -15.775606 -0.000000
 -17.252398 -17.252398 -17.252398 -0.000000
 -15.670245 -15.670245 -15.670245 -0.000000
 -16.298750 -16.298750 -16.298750 -0.000000
 -1.386294 -1.386294 -1.386294 -1.386294
 -1.386294 -1.386294 -1.386294 -1.386294
 -1.386294 -1.386294 -1.386294 -1.386294
 -1.682914 -1.475735 -1.006481 -1.513879
 -1.386294 -1.386294 -1.386294 -1.386294
 -1.386294 -1.386294 -1.386294 -1.386294
 -1.386294 -1.386294 -1.386294 -1.386294
 -2.160390 -1.497900 -0.771889 -1.614544
 -1.386294 -1.386294 -1.386294 -1.386294
 -1.386294 -1.386294 -1.386294 -1.386294
 -1.386294 -1.386294 -1.386294 -1.386294
 -1.682914 -1.475735 -1.006481 -1.513879
 -1.386294 -1.386294 -1.386294 -1.386294
 -1.386294 -1.386294 -1.386294 -1.386294
 -1.386294 -1.386294 -1.386294 -1.386294
 -2.160390 -1.497900 -0.771889 -1.614544
 -1.386294 -1.386294 -1.386294 -1.386294
 -1.386294 -1.386294 -1.386294 -1.386294
 -1.386294 -1.386294 -1.386294 -1.386294
 -1.386294 -1.386294 -1.386294 -1.386294
 -1.509822 -1.845554 -1.264700 -1.082378
 -1.214948 -1.165269 -2.695534 -1.127230
 -2.019531 -1.896241 -1.600245 -0.662999
 -1.890712 -1.522426 -1.151211 -1.156452
 -1.386294 -1.386294 -1.386294 -1.386294
 -1.386294 -1.386294 -1.386294 -1.386294
 -1.386294 -1.386294 -1.386294 -1.386294
 -1.386294 -1.386294 -1.386294 -1.386294
 -1.509822 -1.845554 -1.264700 -1.082378
 -1.214948 -1.165269 -2.695534 -1.127230
 -2.019531 -1.896241 -1.600245 -0.662999
 -1.890712 -1.522426 -1.151211 -1.156452
 -1.225329 -1.619841 -1.132826 -1.680466
 -0.942215 -1.357832 -2.040826 -1.500148
 -1.380903 -1.384494 -1.106753 -1.786368
 -0.348800 -2.627715 -1.958237 -2.511883
 -1.561918 -1.309376 -1.230986 -1.477211
 -1.313172 -1.208911 -2.618578 -1.022747
 -1.642463 -1.710414 -1.578837 -0.868712
 -1.764138 -1.407944 -1.107715 -1.371576
 -1.225329 -1.619841 -1.132826 -1.680466
 -0.942215 -1.357832 -2.040826 -1.500148
 -1.380903 -1.384494 -1.106753 -1.786368
 -0.348800 -2.627715 -1.958237 -2.511883
 -1.561918 -1.309376 -1.230986 -1.477211
 -1.313172 -1.208911 -2.618578 -1.022747
 -1.642463 -1.710414 -1.578837 -0.868712
 -1.764138 -1.407944 -1.107715 -1.371576
 -1.165094 -1.831368 -1.086550 -1.657925
 -1.308585 -1.161133 -2.531425 -1.087313
 -1.224565 -1.532586 -1.147107 -1.756872
 -1.935047 -1.504684 -1.391161 -0.955269
 -0.546024 -2.847199 -1.279464 -2.470308
 -1.144099 -1.279487 -2.570132 -1.118456
 -1.220257 -1.687280 -1.107462 -1.663750
 -1.806358 -1.474097 -1.107346 -1.286165
 -1.165094 -1.831368 -1.086550 -1.657925
 -1.308585 -1.161133 -2.531425 -1.087313
 -1.224565 -1.532586 -1.147107 -1.756872
 -1.935047 -1.504684 -1.391161 -0.955269
 -0.546024 -2.847199 -1.279464 -2.470308
 -1.144099 -1.279487 -2.570132 -1.118456
 -1.220257 -1.687280 -1.107462 -1.663750
 -1.806358 -1.474097 -1.107346 -1.286165
 -1.927780 -16.925018 -1.842560 -0.362236
 -0.851847 -15.704095 -2.016417 -0.820431
 -1.417778 -16.576153 -1.232415 -0.763225
 -1.346317 -15.777014 -1.041220 -0.949902
 -1.494261 -15.908608 -1.018096 -0.881157
 -0.868874 -16.053024 -2.207954 -0.753639
 -1.409964 -15.738298 -1.026700 -0.922156
 -1.653391 -16.288683 -0.875806 -0.936304
 -1.927780 -16.925018 -1.842560 -0.362236
 -0.851847 -15.704095 -2.016417 -0.820431
 -1.417778 -16.576153 -1.232415 -0.763225
 -1.346317 -15.777014 -1.041220 -0.949902
 -1.494261 -15.908608 -1.018096 -0.881157
 -0.868874 -16.053024 -2.207954 -0.753639
 -1.409964 -15.738298 -1.026700 -0.922156
 -1.653391 -16.288683 -0.875806 -0.936304
 -16.174477 -0.000000 -16.174477 -16.174477
 -1.386294 -1.386294 -1.386294 -1.386294
 -16.421160 -0.000000 -16.421160 -16.421160
 -17.184528 0.000000 -17.184528 -17.184528
 -16.201517 -0.000000 -16.201517 -16.201517
 -1.386294 -1.386294 -1.386294 -1.386294
 -16.051956 -0.000000 -16.051956 -16.051956
 -16.504719 -0.000000 -16.504719 -16.504719
 -16.174477 -0.000000 -16.174477 -16.174477
 -1.386294 -1.386294 -1.386294 -1.386294
 -16.421160 -0.000000 -16.421160 -16.421160
 -17.184528 0.000000 -17.184528 -17.184528
 -16.201517 -0.000000 -16.201517 -16.201517
 -1.386294 -1.386294 -1.386294 -1.386294
 -16.051956 -0.000000 -16.051956 -16.051956
 -16.504719 -0.000000 -16.504719 -16.504719
 -1.386294 -1.386294 -1.386294 -1.386294
 -1.327409 -0.914039 -2.690172 -1.324013
 -1.386294 -1.386294 -1.386294 -1.386294
 -1.386294 -1.386294 -1.386294 -1.386294
 -1.386294 -1.386294 -1.386294 -1.386294
 -1.816041 -0.565286 -3.555804 -1.424720
 -1.386294 -1.386294 -1.386294 -1.386294
 -1.386294 -1.386294 -1.386294 -1.386294
 -1.386294 -1.386294 -1.386294 -1.386294
 -1.327409 -0.914039 -2.690172 -1.324013
 -1.386294 -1.386294 -1.386294 -1.386294
 -1.386294 -1.386294 -1.386294 -1.386294
 -1.386294 -1.386294 -1.386294 -1.386294
 -1.816041 -0.565286 -3.555804 -1.424720
 -1.386294 -1.386294 -1.386294 -1.386294
 -1.386294 -1.386294 -1.386294 -1.386294
 -1.386294 -1.386294 -1.386294 -1.386294
 -1.386294 -1.386294 -1.386294 -1.386294
 -1.386294 -1.386294 -1.386294 -1.386294
 -1.386294 -1.386294 -1.386294 -1.386294
 -16.753614 -0.000000 -16.753614 -16.753614
 -17.568539 0.000000 -17.568539 -17.568539
 -15.264781 -0.000001 -15.264781 -15.264781
 -16.921442 0.000000 -16.921442 -16.921442
 -1.386294 -1.386294 -1.386294 -1.386294
 -1.386294 -1.386294 -1.386294 -1.386294
 -1.386294 -1.386294 -1.386294 -1.386294
 -1.386294 -1.386294 -1.386294 -1.386294
 -16.753614 -0.000000 -16.753614 -16.753614
 -17.568539 0.000000 -17.568539 -17.568539
 -15.264781 -0.000001 -15.264781 -15.264781
 -16.921442 0.000000 -16.921442 -16.921442
 -1.386294 -1.386294 -1.386294 -1.386294
 0.000000 -16.957073 -16.957073 -16.957073
 -1.386294 -1.386294 -1.386294 -1.386294
 -1.386294 -1.386294 -1.386294 -1.386294
 -1.386294 -1.386294 -1.386294 -1.386294
 0.000000 -17.989590 -17.989590 -17.989590
 -1.386294 -1.386294 -1.386294 -1.386294
 -1.386294 -1.386294 -1.386294 -1.386294
 -1.386294 -1.386294 -1.386294 -1.386294
 0.000000 -16.957073 -16.957073 -16.957073
 -1.386294 -1.386294 -1.386294 -1.386294
 -1.386294 -1.386294 -1.386294 -1.386294
 -1.386294 -1.386294 -1.386294 -1.386294
 0.000000 -17.989590 -17.989590 -17.989590
 -1.386294 -1.386294 -1.386294 -1.386294
 -1.386294 -1.386294 -1.386294 -1.386294
 -1.386294 -1.386294 -1.386294 -1.386294
 -1.386294 -1.386294 -1.386294 -1.386294
 -1.386294 -1.386294 -1.386294 -1.386294
 -1.386294 -1.386294 -1.386294 -1.386294
 -18.294210 -18.294210 0.000000 -18.294210
 -1.386294 -1.386294 -1.386294 -1.386294
 -1.386294 -1.386294 -1.386294 -1.386294
 -1.386294 -1.386294 -1.386294 -1.386294
 -1.386294 -1.386294 -1.386294 -1.386294
 -1.386294 -1.386294 -1.386294 -1.386294
 -1.386294 -1.386294 -1.386294 -1.386294
 -1.386294 -1.386294 -1.386294 -1.386294
 -18.294210 -18.294210 0.000000 -18.294210
 -1.386294 -1.386294 -1.386294 -1.386294
 -1.386294 -1.386294 -1.386294 -1.386294
 -1.386294 -1.386294 -1.386294 -1.386294
 -1.386294 -1.386294 -1.386294 -1.386294
 -1.386294 -1.386294 -1.386294 -1.386294
 -1.592782 -0.949109 -1.439429 -1.757404
 -1.386294 -1.386294 -1.386294 -1.386294
 -1.386294 -1.386294 -1.386294 -1.386294
 -1.386294 -1.386294 -1.386294 -1.386294
 -1.386294 -1.386294 -1.386294 -1.386294
 -1.386294 -1.386294 -1.386294 -1.386294
 -1.386294 -1.386294 -1.386294 -1.386294
 -1.386294 -1.386294 -1.386294 -1.386294
 -1.592782 -0.949109 -1.439429 -1.757404
 -1.386294 -1.386294 -1.386294 -1.386294
 -1.386294 -1.386294 -1.386294 -1.386294
 -1.386294 -1.386294 -1.386294 -1.386294
 -1.386294 -1.386294 -1.386294 -1.386294
 -1.386294 -1.386294 -1.386294 -1.386294
 -1.229596 -1.627456 -1.152494 -1.633154
 -1.054734 -1.628977 -3.137548 -0.886257
 -1.406116 -1.126770 -1.454125 -1.623417
 -1.570723 -1.642886 -1.144381 -1.272026
 -1.386294 -1.386294 -1.386294 -1.386294
 -1.386294 -1.386294 -1.386294 -1.386294
 -1.386294 -1.386294 -1.386294 -1.386294
 -1.386294 -1.386294 -1.386294 -1.386294
 -1.229596 -1.627456 -1.152494 -1.633154
 -1.054734 -1.628977 -3.137548 -0.886257
 -1.406116 -1.126770 -1.454125 -1.623417
 -1.570723 -1.642886 -1.144381 -1.272026
 -1.386294 -1.386294 -1.386294 -1.386294
 -1.386294 -1.386294 -1.386294 -1.386294
 -1.386294 -1.386294 -1.386294 -1.386294
 -1.386294 -1.386294 -1.386294 -1.386294
 -1.262950 -1.610404 -1.131981 -1.634855
 -1.422914 -1.414882 -2.459005 -0.842773
 -1.304356 -1.311373 -1.347220 -1.613240
 -1.573351 -1.511983 -1.071426 -1.471161
 -1.983165 -0.560115 -1.852052 -2.007616
 -1.352601 -1.256925 -2.978231 -0.901346
 -1.438254 -1.267106 -1.379985 -1.472156
 -0.684452 -1.544456 -1.960204 -1.956335
 -1.262950 -1.610404 -1.131981 -1.634855
 -1.422914 -1.414882 -2.459005 -0.842773
 -1.304356 -1.311373 -1.347220 -1.613240
 -1.573351 -1.511983 -1.071426 -1.471161
 -1.983165 -0.560115 -1.852052 -2.007616
 -1.352601 -1.256925 -2.978231 -0.901346
 -1.438254 -1.267106 -1.379985 -1.472156
 -0.684452 -1.544456 -1.960204 -1.956335
