 -3.071921 0.000100 0.000100 0.000100
 -2.813060 0.000100 0.000100 0.000100
 -3.094911 0.000100 0.000100 0.000100
 -2.947427 0.000100 0.000100 0.000100
 -2.947427 0.000100 0.000100 0.000100
 -2.332512 0.000100 0.000100 0.000100
 -3.005963 0.000100 0.000100 0.000100
 -2.334322 0.000100 0.000100 0.000100
 -3.071921 0.000100 0.000100 0.000100
 -2.813060 0.000100 0.000100 0.000100
 -3.094911 0.000100 0.000100 0.000100
 -2.947427 0.000100 0.000100 0.000100
 -2.947427 0.000100 0.000100 0.000100
 -2.332512 0.000100 0.000100 0.000100
 -3.005963 0.000100 0.000100 0.000100
 -2.334322 0.000100 0.000100 0.000100
 -1.341843 -1.299283 -1.481604 -1.432814
 -1.645156 -0.952009 -2.839075 -1.014529
 -1.969439 -0.988612 -1.363305 -1.458615
 -2.036881 -1.382955 -1.105324 -1.246096
 -1.343735 -1.200634 -1.711459 -1.356638
 -1.503173 -1.068334 -2.626477 -1.017041
 -1.098613 -1.379227 -1.710081 -1.452252
 -2.023088 -1.109542 -1.283110 -1.343735
 -1.341843 -1.299283 -1.481604 -1.432814
 -1.645156 -0.952009 -2.839075 -1.014529
 -1.969439 -0.988612 -1.363305 -1.458615
 -2.036881 -1.382955 -1.105324 -1.246096
 -1.343735 -1.200634 -1.711459 -1.356638
 -1.503173 -1.068334 -2.626477 -1.017041
 -1.098613 -1.379227 -1.710081 -1.452252
 -2.023088 -1.109542 -1.283110 -1.343735
 -1.598665 -1.018848 -1.616684 -1.434363
 -1.621670 -0.890783 -2.660560 -1.132619
 -1.804831 -1.085709 -1.510592 -1.283535
 -2.086987 -1.266008 -1.106160 -1.335001
 -1.325084 -1.241202 -1.755866 -1.300391
 -1.669954 -0.958625 -2.994004 -0.972231
 -1.118031 -1.336284 -1.772711 -1.425515
 -2.190029 -1.254570 -1.267309 -1.135381
 -1.598665 -1.018848 -1.616684 -1.434363
 -1.621670 -0.890783 -2.660560 -1.132619
 -1.804831 -1.085709 -1.510592 -1.283535
 -2.086987 -1.266008 -1.106160 -1.335001
 -1.325084 -1.241202 -1.755866 -1.300391
 -1.669954 -0.958625 -2.994004 -0.972231
 -1.118031 -1.336284 -1.772711 -1.425515
 -2.190029 -1.254570 -1.267309 -1.135381
 -1.542863 -1.189584 -1.542863 -1.316336
 -1.518591 -0.944050 -3.016107 -1.070202
 -1.950659 -1.034371 -1.362874 -1.400614
 -1.921812 -1.410987 -1.137694 -1.240642
 -1.263978 -1.277223 -1.682688 -1.375204
 -1.626532 -1.066917 -2.716559 -0.933385
 -1.095240 -1.386294 -1.906169 -1.320912
 -1.956436 -1.130530 -1.571762 -1.114444
 -1.542863 -1.189584 -1.542863 -1.316336
 -1.518591 -0.944050 -3.016107 -1.070202
 -1.950659 -1.034371 -1.362874 -1.400614
 -1.921812 -1.410987 -1.137694 -1.240642
 -1.263978 -1.277223 -1.682688 -1.375204
 -1.626532 -1.066917 -2.716559 -0.933385
 -1.095240 -1.386294 -1.906169 -1.320912
 -1.956436 -1.130530 -1.571762 -1.114444
 -1.663926 -1.054161 -1.912386 -1.157109
 -1.669656 -0.878070 -2.785657 -1.095371
 -1.806357 -1.113212 -1.461518 -1.289668
 -2.208272 -1.404779 -1.120836 -1.143564
 -1.504077 -1.209278 -1.763588 -1.177862
 -1.581173 -1.000700 -3.127095 -0.960245
 -1.269761 -1.412861 -1.598264 -1.296789
 -2.289804 -1.081082 -1.383084 -1.175445
 -1.663926 -1.054161 -1.912386 -1.157109
 -1.669656 -0.878070 -2.785657 -1.095371
 -1.806357 -1.113212 -1.461518 -1.289668
 -2.208272 -1.404779 -1.120836 -1.143564
 -1.504077 -1.209278 -1.763588 -1.177862
 -1.581173 -1.000700 -3.127095 -0.960245
 -1.269761 -1.412861 -1.598264 -1.296789
 -2.289804 -1.081082 -1.383084 -1.175445
 -1.521699 -1.064275 -1.672521 -1.390671
 -1.873370 -0.852537 -2.769455 -1.028993
 -1.977161 -0.929195 -1.422852 -1.488810
 -2.153052 -1.317732 -1.131402 -1.225713
 -1.658228 -1.120836 -2.112963 -1.014352
 -1.691218 -1.079564 -3.103943 -0.841439
 -1.181245 -1.287854 -2.114531 -1.215534
 -2.351374 -1.235669 -1.394538 -1.004647
 -1.521699 -1.064275 -1.672521 -1.390671
 -1.873370 -0.852537 -2.769455 -1.028993
 -1.977161 -0.929195 -1.422852 -1.488810
 -2.153052 -1.317732 -1.131402 -1.225713
 -1.658228 -1.120836 -2.112963 -1.014352
 -1.691218 -1.079564 -3.103943 -0.841439
 -1.181245 -1.287854 -2.114531 -1.215534
 -2.351374 -1.235669 -1.394538 -1.004647
 -1.623294 -1.150389 -1.646825 -1.225612
 -1.594170 -0.955512 -2.451618 -1.120386
 -1.884540 -1.191394 -1.233954 -1.373716
 -2.360153 -1.249273 -1.261543 -1.091644
 -1.458615 -1.290280 -1.746296 -1.146241
 -1.581861 -1.096969 -2.696601 -0.933712
 -1.409984 -1.318417 -1.589569 -1.257792
 -2.539451 -1.223776 -1.348288 -1.001608
 -1.623294 -1.150389 -1.646825 -1.225612
 -1.594170 -0.955512 -2.451618 -1.120386
 -1.884540 -1.191394 -1.233954 -1.373716
 -2.360153 -1.249273 -1.261543 -1.091644
 -1.458615 -1.290280 -1.746296 -1.146241
 -1.581861 -1.096969 -2.696601 -0.933712
 -1.409984 -1.318417 -1.589569 -1.257792
 -2.539451 -1.223776 -1.348288 -1.001608
 -1.660731 -0.954513 -1.801809 -1.347074
 -1.740839 -0.956259 -2.700611 -0.985817
 -2.272123 -0.813512 -1.684339 -1.316615
 -2.383240 -1.368012 -1.113483 -1.124782
 -1.759323 -1.024505 -1.677646 -1.265666
 -1.816452 -0.983543 -3.125782 -0.868663
 -1.498053 -1.196948 -1.794785 -1.177146
 -2.696636 -1.041454 -1.422821 -1.082954
 -1.660731 -0.954513 -1.801809 -1.347074
 -1.740839 -0.956259 -2.700611 -0.985817
 -2.272123 -0.813512 -1.684339 -1.316615
 -2.383240 -1.368012 -1.113483 -1.124782
 -1.759323 -1.024505 -1.677646 -1.265666
 -1.816452 -0.983543 -3.125782 -0.868663
 -1.498053 -1.196948 -1.794785 -1.177146
 -2.696636 -1.041454 -1.422821 -1.082954
 -2.142861 -0.792938 -1.929288 -1.255560
 -1.937633 -0.764914 -2.669999 -1.135288
 -1.986730 -0.834054 -1.581267 -1.501224
 -2.872853 -1.250998 -1.226606 -1.010718
 -1.833723 -0.994623 -1.987873 -1.098613
 -1.899179 -0.936557 -3.106592 -0.882904
 -1.759183 -1.046988 -1.740135 -1.199568
 -2.740838 -1.078292 -1.481604 -0.999577
 -2.142861 -0.792938 -1.929288 -1.255560
 -1.937633 -0.764914 -2.669999 -1.135288
 -1.986730 -0.834054 -1.581267 -1.501224
 -2.872853 -1.250998 -1.226606 -1.010718
 -1.833723 -0.994623 -1.987873 -1.098613
 -1.899179 -0.936557 -3.106592 -0.882904
 -1.759183 -1.046988 -1.740135 -1.199568
 -2.740838 -1.078292 -1.481604 -0.999577
 -1.386294 -0.970780 -1.663925 -1.704747
 -1.815289 -0.790786 -2.950265 -1.104443
 -2.337672 -0.933683 -1.757857 -1.084914
 -2.359278 -1.274655 -1.494283 -0.912362
 -1.845826 -0.923494 -2.123456 -1.122827
 -2.122533 -0.806857 -3.198670 -0.933444
 -2.121404 -1.071584 -1.582409 -1.102043
 -2.940380 -1.062680 -1.528770 -0.954970
 -1.386294 -0.970780 -1.663925 -1.704747
 -1.815289 -0.790786 -2.950265 -1.104443
 -2.337672 -0.933683 -1.757857 -1.084914
 -2.359278 -1.274655 -1.494283 -0.912362
 -1.845826 -0.923494 -2.123456 -1.122827
 -2.122533 -0.806857 -3.198670 -0.933444
 -2.121404 -1.071584 -1.582409 -1.102043
 -2.940380 -1.062680 -1.528770 -0.954970
 -1.218572 -1.449095 -2.179979 -1.031361
 -2.204143 -0.916291 -2.674145 -0.865860
 -1.860751 -0.844833 -1.814231 -1.378914
 -2.833208 -1.115562 -1.223776 -1.141538
 -1.931520 -1.056053 -2.288193 -0.901903
 -2.122323 -0.973449 -3.141684 -0.778141
 -2.583994 -1.113822 -1.590745 -0.935339
 -2.957192 -1.035977 -1.583170 -0.947181
 -1.218572 -1.449095 -2.179979 -1.031361
 -2.204143 -0.916291 -2.674145 -0.865860
 -1.860751 -0.844833 -1.814231 -1.378914
 -2.833208 -1.115562 -1.223776 -1.141538
 -1.931520 -1.056053 -2.288193 -0.901903
 -2.122323 -0.973449 -3.141684 -0.778141
 -2.583994 -1.113822 -1.590745 -0.935339
 -2.957192 -1.035977 -1.583170 -0.947181
 -1.475906 -1.286665 -2.014900 -1.016375
 -2.063179 -0.796689 -2.452643 -1.090449
 -1.867265 -1.011602 -1.481604 -1.368276
 -2.527628 -1.190128 -1.429019 -0.977035
 -1.631416 -1.104062 -2.575873 -0.924477
 -2.094945 -1.042523 -3.132931 -0.732368
 -2.663746 -0.986654 -1.634130 -1.015092
 -2.697827 -1.158595 -1.414074 -0.979308
 -1.475906 -1.286665 -2.014900 -1.016375
 -2.063179 -0.796689 -2.452643 -1.090449
 -1.867265 -1.011602 -1.481604 -1.368276
 -2.527628 -1.190128 -1.429019 -0.977035
 -1.631416 -1.104062 -2.575873 -0.924477
 -2.094945 -1.042523 -3.132931 -0.732368
 -2.663746 -0.986654 -1.634130 -1.015092
 -2.697827 -1.158595 -1.414074 -0.979308
 -1.530188 -1.316615 -2.628791 -0.813513
 -2.523618 -0.740673 -2.695467 -0.979424
 -2.388757 -1.080431 -1.257361 -1.257361
 -2.497326 -1.334178 -1.382188 -0.908095
 -1.965421 -0.938270 -3.030126 -0.866811
 -2.275916 -1.222155 -2.868979 -0.605236
 -2.544019 -1.129290 -1.794785 -0.839274
 -2.853760 -1.232628 -1.565232 -0.816880
 -1.530188 -1.316615 -2.628791 -0.813513
 -2.523618 -0.740673 -2.695467 -0.979424
 -2.388757 -1.080431 -1.257361 -1.257361
 -2.497326 -1.334178 -1.382188 -0.908095
 -1.965421 -0.938270 -3.030126 -0.866811
 -2.275916 -1.222155 -2.868979 -0.605236
 -2.544019 -1.129290 -1.794785 -0.839274
 -2.853760 -1.232628 -1.565232 -0.816880
 -0.957841 -0.625708 -2.508427 -13.664692
 -2.091464 -0.232149 -2.480927 -14.735795
 -2.437497 -0.460344 -1.267434 -13.845074
 -2.315828 -0.605041 -1.034897 -14.927369
 -1.240787 -0.429858 -2.809395 -14.322330
 -1.754189 -0.285133 -2.589756 -15.691918
 -2.003454 -0.557973 -1.228391 -14.927369
 -2.746455 -0.507776 -1.096578 -16.099932
 -0.957841 -0.625708 -2.508427 -13.664692
 -2.091464 -0.232149 -2.480927 -14.735795
 -2.437497 -0.460344 -1.267434 -13.845074
 -2.315828 -0.605041 -1.034897 -14.927369
 -1.240787 -0.429858 -2.809395 -14.322330
 -1.754189 -0.285133 -2.589756 -15.691918
 -2.003454 -0.557973 -1.228391 -14.927369
 -2.746455 -0.507776 -1.096578 -16.099932
 -14.085541 -0.000002 -14.085541 -14.085541
 -15.184151 -0.000001 -15.184151 -15.184151
 -14.115618 -0.000002 -14.115618 -14.115618
 -1.386294 -1.386294 -1.386294 -1.386294
 -14.678402 -0.000001 -14.678402 -14.678402
 -16.487589 -0.000000 -16.487589 -16.487589
 -15.436878 -0.000001 -15.436878 -15.436878
 -1.386294 -1.386294 -1.386294 -1.386294
 -14.085541 -0.000002 -14.085541 -14.085541
 -15.184151 -0.000001 -15.184151 -15.184151
 -14.115618 -0.000002 -14.115618 -14.115618
 -1.386294 -1.386294 -1.386294 -1.386294
 -14.678402 -0.000001 -14.678402 -14.678402
 -16.487589 -0.000000 -16.487589 -16.487589
 -15.436878 -0.000001 -15.436878 -15.436878
 -1.386294 -1.386294 -1.386294 -1.386294
 -1.386294 -1.386294 -1.386294 -1.386294
 -16.127056 -16.127056 -16.127056 -0.000000
 -1.386294 -1.386294 -1.386294 -1.386294
 -1.386294 -1.386294 -1.386294 -1.386294
 -1.386294 -1.386294 -1.386294 -1.386294
 -16.727861 -16.727861 -16.727861 -0.000000
 -1.386294 -1.386294 -1.386294 -1.386294
 -1.386294 -1.386294 -1.386294 -1.386294
 -1.386294 -1.386294 -1.386294 -1.386294
 -16.127056 -16.127056 -16.127056 -0.000000
 -1.386294 -1.386294 -1.386294 -1.386294
 -1.386294 -1.386294 -1.386294 -1.386294
 -1.386294 -1.386294 -1.386294 -1.386294
 -16.727861 -16.727861 -16.727861 -0.000000
 -1.386294 -1.386294 -1.386294 -1.386294
 -1.386294 -1.386294 -1.386294 -1.386294
 -1.386294 -1.386294 -1.386294 -1.386294
 -1.386294 -1.386294 -1.386294 -1.386294
 -1.386294 -1.386294 -1.386294 -1.386294
 -1.386294 -1.386294 -1.386294 -1.386294
 -1.386294 -1.386294 -1.386294 -1.386294
 -1.386294 -1.386294 -1.386294 -1.386294
 -1.386294 -1.386294 -1.386294 -1.386294
 -3.049448 -1.055000 -1.365797 -1.051981
 -1.386294 -1.386294 -1.386294 -1.386294
 -1.386294 -1.386294 -1.386294 -1.386294
 -1.386294 -1.386294 -1.386294 -1.386294
 -1.386294 -1.386294 -1.386294 -1.386294
 -1.386294 -1.386294 -1.386294 -1.386294
 -1.386294 -1.386294 -1.386294 -1.386294
 -1.386294 -1.386294 -1.386294 -1.386294
 -3.049448 -1.055000 -1.365797 -1.051981
 -1.386294 -1.386294 -1.386294 -1.386294
 -1.386294 -1.386294 -1.386294 -1.386294
 -1.386294 -1.386294 -1.386294 -1.386294
 -1.386294 -1.386294 -1.386294 -1.386294
 -1.960834 -1.121086 -14.115618 -0.628610
 -2.725335 -0.857090 -3.532424 -0.732207
 -2.782262 -1.099989 -1.906795 -0.783792
 -2.808397 -0.918807 -1.878862 -0.946905
 -1.386294 -1.386294 -1.386294 -1.386294
 -1.386294 -1.386294 -1.386294 -1.386294
 -1.386294 -1.386294 -1.386294 -1.386294
 -1.386294 -1.386294 -1.386294 -1.386294
 -1.960834 -1.121086 -14.115618 -0.628610
 -2.725335 -0.857090 -3.532424 -0.732207
 -2.782262 -1.099989 -1.906795 -0.783792
 -2.808397 -0.918807 -1.878862 -0.946905
 -1.386294 -0.980831 -3.465692 -1.067842
 -2.100642 -0.562242 -2.883398 -1.379326
 -1.848916 -1.018571 -1.280934 -1.591088
 -2.743315 -0.957990 -1.386294 -1.197394
 -1.737270 -1.190728 -4.135119 -0.685181
 -2.458366 -0.712901 -3.662336 -0.919965
 -2.202762 -0.894433 -2.020441 -1.055363
 -2.771429 -0.943304 -1.497724 -1.125625
 -1.386294 -0.980831 -3.465692 -1.067842
 -2.100642 -0.562242 -2.883398 -1.379326
 -1.848916 -1.018571 -1.280934 -1.591088
 -2.743315 -0.957990 -1.386294 -1.197394
 -1.737270 -1.190728 -4.135119 -0.685181
 -2.458366 -0.712901 -3.662336 -0.919965
 -2.202762 -0.894433 -2.020441 -1.055363
 -2.771429 -0.943304 -1.497724 -1.125625
 -1.544899 -0.950194 -3.218848 -1.021653
 -3.085334 -0.402613 -3.218864 -1.403586
 -2.450992 -0.882392 -2.114525 -0.969403
 -3.344025 -0.873119 -2.000302 -0.887304
 -2.447763 -0.971861 -14.430698 -0.625237
 -2.604586 -0.713253 -3.665456 -0.890559
 -2.666621 -1.237770 -2.040917 -0.672220
 -2.995730 -0.961027 -2.241960 -0.773815
 -1.544899 -0.950194 -3.218848 -1.021653
 -3.085334 -0.402613 -3.218864 -1.403586
 -2.450992 -0.882392 -2.114525 -0.969403
 -3.344025 -0.873119 -2.000302 -0.887304
 -2.447763 -0.971861 -14.430698 -0.625237
 -2.604586 -0.713253 -3.665456 -0.890559
 -2.666621 -1.237770 -2.040917 -0.672220
 -2.995730 -0.961027 -2.241960 -0.773815
 -1.791756 -0.958853 -2.708032 -0.958853
 -2.555854 -0.661685 -3.779616 -0.958256
 -2.024375 -0.834801 -1.773064 -1.331235
 -4.149445 -1.974711 -2.463063 -0.274106
 -1.791758 -0.788459 -4.882705 -0.990983
 -2.561985 -0.680371 -3.422185 -0.957690
 -2.011386 -0.985536 -1.777772 -1.127186
 -3.235403 -1.429852 -2.233956 -0.487422
 -1.791756 -0.958853 -2.708032 -0.958853
 -2.555854 -0.661685 -3.779616 -0.958256
 -2.024375 -0.834801 -1.773064 -1.331235
 -4.149445 -1.974711 -2.463063 -0.274106
 -1.791758 -0.788459 -4.882705 -0.990983
 -2.561985 -0.680371 -3.422185 -0.957690
 -2.011386 -0.985536 -1.777772 -1.127186
 -3.235403 -1.429852 -2.233956 -0.487422
 -0.626459 -1.757855 -1.575535 -2.450992
 -1.079921 -0.879250 -2.296312 -1.933408
 -1.335002 -1.072640 -1.239692 -2.251277
 -2.317848 -1.299283 -0.990983 -1.356441
 -1.084014 -0.835119 -2.427743 -1.968214
 -1.251638 -0.872770 -2.214260 -1.676984
 -1.597242 -1.016214 -1.068399 -2.385696
 -2.173967 -1.194864 -1.030404 -1.484275
 -0.626459 -1.757855 -1.575535 -2.450992
 -1.079921 -0.879250 -2.296312 -1.933408
 -1.335002 -1.072640 -1.239692 -2.251277
 -2.317848 -1.299283 -0.990983 -1.356441
 -1.084014 -0.835119 -2.427743 -1.968214
 -1.251638 -0.872770 -2.214260 -1.676984
 -1.597242 -1.016214 -1.068399 -2.385696
 -2.173967 -1.194864 -1.030404 -1.484275
 -13.997835 -0.000002 -13.997835 -13.997835
 -14.159103 -0.000002 -14.159103 -14.159103
 -13.721204 -0.000003 -13.721204 -13.721204
 -12.971550 -0.000007 -12.971550 -12.971550
 -15.354527 -0.000001 -15.354527 -15.354527
 -15.966110 -0.000000 -15.966110 -15.966110
 -15.635210 -0.000001 -15.635210 -15.635210
 -15.448666 -0.000001 -15.448666 -15.448666
 -13.997835 -0.000002 -13.997835 -13.997835
 -14.159103 -0.000002 -14.159103 -14.159103
 -13.721204 -0.000003 -13.721204 -13.721204
 -12.971550 -0.000007 -12.971550 -12.971550
 -15.354527 -0.000001 -15.354527 -15.354527
 -15.966110 -0.000000 -15.966110 -15.966110
 -15.635210 -0.000001 -15.635210 -15.635210
 -15.448666 -0.000001 -15.448666 -15.448666
 -1.386294 -1.386294 -1.386294 -1.386294
 -0.000000 -16.375834 -16.375834 -16.375834
 -1.386294 -1.386294 -1.386294 -1.386294
 -1.386294 -1.386294 -1.386294 -1.386294
 -1.386294 -1.386294 -1.386294 -1.386294
 -0.000000 -16.559572 -16.559572 -16.559572
 -1.386294 -1.386294 -1.386294 -1.386294
 -1.386294 -1.386294 -1.386294 -1.386294
 -1.386294 -1.386294 -1.386294 -1.386294
 -0.000000 -16.375834 -16.375834 -16.375834
 -1.386294 -1.386294 -1.386294 -1.386294
 -1.386294 -1.386294 -1.386294 -1.386294
 -1.386294 -1.386294 -1.386294 -1.386294
 -0.000000 -16.559572 -16.559572 -16.559572
 -1.386294 -1.386294 -1.386294 -1.386294
 -1.386294 -1.386294 -1.386294 -1.386294
 -1.386294 -1.386294 -1.386294 -1.386294
 -1.386294 -1.386294 -1.386294 -1.386294
 -1.386294 -1.386294 -1.386294 -1.386294
 -1.386294 -1.386294 -1.386294 -1.386294
 -17.165064 -17.165064 -0.000000 -17.165064
 -1.386294 -1.386294 -1.386294 -1.386294
 -1.386294 -1.386294 -1.386294 -1.386294
 -1.386294 -1.386294 -1.386294 -1.386294
 -1.386294 -1.386294 -1.386294 -1.386294
 -1.386294 -1.386294 -1.386294 -1.386294
 -1.386294 -1.386294 -1.386294 -1.386294
 -1.386294 -1.386294 -1.386294 -1.386294
 -17.165064 -17.165064 -0.000000 -17.165064
 -1.386294 -1.386294 -1.386294 -1.386294
 -1.386294 -1.386294 -1.386294 -1.386294
 -1.386294 -1.386294 -1.386294 -1.386294
 -1.386294 -1.386294 -1.386294 -1.386294
 -1.386294 -1.386294 -1.386294 -1.386294
 -1.415137 -1.874790 -0.665796 -2.409546
 -1.386294 -1.386294 -1.386294 -1.386294
 -1.386294 -1.386294 -1.386294 -1.386294
 -1.386294 -1.386294 -1.386294 -1.386294
 -1.386294 -1.386294 -1.386294 -1.386294
 -1.386294 -1.386294 -1.386294 -1.386294
 -1.386294 -1.386294 -1.386294 -1.386294
 -1.386294 -1.386294 -1.386294 -1.386294
 -1.415137 -1.874790 -0.665796 -2.409546
 -1.386294 -1.386294 -1.386294 -1.386294
 -1.386294 -1.386294 -1.386294 -1.386294
 -1.386294 -1.386294 -1.386294 -1.386294
 -1.386294 -1.386294 -1.386294 -1.386294
 -1.386294 -1.386294 -1.386294 -1.386294
 -1.502633 -1.605112 -1.528951 -1.022133
 -1.649116 -1.189584 -2.273269 -0.915148
 -1.542724 -1.591834 -1.477787 -1.037024
 -2.111189 -1.502126 -0.900787 -1.386294
 -1.386294 -1.386294 -1.386294 -1.386294
 -1.386294 -1.386294 -1.386294 -1.386294
 -1.386294 -1.386294 -1.386294 -1.386294
 -1.386294 -1.386294 -1.386294 -1.386294
 -1.502633 -1.605112 -1.528951 -1.022133
 -1.649116 -1.189584 -2.273269 -0.915148
 -1.542724 -1.591834 -1.477787 -1.037024
 -2.111189 -1.502126 -0.900787 -1.386294
 -1.386294 -1.386294 -1.386294 -1.386294
 -1.386294 -1.386294 -1.386294 -1.386294
 -1.386294 -1.386294 -1.386294 -1.386294
 -1.386294 -1.386294 -1.386294 -1.386294
 -1.197569 -1.427830 -1.464198 -1.482890
 -1.300810 -1.189584 -2.188112 -1.167279
 -1.212272 -1.330055 -1.402961 -1.649485
 -1.989829 -1.439783 -0.841672 -1.633154
 -1.486835 -1.107347 -2.179979 -1.107347
 -1.440361 -1.136151 -2.111528 -1.136151
 -1.708108 -1.448598 -1.366360 -1.112127
 -2.340967 -1.094437 -1.119755 -1.416021
 -1.197569 -1.427830 -1.464198 -1.482890
 -1.300810 -1.189584 -2.188112 -1.167279
 -1.212272 -1.330055 -1.402961 -1.649485
 -1.989829 -1.439783 -0.841672 -1.633154
 -1.486835 -1.107347 -2.179979 -1.107347
 -1.440361 -1.136151 -2.111528 -1.136151
 -1.708108 -1.448598 -1.366360 -1.112127
 -2.340967 -1.094437 -1.119755 -1.416021
 -2.586259 0.000100 0.000100 0.000100
 -2.281493 0.000100 0.000100 0.000100
 -2.847824 0.000100 0.000100 0.000100
 -3.219107 0.000100 0.000100 0.000100
 -3.188301 0.000100 0.000100 0.000100
 -2.492348 0.000100 0.000100 0.000100
 -3.260509 0.000100 0.000100 0.000100
 -2.776117 0.000100 0.000100 0.000100
 -2.586259 0.000100 0.000100 0.000100
 -2.281493 0.000100 0.000100 0.000100
 -2.847824 0.000100 0.000100 0.000100
 -3.219107 0.000100 0.000100 0.000100
 -3.188301 0.000100 0.000100 0.000100
 -2.492348 0.000100 0.000100 0.000100
 -3.260509 0.000100 0.000100 0.000100
 -2.776117 0.000100 0.000100 0.000100
 -1.600249 -2.172907 -0.561310 -2.172907
 -2.038547 -1.146949 -3.113061 -0.677839
 -1.273765 -1.431255 -1.142737 -1.818492
 -1.855140 -1.513391 -1.165703 -1.165703
 -1.615072 -1.439363 -1.131739 -1.420583
 -0.718681 -1.513364 -2.750975 -1.475907
 -1.487905 -1.307367 -1.213682 -1.577350
 -1.722767 -1.287203 -1.244981 -1.356967
 -1.600249 -2.172907 -0.561310 -2.172907
 -2.038547 -1.146949 -3.113061 -0.677839
 -1.273765 -1.431255 -1.142737 -1.818492
 -1.855140 -1.513391 -1.165703 -1.165703
 -1.615072 -1.439363 -1.131739 -1.420583
 -0.718681 -1.513364 -2.750975 -1.475907
 -1.487905 -1.307367 -1.213682 -1.577350
 -1.722767 -1.287203 -1.244981 -1.356967
 -1.296408 -1.569000 -1.032695 -1.818998
 -1.258766 -1.163804 -2.392468 -1.163804
 -1.494708 -1.644472 -0.757005 -2.175936
 -1.695745 -1.447565 -1.038444 -1.481088
 -2.046062 -0.684050 -1.671369 -1.724858
 -1.190362 -1.427016 -1.655210 -1.328733
 -1.448072 -1.377120 -1.201671 -1.551256
 -2.140066 -0.837542 -1.272566 -1.775092
 -1.296408 -1.569000 -1.032695 -1.818998
 -1.258766 -1.163804 -2.392468 -1.163804
 -1.494708 -1.644472 -0.757005 -2.175936
 -1.695745 -1.447565 -1.038444 -1.481088
 -2.046062 -0.684050 -1.671369 -1.724858
 -1.190362 -1.427016 -1.655210 -1.328733
 -1.448072 -1.377120 -1.201671 -1.551256
 -2.140066 -0.837542 -1.272566 -1.775092
 -1.077106 -1.780948 -1.361248 -1.449867
 -1.573731 -1.630708 -2.846696 -0.618220
 -1.613352 -0.974895 -1.585726 -1.519826
 -1.781064 -1.629958 -1.169142 -1.124022
 -1.252331 -1.683812 -1.444978 -1.228450
 -1.732744 -1.642321 -2.837684 -0.560174
 -0.882716 -1.851599 -1.533146 -1.544115
 -1.965887 -1.339918 -1.304306 -1.118589
 -1.077106 -1.780948 -1.361248 -1.449867
 -1.573731 -1.630708 -2.846696 -0.618220
 -1.613352 -0.974895 -1.585726 -1.519826
 -1.781064 -1.629958 -1.169142 -1.124022
 -1.252331 -1.683812 -1.444978 -1.228450
 -1.732744 -1.642321 -2.837684 -0.560174
 -0.882716 -1.851599 -1.533146 -1.544115
 -1.965887 -1.339918 -1.304306 -1.118589
 -1.777407 -2.058912 -0.635151 -1.751717
 -0.772147 -1.489308 -2.239614 -1.580115
 -1.345406 -1.398049 -1.145609 -1.746074
 -1.947496 -1.783867 -0.668107 -1.733281
 -1.519826 -1.558666 -0.953430 -1.685150
 -1.326336 -1.157769 -2.328148 -1.130445
 -1.577415 -1.390056 -1.059344 -1.620766
 -2.360619 -2.010605 -0.442355 -2.046323
 -1.777407 -2.058912 -0.635151 -1.751717
 -0.772147 -1.489308 -2.239614 -1.580115
 -1.345406 -1.398049 -1.145609 -1.746074
 -1.947496 -1.783867 -0.668107 -1.733281
 -1.519826 -1.558666 -0.953430 -1.685150
 -1.326336 -1.157769 -2.328148 -1.130445
 -1.577415 -1.390056 -1.059344 -1.620766
 -2.360619 -2.010605 -0.442355 -2.046323
 -1.142446 -1.744764 -1.203276 -1.579554
 -1.139434 -1.171183 -2.420367 -1.269005
 -0.772656 -1.693587 -1.505950 -2.020799
 -1.850710 -1.402255 -1.115812 -1.312360
 -1.748630 -1.779675 -0.770534 -1.637175
 -1.293481 -1.149774 -2.401225 -1.144539
 -2.118032 -1.201085 -1.639865 -0.954881
 -1.985434 -1.310863 -1.123347 -1.317133
 -1.142446 -1.744764 -1.203276 -1.579554
 -1.139434 -1.171183 -2.420367 -1.269005
 -0.772656 -1.693587 -1.505950 -2.020799
 -1.850710 -1.402255 -1.115812 -1.312360
 -1.748630 -1.779675 -0.770534 -1.637175
 -1.293481 -1.149774 -2.401225 -1.144539
 -2.118032 -1.201085 -1.639865 -0.954881
 -1.985434 -1.310863 -1.123347 -1.317133
 -1.816129 -2.214400 -1.556824 -0.659089
 -0.615988 -1.564347 -2.610069 -1.730820
 -1.538782 -1.813627 -0.716150 -2.012410
 -1.991040 -0.892428 -1.822643 -1.230356
 -1.415282 -1.510140 -1.106334 -1.582336
 -1.251917 -1.180560 -2.295839 -1.183319
 -1.391045 -1.539655 -1.173632 -1.480657
 -2.019167 -1.251912 -1.144768 -1.335682
 -1.816129 -2.214400 -1.556824 -0.659089
 -0.615988 -1.564347 -2.610069 -1.730820
 -1.538782 -1.813627 -0.716150 -2.012410
 -1.991040 -0.892428 -1.822643 -1.230356
 -1.415282 -1.510140 -1.106334 -1.582336
 -1.251917 -1.180560 -2.295839 -1.183319
 -1.391045 -1.539655 -1.173632 -1.480657
 -2.019167 -1.251912 -1.144768 -1.335682
 -1.318337 -1.543188 -1.095876 -1.690242
 -1.388617 -1.016252 -2.377228 -1.217992
 -0.992364 -1.505188 -1.551232 -1.633021
 -2.303251 -0.898790 -1.458815 -1.345179
 -2.065818 -0.673101 -1.603577 -1.820248
 -0.959286 -1.381011 -1.858065 -1.562864
 -1.625586 -1.079348 -1.220121 -1.782648
 -2.086479 -1.427818 -0.855749 -1.555518
 -1.318337 -1.543188 -1.095876 -1.690242
 -1.388617 -1.016252 -2.377228 -1.217992
 -0.992364 -1.505188 -1.551232 -1.633021
 -2.303251 -0.898790 -1.458815 -1.345179
 -2.065818 -0.673101 -1.603577 -1.820248
 -0.959286 -1.381011 -1.858065 -1.562864
 -1.625586 -1.079348 -1.220121 -1.782648
 -2.086479 -1.427818 -0.855749 -1.555518
 -1.610946 -2.060777 -0.671529 -1.820038
 -1.604776 -1.576121 -2.772588 -0.635275
 -1.409390 -1.207022 -1.337287 -1.639568
 -1.913766 -1.461781 -1.014767 -1.354151
 -1.902443 -0.836184 -1.489515 -1.650504
 -1.082781 -1.369881 -1.770706 -1.439705
 -1.949764 -0.735573 -1.404929 -2.016828
 -2.103520 -1.407233 -0.905224 -1.475331
 -1.610946 -2.060777 -0.671529 -1.820038
 -1.604776 -1.576121 -2.772588 -0.635275
 -1.409390 -1.207022 -1.337287 -1.639568
 -1.913766 -1.461781 -1.014767 -1.354151
 -1.902443 -0.836184 -1.489515 -1.650504
 -1.082781 -1.369881 -1.770706 -1.439705
 -1.949764 -0.735573 -1.404929 -2.016828
 -2.103520 -1.407233 -0.905224 -1.475331
 -1.220619 -1.624300 -1.112406 -1.719610
 -1.699766 -0.533806 -2.973650 -1.715974
 -1.277588 -1.532408 -1.056674 -1.847276
 -1.701885 -1.277728 -1.194840 -1.442913
 -1.737346 -1.231204 -1.220000 -1.440362
 -1.315539 -1.142652 -2.487176 -1.110015
 -1.950661 -1.061399 -1.257514 -1.480657
 -2.364426 -0.692607 -1.593892 -1.596555
 -1.220619 -1.624300 -1.112406 -1.719610
 -1.699766 -0.533806 -2.973650 -1.715974
 -1.277588 -1.532408 -1.056674 -1.847276
 -1.701885 -1.277728 -1.194840 -1.442913
 -1.737346 -1.231204 -1.220000 -1.440362
 -1.315539 -1.142652 -2.487176 -1.110015
 -1.950661 -1.061399 -1.257514 -1.480657
 -2.364426 -0.692607 -1.593892 -1.596555
 -0.901266 -1.961164 -1.197759 -1.887960
 -1.075537 -1.342105 -1.578301 -1.654095
 -0.779074 -1.748101 -1.385666 -2.146371
 -1.877317 -1.777856 -0.691149 -1.731605
 -1.638896 -1.319506 -1.040287 -1.686399
 -1.992559 -0.445057 -3.122828 -1.721300
 -1.588160 -1.200395 -1.200395 -1.642228
 -2.017173 -1.126200 -1.073975 -1.604161
 -0.901266 -1.961164 -1.197759 -1.887960
 -1.075537 -1.342105 -1.578301 -1.654095
 -0.779074 -1.748101 -1.385666 -2.146371
 -1.877317 -1.777856 -0.691149 -1.731605
 -1.638896 -1.319506 -1.040287 -1.686399
 -1.992559 -0.445057 -3.122828 -1.721300
 -1.588160 -1.200395 -1.200395 -1.642228
 -2.017173 -1.126200 -1.073975 -1.604161
 -1.722638 -2.126299 -1.704748 -0.653332
 -1.143636 -1.222309 -2.570203 -1.170304
 -1.246079 -1.387786 -1.355478 -1.585145
 -1.793183 -1.518404 -1.126011 -1.237237
 -1.716268 -1.015795 -1.396033 -1.557924
 -0.394580 -2.035858 -3.060782 -1.906379
 -1.562816 -0.779549 -1.687742 -1.917967
 -1.588115 -1.534714 -1.139973 -1.345748
 -1.722638 -2.126299 -1.704748 -0.653332
 -1.143636 -1.222309 -2.570203 -1.170304
 -1.246079 -1.387786 -1.355478 -1.585145
 -1.793183 -1.518404 -1.126011 -1.237237
 -1.716268 -1.015795 -1.396033 -1.557924
 -0.394580 -2.035858 -3.060782 -1.906379
 -1.562816 -0.779549 -1.687742 -1.917967
 -1.588115 -1.534714 -1.139973 -1.345748
 -1.069426 -1.708238 -1.151374 -1.836290
 -1.759930 -0.565780 -2.779077 -1.619841
 -1.353142 -1.516251 -1.092580 -1.678307
 -2.166093 -0.852803 -1.618039 -1.343735
 -2.341888 -2.546879 -0.317263 -2.329040
 -1.222021 -1.379488 -2.443811 -1.002859
 -1.518028 -1.445975 -1.143694 -1.484127
 -1.987117 -1.357283 -1.178235 -1.211571
 -1.069426 -1.708238 -1.151374 -1.836290
 -1.759930 -0.565780 -2.779077 -1.619841
 -1.353142 -1.516251 -1.092580 -1.678307
 -2.166093 -0.852803 -1.618039 -1.343735
 -2.341888 -2.546879 -0.317263 -2.329040
 -1.222021 -1.379488 -2.443811 -1.002859
 -1.518028 -1.445975 -1.143694 -1.484127
 -1.987117 -1.357283 -1.178235 -1.211571
 -1.218331 -1.110512 -0.981133 -16.212496
 -1.155069 -0.595454 -2.012519 -15.941359
 -2.190007 -0.894261 -0.735691 -17.133688
 -1.732147 -0.890820 -0.884849 -15.912301
 -1.592999 -1.002800 -0.844356 -16.018276
 -0.444762 -1.390612 -2.206361 -16.854782
 -1.691341 -0.836790 -0.960689 -15.957928
 -1.725564 -1.024604 -0.770052 -16.477169
 -1.218331 -1.110512 -0.981133 -16.212496
 -1.155069 -0.595454 -2.012519 -15.941359
 -2.190007 -0.894261 -0.735691 -17.133688
 -1.732147 -0.890820 -0.884849 -15.912301
 -1.592999 -1.002800 -0.844356 -16.018276
 -0.444762 -1.390612 -2.206361 -16.854782
 -1.691341 -0.836790 -0.960689 -15.957928
 -1.725564 -1.024604 -0.770052 -16.477169
 -16.092779 -0.000000 -16.092779 -16.092779
 -16.902910 0.000000 -16.902910 -16.902910
 -17.014183 0.000000 -17.014183 -17.014183
 -1.386294 -1.386294 -1.386294 -1.386294
 -16.812243 -0.000000 -16.812243 -16.812243
 -16.722412 -0.000000 -16.722412 -16.722412
 -16.411512 -0.000000 -16.411512 -16.411512
 -1.386294 -1.386294 -1.386294 -1.386294
 -16.092779 -0.000000 -16.092779 -16.092779
 -16.902910 0.000000 -16.902910 -16.902910
 -17.014183 0.000000 -17.014183 -17.014183
 -1.386294 -1.386294 -1.386294 -1.386294
 -16.812243 -0.000000 -16.812243 -16.812243
 -16.722412 -0.000000 -16.722412 -16.722412
 -16.411512 -0.000000 -16.411512 -16.411512
 -1.386294 -1.386294 -1.386294 -1.386294
 -1.386294 -1.386294 -1.386294 -1.386294
 -18.030302 -18.030302 -18.030302 -0.000000
 -1.386294 -1.386294 -1.386294 -1.386294
 -1.386294 -1.386294 -1.386294 -1.386294
 -1.386294 -1.386294 -1.386294 -1.386294
 -17.509874 -17.509874 -17.509874 -0.000000
 -1.386294 -1.386294 -1.386294 -1.386294
 -1.386294 -1.386294 -1.386294 -1.386294
 -1.386294 -1.386294 -1.386294 -1.386294
 -18.030302 -18.030302 -18.030302 -0.000000
 -1.386294 -1.386294 -1.386294 -1.386294
 -1.386294 -1.386294 -1.386294 -1.386294
 -1.386294 -1.386294 -1.386294 -1.386294
 -17.509874 -17.509874 -17.509874 -0.000000
 -1.386294 -1.386294 -1.386294 -1.386294
 -1.386294 -1.386294 -1.386294 -1.386294
 -1.386294 -1.386294 -1.386294 -1.386294
 -1.386294 -1.386294 -1.386294 -1.386294
 -1.386294 -1.386294 -1.386294 -1.386294
 -1.386294 -1.386294 -1.386294 -1.386294
 -1.386294 -1.386294 -1.386294 -1.386294
 -1.386294 -1.386294 -1.386294 -1.386294
 -1.386294 -1.386294 -1.386294 -1.386294
 -2.269765 -1.723174 -0.693703 -1.521230
 -1.386294 -1.386294 -1.386294 -1.386294
 -1.386294 -1.386294 -1.386294 -1.386294
 -1.386294 -1.386294 -1.386294 -1.386294
 -1.386294 -1.386294 -1.386294 -1.386294
 -1.386294 -1.386294 -1.386294 -1.386294
 -1.386294 -1.386294 -1.386294 -1.386294
 -1.386294 -1.386294 -1.386294 -1.386294
 -2.269765 -1.723174 -0.693703 -1.521230
 -1.386294 -1.386294 -1.386294 -1.386294
 -1.386294 -1.386294 -1.386294 -1.386294
 -1.386294 -1.386294 -1.386294 -1.386294
 -1.386294 -1.386294 -1.386294 -1.386294
 -1.487181 -1.471432 -1.100408 -1.552778
 -1.141578 -1.193300 -2.348265 -1.266091
 -1.992801 -1.372298 -0.746082 -1.995526
 -2.141127 -1.568701 -0.731638 -1.644847
 -1.386294 -1.386294 -1.386294 -1.386294
 -1.386294 -1.386294 -1.386294 -1.386294
 -1.386294 -1.386294 -1.386294 -1.386294
 -1.386294 -1.386294 -1.386294 -1.386294
 -1.487181 -1.471432 -1.100408 -1.552778
 -1.141578 -1.193300 -2.348265 -1.266091
 -1.992801 -1.372298 -0.746082 -1.995526
 -2.141127 -1.568701 -0.731638 -1.644847
 -1.277899 -1.844814 -0.854415 -1.982015
 -0.556847 -1.661932 -2.817320 -1.729071
 -0.828241 -2.268342 -0.975380 -2.493137
 -1.582960 -1.496367 -1.056182 -1.500986
 -1.395303 -1.645972 -1.076439 -1.520467
 -1.187062 -1.180983 -2.636270 -1.151130
 -0.495516 -2.347588 -1.619350 -2.331840
 -1.729603 -1.607436 -1.003120 -1.364490
 -1.277899 -1.844814 -0.854415 -1.982015
 -0.556847 -1.661932 -2.817320 -1.729071
 -0.828241 -2.268342 -0.975380 -2.493137
 -1.582960 -1.496367 -1.056182 -1.500986
 -1.395303 -1.645972 -1.076439 -1.520467
 -1.187062 -1.180983 -2.636270 -1.151130
 -0.495516 -2.347588 -1.619350 -2.331840
 -1.729603 -1.607436 -1.003120 -1.364490
 -1.550320 -2.337316 -0.493394 -2.517231
 -1.258725 -1.027245 -2.454975 -1.301487
 -1.652976 -1.050027 -1.517572 -1.429833
 -1.748487 -1.224632 -1.163436 -1.515555
 -2.037494 -0.688263 -1.566904 -1.841958
 -1.326506 -1.174399 -2.190611 -1.159178
 -1.572500 -1.360407 -1.334089 -1.300043
 -2.046329 -1.262363 -1.033448 -1.460892
 -1.550320 -2.337316 -0.493394 -2.517231
 -1.258725 -1.027245 -2.454975 -1.301487
 -1.652976 -1.050027 -1.517572 -1.429833
 -1.748487 -1.224632 -1.163436 -1.515555
 -2.037494 -0.688263 -1.566904 -1.841958
 -1.326506 -1.174399 -2.190611 -1.159178
 -1.572500 -1.360407 -1.334089 -1.300043
 -2.046329 -1.262363 -1.033448 -1.460892
 -1.692528 -1.138131 -1.235770 -1.585145
 -1.495721 -1.700316 -2.188869 -0.731381
 -2.219357 -1.389371 -1.493192 -0.873627
 -2.291043 -1.549887 -0.777900 -1.481936
 -1.433505 -1.313882 -1.304126 -1.508038
 -1.482323 -1.126835 -2.671906 -0.968340
 -1.734181 -1.166435 -1.216238 -1.534160
 -2.056452 -1.257531 -1.268746 -1.182362
 -1.692528 -1.138131 -1.235770 -1.585145
 -1.495721 -1.700316 -2.188869 -0.731381
 -2.219357 -1.389371 -1.493192 -0.873627
 -2.291043 -1.549887 -0.777900 -1.481936
 -1.433505 -1.313882 -1.304126 -1.508038
 -1.482323 -1.126835 -2.671906 -0.968340
 -1.734181 -1.166435 -1.216238 -1.534160
 -2.056452 -1.257531 -1.268746 -1.182362
 -1.334766 -1.418536 -1.100965 -1.819158
 -1.780063 -0.606790 -2.963574 -1.449701
 -1.691071 -1.239434 -1.203502 -1.487270
 -2.202529 -1.735189 -0.545315 -2.014021
 -1.039351 -1.548194 -1.363401 -1.726563
 -1.408840 -0.985085 -2.859020 -1.124420
 -0.733080 -1.460129 -1.701639 -2.253964
 -2.258709 -0.586870 -1.785662 -1.761637
 -1.334766 -1.418536 -1.100965 -1.819158
 -1.780063 -0.606790 -2.963574 -1.449701
 -1.691071 -1.239434 -1.203502 -1.487270
 -2.202529 -1.735189 -0.545315 -2.014021
 -1.039351 -1.548194 -1.363401 -1.726563
 -1.408840 -0.985085 -2.859020 -1.124420
 -0.733080 -1.460129 -1.701639 -2.253964
 -2.258709 -0.586870 -1.785662 -1.761637
 -16.426315 -0.000000 -16.426315 -16.426315
 -16.194130 -0.000000 -16.194130 -16.194130
 -16.263062 -0.000000 -16.263062 -16.263062
 -15.823726 -0.000000 -15.823726 -15.823726
 -16.075190 -0.000000 -16.075190 -16.075190
 -17.109123 0.000000 -17.109123 -17.109123
 -16.500633 -0.000000 -16.500633 -16.500633
 -16.404026 -0.000000 -16.404026 -16.404026
 -16.426315 -0.000000 -16.426315 -16.426315
 -16.194130 -0.000000 -16.194130 -16.194130
 -16.263062 -0.000000 -16.263062 -16.263062
 -15.823726 -0.000000 -15.823726 -15.823726
 -16.075190 -0.000000 -16.075190 -16.075190
 -17.109123 0.000000 -17.109123 -17.109123
 -16.500633 -0.000000 -16.500633 -16.500633
 -16.404026 -0.000000 -16.404026 -16.404026
 -1.386294 -1.386294 -1.386294 -1.386294
 0.000000 -17.715664 -17.715664 -17.715664
 -1.386294 -1.386294 -1.386294 -1.386294
 -1.386294 -1.386294 -1.386294 -1.386294
 -1.386294 -1.386294 -1.386294 -1.386294
 0.000000 -17.884367 -17.884367 -17.884367
 -1.386294 -1.386294 -1.386294 -1.386294
 -1.386294 -1.386294 -1.386294 -1.386294
 -1.386294 -1.386294 -1.386294 -1.386294
 0.000000 -17.715664 -17.715664 -17.715664
 -1.386294 -1.386294 -1.386294 -1.386294
 -1.386294 -1.386294 -1.386294 -1.386294
 -1.386294 -1.386294 -1.386294 -1.386294
 0.000000 -17.884367 -17.884367 -17.884367
 -1.386294 -1.386294 -1.386294 -1.386294
 -1.386294 -1.386294 -1.386294 -1.386294
 -1.386294 -1.386294 -1.386294 -1.386294
 -1.386294 -1.386294 -1.386294 -1.386294
 -1.386294 -1.386294 -1.386294 -1.386294
 -1.386294 -1.386294 -1.386294 -1.386294
 -18.496716 -18.496716 0.000000 -18.496716
 -1.386294 -1.386294 -1.386294 -1.386294
 -1.386294 -1.386294 -1.386294 -1.386294
 -1.386294 -1.386294 -1.386294 -1.386294
 -1.386294 -1.386294 -1.386294 -1.386294
 -1.386294 -1.386294 -1.386294 -1.386294
 -1.386294 -1.386294 -1.386294 -1.386294
 -1.386294 -1.386294 -1.386294 -1.386294
 -18.496716 -18.496716 0.000000 -18.496716
 -1.386294 -1.386294 -1.386294 -1.386294
 -1.386294 -1.386294 -1.386294 -1.386294
 -1.386294 -1.386294 -1.386294 -1.386294
 -1.386294 -1.386294 -1.386294 -1.386294
 -1.386294 -1.386294 -1.386294 -1.386294
 -1.442134 -1.315635 -1.281008 -1.525482
 -1.386294 -1.386294 -1.386294 -1.386294
 -1.386294 -1.386294 -1.386294 -1.386294
 -1.386294 -1.386294 -1.386294 -1.386294
 -1.386294 -1.386294 -1.386294 -1.386294
 -1.386294 -1.386294 -1.386294 -1.386294
 -1.386294 -1.386294 -1.386294 -1.386294
 -1.386294 -1.386294 -1.386294 -1.386294
 -1.442134 -1.315635 -1.281008 -1.525482
 -1.386294 -1.386294 -1.386294 -1.386294
 -1.386294 -1.386294 -1.386294 -1.386294
 -1.386294 -1.386294 -1.386294 -1.386294
 -1.386294 -1.386294 -1.386294 -1.386294
 -1.386294 -1.386294 -1.386294 -1.386294
 -1.424246 -1.936158 -0.706168 -2.107668
 -1.539409 -0.701820 -2.586245 -1.539409
 -0.920303 -1.516162 -1.451434 -1.911797
 -2.247464 -1.858260 -0.518811 -1.943782
 -1.386294 -1.386294 -1.386294 -1.386294
 -1.386294 -1.386294 -1.386294 -1.386294
 -1.386294 -1.386294 -1.386294 -1.386294
 -1.386294 -1.386294 -1.386294 -1.386294
 -1.424246 -1.936158 -0.706168 -2.107668
 -1.539409 -0.701820 -2.586245 -1.539409
 -0.920303 -1.516162 -1.451434 -1.911797
 -2.247464 -1.858260 -0.518811 -1.943782
 -1.386294 -1.386294 -1.386294 -1.386294
 -1.386294 -1.386294 -1.386294 -1.386294
 -1.386294 -1.386294 -1.386294 -1.386294
 -1.386294 -1.386294 -1.386294 -1.386294
 -1.464495 -1.998718 -0.669102 -2.110905
 -1.236330 -1.280934 -2.338303 -1.092781
 -1.508165 -1.119742 -1.503568 -1.469743
 -1.613430 -1.555161 -0.992854 -1.518120
 -1.520319 -1.525596 -1.056916 -1.530901
 -1.854190 -1.598943 -2.931748 -0.531017
 -1.853701 -2.166734 -0.464446 -2.299494
 -2.101629 -1.374866 -1.104902 -1.225449
 -1.464495 -1.998718 -0.669102 -2.110905
 -1.236330 -1.280934 -2.338303 -1.092781
 -1.508165 -1.119742 -1.503568 -1.469743
 -1.613430 -1.555161 -0.992854 -1.518120
 -1.520319 -1.525596 -1.056916 -1.530901
 -1.854190 -1.598943 -2.931748 -0.531017
 -1.853701 -2.166734 -0.464446 -2.299494
 -2.101629 -1.374866 -1.104902 -1.225449
