 -2.921624 0.000100 0.000100 0.000100
 -2.750216 0.000100 0.000100 0.000100
 -3.066019 0.000100 0.000100 0.000100
 -2.898778 0.000100 0.000100 0.000100
 -2.850672 0.000100 0.000100 0.000100
 -2.533109 0.000100 0.000100 0.000100
 -3.042037 0.000100 0.000100 0.000100
 -2.347706 0.000100 0.000100 0.000100
 -2.921624 0.000100 0.000100 0.000100
 -2.750216 0.000100 0.000100 0.000100
 -3.066019 0.000100 0.000100 0.000100
 -2.898778 0.000100 0.000100 0.000100
 -2.850672 0.000100 0.000100 0.000100
 -2.533109 0.000100 0.000100 0.000100
 -3.042037 0.000100 0.000100 0.000100
 -2.347706 0.000100 0.000100 0.000100
 -1.501979 -1.252763 -1.483286 -1.329136
 -1.516544 -1.053622 -2.725906 -1.004107
 -1.590206 -1.161211 -1.405903 -1.436056
 -1.884199 -1.593144 -1.125669 -1.138408
 -1.416088 -1.245937 -1.508982 -1.392182
 -1.447988 -1.197347 -2.769742 -0.915579
 -1.117752 -1.420032 -1.688296 -1.400614
 -2.134166 -1.213884 -1.327691 -1.140915
 -1.501979 -1.252763 -1.483286 -1.329136
 -1.516544 -1.053622 -2.725906 -1.004107
 -1.590206 -1.161211 -1.405903 -1.436056
 -1.884199 -1.593144 -1.125669 -1.138408
 -1.416088 -1.245937 -1.508982 -1.392182
 -1.447988 -1.197347 -2.769742 -0.915579
 -1.117752 -1.420032 -1.688296 -1.400614
 -2.134166 -1.213884 -1.327691 -1.140915
 -1.351508 -1.136949 -1.682865 -1.450243
 -1.497291 -1.083168 -2.458032 -1.043726
 -1.897119 -1.116267 -1.272966 -1.416753
 -1.677646 -1.410767 -1.268267 -1.245100
 -1.341937 -1.333706 -1.583850 -1.309413
 -1.323734 -1.037291 -2.825338 -1.138940
 -1.217746 -1.419228 -1.649090 -1.309413
 -2.117350 -1.300378 -1.241881 -1.144507
 -1.351508 -1.136949 -1.682865 -1.450243
 -1.497291 -1.083168 -2.458032 -1.043726
 -1.897119 -1.116267 -1.272966 -1.416753
 -1.677646 -1.410767 -1.268267 -1.245100
 -1.341937 -1.333706 -1.583850 -1.309413
 -1.323734 -1.037291 -2.825338 -1.138940
 -1.217746 -1.419228 -1.649090 -1.309413
 -2.117350 -1.300378 -1.241881 -1.144507
 -1.542746 -1.192544 -1.771280 -1.162691
 -1.639291 -0.987387 -2.623491 -1.019475
 -1.720663 -1.088141 -1.315198 -1.533452
 -2.021547 -1.638555 -1.046988 -1.132286
 -1.442534 -1.254718 -1.907591 -1.108426
 -1.441331 -1.158926 -3.133004 -0.901457
 -1.119622 -1.654078 -1.733216 -1.185435
 -2.077080 -1.298102 -1.272459 -1.134717
 -1.542746 -1.192544 -1.771280 -1.162691
 -1.639291 -0.987387 -2.623491 -1.019475
 -1.720663 -1.088141 -1.315198 -1.533452
 -2.021547 -1.638555 -1.046988 -1.132286
 -1.442534 -1.254718 -1.907591 -1.108426
 -1.441331 -1.158926 -3.133004 -0.901457
 -1.119622 -1.654078 -1.733216 -1.185435
 -2.077080 -1.298102 -1.272459 -1.134717
 -1.562711 -1.094067 -1.584689 -1.384019
 -1.585627 -0.995665 -2.714090 -1.023214
 -1.709209 -1.175692 -1.320273 -1.413364
 -1.949662 -1.553008 -1.174451 -1.087439
 -1.438166 -1.284016 -1.713578 -1.185824
 -1.714652 -1.066289 -2.722609 -0.891630
 -1.235813 -1.447988 -1.741749 -1.206826
 -2.198302 -1.242045 -1.403686 -1.036974
 -1.562711 -1.094067 -1.584689 -1.384019
 -1.585627 -0.995665 -2.714090 -1.023214
 -1.709209 -1.175692 -1.320273 -1.413364
 -1.949662 -1.553008 -1.174451 -1.087439
 -1.438166 -1.284016 -1.713578 -1.185824
 -1.714652 -1.066289 -2.722609 -0.891630
 -1.235813 -1.447988 -1.741749 -1.206826
 -2.198302 -1.242045 -1.403686 -1.036974
 -1.553119 -1.101135 -1.825053 -1.221762
 -1.769423 -0.957156 -2.661901 -0.978778
 -1.833308 -0.973108 -1.433922 -1.496836
 -2.111806 -1.539737 -1.220384 -0.995803
 -1.420361 -1.325951 -1.772801 -1.130207
 -1.727372 -1.079450 -2.846602 -0.857019
 -1.446919 -1.195605 -1.808709 -1.209591
 -2.488914 -1.210662 -1.301953 -1.058431
 -1.553119 -1.101135 -1.825053 -1.221762
 -1.769423 -0.957156 -2.661901 -0.978778
 -1.833308 -0.973108 -1.433922 -1.496836
 -2.111806 -1.539737 -1.220384 -0.995803
 -1.420361 -1.325951 -1.772801 -1.130207
 -1.727372 -1.079450 -2.846602 -0.857019
 -1.446919 -1.195605 -1.808709 -1.209591
 -2.488914 -1.210662 -1.301953 -1.058431
 -1.629524 -1.228902 -1.720496 -1.101457
 -1.829202 -0.886751 -2.610455 -1.038557
 -1.998095 -1.221067 -1.592631 -1.004845
 -2.060513 -1.264509 -1.117906 -1.334576
 -1.569697 -1.231372 -1.708810 -1.142819
 -1.671289 -0.996718 -3.076158 -0.924397
 -1.421386 -1.251749 -1.689649 -1.244682
 -2.316905 -1.291415 -1.351824 -1.000291
 -1.629524 -1.228902 -1.720496 -1.101457
 -1.829202 -0.886751 -2.610455 -1.038557
 -1.998095 -1.221067 -1.592631 -1.004845
 -2.060513 -1.264509 -1.117906 -1.334576
 -1.569697 -1.231372 -1.708810 -1.142819
 -1.671289 -0.996718 -3.076158 -0.924397
 -1.421386 -1.251749 -1.689649 -1.244682
 -2.316905 -1.291415 -1.351824 -1.000291
 -1.457632 -1.115142 -1.625967 -1.416247
 -1.665658 -0.919714 -2.717201 -1.060619
 -1.877154 -1.207538 -1.433662 -1.172447
 -2.089803 -1.439217 -1.121554 -1.160269
 -1.753477 -1.140960 -1.990805 -0.992277
 -1.769008 -1.107016 -2.837405 -0.820125
 -1.533210 -1.589829 -1.599585 -0.972285
 -2.282574 -1.228986 -1.362518 -1.051611
 -1.457632 -1.115142 -1.625967 -1.416247
 -1.665658 -0.919714 -2.717201 -1.060619
 -1.877154 -1.207538 -1.433662 -1.172447
 -2.089803 -1.439217 -1.121554 -1.160269
 -1.753477 -1.140960 -1.990805 -0.992277
 -1.769008 -1.107016 -2.837405 -0.820125
 -1.533210 -1.589829 -1.599585 -0.972285
 -2.282574 -1.228986 -1.362518 -1.051611
 -1.694595 -1.048851 -1.812378 -1.194944
 -1.717993 -0.804373 -2.397893 -1.264797
 -1.891288 -1.152680 -1.245770 -1.403994
 -2.162132 -1.513046 -1.046427 -1.159981
 -1.614304 -1.208839 -2.108999 -0.964778
 -2.042759 -0.944148 -2.921623 -0.849865
 -1.678571 -1.334608 -1.496249 -1.120460
 -2.537748 -1.217545 -1.233195 -1.097694
 -1.694595 -1.048851 -1.812378 -1.194944
 -1.717993 -0.804373 -2.397893 -1.264797
 -1.891288 -1.152680 -1.245770 -1.403994
 -2.162132 -1.513046 -1.046427 -1.159981
 -1.614304 -1.208839 -2.108999 -0.964778
 -2.042759 -0.944148 -2.921623 -0.849865
 -1.678571 -1.334608 -1.496249 -1.120460
 -2.537748 -1.217545 -1.233195 -1.097694
 -1.518783 -1.080529 -1.899555 -1.231102
 -1.934860 -0.979349 -2.741949 -0.878139
 -1.970007 -1.068460 -1.366092 -1.339774
 -2.306742 -1.382154 -1.078078 -1.173998
 -1.849790 -1.147254 -2.264733 -0.864256
 -1.890978 -0.987009 -2.754276 -0.884959
 -2.130643 -1.334313 -1.430277 -0.971123
 -2.631304 -1.234927 -1.471539 -0.897500
 -1.518783 -1.080529 -1.899555 -1.231102
 -1.934860 -0.979349 -2.741949 -0.878139
 -1.970007 -1.068460 -1.366092 -1.339774
 -2.306742 -1.382154 -1.078078 -1.173998
 -1.849790 -1.147254 -2.264733 -0.864256
 -1.890978 -0.987009 -2.754276 -0.884959
 -2.130643 -1.334313 -1.430277 -0.971123
 -2.631304 -1.234927 -1.471539 -0.897500
 -1.515351 -0.964521 -2.149073 -1.264037
 -2.129112 -0.752122 -2.507177 -1.114151
 -2.086361 -1.074761 -1.300433 -1.339148
 -2.281611 -1.164308 -1.303144 -1.158154
 -2.122260 -0.951329 -2.553042 -0.876667
 -2.233592 -0.884756 -2.764219 -0.874629
 -2.325242 -0.986958 -1.852638 -0.986958
 -2.684137 -1.084878 -1.552328 -0.962276
 -1.515351 -0.964521 -2.149073 -1.264037
 -2.129112 -0.752122 -2.507177 -1.114151
 -2.086361 -1.074761 -1.300433 -1.339148
 -2.281611 -1.164308 -1.303144 -1.158154
 -2.122260 -0.951329 -2.553042 -0.876667
 -2.233592 -0.884756 -2.764219 -0.874629
 -2.325242 -0.986958 -1.852638 -0.986958
 -2.684137 -1.084878 -1.552328 -0.962276
 -1.282091 -1.346629 -2.588337 -0.948600
 -2.314754 -0.913271 -2.805376 -0.822081
 -2.202041 -0.993733 -1.530875 -1.194404
 -2.636888 -1.362713 -1.371224 -0.870708
 -2.079440 -1.141172 -2.667225 -0.721319
 -2.268683 -1.069723 -3.030822 -0.682856
 -2.373353 -1.231257 -1.761176 -0.814041
 -2.653936 -1.108215 -1.614664 -0.914988
 -1.282091 -1.346629 -2.588337 -0.948600
 -2.314754 -0.913271 -2.805376 -0.822081
 -2.202041 -0.993733 -1.530875 -1.194404
 -2.636888 -1.362713 -1.371224 -0.870708
 -2.079440 -1.141172 -2.667225 -0.721319
 -2.268683 -1.069723 -3.030822 -0.682856
 -2.373353 -1.231257 -1.761176 -0.814041
 -2.653936 -1.108215 -1.614664 -0.914988
 -1.622682 -1.195240 -2.251288 -0.929537
 -2.158544 -0.766173 -2.576278 -1.068097
 -2.516450 -1.074072 -1.169382 -1.320204
 -2.571165 -1.247611 -1.306888 -1.005935
 -2.349608 -0.849657 -3.006384 -0.849657
 -2.413542 -0.826809 -2.779001 -0.889262
 -2.667226 -1.119666 -1.493714 -0.968559
 -3.207282 -1.070213 -1.379459 -1.008177
 -1.622682 -1.195240 -2.251288 -0.929537
 -2.158544 -0.766173 -2.576278 -1.068097
 -2.516450 -1.074072 -1.169382 -1.320204
 -2.571165 -1.247611 -1.306888 -1.005935
 -2.349608 -0.849657 -3.006384 -0.849657
 -2.413542 -0.826809 -2.779001 -0.889262
 -2.667226 -1.119666 -1.493714 -0.968559
 -3.207282 -1.070213 -1.379459 -1.008177
 -3.218855 -1.966110 -2.407938 -0.314713
 -3.255339 -1.851351 -2.898667 -0.288602
 -3.566694 -1.880311 -1.244324 -0.632856
 -15.171347 -2.665166 -1.365885 -0.392662
 -3.156992 -2.163747 -3.061683 -0.228478
 -4.672042 -1.899461 -3.079418 -0.229399
 -3.987291 -2.535045 -1.740803 -0.319087
 -7.155297 -2.491957 -1.441664 -0.385755
 -3.218855 -1.966110 -2.407938 -0.314713
 -3.255339 -1.851351 -2.898667 -0.288602
 -3.566694 -1.880311 -1.244324 -0.632856
 -15.171347 -2.665166 -1.365885 -0.392662
 -3.156992 -2.163747 -3.061683 -0.228478
 -4.672042 -1.899461 -3.079418 -0.229399
 -3.987291 -2.535045 -1.740803 -0.319087
 -7.155297 -2.491957 -1.441664 -0.385755
 -12.611551 -12.611551 -0.000010 -12.611551
 -13.955276 -13.955276 -0.000003 -13.955276
 -14.375129 -14.375129 -0.000002 -14.375129
 -15.876024 -15.876024 -0.000000 -15.876024
 -12.506192 -12.506192 -0.000011 -12.506192
 -15.155762 -15.155762 -0.000001 -15.155762
 -15.386209 -15.386209 -0.000001 -15.386209
 -17.003927 -17.003927 -0.000000 -17.003927
 -12.611551 -12.611551 -0.000010 -12.611551
 -13.955276 -13.955276 -0.000003 -13.955276
 -14.375129 -14.375129 -0.000002 -14.375129
 -15.876024 -15.876024 -0.000000 -15.876024
 -12.506192 -12.506192 -0.000011 -12.506192
 -15.155762 -15.155762 -0.000001 -15.155762
 -15.386209 -15.386209 -0.000001 -15.386209
 -17.003927 -17.003927 -0.000000 -17.003927
 -1.386294 -1.386294 -1.386294 -1.386294
 -1.386294 -1.386294 -1.386294 -1.386294
 -2.279021 -1.227147 -1.475731 -0.978495
 -1.386294 -1.386294 -1.386294 -1.386294
 -1.386294 -1.386294 -1.386294 -1.386294
 -1.386294 -1.386294 -1.386294 -1.386294
 -2.462236 -1.339652 -1.962228 -0.668896
 -1.386294 -1.386294 -1.386294 -1.386294
 -1.386294 -1.386294 -1.386294 -1.386294
 -1.386294 -1.386294 -1.386294 -1.386294
 -2.279021 -1.227147 -1.475731 -0.978495
 -1.386294 -1.386294 -1.386294 -1.386294
 -1.386294 -1.386294 -1.386294 -1.386294
 -1.386294 -1.386294 -1.386294 -1.386294
 -2.462236 -1.339652 -1.962228 -0.668896
 -1.386294 -1.386294 -1.386294 -1.386294
 -1.715084 -1.029106 -3.478665 -0.839616
 -2.782809 -0.789136 -2.868576 -0.850694
 -2.323264 -1.034897 -1.551224 -1.094236
 -2.593502 -1.073098 -1.349597 -1.127166
 -1.386294 -1.386294 -1.386294 -1.386294
 -1.386294 -1.386294 -1.386294 -1.386294
 -1.386294 -1.386294 -1.386294 -1.386294
 -1.386294 -1.386294 -1.386294 -1.386294
 -1.715084 -1.029106 -3.478665 -0.839616
 -2.782809 -0.789136 -2.868576 -0.850694
 -2.323264 -1.034897 -1.551224 -1.094236
 -2.593502 -1.073098 -1.349597 -1.127166
 -1.386294 -1.386294 -1.386294 -1.386294
 -1.386294 -1.386294 -1.386294 -1.386294
 -1.386294 -1.386294 -1.386294 -1.386294
 -1.386294 -1.386294 -1.386294 -1.386294
 -1.552685 -1.309063 -3.821338 -0.700475
 -2.281857 -0.954988 -2.613214 -0.821457
 -2.111804 -0.978709 -1.295046 -1.472727
 -2.428586 -1.028110 -1.529589 -1.086097
 -2.281529 -1.182920 -14.669928 -0.525113
 -2.261919 -0.964005 -2.821535 -0.787518
 -2.682930 -1.338186 -1.890254 -0.657234
 -2.846568 -1.139227 -1.701437 -0.822187
 -1.552685 -1.309063 -3.821338 -0.700475
 -2.281857 -0.954988 -2.613214 -0.821457
 -2.111804 -0.978709 -1.295046 -1.472727
 -2.428586 -1.028110 -1.529589 -1.086097
 -2.281529 -1.182920 -14.669928 -0.525113
 -2.261919 -0.964005 -2.821535 -0.787518
 -2.682930 -1.338186 -1.890254 -0.657234
 -2.846568 -1.139227 -1.701437 -0.822187
 -1.486835 -1.081371 -4.051738 -0.873733
 -2.197223 -0.582397 -3.410239 -1.213023
 -2.115544 -1.142098 -1.311174 -1.235188
 -2.654999 -1.102134 -1.661749 -0.897143
 -2.405139 -0.779831 -14.834359 -0.795704
 -2.221616 -0.837308 -3.420310 -0.853340
 -2.432636 -0.874494 -1.782050 -1.118318
 -2.834629 -0.947195 -1.859843 -0.921969
 -1.486835 -1.081371 -4.051738 -0.873733
 -2.197223 -0.582397 -3.410239 -1.213023
 -2.115544 -1.142098 -1.311174 -1.235188
 -2.654999 -1.102134 -1.661749 -0.897143
 -2.405139 -0.779831 -14.834359 -0.795704
 -2.221616 -0.837308 -3.420310 -0.853340
 -2.432636 -0.874494 -1.782050 -1.118318
 -2.834629 -0.947195 -1.859843 -0.921969
 -1.699950 -1.466337 -2.341799 -0.712567
 -3.172827 -0.468958 -3.547517 -1.191831
 -2.126395 -1.257361 -1.395511 -1.053763
 -3.079609 -1.073079 -2.163322 -0.698911
 -2.288694 -1.134204 -4.269674 -0.574588
 -2.751768 -0.737599 -3.599065 -0.842634
 -2.243364 -1.669565 -1.924911 -0.580388
 -3.141273 -1.021011 -2.111655 -0.743379
 -1.699950 -1.466337 -2.341799 -0.712567
 -3.172827 -0.468958 -3.547517 -1.191831
 -2.126395 -1.257361 -1.395511 -1.053763
 -3.079609 -1.073079 -2.163322 -0.698911
 -2.288694 -1.134204 -4.269674 -0.574588
 -2.751768 -0.737599 -3.599065 -0.842634
 -2.243364 -1.669565 -1.924911 -0.580388
 -3.141273 -1.021011 -2.111655 -0.743379
 -1.524078 -1.437066 -2.312529 -0.808460
 -2.388760 -0.953679 -2.819540 -0.769375
 -1.791757 -0.953432 -1.473305 -1.519825
 -3.830804 -2.108045 -2.419824 -0.264102
 -1.712978 -1.066352 -5.209388 -0.755140
 -2.456735 -0.784181 -3.532873 -0.847298
 -1.864079 -1.134119 -1.724318 -1.064324
 -3.149668 -1.406327 -2.112615 -0.525650
 -1.524078 -1.437066 -2.312529 -0.808460
 -2.388760 -0.953679 -2.819540 -0.769375
 -1.791757 -0.953432 -1.473305 -1.519825
 -3.830804 -2.108045 -2.419824 -0.264102
 -1.712978 -1.066352 -5.209388 -0.755140
 -2.456735 -0.784181 -3.532873 -0.847298
 -1.864079 -1.134119 -1.724318 -1.064324
 -3.149668 -1.406327 -2.112615 -0.525650
 -0.948331 -1.876315 -1.342234 -1.618487
 -0.963272 -1.173836 -2.154663 -1.643839
 -1.596858 -1.233954 -0.814102 -2.759995
 -1.795917 -1.533553 -0.941503 -1.477464
 -0.838603 -1.274839 -2.066424 -1.822803
 -1.071257 -1.092919 -1.885765 -1.769178
 -1.519826 -1.750937 -0.750306 -1.999398
 -2.123046 -1.549477 -0.955806 -1.260641
 -0.948331 -1.876315 -1.342234 -1.618487
 -0.963272 -1.173836 -2.154663 -1.643839
 -1.596858 -1.233954 -0.814102 -2.759995
 -1.795917 -1.533553 -0.941503 -1.477464
 -0.838603 -1.274839 -2.066424 -1.822803
 -1.071257 -1.092919 -1.885765 -1.769178
 -1.519826 -1.750937 -0.750306 -1.999398
 -2.123046 -1.549477 -0.955806 -1.260641
 -14.608505 -0.000001 -14.608505 -14.608505
 -14.247295 -0.000002 -14.247295 -14.247295
 -14.644064 -0.000001 -14.644064 -14.644064
 -13.845074 -0.000003 -13.845074 -13.845074
 -15.873474 -0.000000 -15.873474 -15.873474
 -16.077274 -0.000000 -16.077274 -16.077274
 -16.202436 -0.000000 -16.202436 -16.202436
 -15.992533 -0.000000 -15.992533 -15.992533
 -14.608505 -0.000001 -14.608505 -14.608505
 -14.247295 -0.000002 -14.247295 -14.247295
 -14.644064 -0.000001 -14.644064 -14.644064
 -13.845074 -0.000003 -13.845074 -13.845074
 -15.873474 -0.000000 -15.873474 -15.873474
 -16.077274 -0.000000 -16.077274 -16.077274
 -16.202436 -0.000000 -16.202436 -16.202436
 -15.992533 -0.000000 -15.992533 -15.992533
 -1.386294 -1.386294 -1.386294 -1.386294
 0.000000 -16.960094 -16.960094 -16.960094
 -1.386294 -1.386294 -1.386294 -1.386294
 -1.386294 -1.386294 -1.386294 -1.386294
 -1.386294 -1.386294 -1.386294 -1.386294
 0.000000 -16.859556 -16.859556 -16.859556
 -1.386294 -1.386294 -1.386294 -1.386294
 -1.386294 -1.386294 -1.386294 -1.386294
 -1.386294 -1.386294 -1.386294 -1.386294
 0.000000 -16.960094 -16.960094 -16.960094
 -1.386294 -1.386294 -1.386294 -1.386294
 -1.386294 -1.386294 -1.386294 -1.386294
 -1.386294 -1.386294 -1.386294 -1.386294
 0.000000 -16.859556 -16.859556 -16.859556
 -1.386294 -1.386294 -1.386294 -1.386294
 -1.386294 -1.386294 -1.386294 -1.386294
 -1.386294 -1.386294 -1.386294 -1.386294
 -1.386294 -1.386294 -1.386294 -1.386294
 -1.386294 -1.386294 -1.386294 -1.386294
 -1.386294 -1.386294 -1.386294 -1.386294
 -17.604235 -17.604235 0.000000 -17.604235
 -1.386294 -1.386294 -1.386294 -1.386294
 -1.386294 -1.386294 -1.386294 -1.386294
 -1.386294 -1.386294 -1.386294 -1.386294
 -1.386294 -1.386294 -1.386294 -1.386294
 -1.386294 -1.386294 -1.386294 -1.386294
 -1.386294 -1.386294 -1.386294 -1.386294
 -1.386294 -1.386294 -1.386294 -1.386294
 -17.604235 -17.604235 0.000000 -17.604235
 -1.386294 -1.386294 -1.386294 -1.386294
 -1.386294 -1.386294 -1.386294 -1.386294
 -1.386294 -1.386294 -1.386294 -1.386294
 -1.386294 -1.386294 -1.386294 -1.386294
 -1.386294 -1.386294 -1.386294 -1.386294
 -1.419416 -1.967406 -0.661526 -2.280213
 -1.386294 -1.386294 -1.386294 -1.386294
 -1.386294 -1.386294 -1.386294 -1.386294
 -1.386294 -1.386294 -1.386294 -1.386294
 -1.386294 -1.386294 -1.386294 -1.386294
 -1.386294 -1.386294 -1.386294 -1.386294
 -1.386294 -1.386294 -1.386294 -1.386294
 -1.386294 -1.386294 -1.386294 -1.386294
 -1.419416 -1.967406 -0.661526 -2.280213
 -1.386294 -1.386294 -1.386294 -1.386294
 -1.386294 -1.386294 -1.386294 -1.386294
 -1.386294 -1.386294 -1.386294 -1.386294
 -1.386294 -1.386294 -1.386294 -1.386294
 -1.386294 -1.386294 -1.386294 -1.386294
 -1.429302 -1.594581 -1.580851 -1.044890
 -1.449755 -1.195380 -2.366044 -0.997143
 -1.343808 -1.654727 -1.560669 -1.084681
 -2.221861 -1.782948 -1.057437 -0.977884
 -1.386294 -1.386294 -1.386294 -1.386294
 -1.386294 -1.386294 -1.386294 -1.386294
 -1.386294 -1.386294 -1.386294 -1.386294
 -1.386294 -1.386294 -1.386294 -1.386294
 -1.429302 -1.594581 -1.580851 -1.044890
 -1.449755 -1.195380 -2.366044 -0.997143
 -1.343808 -1.654727 -1.560669 -1.084681
 -2.221861 -1.782948 -1.057437 -0.977884
 -1.386294 -1.386294 -1.386294 -1.386294
 -1.386294 -1.386294 -1.386294 -1.386294
 -1.386294 -1.386294 -1.386294 -1.386294
 -1.386294 -1.386294 -1.386294 -1.386294
 -1.232983 -1.622448 -1.232983 -1.515303
 -1.261221 -1.115601 -2.087127 -1.328286
 -1.318542 -1.216932 -1.532371 -1.512698
 -1.880119 -1.453918 -0.940112 -1.499728
 -1.207415 -1.224807 -2.009760 -1.297566
 -1.254666 -1.117807 -2.681778 -1.141338
 -1.363305 -1.458615 -1.276294 -1.458615
 -2.074428 -1.118918 -1.224278 -1.371331
 -1.232983 -1.622448 -1.232983 -1.515303
 -1.261221 -1.115601 -2.087127 -1.328286
 -1.318542 -1.216932 -1.532371 -1.512698
 -1.880119 -1.453918 -0.940112 -1.499728
 -1.207415 -1.224807 -2.009760 -1.297566
 -1.254666 -1.117807 -2.681778 -1.141338
 -1.363305 -1.458615 -1.276294 -1.458615
 -2.074428 -1.118918 -1.224278 -1.371331
 -2.727208 0.000100 0.000100 0.000100
 -2.876304 0.000100 0.000100 0.000100
 -2.457776 0.000100 0.000100 0.000100
 -3.048299 0.000100 0.000100 0.000100
 -2.964512 0.000100 0.000100 0.000100
 -2.581726 0.000100 0.000100 0.000100
 -2.994693 0.000100 0.000100 0.000100
 -2.689571 0.000100 0.000100 0.000100
 -2.727208 0.000100 0.000100 0.000100
 -2.876304 0.000100 0.000100 0.000100
 -2.457776 0.000100 0.000100 0.000100
 -3.048299 0.000100 0.000100 0.000100
 -2.964512 0.000100 0.000100 0.000100
 -2.581726 0.000100 0.000100 0.000100
 -2.994693 0.000100 0.000100 0.000100
 -2.689571 0.000100 0.000100 0.000100
 -1.172415 -1.620830 -1.167932 -1.705742
 -1.133827 -1.168842 -2.236750 -1.344504
 -1.313141 -1.419631 -1.218960 -1.641520
 -1.701193 -1.562607 -1.001312 -1.424836
 -1.491683 -1.521230 -1.092584 -1.508623
 -1.467139 -0.860326 -2.522726 -1.323691
 -1.527460 -1.390197 -1.110892 -1.586590
 -1.941137 -1.395717 -1.039892 -1.365273
 -1.172415 -1.620830 -1.167932 -1.705742
 -1.133827 -1.168842 -2.236750 -1.344504
 -1.313141 -1.419631 -1.218960 -1.641520
 -1.701193 -1.562607 -1.001312 -1.424836
 -1.491683 -1.521230 -1.092584 -1.508623
 -1.467139 -0.860326 -2.522726 -1.323691
 -1.527460 -1.390197 -1.110892 -1.586590
 -1.941137 -1.395717 -1.039892 -1.365273
 -1.270512 -1.605295 -1.084675 -1.712188
 -1.223187 -1.136239 -2.152261 -1.315039
 -1.348245 -1.424828 -1.108975 -1.772795
 -1.848857 -1.550523 -0.902384 -1.492347
 -1.581655 -1.438945 -1.020368 -1.625947
 -0.936605 -1.317165 -2.450732 -1.370738
 -1.224747 -1.546616 -1.188232 -1.668970
 -1.876413 -1.375516 -1.081182 -1.366656
 -1.270512 -1.605295 -1.084675 -1.712188
 -1.223187 -1.136239 -2.152261 -1.315039
 -1.348245 -1.424828 -1.108975 -1.772795
 -1.848857 -1.550523 -0.902384 -1.492347
 -1.581655 -1.438945 -1.020368 -1.625947
 -0.936605 -1.317165 -2.450732 -1.370738
 -1.224747 -1.546616 -1.188232 -1.668970
 -1.876413 -1.375516 -1.081182 -1.366656
 -1.044120 -1.866884 -1.125190 -1.779023
 -1.257836 -1.218957 -2.093337 -1.214299
 -1.336020 -1.445107 -1.130291 -1.723446
 -1.685327 -1.535753 -1.012942 -1.443187
 -1.723695 -1.730506 -0.753242 -1.751220
 -1.319379 -1.204568 -2.325247 -1.093273
 -1.595858 -1.437067 -1.024353 -1.606378
 -1.882403 -1.333624 -1.136489 -1.334417
 -1.044120 -1.866884 -1.125190 -1.779023
 -1.257836 -1.218957 -2.093337 -1.214299
 -1.336020 -1.445107 -1.130291 -1.723446
 -1.685327 -1.535753 -1.012942 -1.443187
 -1.723695 -1.730506 -0.753242 -1.751220
 -1.319379 -1.204568 -2.325247 -1.093273
 -1.595858 -1.437067 -1.024353 -1.606378
 -1.882403 -1.333624 -1.136489 -1.334417
 -1.255347 -1.418142 -1.172367 -1.812618
 -1.257061 -1.138720 -2.153861 -1.275658
 -1.508565 -1.055066 -1.326243 -1.801020
 -1.715007 -1.480584 -1.018880 -1.463030
 -1.490816 -1.549554 -1.023893 -1.593198
 -1.259839 -1.160417 -2.286539 -1.199558
 -1.564524 -1.445363 -1.012380 -1.651309
 -2.030080 -1.345212 -1.108108 -1.280107
 -1.255347 -1.418142 -1.172367 -1.812618
 -1.257061 -1.138720 -2.153861 -1.275658
 -1.508565 -1.055066 -1.326243 -1.801020
 -1.715007 -1.480584 -1.018880 -1.463030
 -1.490816 -1.549554 -1.023893 -1.593198
 -1.259839 -1.160417 -2.286539 -1.199558
 -1.564524 -1.445363 -1.012380 -1.651309
 -2.030080 -1.345212 -1.108108 -1.280107
 -1.259044 -1.737617 -1.013450 -1.730640
 -1.223952 -1.219757 -2.338913 -1.157726
 -1.341210 -1.451184 -1.047923 -1.873971
 -1.722001 -1.554593 -0.960065 -1.482152
 -1.568975 -1.487418 -1.012884 -1.596442
 -1.184593 -1.224412 -2.356763 -1.185895
 -1.536617 -1.430792 -1.070984 -1.594049
 -1.954314 -1.396759 -1.133507 -1.241195
 -1.259044 -1.737617 -1.013450 -1.730640
 -1.223952 -1.219757 -2.338913 -1.157726
 -1.341210 -1.451184 -1.047923 -1.873971
 -1.722001 -1.554593 -0.960065 -1.482152
 -1.568975 -1.487418 -1.012884 -1.596442
 -1.184593 -1.224412 -2.356763 -1.185895
 -1.536617 -1.430792 -1.070984 -1.594049
 -1.954314 -1.396759 -1.133507 -1.241195
 -1.203622 -1.822360 -1.022940 -1.721966
 -1.153313 -1.216247 -2.239949 -1.267245
 -1.342123 -1.475174 -1.047312 -1.838279
 -1.694531 -1.557855 -0.981119 -1.466048
 -1.588554 -1.303027 -1.133735 -1.598289
 -1.282220 -1.134915 -2.318887 -1.194858
 -1.570920 -1.427658 -1.070984 -1.562531
 -1.381987 -1.549237 -1.141235 -1.527460
 -1.203622 -1.822360 -1.022940 -1.721966
 -1.153313 -1.216247 -2.239949 -1.267245
 -1.342123 -1.475174 -1.047312 -1.838279
 -1.694531 -1.557855 -0.981119 -1.466048
 -1.588554 -1.303027 -1.133735 -1.598289
 -1.282220 -1.134915 -2.318887 -1.194858
 -1.570920 -1.427658 -1.070984 -1.562531
 -1.381987 -1.549237 -1.141235 -1.527460
 -1.221442 -1.653908 -1.067877 -1.771033
 -1.214049 -1.251989 -2.245009 -1.167495
 -1.403314 -1.389328 -1.130710 -1.702803
 -1.741306 -1.563374 -0.967285 -1.447461
 -1.726411 -1.111448 -1.160270 -1.717054
 -1.175124 -1.195547 -2.059255 -1.342730
 -1.606956 -1.475906 -0.979092 -1.633323
 -1.929395 -1.399023 -1.015720 -1.403302
 -1.221442 -1.653908 -1.067877 -1.771033
 -1.214049 -1.251989 -2.245009 -1.167495
 -1.403314 -1.389328 -1.130710 -1.702803
 -1.741306 -1.563374 -0.967285 -1.447461
 -1.726411 -1.111448 -1.160270 -1.717054
 -1.175124 -1.195547 -2.059255 -1.342730
 -1.606956 -1.475906 -0.979092 -1.633323
 -1.929395 -1.399023 -1.015720 -1.403302
 -1.231138 -1.778585 -1.042214 -1.679378
 -1.355078 -1.291195 -2.253905 -1.015718
 -1.406626 -1.472104 -1.056664 -1.726107
 -1.800591 -1.483899 -1.063273 -1.336654
 -1.529377 -1.639429 -0.964391 -1.570106
 -1.217782 -1.200639 -2.271316 -1.204186
 -1.525914 -1.561473 -0.983285 -1.616106
 -1.901958 -1.463289 -1.211668 -1.134601
 -1.231138 -1.778585 -1.042214 -1.679378
 -1.355078 -1.291195 -2.253905 -1.015718
 -1.406626 -1.472104 -1.056664 -1.726107
 -1.800591 -1.483899 -1.063273 -1.336654
 -1.529377 -1.639429 -0.964391 -1.570106
 -1.217782 -1.200639 -2.271316 -1.204186
 -1.525914 -1.561473 -0.983285 -1.616106
 -1.901958 -1.463289 -1.211668 -1.134601
 -1.285854 -1.731362 -1.067859 -1.595542
 -1.207146 -1.186976 -2.186076 -1.260716
 -1.355335 -1.500651 -1.013250 -1.857150
 -1.740258 -1.562646 -0.940935 -1.493073
 -1.597880 -1.521417 -1.029570 -1.504572
 -1.196041 -1.196041 -2.409064 -1.186386
 -1.625967 -1.413813 -1.036361 -1.583180
 -2.123327 -1.246292 -1.341602 -1.104516
 -1.285854 -1.731362 -1.067859 -1.595542
 -1.207146 -1.186976 -2.186076 -1.260716
 -1.355335 -1.500651 -1.013250 -1.857150
 -1.740258 -1.562646 -0.940935 -1.493073
 -1.597880 -1.521417 -1.029570 -1.504572
 -1.196041 -1.196041 -2.409064 -1.186386
 -1.625967 -1.413813 -1.036361 -1.583180
 -2.123327 -1.246292 -1.341602 -1.104516
 -1.292142 -1.694572 -1.021512 -1.706001
 -1.287913 -1.100949 -2.205897 -1.267811
 -1.235871 -1.349665 -1.236356 -1.834766
 -1.785723 -1.259630 -1.154920 -1.454648
 -1.538877 -1.443147 -1.063547 -1.589805
 -1.257229 -1.206754 -2.128891 -1.212600
 -1.537457 -1.294932 -1.120916 -1.686450
 -2.136829 -1.218969 -1.032477 -1.468315
 -1.292142 -1.694572 -1.021512 -1.706001
 -1.287913 -1.100949 -2.205897 -1.267811
 -1.235871 -1.349665 -1.236356 -1.834766
 -1.785723 -1.259630 -1.154920 -1.454648
 -1.538877 -1.443147 -1.063547 -1.589805
 -1.257229 -1.206754 -2.128891 -1.212600
 -1.537457 -1.294932 -1.120916 -1.686450
 -2.136829 -1.218969 -1.032477 -1.468315
 -1.322297 -1.883574 -0.945530 -1.645281
 -1.288171 -1.132056 -2.171006 -1.245515
 -1.444365 -1.375197 -1.091508 -1.739521
 -1.784180 -1.466337 -0.968044 -1.507464
 -1.529630 -1.594012 -0.959648 -1.623295
 -1.178655 -1.183853 -2.310057 -1.248430
 -1.745520 -1.552808 -0.822712 -1.745520
 -1.951468 -1.379542 -1.045637 -1.367382
 -1.322297 -1.883574 -0.945530 -1.645281
 -1.288171 -1.132056 -2.171006 -1.245515
 -1.444365 -1.375197 -1.091508 -1.739521
 -1.784180 -1.466337 -0.968044 -1.507464
 -1.529630 -1.594012 -0.959648 -1.623295
 -1.178655 -1.183853 -2.310057 -1.248430
 -1.745520 -1.552808 -0.822712 -1.745520
 -1.951468 -1.379542 -1.045637 -1.367382
 -1.219258 -1.707329 -1.045572 -1.761946
 -1.249225 -1.083812 -2.093968 -1.379231
 -1.520226 -1.460967 -0.852741 -2.094912
 -1.833479 -1.378046 -0.964219 -1.576043
 -1.630904 -1.312450 -1.095156 -1.606441
 -1.290144 -1.057587 -2.285935 -1.288090
 -1.642668 -1.332265 -1.039133 -1.666554
 -1.959775 -1.313756 -1.062359 -1.407879
 -1.219258 -1.707329 -1.045572 -1.761946
 -1.249225 -1.083812 -2.093968 -1.379231
 -1.520226 -1.460967 -0.852741 -2.094912
 -1.833479 -1.378046 -0.964219 -1.576043
 -1.630904 -1.312450 -1.095156 -1.606441
 -1.290144 -1.057587 -2.285935 -1.288090
 -1.642668 -1.332265 -1.039133 -1.666554
 -1.959775 -1.313756 -1.062359 -1.407879
 -1.131923 -2.664325 -1.024210 -1.390861
 -1.062282 -1.854595 -2.230617 -0.940698
 -0.918832 -2.110376 -1.417229 -1.437848
 -1.595477 -2.601195 -0.820247 -1.263439
 -1.375376 -2.549496 -0.878588 -1.371344
 -0.952490 -2.167232 -2.292608 -0.919486
 -1.390152 -2.318593 -0.979226 -1.283922
 -1.718611 -2.488270 -0.856443 -1.161674
 -1.131923 -2.664325 -1.024210 -1.390861
 -1.062282 -1.854595 -2.230617 -0.940698
 -0.918832 -2.110376 -1.417229 -1.437848
 -1.595477 -2.601195 -0.820247 -1.263439
 -1.375376 -2.549496 -0.878588 -1.371344
 -0.952490 -2.167232 -2.292608 -0.919486
 -1.390152 -2.318593 -0.979226 -1.283922
 -1.718611 -2.488270 -0.856443 -1.161674
 -18.001522 -18.001522 0.000000 -18.001522
 -16.794605 -16.794605 -0.000000 -16.794605
 -18.020948 -18.020948 0.000000 -18.020948
 -17.750469 -17.750469 0.000000 -17.750469
 -17.777847 -17.777847 0.000000 -17.777847
 -16.811243 -16.811243 -0.000000 -16.811243
 -17.608749 -17.608749 0.000000 -17.608749
 -17.975643 -17.975643 0.000000 -17.975643
 -18.001522 -18.001522 0.000000 -18.001522
 -16.794605 -16.794605 -0.000000 -16.794605
 -18.020948 -18.020948 0.000000 -18.020948
 -17.750469 -17.750469 0.000000 -17.750469
 -17.777847 -17.777847 0.000000 -17.777847
 -16.811243 -16.811243 -0.000000 -16.811243
 -17.608749 -17.608749 0.000000 -17.608749
 -17.975643 -17.975643 0.000000 -17.975643
 -1.386294 -1.386294 -1.386294 -1.386294
 -1.386294 -1.386294 -1.386294 -1.386294
 -1.402041 -1.360307 -1.123284 -1.759600
 -1.386294 -1.386294 -1.386294 -1.386294
 -1.386294 -1.386294 -1.386294 -1.386294
 -1.386294 -1.386294 -1.386294 -1.386294
 -1.568087 -1.444437 -1.083938 -1.525940
 -1.386294 -1.386294 -1.386294 -1.386294
 -1.386294 -1.386294 -1.386294 -1.386294
 -1.386294 -1.386294 -1.386294 -1.386294
 -1.402041 -1.360307 -1.123284 -1.759600
 -1.386294 -1.386294 -1.386294 -1.386294
 -1.386294 -1.386294 -1.386294 -1.386294
 -1.386294 -1.386294 -1.386294 -1.386294
 -1.568087 -1.444437 -1.083938 -1.525940
 -1.386294 -1.386294 -1.386294 -1.386294
 -1.286940 -1.643091 -1.063552 -1.685904
 -1.367827 -1.060500 -2.292168 -1.210627
 -1.352346 -1.170176 -1.338752 -1.778554
 -1.768677 -1.490851 -0.950390 -1.524773
 -1.386294 -1.386294 -1.386294 -1.386294
 -1.386294 -1.386294 -1.386294 -1.386294
 -1.386294 -1.386294 -1.386294 -1.386294
 -1.386294 -1.386294 -1.386294 -1.386294
 -1.286940 -1.643091 -1.063552 -1.685904
 -1.367827 -1.060500 -2.292168 -1.210627
 -1.352346 -1.170176 -1.338752 -1.778554
 -1.768677 -1.490851 -0.950390 -1.524773
 -1.386294 -1.386294 -1.386294 -1.386294
 -1.386294 -1.386294 -1.386294 -1.386294
 -1.386294 -1.386294 -1.386294 -1.386294
 -1.386294 -1.386294 -1.386294 -1.386294
 -1.292743 -1.831015 -0.892367 -1.860802
 -1.354833 -1.322507 -2.233180 -0.998706
 -1.305867 -1.472397 -1.091295 -1.808461
 -1.685556 -1.612871 -0.931700 -1.507511
 -1.481116 -1.680062 -0.983277 -1.550365
 -1.184524 -1.254176 -2.266131 -1.187166
 -1.597913 -1.543435 -1.102836 -1.377900
 -2.030222 -1.295910 -1.042769 -1.416475
 -1.292743 -1.831015 -0.892367 -1.860802
 -1.354833 -1.322507 -2.233180 -0.998706
 -1.305867 -1.472397 -1.091295 -1.808461
 -1.685556 -1.612871 -0.931700 -1.507511
 -1.481116 -1.680062 -0.983277 -1.550365
 -1.184524 -1.254176 -2.266131 -1.187166
 -1.597913 -1.543435 -1.102836 -1.377900
 -2.030222 -1.295910 -1.042769 -1.416475
 -1.265870 -1.733855 -0.996206 -1.759528
 -1.160734 -1.168157 -2.309041 -1.285733
 -1.387696 -1.404104 -1.087052 -1.786450
 -1.877388 -1.585276 -1.046721 -1.234320
 -1.560905 -1.603124 -0.968782 -1.564262
 -1.063281 -1.352938 -2.182217 -1.260867
 -1.522426 -1.532344 -0.957188 -1.704748
 -1.954652 -1.481931 -0.879357 -1.531839
 -1.265870 -1.733855 -0.996206 -1.759528
 -1.160734 -1.168157 -2.309041 -1.285733
 -1.387696 -1.404104 -1.087052 -1.786450
 -1.877388 -1.585276 -1.046721 -1.234320
 -1.560905 -1.603124 -0.968782 -1.564262
 -1.063281 -1.352938 -2.182217 -1.260867
 -1.522426 -1.532344 -0.957188 -1.704748
 -1.954652 -1.481931 -0.879357 -1.531839
 -1.263677 -1.606427 -1.140691 -1.623608
 -1.268866 -1.129669 -2.121862 -1.287712
 -1.393439 -1.450788 -1.159959 -1.590149
 -1.836039 -1.395541 -1.032113 -1.441385
 -1.474525 -1.354575 -1.161975 -1.608497
 -1.203973 -1.153908 -2.383931 -1.229596
 -0.996066 -1.623702 -1.293179 -1.838185
 -1.882550 -1.350532 -1.111824 -1.348084
 -1.263677 -1.606427 -1.140691 -1.623608
 -1.268866 -1.129669 -2.121862 -1.287712
 -1.393439 -1.450788 -1.159959 -1.590149
 -1.836039 -1.395541 -1.032113 -1.441385
 -1.474525 -1.354575 -1.161975 -1.608497
 -1.203973 -1.153908 -2.383931 -1.229596
 -0.996066 -1.623702 -1.293179 -1.838185
 -1.882550 -1.350532 -1.111824 -1.348084
 -1.534470 -1.761358 -0.764857 -1.915838
 -1.331793 -1.190883 -2.217725 -1.129523
 -1.471432 -1.313551 -1.088805 -1.802286
 -1.942965 -1.544961 -1.065498 -1.207831
 -1.629987 -1.497278 -0.981860 -1.581260
 -1.332227 -1.164762 -2.419463 -1.093192
 -1.700948 -1.305605 -0.974547 -1.777161
 -2.085521 -1.277304 -1.192495 -1.225856
 -1.534470 -1.761358 -0.764857 -1.915838
 -1.331793 -1.190883 -2.217725 -1.129523
 -1.471432 -1.313551 -1.088805 -1.802286
 -1.942965 -1.544961 -1.065498 -1.207831
 -1.629987 -1.497278 -0.981860 -1.581260
 -1.332227 -1.164762 -2.419463 -1.093192
 -1.700948 -1.305605 -0.974547 -1.777161
 -2.085521 -1.277304 -1.192495 -1.225856
 -1.426445 -1.520571 -0.978777 -1.798897
 -1.269752 -0.985130 -2.185279 -1.455594
 -1.704173 -1.403574 -0.829642 -1.993965
 -1.778833 -1.365808 -1.057199 -1.475943
 -1.713394 -1.419389 -0.964375 -1.626259
 -1.372395 -1.026436 -2.375975 -1.219779
 -1.685655 -1.272092 -1.048569 -1.692854
 -1.991506 -1.312434 -0.933521 -1.603559
 -1.426445 -1.520571 -0.978777 -1.798897
 -1.269752 -0.985130 -2.185279 -1.455594
 -1.704173 -1.403574 -0.829642 -1.993965
 -1.778833 -1.365808 -1.057199 -1.475943
 -1.713394 -1.419389 -0.964375 -1.626259
 -1.372395 -1.026436 -2.375975 -1.219779
 -1.685655 -1.272092 -1.048569 -1.692854
 -1.991506 -1.312434 -0.933521 -1.603559
 -17.453886 0.000000 -17.453886 -17.453886
 -17.686087 0.000000 -17.686087 -17.686087
 -18.163464 0.000000 -18.163464 -18.163464
 -17.276861 0.000000 -17.276861 -17.276861
 -17.497114 0.000000 -17.497114 -17.497114
 -17.909521 0.000000 -17.909521 -17.909521
 -17.609650 0.000000 -17.609650 -17.609650
 -17.630802 0.000000 -17.630802 -17.630802
 -17.453886 0.000000 -17.453886 -17.453886
 -17.686087 0.000000 -17.686087 -17.686087
 -18.163464 0.000000 -18.163464 -18.163464
 -17.276861 0.000000 -17.276861 -17.276861
 -17.497114 0.000000 -17.497114 -17.497114
 -17.909521 0.000000 -17.909521 -17.909521
 -17.609650 0.000000 -17.609650 -17.609650
 -17.630802 0.000000 -17.630802 -17.630802
 -1.386294 -1.386294 -1.386294 -1.386294
 0.000000 -19.111324 -19.111324 -19.111324
 -1.386294 -1.386294 -1.386294 -1.386294
 -1.386294 -1.386294 -1.386294 -1.386294
 -1.386294 -1.386294 -1.386294 -1.386294
 0.000000 -19.036947 -19.036947 -19.036947
 -1.386294 -1.386294 -1.386294 -1.386294
 -1.386294 -1.386294 -1.386294 -1.386294
 -1.386294 -1.386294 -1.386294 -1.386294
 0.000000 -19.111324 -19.111324 -19.111324
 -1.386294 -1.386294 -1.386294 -1.386294
 -1.386294 -1.386294 -1.386294 -1.386294
 -1.386294 -1.386294 -1.386294 -1.386294
 0.000000 -19.036947 -19.036947 -19.036947
 -1.386294 -1.386294 -1.386294 -1.386294
 -1.386294 -1.386294 -1.386294 -1.386294
 -1.386294 -1.386294 -1.386294 -1.386294
 -1.386294 -1.386294 -1.386294 -1.386294
 -1.386294 -1.386294 -1.386294 -1.386294
 -1.386294 -1.386294 -1.386294 -1.386294
 -19.767975 -19.767975 0.000000 -19.767975
 -1.386294 -1.386294 -1.386294 -1.386294
 -1.386294 -1.386294 -1.386294 -1.386294
 -1.386294 -1.386294 -1.386294 -1.386294
 -1.386294 -1.386294 -1.386294 -1.386294
 -1.386294 -1.386294 -1.386294 -1.386294
 -1.386294 -1.386294 -1.386294 -1.386294
 -1.386294 -1.386294 -1.386294 -1.386294
 -19.767975 -19.767975 0.000000 -19.767975
 -1.386294 -1.386294 -1.386294 -1.386294
 -1.386294 -1.386294 -1.386294 -1.386294
 -1.386294 -1.386294 -1.386294 -1.386294
 -1.386294 -1.386294 -1.386294 -1.386294
 -1.386294 -1.386294 -1.386294 -1.386294
 -1.437218 -1.393338 -1.147787 -1.625422
 -1.386294 -1.386294 -1.386294 -1.386294
 -1.386294 -1.386294 -1.386294 -1.386294
 -1.386294 -1.386294 -1.386294 -1.386294
 -1.386294 -1.386294 -1.386294 -1.386294
 -1.386294 -1.386294 -1.386294 -1.386294
 -1.386294 -1.386294 -1.386294 -1.386294
 -1.386294 -1.386294 -1.386294 -1.386294
 -1.437218 -1.393338 -1.147787 -1.625422
 -1.386294 -1.386294 -1.386294 -1.386294
 -1.386294 -1.386294 -1.386294 -1.386294
 -1.386294 -1.386294 -1.386294 -1.386294
 -1.386294 -1.386294 -1.386294 -1.386294
 -1.386294 -1.386294 -1.386294 -1.386294
 -1.291581 -1.751445 -1.047013 -1.606161
 -1.312635 -1.034532 -2.196387 -1.330696
 -1.217553 -1.414540 -1.247616 -1.749732
 -1.899588 -1.659120 -0.794817 -1.568299
 -1.386294 -1.386294 -1.386294 -1.386294
 -1.386294 -1.386294 -1.386294 -1.386294
 -1.386294 -1.386294 -1.386294 -1.386294
 -1.386294 -1.386294 -1.386294 -1.386294
 -1.291581 -1.751445 -1.047013 -1.606161
 -1.312635 -1.034532 -2.196387 -1.330696
 -1.217553 -1.414540 -1.247616 -1.749732
 -1.899588 -1.659120 -0.794817 -1.568299
 -1.386294 -1.386294 -1.386294 -1.386294
 -1.386294 -1.386294 -1.386294 -1.386294
 -1.386294 -1.386294 -1.386294 -1.386294
 -1.386294 -1.386294 -1.386294 -1.386294
 -1.370903 -1.875318 -0.891299 -1.699943
 -1.213462 -1.182892 -2.152553 -1.272056
 -1.341156 -1.287929 -1.277188 -1.693934
 -1.753570 -1.481706 -0.941505 -1.562768
 -1.455326 -1.558887 -1.043707 -1.588857
 -1.364810 -1.225929 -2.424513 -1.014553
 -1.188183 -1.563009 -1.125064 -1.825799
 -1.859325 -1.276944 -1.202024 -1.328973
 -1.370903 -1.875318 -0.891299 -1.699943
 -1.213462 -1.182892 -2.152553 -1.272056
 -1.341156 -1.287929 -1.277188 -1.693934
 -1.753570 -1.481706 -0.941505 -1.562768
 -1.455326 -1.558887 -1.043707 -1.588857
 -1.364810 -1.225929 -2.424513 -1.014553
 -1.188183 -1.563009 -1.125064 -1.825799
 -1.859325 -1.276944 -1.202024 -1.328973
