 -3.077696 0.000100 0.000100 0.000100
 -2.728053 0.000100 0.000100 0.000100
 -3.162643 0.000100 0.000100 0.000100
 -3.114344 0.000100 0.000100 0.000100
 -2.951531 0.000100 0.000100 0.000100
 -2.262566 0.000100 0.000100 0.000100
 -3.001156 0.000100 0.000100 0.000100
 -2.345547 0.000100 0.000100 0.000100
 -3.077696 0.000100 0.000100 0.000100
 -2.728053 0.000100 0.000100 0.000100
 -3.162643 0.000100 0.000100 0.000100
 -3.114344 0.000100 0.000100 0.000100
 -2.951531 0.000100 0.000100 0.000100
 -2.262566 0.000100 0.000100 0.000100
 -3.001156 0.000100 0.000100 0.000100
 -2.345547 0.000100 0.000100 0.000100
 -1.644123 -0.985893 -1.769286 -1.334622
 -1.691485 -0.941985 -2.507864 -1.065780
 -1.840343 -0.985652 -1.578978 -1.339962
 -1.888642 -1.242015 -1.163544 -1.396166
 -1.676762 -1.117147 -1.453619 -1.377982
 -1.531267 -1.072959 -2.677506 -0.986152
 -1.098612 -1.368903 -1.710907 -1.462834
 -2.126048 -1.032538 -1.271146 -1.410259
 -1.644123 -0.985893 -1.769286 -1.334622
 -1.691485 -0.941985 -2.507864 -1.065780
 -1.840343 -0.985652 -1.578978 -1.339962
 -1.888642 -1.242015 -1.163544 -1.396166
 -1.676762 -1.117147 -1.453619 -1.377982
 -1.531267 -1.072959 -2.677506 -0.986152
 -1.098612 -1.368903 -1.710907 -1.462834
 -2.126048 -1.032538 -1.271146 -1.410259
 -1.769148 -0.892664 -1.541138 -1.580747
 -1.718049 -0.847762 -2.706659 -1.122540
 -1.881082 -0.888955 -1.628086 -1.426347
 -1.977364 -1.277661 -1.143313 -1.331365
 -1.461932 -1.105257 -1.768845 -1.322170
 -1.644789 -0.928890 -2.946864 -1.023178
 -1.187712 -1.209452 -1.808288 -1.457632
 -2.365605 -1.029073 -1.266993 -1.320162
 -1.769148 -0.892664 -1.541138 -1.580747
 -1.718049 -0.847762 -2.706659 -1.122540
 -1.881082 -0.888955 -1.628086 -1.426347
 -1.977364 -1.277661 -1.143313 -1.331365
 -1.461932 -1.105257 -1.768845 -1.322170
 -1.644789 -0.928890 -2.946864 -1.023178
 -1.187712 -1.209452 -1.808288 -1.457632
 -2.365605 -1.029073 -1.266993 -1.320162
 -1.576240 -0.968251 -1.730390 -1.442708
 -1.769551 -0.873621 -2.604010 -1.084186
 -2.076886 -0.856720 -1.586681 -1.404359
 -2.166093 -1.321262 -1.170291 -1.176681
 -1.516957 -1.089513 -1.622317 -1.399174
 -1.542434 -1.070690 -2.819889 -0.957750
 -1.083650 -1.304321 -1.973076 -1.381282
 -2.393428 -1.110319 -1.269009 -1.210259
 -1.576240 -0.968251 -1.730390 -1.442708
 -1.769551 -0.873621 -2.604010 -1.084186
 -2.076886 -0.856720 -1.586681 -1.404359
 -2.166093 -1.321262 -1.170291 -1.176681
 -1.516957 -1.089513 -1.622317 -1.399174
 -1.542434 -1.070690 -2.819889 -0.957750
 -1.083650 -1.304321 -1.973076 -1.381282
 -2.393428 -1.110319 -1.269009 -1.210259
 -1.628814 -0.867399 -1.781154 -1.535482
 -1.866757 -0.862832 -2.428711 -1.092849
 -2.021969 -0.874906 -1.595451 -1.394781
 -1.896443 -1.310160 -1.176629 -1.302669
 -1.543923 -1.047840 -1.646577 -1.414465
 -1.616499 -1.044586 -2.877167 -0.933244
 -1.290535 -1.145839 -1.764138 -1.445684
 -2.447519 -1.089134 -1.269570 -1.217289
 -1.628814 -0.867399 -1.781154 -1.535482
 -1.866757 -0.862832 -2.428711 -1.092849
 -2.021969 -0.874906 -1.595451 -1.394781
 -1.896443 -1.310160 -1.176629 -1.302669
 -1.543923 -1.047840 -1.646577 -1.414465
 -1.616499 -1.044586 -2.877167 -0.933244
 -1.290535 -1.145839 -1.764138 -1.445684
 -2.447519 -1.089134 -1.269570 -1.217289
 -1.730723 -0.925659 -1.595549 -1.497109
 -1.754620 -0.819753 -2.529112 -1.181700
 -1.895299 -0.827460 -1.683125 -1.483793
 -2.186686 -1.222505 -1.229725 -1.201152
 -1.799139 -0.909878 -1.856297 -1.288314
 -1.841474 -0.981086 -2.906669 -0.887083
 -1.330006 -1.156600 -1.906027 -1.300849
 -2.433130 -1.046836 -1.400893 -1.155771
 -1.730723 -0.925659 -1.595549 -1.497109
 -1.754620 -0.819753 -2.529112 -1.181700
 -1.895299 -0.827460 -1.683125 -1.483793
 -2.186686 -1.222505 -1.229725 -1.201152
 -1.799139 -0.909878 -1.856297 -1.288314
 -1.841474 -0.981086 -2.906669 -0.887083
 -1.330006 -1.156600 -1.906027 -1.300849
 -2.433130 -1.046836 -1.400893 -1.155771
 -1.761454 -0.890973 -1.791759 -1.381179
 -1.799791 -0.842421 -2.688246 -1.090644
 -2.052929 -0.816919 -1.523671 -1.551450
 -2.413926 -1.177165 -1.243857 -1.157995
 -1.752228 -1.041790 -1.763924 -1.195941
 -1.738451 -0.955223 -3.076735 -0.933000
 -1.548608 -1.100356 -1.852819 -1.210966
 -2.601917 -1.065947 -1.322722 -1.154999
 -1.761454 -0.890973 -1.791759 -1.381179
 -1.799791 -0.842421 -2.688246 -1.090644
 -2.052929 -0.816919 -1.523671 -1.551450
 -2.413926 -1.177165 -1.243857 -1.157995
 -1.752228 -1.041790 -1.763924 -1.195941
 -1.738451 -0.955223 -3.076735 -0.933000
 -1.548608 -1.100356 -1.852819 -1.210966
 -2.601917 -1.065947 -1.322722 -1.154999
 -2.098488 -0.792239 -1.754718 -1.380025
 -1.959353 -0.729405 -2.561985 -1.204962
 -1.875001 -0.833549 -1.483523 -1.685760
 -2.480832 -1.183770 -1.210799 -1.163968
 -1.955781 -1.033951 -1.837998 -1.067662
 -1.923529 -0.886226 -2.994360 -0.937432
 -1.428495 -1.137370 -1.760837 -1.317632
 -2.643465 -1.025814 -1.538004 -1.034028
 -2.098488 -0.792239 -1.754718 -1.380025
 -1.959353 -0.729405 -2.561985 -1.204962
 -1.875001 -0.833549 -1.483523 -1.685760
 -2.480832 -1.183770 -1.210799 -1.163968
 -1.955781 -1.033951 -1.837998 -1.067662
 -1.923529 -0.886226 -2.994360 -0.937432
 -1.428495 -1.137370 -1.760837 -1.317632
 -2.643465 -1.025814 -1.538004 -1.034028
 -1.805004 -0.811753 -1.785201 -1.497520
 -2.115187 -0.738432 -2.572611 -1.123343
 -2.338593 -0.722514 -1.491297 -1.645448
 -2.356651 -1.200470 -1.272966 -1.126362
 -1.910663 -0.924170 -2.229117 -1.056894
 -2.119199 -0.927536 -3.150947 -0.817501
 -1.965606 -1.046787 -1.770706 -1.082781
 -2.797706 -0.984854 -1.561695 -1.033454
 -1.805004 -0.811753 -1.785201 -1.497520
 -2.115187 -0.738432 -2.572611 -1.123343
 -2.338593 -0.722514 -1.491297 -1.645448
 -2.356651 -1.200470 -1.272966 -1.126362
 -1.910663 -0.924170 -2.229117 -1.056894
 -2.119199 -0.927536 -3.150947 -0.817501
 -1.965606 -1.046787 -1.770706 -1.082781
 -2.797706 -0.984854 -1.561695 -1.033454
 -1.805182 -0.961754 -1.678430 -1.321756
 -2.087034 -0.738012 -2.622551 -1.123116
 -2.113992 -0.925770 -1.536678 -1.317050
 -2.664697 -1.177601 -1.255933 -1.086034
 -1.875577 -0.949500 -2.054625 -1.103650
 -2.106008 -0.837978 -2.814659 -0.952520
 -2.175484 -1.060872 -1.780830 -0.989413
 -2.788092 -1.005052 -1.529395 -1.033473
 -1.805182 -0.961754 -1.678430 -1.321756
 -2.087034 -0.738012 -2.622551 -1.123116
 -2.113992 -0.925770 -1.536678 -1.317050
 -2.664697 -1.177601 -1.255933 -1.086034
 -1.875577 -0.949500 -2.054625 -1.103650
 -2.106008 -0.837978 -2.814659 -0.952520
 -2.175484 -1.060872 -1.780830 -0.989413
 -2.788092 -1.005052 -1.529395 -1.033473
 -1.593933 -0.913691 -2.166451 -1.268512
 -2.017715 -0.787335 -2.696875 -1.065460
 -2.353441 -0.956339 -1.330055 -1.361803
 -2.710196 -1.075282 -1.292155 -1.146973
 -2.055109 -0.882390 -2.317472 -1.022747
 -2.140356 -0.856416 -2.780732 -0.927067
 -2.297734 -0.999919 -1.799896 -1.004334
 -2.937999 -0.947789 -1.576398 -1.042100
 -1.593933 -0.913691 -2.166451 -1.268512
 -2.017715 -0.787335 -2.696875 -1.065460
 -2.353441 -0.956339 -1.330055 -1.361803
 -2.710196 -1.075282 -1.292155 -1.146973
 -2.055109 -0.882390 -2.317472 -1.022747
 -2.140356 -0.856416 -2.780732 -0.927067
 -2.297734 -0.999919 -1.799896 -1.004334
 -2.937999 -0.947789 -1.576398 -1.042100
 -1.874646 -0.880025 -2.280109 -1.110041
 -2.117317 -0.803437 -2.753305 -0.999288
 -2.484903 -0.875469 -1.440361 -1.335001
 -3.705401 -1.048652 -1.346128 -1.008532
 -2.026598 -0.895830 -2.739546 -0.927987
 -2.227654 -0.929344 -3.076735 -0.795630
 -2.430571 -1.011178 -1.860027 -0.935079
 -3.062621 -0.941264 -1.707635 -0.962841
 -1.874646 -0.880025 -2.280109 -1.110041
 -2.117317 -0.803437 -2.753305 -0.999288
 -2.484903 -0.875469 -1.440361 -1.335001
 -3.705401 -1.048652 -1.346128 -1.008532
 -2.026598 -0.895830 -2.739546 -0.927987
 -2.227654 -0.929344 -3.076735 -0.795630
 -2.430571 -1.011178 -1.860027 -0.935079
 -3.062621 -0.941264 -1.707635 -0.962841
 -1.785069 -0.909603 -2.438992 -1.072121
 -2.166284 -0.767967 -2.486755 -1.083933
 -2.297305 -1.007641 -1.435084 -1.216396
 -2.665240 -1.090692 -1.315315 -1.120724
 -2.115372 -0.908965 -3.526352 -0.805066
 -2.106582 -0.982771 -2.960279 -0.793476
 -2.738939 -0.992302 -1.754441 -0.937425
 -2.880785 -1.008207 -1.652860 -0.947948
 -1.785069 -0.909603 -2.438992 -1.072121
 -2.166284 -0.767967 -2.486755 -1.083933
 -2.297305 -1.007641 -1.435084 -1.216396
 -2.665240 -1.090692 -1.315315 -1.120724
 -2.115372 -0.908965 -3.526352 -0.805066
 -2.106582 -0.982771 -2.960279 -0.793476
 -2.738939 -0.992302 -1.754441 -0.937425
 -2.880785 -1.008207 -1.652860 -0.947948
 -1.560247 -1.065552 -2.699673 -0.972462
 -2.108045 -0.665338 -3.137662 -1.136186
 -2.360850 -0.792239 -1.890849 -1.197704
 -2.774739 -1.073133 -1.557070 -0.954652
 -1.893013 -0.788952 -3.605983 -0.999941
 -2.164378 -0.921872 -3.048043 -0.821087
 -2.537326 -0.927890 -2.051819 -0.923732
 -3.182487 -0.950326 -1.786244 -0.905563
 -1.560247 -1.065552 -2.699673 -0.972462
 -2.108045 -0.665338 -3.137662 -1.136186
 -2.360850 -0.792239 -1.890849 -1.197704
 -2.774739 -1.073133 -1.557070 -0.954652
 -1.893013 -0.788952 -3.605983 -0.999941
 -2.164378 -0.921872 -3.048043 -0.821087
 -2.537326 -0.927890 -2.051819 -0.923732
 -3.182487 -0.950326 -1.786244 -0.905563
 -14.214290 -0.000002 -14.214290 -14.214290
 -15.496340 -0.000001 -15.496340 -15.496340
 -14.006134 -0.000002 -14.006134 -14.006134
 -15.390358 -0.000001 -15.390358 -15.390358
 -15.085272 -0.000001 -15.085272 -15.085272
 -16.691334 -0.000000 -16.691334 -16.691334
 -15.428941 -0.000001 -15.428941 -15.428941
 -16.710871 -0.000000 -16.710871 -16.710871
 -14.214290 -0.000002 -14.214290 -14.214290
 -15.496340 -0.000001 -15.496340 -15.496340
 -14.006134 -0.000002 -14.006134 -14.006134
 -15.390358 -0.000001 -15.390358 -15.390358
 -15.085272 -0.000001 -15.085272 -15.085272
 -16.691334 -0.000000 -16.691334 -16.691334
 -15.428941 -0.000001 -15.428941 -15.428941
 -16.710871 -0.000000 -16.710871 -16.710871
 -1.386294 -1.386294 -1.386294 -1.386294
 -1.634574 -0.332403 -2.433081 -16.238543
 -1.386294 -1.386294 -1.386294 -1.386294
 -1.386294 -1.386294 -1.386294 -1.386294
 -1.386294 -1.386294 -1.386294 -1.386294
 -1.679859 -0.298238 -2.638406 -17.644804
 -1.386294 -1.386294 -1.386294 -1.386294
 -1.386294 -1.386294 -1.386294 -1.386294
 -1.386294 -1.386294 -1.386294 -1.386294
 -1.634574 -0.332403 -2.433081 -16.238543
 -1.386294 -1.386294 -1.386294 -1.386294
 -1.386294 -1.386294 -1.386294 -1.386294
 -1.386294 -1.386294 -1.386294 -1.386294
 -1.679859 -0.298238 -2.638406 -17.644804
 -1.386294 -1.386294 -1.386294 -1.386294
 -1.386294 -1.386294 -1.386294 -1.386294
 -1.386294 -1.386294 -1.386294 -1.386294
 -1.386294 -1.386294 -1.386294 -1.386294
 -1.386294 -1.386294 -1.386294 -1.386294
 -1.386294 -1.386294 -1.386294 -1.386294
 -2.146580 -0.916755 -5.373405 -0.736756
 -2.168758 -0.916883 -2.987482 -0.831254
 -2.840244 -1.009267 -1.664674 -0.947136
 -1.386294 -1.386294 -1.386294 -1.386294
 -1.386294 -1.386294 -1.386294 -1.386294
 -1.386294 -1.386294 -1.386294 -1.386294
 -1.386294 -1.386294 -1.386294 -1.386294
 -1.386294 -1.386294 -1.386294 -1.386294
 -2.146580 -0.916755 -5.373405 -0.736756
 -2.168758 -0.916883 -2.987482 -0.831254
 -2.840244 -1.009267 -1.664674 -0.947136
 -1.386294 -1.386294 -1.386294 -1.386294
 -1.551543 -1.046989 -5.017182 -0.842894
 -2.098358 -0.612974 -2.764105 -1.299851
 -2.056448 -0.988613 -1.563975 -1.235472
 -2.674881 -0.956685 -1.619755 -1.052759
 -1.903350 -0.800120 -5.486820 -0.922522
 -1.611809 -1.081006 -2.526617 -0.964193
 -2.470917 -0.954574 -1.391000 -1.266948
 -2.892547 -0.856946 -1.366918 -1.327206
 -1.551543 -1.046989 -5.017182 -0.842894
 -2.098358 -0.612974 -2.764105 -1.299851
 -2.056448 -0.988613 -1.563975 -1.235472
 -2.674881 -0.956685 -1.619755 -1.052759
 -1.903350 -0.800120 -5.486820 -0.922522
 -1.611809 -1.081006 -2.526617 -0.964193
 -2.470917 -0.954574 -1.391000 -1.266948
 -2.892547 -0.856946 -1.366918 -1.327206
 -1.671472 -0.796006 -3.791707 -1.083687
 -2.313055 -0.521297 -3.178049 -1.325670
 -2.917751 -0.777707 -1.739113 -1.168572
 -2.839075 -0.922156 -1.757273 -0.990624
 -1.980553 -0.647605 -5.631162 -1.093251
 -2.057957 -0.781758 -3.236611 -0.979796
 -2.495268 -0.849018 -1.786618 -1.132692
 -3.015534 -0.854514 -1.764678 -1.037757
 -1.671472 -0.796006 -3.791707 -1.083687
 -2.313055 -0.521297 -3.178049 -1.325670
 -2.917751 -0.777707 -1.739113 -1.168572
 -2.839075 -0.922156 -1.757273 -0.990624
 -1.980553 -0.647605 -5.631162 -1.093251
 -2.057957 -0.781758 -3.236611 -0.979796
 -2.495268 -0.849018 -1.786618 -1.132692
 -3.015534 -0.854514 -1.764678 -1.037757
 -2.191357 -0.766352 -2.496736 -1.075356
 -2.482124 -0.359864 -3.440972 -1.678630
 -1.952688 -0.919676 -1.665007 -1.308333
 -3.005679 -0.644829 -2.113684 -1.187606
 -2.155980 -0.714425 -4.841527 -0.949739
 -2.384823 -0.547453 -3.375221 -1.219888
 -2.285777 -0.980023 -1.789340 -1.033015
 -3.106525 -0.780341 -1.935940 -1.042122
 -2.191357 -0.766352 -2.496736 -1.075356
 -2.482124 -0.359864 -3.440972 -1.678630
 -1.952688 -0.919676 -1.665007 -1.308333
 -3.005679 -0.644829 -2.113684 -1.187606
 -2.155980 -0.714425 -4.841527 -0.949739
 -2.384823 -0.547453 -3.375221 -1.219888
 -2.285777 -0.980023 -1.789340 -1.033015
 -3.106525 -0.780341 -1.935940 -1.042122
 -1.891841 -0.885039 -2.351370 -1.075083
 -2.705962 -0.642272 -3.686786 -0.962215
 -2.251287 -0.864999 -1.403994 -1.478102
 -2.880216 -1.406914 -2.059238 -0.559616
 -1.615573 -0.733715 -4.691316 -1.164988
 -2.623885 -0.571842 -3.567573 -1.094310
 -2.186324 -0.895951 -1.695204 -1.217766
 -2.937202 -1.107365 -1.899786 -0.761518
 -1.891841 -0.885039 -2.351370 -1.075083
 -2.705962 -0.642272 -3.686786 -0.962215
 -2.251287 -0.864999 -1.403994 -1.478102
 -2.880216 -1.406914 -2.059238 -0.559616
 -1.615573 -0.733715 -4.691316 -1.164988
 -2.623885 -0.571842 -3.567573 -1.094310
 -2.186324 -0.895951 -1.695204 -1.217766
 -2.937202 -1.107365 -1.899786 -0.761518
 -0.825638 -1.624143 -1.336462 -2.280919
 -1.186072 -0.835870 -2.422832 -1.757857
 -1.203973 -1.174121 -1.203973 -2.397889
 -1.993624 -1.165304 -1.098613 -1.520338
 -0.955512 -0.883191 -3.103940 -1.851182
 -1.254101 -0.878237 -1.982228 -1.823925
 -1.670062 -1.223776 -0.894472 -2.218026
 -2.122366 -1.239977 -0.891137 -1.711071
 -0.825638 -1.624143 -1.336462 -2.280919
 -1.186072 -0.835870 -2.422832 -1.757857
 -1.203973 -1.174121 -1.203973 -2.397889
 -1.993624 -1.165304 -1.098613 -1.520338
 -0.955512 -0.883191 -3.103940 -1.851182
 -1.254101 -0.878237 -1.982228 -1.823925
 -1.670062 -1.223776 -0.894472 -2.218026
 -2.122366 -1.239977 -0.891137 -1.711071
 -14.834359 -0.000001 -14.834359 -14.834359
 -14.880222 -0.000001 -14.880222 -14.880222
 -14.613020 -0.000001 -14.613020 -14.613020
 -13.910825 -0.000003 -13.910825 -13.910825
 -16.147655 -0.000000 -16.147655 -16.147655
 -16.675423 -0.000000 -16.675423 -16.675423
 -16.316128 -0.000000 -16.316128 -16.316128
 -15.940166 -0.000000 -15.940166 -15.940166
 -14.834359 -0.000001 -14.834359 -14.834359
 -14.880222 -0.000001 -14.880222 -14.880222
 -14.613020 -0.000001 -14.613020 -14.613020
 -13.910825 -0.000003 -13.910825 -13.910825
 -16.147655 -0.000000 -16.147655 -16.147655
 -16.675423 -0.000000 -16.675423 -16.675423
 -16.316128 -0.000000 -16.316128 -16.316128
 -15.940166 -0.000000 -15.940166 -15.940166
 -1.386294 -1.386294 -1.386294 -1.386294
 0.000000 -17.128969 -17.128969 -17.128969
 -1.386294 -1.386294 -1.386294 -1.386294
 -1.386294 -1.386294 -1.386294 -1.386294
 -1.386294 -1.386294 -1.386294 -1.386294
 0.000000 -17.211025 -17.211025 -17.211025
 -1.386294 -1.386294 -1.386294 -1.386294
 -1.386294 -1.386294 -1.386294 -1.386294
 -1.386294 -1.386294 -1.386294 -1.386294
 0.000000 -17.128969 -17.128969 -17.128969
 -1.386294 -1.386294 -1.386294 -1.386294
 -1.386294 -1.386294 -1.386294 -1.386294
 -1.386294 -1.386294 -1.386294 -1.386294
 0.000000 -17.211025 -17.211025 -17.211025
 -1.386294 -1.386294 -1.386294 -1.386294
 -1.386294 -1.386294 -1.386294 -1.386294
 -1.386294 -1.386294 -1.386294 -1.386294
 -1.386294 -1.386294 -1.386294 -1.386294
 -1.386294 -1.386294 -1.386294 -1.386294
 -1.386294 -1.386294 -1.386294 -1.386294
 -17.863985 -17.863985 0.000000 -17.863985
 -1.386294 -1.386294 -1.386294 -1.386294
 -1.386294 -1.386294 -1.386294 -1.386294
 -1.386294 -1.386294 -1.386294 -1.386294
 -1.386294 -1.386294 -1.386294 -1.386294
 -1.386294 -1.386294 -1.386294 -1.386294
 -1.386294 -1.386294 -1.386294 -1.386294
 -1.386294 -1.386294 -1.386294 -1.386294
 -17.863985 -17.863985 0.000000 -17.863985
 -1.386294 -1.386294 -1.386294 -1.386294
 -1.386294 -1.386294 -1.386294 -1.386294
 -1.386294 -1.386294 -1.386294 -1.386294
 -1.386294 -1.386294 -1.386294 -1.386294
 -1.386294 -1.386294 -1.386294 -1.386294
 -1.495910 -1.874860 -0.648946 -2.302759
 -1.386294 -1.386294 -1.386294 -1.386294
 -1.386294 -1.386294 -1.386294 -1.386294
 -1.386294 -1.386294 -1.386294 -1.386294
 -1.386294 -1.386294 -1.386294 -1.386294
 -1.386294 -1.386294 -1.386294 -1.386294
 -1.386294 -1.386294 -1.386294 -1.386294
 -1.386294 -1.386294 -1.386294 -1.386294
 -1.495910 -1.874860 -0.648946 -2.302759
 -1.386294 -1.386294 -1.386294 -1.386294
 -1.386294 -1.386294 -1.386294 -1.386294
 -1.386294 -1.386294 -1.386294 -1.386294
 -1.386294 -1.386294 -1.386294 -1.386294
 -1.386294 -1.386294 -1.386294 -1.386294
 -1.559313 -1.624346 -1.447308 -1.028685
 -1.547676 -1.187798 -2.144055 -1.007344
 -1.417150 -1.529267 -1.621193 -1.069329
 -2.060426 -1.786537 -0.853718 -1.275712
 -1.386294 -1.386294 -1.386294 -1.386294
 -1.386294 -1.386294 -1.386294 -1.386294
 -1.386294 -1.386294 -1.386294 -1.386294
 -1.386294 -1.386294 -1.386294 -1.386294
 -1.559313 -1.624346 -1.447308 -1.028685
 -1.547676 -1.187798 -2.144055 -1.007344
 -1.417150 -1.529267 -1.621193 -1.069329
 -2.060426 -1.786537 -0.853718 -1.275712
 -1.386294 -1.386294 -1.386294 -1.386294
 -1.386294 -1.386294 -1.386294 -1.386294
 -1.386294 -1.386294 -1.386294 -1.386294
 -1.386294 -1.386294 -1.386294 -1.386294
 -1.309036 -1.366413 -1.316499 -1.575871
 -1.271225 -1.061611 -2.169885 -1.349293
 -1.290374 -1.200994 -1.575350 -1.527848
 -1.888415 -1.380260 -0.917637 -1.620936
 -1.648658 -0.975715 -1.628856 -1.449808
 -1.353859 -1.045124 -2.233591 -1.262425
 -1.706190 -1.176496 -1.234204 -1.518591
 -2.150515 -1.192261 -1.063880 -1.448479
 -1.309036 -1.366413 -1.316499 -1.575871
 -1.271225 -1.061611 -2.169885 -1.349293
 -1.290374 -1.200994 -1.575350 -1.527848
 -1.888415 -1.380260 -0.917637 -1.620936
 -1.648658 -0.975715 -1.628856 -1.449808
 -1.353859 -1.045124 -2.233591 -1.262425
 -1.706190 -1.176496 -1.234204 -1.518591
 -2.150515 -1.192261 -1.063880 -1.448479
 -2.788634 0.000100 0.000100 0.000100
 -2.751089 0.000100 0.000100 0.000100
 -2.419164 0.000100 0.000100 0.000100
 -3.055081 0.000100 0.000100 0.000100
 -3.023116 0.000100 0.000100 0.000100
 -2.606571 0.000100 0.000100 0.000100
 -2.980770 0.000100 0.000100 0.000100
 -2.728283 0.000100 0.000100 0.000100
 -2.788634 0.000100 0.000100 0.000100
 -2.751089 0.000100 0.000100 0.000100
 -2.419164 0.000100 0.000100 0.000100
 -3.055081 0.000100 0.000100 0.000100
 -3.023116 0.000100 0.000100 0.000100
 -2.606571 0.000100 0.000100 0.000100
 -2.980770 0.000100 0.000100 0.000100
 -2.728283 0.000100 0.000100 0.000100
 -1.325651 -1.829476 -0.888682 -1.816001
 -1.320783 -1.198396 -2.058688 -1.191469
 -1.537297 -1.069797 -1.243882 -1.872770
 -1.853298 -1.425629 -0.993495 -1.458250
 -1.534824 -1.491961 -1.026557 -1.602775
 -1.289736 -1.109299 -2.184600 -1.264630
 -1.577171 -1.309766 -1.116103 -1.629617
 -2.020041 -1.307221 -1.055906 -1.390696
 -1.325651 -1.829476 -0.888682 -1.816001
 -1.320783 -1.198396 -2.058688 -1.191469
 -1.537297 -1.069797 -1.243882 -1.872770
 -1.853298 -1.425629 -0.993495 -1.458250
 -1.534824 -1.491961 -1.026557 -1.602775
 -1.289736 -1.109299 -2.184600 -1.264630
 -1.577171 -1.309766 -1.116103 -1.629617
 -2.020041 -1.307221 -1.055906 -1.390696
 -1.234956 -1.577742 -1.159767 -1.665201
 -1.408901 -1.195188 -2.239886 -1.059957
 -1.285129 -1.406070 -1.154858 -1.812913
 -1.819452 -1.404970 -1.029267 -1.447139
 -1.557786 -1.374898 -1.192813 -1.456004
 -1.302186 -1.103367 -2.288196 -1.221249
 -1.308333 -1.371539 -1.213023 -1.721956
 -1.931550 -1.258166 -1.124759 -1.401728
 -1.234956 -1.577742 -1.159767 -1.665201
 -1.408901 -1.195188 -2.239886 -1.059957
 -1.285129 -1.406070 -1.154858 -1.812913
 -1.819452 -1.404970 -1.029267 -1.447139
 -1.557786 -1.374898 -1.192813 -1.456004
 -1.302186 -1.103367 -2.288196 -1.221249
 -1.308333 -1.371539 -1.213023 -1.721956
 -1.931550 -1.258166 -1.124759 -1.401728
 -1.161253 -1.795507 -1.032905 -1.802464
 -1.179448 -1.207677 -1.954185 -1.378402
 -1.444208 -1.276993 -1.212731 -1.672333
 -1.879546 -1.465255 -0.917510 -1.528740
 -1.602895 -1.363935 -1.074827 -1.601085
 -1.283380 -1.091102 -2.429049 -1.207532
 -1.616119 -1.378555 -1.031026 -1.646367
 -2.080253 -1.195627 -1.041860 -1.515087
 -1.161253 -1.795507 -1.032905 -1.802464
 -1.179448 -1.207677 -1.954185 -1.378402
 -1.444208 -1.276993 -1.212731 -1.672333
 -1.879546 -1.465255 -0.917510 -1.528740
 -1.602895 -1.363935 -1.074827 -1.601085
 -1.283380 -1.091102 -2.429049 -1.207532
 -1.616119 -1.378555 -1.031026 -1.646367
 -2.080253 -1.195627 -1.041860 -1.515087
 -1.263029 -1.690172 -1.171420 -1.501527
 -1.179141 -1.172845 -2.014579 -1.387914
 -1.337307 -1.384913 -1.105082 -1.858419
 -1.862296 -1.386294 -0.994207 -1.493132
 -1.624866 -1.354111 -1.067777 -1.603886
 -1.194585 -1.147721 -2.308465 -1.271546
 -1.779156 -1.225338 -1.010870 -1.750664
 -1.921306 -1.268376 -1.113609 -1.410896
 -1.263029 -1.690172 -1.171420 -1.501527
 -1.179141 -1.172845 -2.014579 -1.387914
 -1.337307 -1.384913 -1.105082 -1.858419
 -1.862296 -1.386294 -0.994207 -1.493132
 -1.624866 -1.354111 -1.067777 -1.603886
 -1.194585 -1.147721 -2.308465 -1.271546
 -1.779156 -1.225338 -1.010870 -1.750664
 -1.921306 -1.268376 -1.113609 -1.410896
 -1.317666 -1.676229 -1.039634 -1.652459
 -1.388109 -0.880679 -2.348961 -1.425104
 -1.503635 -1.310416 -1.290099 -1.457885
 -1.832380 -1.269182 -1.093799 -1.496267
 -1.685397 -1.306098 -1.051637 -1.637895
 -1.363232 -1.027209 -2.343362 -1.237329
 -1.689721 -1.320045 -1.063198 -1.594766
 -1.988808 -1.231833 -1.131495 -1.390971
 -1.317666 -1.676229 -1.039634 -1.652459
 -1.388109 -0.880679 -2.348961 -1.425104
 -1.503635 -1.310416 -1.290099 -1.457885
 -1.832380 -1.269182 -1.093799 -1.496267
 -1.685397 -1.306098 -1.051637 -1.637895
 -1.363232 -1.027209 -2.343362 -1.237329
 -1.689721 -1.320045 -1.063198 -1.594766
 -1.988808 -1.231833 -1.131495 -1.390971
 -1.372614 -1.590338 -1.066089 -1.617737
 -1.318257 -1.132596 -2.032813 -1.275697
 -1.531361 -1.401827 -1.068029 -1.640274
 -2.040111 -1.085447 -1.160290 -1.519416
 -1.624059 -1.424446 -1.010551 -1.618262
 -1.368950 -1.155446 -2.319767 -1.101379
 -1.593450 -1.293274 -1.150651 -1.580001
 -1.929052 -1.254155 -1.098922 -1.443216
 -1.372614 -1.590338 -1.066089 -1.617737
 -1.318257 -1.132596 -2.032813 -1.275697
 -1.531361 -1.401827 -1.068029 -1.640274
 -2.040111 -1.085447 -1.160290 -1.519416
 -1.624059 -1.424446 -1.010551 -1.618262
 -1.368950 -1.155446 -2.319767 -1.101379
 -1.593450 -1.293274 -1.150651 -1.580001
 -1.929052 -1.254155 -1.098922 -1.443216
 -1.236107 -1.579976 -1.121010 -1.728468
 -1.309705 -1.074491 -2.105875 -1.320920
 -1.459462 -1.204443 -1.259251 -1.693290
 -1.895226 -1.449155 -0.956487 -1.466608
 -1.614743 -1.398717 -1.024202 -1.634439
 -1.287912 -1.189551 -2.373169 -1.118985
 -1.617988 -1.252054 -1.107878 -1.684556
 -1.973176 -1.339218 -0.987331 -1.485607
 -1.236107 -1.579976 -1.121010 -1.728468
 -1.309705 -1.074491 -2.105875 -1.320920
 -1.459462 -1.204443 -1.259251 -1.693290
 -1.895226 -1.449155 -0.956487 -1.466608
 -1.614743 -1.398717 -1.024202 -1.634439
 -1.287912 -1.189551 -2.373169 -1.118985
 -1.617988 -1.252054 -1.107878 -1.684556
 -1.973176 -1.339218 -0.987331 -1.485607
 -1.298478 -1.670990 -1.074071 -1.622637
 -1.284715 -1.163570 -2.097269 -1.244412
 -1.416200 -1.290737 -1.180080 -1.742722
 -1.905276 -1.413598 -1.000546 -1.425977
 -1.590240 -1.335347 -1.079074 -1.644307
 -1.360951 -1.050262 -2.296444 -1.227169
 -1.802424 -1.092843 -1.418634 -1.355591
 -2.106565 -1.124885 -1.272966 -1.295887
 -1.298478 -1.670990 -1.074071 -1.622637
 -1.284715 -1.163570 -2.097269 -1.244412
 -1.416200 -1.290737 -1.180080 -1.742722
 -1.905276 -1.413598 -1.000546 -1.425977
 -1.590240 -1.335347 -1.079074 -1.644307
 -1.360951 -1.050262 -2.296444 -1.227169
 -1.802424 -1.092843 -1.418634 -1.355591
 -2.106565 -1.124885 -1.272966 -1.295887
 -1.236879 -1.581296 -1.116169 -1.734601
 -1.019437 -1.162168 -2.276617 -1.497163
 -1.457884 -1.223322 -1.175634 -1.805469
 -1.304475 -1.577369 -1.057048 -1.744757
 -1.602823 -1.434642 -1.016869 -1.615726
 -1.246281 -1.119789 -2.108769 -1.329189
 -1.714508 -1.392665 -0.970794 -1.646345
 -2.008228 -1.296917 -1.093976 -1.356667
 -1.236879 -1.581296 -1.116169 -1.734601
 -1.019437 -1.162168 -2.276617 -1.497163
 -1.457884 -1.223322 -1.175634 -1.805469
 -1.304475 -1.577369 -1.057048 -1.744757
 -1.602823 -1.434642 -1.016869 -1.615726
 -1.246281 -1.119789 -2.108769 -1.329189
 -1.714508 -1.392665 -0.970794 -1.646345
 -2.008228 -1.296917 -1.093976 -1.356667
 -1.197412 -1.602282 -1.107630 -1.794276
 -1.258318 -1.092764 -1.979374 -1.417066
 -1.141088 -1.435565 -1.222574 -1.910023
 -1.736409 -1.506112 -0.915839 -1.599997
 -1.252352 -1.655423 -1.034399 -1.785476
 -1.239417 -1.107948 -2.270946 -1.283751
 -1.329617 -1.481671 -1.153402 -1.647127
 -1.937399 -1.303157 -1.067952 -1.424880
 -1.197412 -1.602282 -1.107630 -1.794276
 -1.258318 -1.092764 -1.979374 -1.417066
 -1.141088 -1.435565 -1.222574 -1.910023
 -1.736409 -1.506112 -0.915839 -1.599997
 -1.252352 -1.655423 -1.034399 -1.785476
 -1.239417 -1.107948 -2.270946 -1.283751
 -1.329617 -1.481671 -1.153402 -1.647127
 -1.937399 -1.303157 -1.067952 -1.424880
 -1.208224 -1.788520 -1.332608 -1.308308
 -1.197170 -1.111666 -2.246185 -1.335069
 -1.448572 -1.346320 -1.320390 -1.436042
 -1.743158 -1.408126 -1.149233 -1.333504
 -1.525433 -1.411195 -1.130640 -1.533427
 -1.268183 -1.111310 -2.285286 -1.245541
 -1.411549 -1.390166 -1.150516 -1.656912
 -2.026981 -1.296367 -1.116619 -1.319163
 -1.208224 -1.788520 -1.332608 -1.308308
 -1.197170 -1.111666 -2.246185 -1.335069
 -1.448572 -1.346320 -1.320390 -1.436042
 -1.743158 -1.408126 -1.149233 -1.333504
 -1.525433 -1.411195 -1.130640 -1.533427
 -1.268183 -1.111310 -2.285286 -1.245541
 -1.411549 -1.390166 -1.150516 -1.656912
 -2.026981 -1.296367 -1.116619 -1.319163
 -1.325637 -1.314039 -1.168914 -1.864784
 -1.466647 -0.943001 -2.285675 -1.279632
 -1.328425 -1.395693 -1.156379 -1.755497
 -2.210676 -1.001179 -1.134474 -1.602779
 -1.740466 -1.425047 -1.011510 -1.512335
 -1.289667 -1.216500 -2.316053 -1.109541
 -1.683259 -1.296529 -1.079759 -1.604074
 -1.955450 -1.279771 -1.176284 -1.302043
 -1.325637 -1.314039 -1.168914 -1.864784
 -1.466647 -0.943001 -2.285675 -1.279632
 -1.328425 -1.395693 -1.156379 -1.755497
 -2.210676 -1.001179 -1.134474 -1.602779
 -1.740466 -1.425047 -1.011510 -1.512335
 -1.289667 -1.216500 -2.316053 -1.109541
 -1.683259 -1.296529 -1.079759 -1.604074
 -1.955450 -1.279771 -1.176284 -1.302043
 -1.544751 -1.354249 -1.238951 -1.432104
 -1.514655 -1.096784 -2.240222 -1.079581
 -1.653771 -1.117372 -1.168934 -1.767049
 -1.831407 -1.273698 -1.188852 -1.364743
 -1.846871 -1.233766 -1.138945 -1.465685
 -1.329562 -1.019975 -2.388921 -1.262046
 -1.838695 -1.193595 -1.016891 -1.736544
 -2.096944 -1.112199 -1.264815 -1.324100
 -1.544751 -1.354249 -1.238951 -1.432104
 -1.514655 -1.096784 -2.240222 -1.079581
 -1.653771 -1.117372 -1.168934 -1.767049
 -1.831407 -1.273698 -1.188852 -1.364743
 -1.846871 -1.233766 -1.138945 -1.465685
 -1.329562 -1.019975 -2.388921 -1.262046
 -1.838695 -1.193595 -1.016891 -1.736544
 -2.096944 -1.112199 -1.264815 -1.324100
 -16.938757 0.000000 -16.938757 -16.938757
 -17.429398 0.000000 -17.429398 -17.429398
 -17.496862 0.000000 -17.496862 -17.496862
 -17.032385 0.000000 -17.032385 -17.032385
 -17.117256 0.000000 -17.117256 -17.117256
 -17.631903 0.000000 -17.631903 -17.631903
 -17.031984 0.000000 -17.031984 -17.031984
 -17.487753 0.000000 -17.487753 -17.487753
 -16.938757 0.000000 -16.938757 -16.938757
 -17.429398 0.000000 -17.429398 -17.429398
 -17.496862 0.000000 -17.496862 -17.496862
 -17.032385 0.000000 -17.032385 -17.032385
 -17.117256 0.000000 -17.117256 -17.117256
 -17.631903 0.000000 -17.631903 -17.631903
 -17.031984 0.000000 -17.031984 -17.031984
 -17.487753 0.000000 -17.487753 -17.487753
 -1.386294 -1.386294 -1.386294 -1.386294
 -0.901297 -0.814626 -1.889465 -18.556259
 -1.386294 -1.386294 -1.386294 -1.386294
 -1.386294 -1.386294 -1.386294 -1.386294
 -1.386294 -1.386294 -1.386294 -1.386294
 -0.869981 -0.767046 -2.148512 -18.804853
 -1.386294 -1.386294 -1.386294 -1.386294
 -1.386294 -1.386294 -1.386294 -1.386294
 -1.386294 -1.386294 -1.386294 -1.386294
 -0.901297 -0.814626 -1.889465 -18.556259
 -1.386294 -1.386294 -1.386294 -1.386294
 -1.386294 -1.386294 -1.386294 -1.386294
 -1.386294 -1.386294 -1.386294 -1.386294
 -0.869981 -0.767046 -2.148512 -18.804853
 -1.386294 -1.386294 -1.386294 -1.386294
 -1.386294 -1.386294 -1.386294 -1.386294
 -1.386294 -1.386294 -1.386294 -1.386294
 -1.386294 -1.386294 -1.386294 -1.386294
 -1.386294 -1.386294 -1.386294 -1.386294
 -1.386294 -1.386294 -1.386294 -1.386294
 -1.665802 -1.478757 -0.969965 -1.589911
 -1.266141 -1.228091 -2.227276 -1.147562
 -1.820030 -1.186892 -1.077922 -1.647614
 -1.386294 -1.386294 -1.386294 -1.386294
 -1.386294 -1.386294 -1.386294 -1.386294
 -1.386294 -1.386294 -1.386294 -1.386294
 -1.386294 -1.386294 -1.386294 -1.386294
 -1.386294 -1.386294 -1.386294 -1.386294
 -1.665802 -1.478757 -0.969965 -1.589911
 -1.266141 -1.228091 -2.227276 -1.147562
 -1.820030 -1.186892 -1.077922 -1.647614
 -1.386294 -1.386294 -1.386294 -1.386294
 -1.252571 -1.815894 -0.993213 -1.708409
 -1.102034 -1.258472 -1.779031 -1.537508
 -1.474981 -1.191457 -1.202771 -1.789294
 -1.801577 -1.488326 -0.938696 -1.522921
 -1.690824 -1.507963 -0.944121 -1.583524
 -1.031689 -1.392633 -2.035065 -1.329902
 -1.671380 -1.157240 -1.069402 -1.867909
 -2.188519 -1.474318 -0.753772 -1.669218
 -1.252571 -1.815894 -0.993213 -1.708409
 -1.102034 -1.258472 -1.779031 -1.537508
 -1.474981 -1.191457 -1.202771 -1.789294
 -1.801577 -1.488326 -0.938696 -1.522921
 -1.690824 -1.507963 -0.944121 -1.583524
 -1.031689 -1.392633 -2.035065 -1.329902
 -1.671380 -1.157240 -1.069402 -1.867909
 -2.188519 -1.474318 -0.753772 -1.669218
 -1.290887 -1.661350 -1.007424 -1.772355
 -1.418369 -1.056882 -2.311463 -1.167199
 -1.401565 -1.551464 -0.990435 -1.769395
 -1.929066 -1.516447 -0.975924 -1.353317
 -1.470887 -1.496239 -0.994645 -1.734702
 -1.161611 -1.223124 -2.181055 -1.273728
 -0.982436 -1.743513 -1.202706 -1.895010
 -1.994202 -1.332018 -1.064346 -1.366570
 -1.290887 -1.661350 -1.007424 -1.772355
 -1.418369 -1.056882 -2.311463 -1.167199
 -1.401565 -1.551464 -0.990435 -1.769395
 -1.929066 -1.516447 -0.975924 -1.353317
 -1.470887 -1.496239 -0.994645 -1.734702
 -1.161611 -1.223124 -2.181055 -1.273728
 -0.982436 -1.743513 -1.202706 -1.895010
 -1.994202 -1.332018 -1.064346 -1.366570
 -1.451358 -1.489907 -1.049400 -1.659644
 -1.221063 -1.045058 -2.157629 -1.436269
 -1.346691 -1.243552 -1.306941 -1.709836
 -1.844290 -1.333995 -1.115960 -1.382944
 -1.660772 -1.280309 -1.163620 -1.515479
 -1.344573 -1.186377 -2.267698 -1.107229
 -1.618012 -1.257236 -1.140211 -1.621933
 -1.549029 -1.321298 -1.287549 -1.407270
 -1.451358 -1.489907 -1.049400 -1.659644
 -1.221063 -1.045058 -2.157629 -1.436269
 -1.346691 -1.243552 -1.306941 -1.709836
 -1.844290 -1.333995 -1.115960 -1.382944
 -1.660772 -1.280309 -1.163620 -1.515479
 -1.344573 -1.186377 -2.267698 -1.107229
 -1.618012 -1.257236 -1.140211 -1.621933
 -1.549029 -1.321298 -1.287549 -1.407270
 -1.439270 -1.469516 -1.009070 -1.781979
 -1.585828 -0.889481 -2.551390 -1.182930
 -1.697399 -1.255035 -0.990713 -1.829692
 -2.088564 -1.068204 -1.185855 -1.482695
 -1.819635 -1.007237 -1.235771 -1.703321
 -1.506055 -0.962932 -2.600857 -1.132475
 -1.745931 -1.161378 -1.169508 -1.599768
 -2.104759 -1.056991 -1.344673 -1.309333
 -1.439270 -1.469516 -1.009070 -1.781979
 -1.585828 -0.889481 -2.551390 -1.182930
 -1.697399 -1.255035 -0.990713 -1.829692
 -2.088564 -1.068204 -1.185855 -1.482695
 -1.819635 -1.007237 -1.235771 -1.703321
 -1.506055 -0.962932 -2.600857 -1.132475
 -1.745931 -1.161378 -1.169508 -1.599768
 -2.104759 -1.056991 -1.344673 -1.309333
 -1.413648 -1.476060 -1.006504 -1.815757
 -1.464923 -1.035634 -2.393923 -1.131243
 -1.843390 -1.260109 -1.125973 -1.453459
 -1.901439 -1.221816 -1.163062 -1.412951
 -1.650314 -1.287310 -1.041091 -1.720766
 -1.592698 -0.953865 -2.469749 -1.118503
 -1.725544 -1.153799 -1.127205 -1.700729
 -1.898349 -1.153821 -1.158003 -1.511212
 -1.413648 -1.476060 -1.006504 -1.815757
 -1.464923 -1.035634 -2.393923 -1.131243
 -1.843390 -1.260109 -1.125973 -1.453459
 -1.901439 -1.221816 -1.163062 -1.412951
 -1.650314 -1.287310 -1.041091 -1.720766
 -1.592698 -0.953865 -2.469749 -1.118503
 -1.725544 -1.153799 -1.127205 -1.700729
 -1.898349 -1.153821 -1.158003 -1.511212
 -16.872337 0.000000 -16.872337 -16.872337
 -17.261681 0.000000 -17.261681 -17.261681
 -17.465389 0.000000 -17.465389 -17.465389
 -16.924126 0.000000 -16.924126 -16.924126
 -17.143061 0.000000 -17.143061 -17.143061
 -17.750078 0.000000 -17.750078 -17.750078
 -17.096046 0.000000 -17.096046 -17.096046
 -17.559351 0.000000 -17.559351 -17.559351
 -16.872337 0.000000 -16.872337 -16.872337
 -17.261681 0.000000 -17.261681 -17.261681
 -17.465389 0.000000 -17.465389 -17.465389
 -16.924126 0.000000 -16.924126 -16.924126
 -17.143061 0.000000 -17.143061 -17.143061
 -17.750078 0.000000 -17.750078 -17.750078
 -17.096046 0.000000 -17.096046 -17.096046
 -17.559351 0.000000 -17.559351 -17.559351
 -1.386294 -1.386294 -1.386294 -1.386294
 0.000000 -18.553375 -18.553375 -18.553375
 -1.386294 -1.386294 -1.386294 -1.386294
 -1.386294 -1.386294 -1.386294 -1.386294
 -1.386294 -1.386294 -1.386294 -1.386294
 0.000000 -18.807098 -18.807098 -18.807098
 -1.386294 -1.386294 -1.386294 -1.386294
 -1.386294 -1.386294 -1.386294 -1.386294
 -1.386294 -1.386294 -1.386294 -1.386294
 0.000000 -18.553375 -18.553375 -18.553375
 -1.386294 -1.386294 -1.386294 -1.386294
 -1.386294 -1.386294 -1.386294 -1.386294
 -1.386294 -1.386294 -1.386294 -1.386294
 0.000000 -18.807098 -18.807098 -18.807098
 -1.386294 -1.386294 -1.386294 -1.386294
 -1.386294 -1.386294 -1.386294 -1.386294
 -1.386294 -1.386294 -1.386294 -1.386294
 -1.386294 -1.386294 -1.386294 -1.386294
 -1.386294 -1.386294 -1.386294 -1.386294
 -1.386294 -1.386294 -1.386294 -1.386294
 -19.381409 -19.381409 0.000000 -19.381409
 -1.386294 -1.386294 -1.386294 -1.386294
 -1.386294 -1.386294 -1.386294 -1.386294
 -1.386294 -1.386294 -1.386294 -1.386294
 -1.386294 -1.386294 -1.386294 -1.386294
 -1.386294 -1.386294 -1.386294 -1.386294
 -1.386294 -1.386294 -1.386294 -1.386294
 -1.386294 -1.386294 -1.386294 -1.386294
 -19.381409 -19.381409 0.000000 -19.381409
 -1.386294 -1.386294 -1.386294 -1.386294
 -1.386294 -1.386294 -1.386294 -1.386294
 -1.386294 -1.386294 -1.386294 -1.386294
 -1.386294 -1.386294 -1.386294 -1.386294
 -1.386294 -1.386294 -1.386294 -1.386294
 -1.457487 -1.323997 -1.123600 -1.737257
 -1.386294 -1.386294 -1.386294 -1.386294
 -1.386294 -1.386294 -1.386294 -1.386294
 -1.386294 -1.386294 -1.386294 -1.386294
 -1.386294 -1.386294 -1.386294 -1.386294
 -1.386294 -1.386294 -1.386294 -1.386294
 -1.386294 -1.386294 -1.386294 -1.386294
 -1.386294 -1.386294 -1.386294 -1.386294
 -1.457487 -1.323997 -1.123600 -1.737257
 -1.386294 -1.386294 -1.386294 -1.386294
 -1.386294 -1.386294 -1.386294 -1.386294
 -1.386294 -1.386294 -1.386294 -1.386294
 -1.386294 -1.386294 -1.386294 -1.386294
 -1.386294 -1.386294 -1.386294 -1.386294
 -1.283468 -1.701467 -1.035256 -1.685380
 -1.390040 -1.025429 -2.212439 -1.262807
 -1.188055 -1.386883 -1.443570 -1.564224
 -1.851786 -1.450949 -0.951693 -1.502340
 -1.386294 -1.386294 -1.386294 -1.386294
 -1.386294 -1.386294 -1.386294 -1.386294
 -1.386294 -1.386294 -1.386294 -1.386294
 -1.386294 -1.386294 -1.386294 -1.386294
 -1.283468 -1.701467 -1.035256 -1.685380
 -1.390040 -1.025429 -2.212439 -1.262807
 -1.188055 -1.386883 -1.443570 -1.564224
 -1.851786 -1.450949 -0.951693 -1.502340
 -1.386294 -1.386294 -1.386294 -1.386294
 -1.386294 -1.386294 -1.386294 -1.386294
 -1.386294 -1.386294 -1.386294 -1.386294
 -1.386294 -1.386294 -1.386294 -1.386294
 -1.430279 -1.796918 -0.797054 -1.935904
 -1.257880 -1.130351 -2.102280 -1.306942
 -1.368927 -1.265928 -1.222624 -1.776754
 -1.883223 -1.749974 -0.812911 -1.467255
 -1.545893 -1.472195 -1.074457 -1.532598
 -1.328638 -1.096655 -2.378762 -1.175999
 -1.413869 -1.389848 -1.187166 -1.596514
 -1.999476 -1.119900 -1.198749 -1.440919
 -1.430279 -1.796918 -0.797054 -1.935904
 -1.257880 -1.130351 -2.102280 -1.306942
 -1.368927 -1.265928 -1.222624 -1.776754
 -1.883223 -1.749974 -0.812911 -1.467255
 -1.545893 -1.472195 -1.074457 -1.532598
 -1.328638 -1.096655 -2.378762 -1.175999
 -1.413869 -1.389848 -1.187166 -1.596514
 -1.999476 -1.119900 -1.198749 -1.440919
