 -2.719731 0.000100 0.000100 0.000100
 -3.184385 0.000100 0.000100 0.000100
 -3.570227 0.000100 0.000100 0.000100
 -2.660234 0.000100 0.000100 0.000100
 -2.742988 0.000100 0.000100 0.000100
 -2.848349 0.000100 0.000100 0.000100
 -3.205958 0.000100 0.000100 0.000100
 -2.026584 0.000100 0.000100 0.000100
 -2.719731 0.000100 0.000100 0.000100
 -3.184385 0.000100 0.000100 0.000100
 -3.570227 0.000100 0.000100 0.000100
 -2.660234 0.000100 0.000100 0.000100
 -2.742988 0.000100 0.000100 0.000100
 -2.848349 0.000100 0.000100 0.000100
 -3.205958 0.000100 0.000100 0.000100
 -2.026584 0.000100 0.000100 0.000100
 -1.133704 -1.461877 -2.068012 -1.139674
 -1.398564 -1.362197 -2.797278 -0.830170
 -1.455928 -1.436880 -1.578530 -1.130506
 -1.404510 -1.817355 -1.465134 -1.018847
 -1.047025 -1.599681 -2.245425 -1.075356
 -1.325029 -1.375460 -2.870951 -0.856051
 -1.401993 -1.628306 -1.900239 -0.896244
 -1.637609 -1.499776 -1.850948 -0.854990
 -1.133704 -1.461877 -2.068012 -1.139674
 -1.398564 -1.362197 -2.797278 -0.830170
 -1.455928 -1.436880 -1.578530 -1.130506
 -1.404510 -1.817355 -1.465134 -1.018847
 -1.047025 -1.599681 -2.245425 -1.075356
 -1.325029 -1.375460 -2.870951 -0.856051
 -1.401993 -1.628306 -1.900239 -0.896244
 -1.637609 -1.499776 -1.850948 -0.854990
 -1.279262 -1.544638 -1.979955 -0.993461
 -1.203973 -1.485140 -2.461648 -0.946144
 -1.358643 -1.376992 -1.652403 -1.207093
 -1.494928 -1.856297 -1.536775 -0.905322
 -1.058824 -1.773477 -2.046770 -1.037771
 -1.447397 -1.384384 -3.486987 -0.726192
 -1.248335 -1.728701 -1.931225 -0.940244
 -1.926746 -1.571471 -1.742097 -0.751864
 -1.279262 -1.544638 -1.979955 -0.993461
 -1.203973 -1.485140 -2.461648 -0.946144
 -1.358643 -1.376992 -1.652403 -1.207093
 -1.494928 -1.856297 -1.536775 -0.905322
 -1.058824 -1.773477 -2.046770 -1.037771
 -1.447397 -1.384384 -3.486987 -0.726192
 -1.248335 -1.728701 -1.931225 -0.940244
 -1.926746 -1.571471 -1.742097 -0.751864
 -1.196251 -1.524366 -1.924988 -1.096501
 -1.467420 -1.348073 -2.472001 -0.854903
 -1.528714 -1.246148 -1.636345 -1.201028
 -1.609438 -1.894174 -1.416845 -0.898747
 -1.106809 -1.763588 -2.205420 -0.947382
 -1.593469 -1.259830 -3.030533 -0.766173
 -1.311331 -1.429114 -2.314632 -0.935944
 -1.855549 -1.685276 -1.593646 -0.787335
 -1.196251 -1.524366 -1.924988 -1.096501
 -1.467420 -1.348073 -2.472001 -0.854903
 -1.528714 -1.246148 -1.636345 -1.201028
 -1.609438 -1.894174 -1.416845 -0.898747
 -1.106809 -1.763588 -2.205420 -0.947382
 -1.593469 -1.259830 -3.030533 -0.766173
 -1.311331 -1.429114 -2.314632 -0.935944
 -1.855549 -1.685276 -1.593646 -0.787335
 -1.291804 -1.490654 -1.952689 -1.026921
 -1.435687 -1.316499 -2.760609 -0.842291
 -1.347074 -1.406497 -1.687399 -1.171183
 -1.689328 -1.861797 -1.492264 -0.832178
 -0.989718 -1.719233 -2.476094 -1.007737
 -1.559137 -1.332227 -3.389358 -0.709148
 -1.274027 -1.724748 -1.976062 -0.907665
 -2.115328 -1.540445 -1.669657 -0.740640
 -1.291804 -1.490654 -1.952689 -1.026921
 -1.435687 -1.316499 -2.760609 -0.842291
 -1.347074 -1.406497 -1.687399 -1.171183
 -1.689328 -1.861797 -1.492264 -0.832178
 -0.989718 -1.719233 -2.476094 -1.007737
 -1.559137 -1.332227 -3.389358 -0.709148
 -1.274027 -1.724748 -1.976062 -0.907665
 -2.115328 -1.540445 -1.669657 -0.740640
 -1.284016 -1.545586 -1.961414 -0.996334
 -1.476320 -1.188639 -2.820051 -0.898243
 -1.417711 -1.336033 -1.712509 -1.156985
 -1.743750 -1.775499 -1.554508 -0.810930
 -1.294487 -1.648658 -2.098859 -0.889022
 -1.596510 -1.339099 -3.343415 -0.693148
 -1.540445 -1.692461 -2.068511 -0.743863
 -2.030776 -1.634240 -1.831925 -0.666387
 -1.284016 -1.545586 -1.961414 -0.996334
 -1.476320 -1.188639 -2.820051 -0.898243
 -1.417711 -1.336033 -1.712509 -1.156985
 -1.743750 -1.775499 -1.554508 -0.810930
 -1.294487 -1.648658 -2.098859 -0.889022
 -1.596510 -1.339099 -3.343415 -0.693148
 -1.540445 -1.692461 -2.068511 -0.743863
 -2.030776 -1.634240 -1.831925 -0.666387
 -1.172510 -1.469080 -2.288978 -1.024700
 -1.452869 -1.292526 -2.691239 -0.858662
 -1.493925 -1.427967 -1.564542 -1.119232
 -1.884977 -1.862249 -1.546865 -0.734115
 -1.237549 -1.527945 -2.553224 -0.879250
 -1.733387 -1.366456 -3.217052 -0.638218
 -1.554431 -1.673976 -1.865867 -0.806476
 -2.484089 -1.488661 -1.795856 -0.644474
 -1.172510 -1.469080 -2.288978 -1.024700
 -1.452869 -1.292526 -2.691239 -0.858662
 -1.493925 -1.427967 -1.564542 -1.119232
 -1.884977 -1.862249 -1.546865 -0.734115
 -1.237549 -1.527945 -2.553224 -0.879250
 -1.733387 -1.366456 -3.217052 -0.638218
 -1.554431 -1.673976 -1.865867 -0.806476
 -2.484089 -1.488661 -1.795856 -0.644474
 -1.197347 -1.491338 -2.305436 -0.985589
 -1.667007 -1.312186 -2.765616 -0.736012
 -1.628014 -1.161925 -1.456164 -1.356081
 -1.925016 -1.744890 -1.502160 -0.783480
 -1.417771 -1.528312 -2.406380 -0.796944
 -1.907411 -1.214265 -3.077480 -0.676227
 -1.762227 -1.642682 -1.880009 -0.729213
 -2.238609 -1.552530 -1.942163 -0.619361
 -1.197347 -1.491338 -2.305436 -0.985589
 -1.667007 -1.312186 -2.765616 -0.736012
 -1.628014 -1.161925 -1.456164 -1.356081
 -1.925016 -1.744890 -1.502160 -0.783480
 -1.417771 -1.528312 -2.406380 -0.796944
 -1.907411 -1.214265 -3.077480 -0.676227
 -1.762227 -1.642682 -1.880009 -0.729213
 -2.238609 -1.552530 -1.942163 -0.619361
 -1.148623 -1.454790 -2.104133 -1.116188
 -1.567178 -1.208781 -2.369522 -0.918091
 -1.555043 -1.392525 -1.785566 -0.987061
 -1.930345 -1.680534 -1.552279 -0.783373
 -1.606656 -1.428975 -2.625223 -0.718537
 -2.105416 -1.142846 -3.440414 -0.640093
 -1.893339 -2.013483 -1.874646 -0.575365
 -2.239846 -1.523326 -2.000617 -0.615653
 -1.148623 -1.454790 -2.104133 -1.116188
 -1.567178 -1.208781 -2.369522 -0.918091
 -1.555043 -1.392525 -1.785566 -0.987061
 -1.930345 -1.680534 -1.552279 -0.783373
 -1.606656 -1.428975 -2.625223 -0.718537
 -2.105416 -1.142846 -3.440414 -0.640093
 -1.893339 -2.013483 -1.874646 -0.575365
 -2.239846 -1.523326 -2.000617 -0.615653
 -1.378326 -1.609437 -2.225622 -0.820981
 -1.588818 -1.217959 -2.590263 -0.855667
 -1.372308 -1.659989 -1.318241 -1.242255
 -2.004520 -1.632471 -1.548702 -0.782404
 -1.397594 -1.505483 -2.783885 -0.756938
 -2.000304 -1.119416 -3.631716 -0.669891
 -2.006168 -1.572131 -1.774367 -0.716818
 -2.401412 -1.471265 -1.854053 -0.647841
 -1.378326 -1.609437 -2.225622 -0.820981
 -1.588818 -1.217959 -2.590263 -0.855667
 -1.372308 -1.659989 -1.318241 -1.242255
 -2.004520 -1.632471 -1.548702 -0.782404
 -1.397594 -1.505483 -2.783885 -0.756938
 -2.000304 -1.119416 -3.631716 -0.669891
 -2.006168 -1.572131 -1.774367 -0.716818
 -2.401412 -1.471265 -1.854053 -0.647841
 -1.174373 -1.713368 -2.506596 -0.845869
 -1.711377 -1.162271 -2.716895 -0.819781
 -1.718636 -1.393215 -1.287855 -1.215534
 -1.907482 -1.814701 -1.729801 -0.670721
 -1.365974 -1.555216 -3.266927 -0.701984
 -1.968288 -1.270203 -3.251202 -0.614702
 -1.838664 -1.585469 -2.155001 -0.653512
 -2.364341 -1.552589 -1.986413 -0.585005
 -1.174373 -1.713368 -2.506596 -0.845869
 -1.711377 -1.162271 -2.716895 -0.819781
 -1.718636 -1.393215 -1.287855 -1.215534
 -1.907482 -1.814701 -1.729801 -0.670721
 -1.365974 -1.555216 -3.266927 -0.701984
 -1.968288 -1.270203 -3.251202 -0.614702
 -1.838664 -1.585469 -2.155001 -0.653512
 -2.364341 -1.552589 -1.986413 -0.585005
 -1.263062 -1.436725 -2.201329 -0.997359
 -1.782948 -1.157856 -3.117942 -0.747707
 -1.700408 -1.161414 -1.609437 -1.189585
 -2.050170 -1.639591 -1.735922 -0.691169
 -1.537584 -1.635564 -3.216009 -0.597577
 -2.211017 -1.289187 -3.715090 -0.526679
 -2.002707 -1.567389 -1.958255 -0.662934
 -2.502606 -1.480955 -1.977596 -0.593652
 -1.263062 -1.436725 -2.201329 -0.997359
 -1.782948 -1.157856 -3.117942 -0.747707
 -1.700408 -1.161414 -1.609437 -1.189585
 -2.050170 -1.639591 -1.735922 -0.691169
 -1.537584 -1.635564 -3.216009 -0.597577
 -2.211017 -1.289187 -3.715090 -0.526679
 -2.002707 -1.567389 -1.958255 -0.662934
 -2.502606 -1.480955 -1.977596 -0.593652
 -1.167947 -1.628762 -2.634279 -0.864998
 -1.972342 -1.189584 -2.547704 -0.737600
 -1.810107 -1.404643 -1.368276 -1.089563
 -2.470575 -1.695512 -1.907482 -0.538702
 -1.517455 -1.532723 -4.097654 -0.601166
 -2.407944 -1.228070 -3.218873 -0.549666
 -2.359025 -1.293204 -2.079440 -0.681026
 -2.649120 -1.518575 -2.053498 -0.541324
 -1.167947 -1.628762 -2.634279 -0.864998
 -1.972342 -1.189584 -2.547704 -0.737600
 -1.810107 -1.404643 -1.368276 -1.089563
 -2.470575 -1.695512 -1.907482 -0.538702
 -1.517455 -1.532723 -4.097654 -0.601166
 -2.407944 -1.228070 -3.218873 -0.549666
 -2.359025 -1.293204 -2.079440 -0.681026
 -2.649120 -1.518575 -2.053498 -0.541324
 -1.280934 -1.637608 -2.995723 -0.738611
 -1.823652 -1.381820 -2.842216 -0.636488
 -1.849576 -1.655422 -1.121342 -1.121342
 -2.171248 -1.679841 -1.703652 -0.658661
 -1.828573 -1.566209 -3.571530 -0.506819
 -2.227077 -1.308193 -3.435385 -0.528250
 -2.194132 -1.514972 -1.927504 -0.647754
 -2.641956 -1.554244 -2.111807 -0.516827
 -1.280934 -1.637608 -2.995723 -0.738611
 -1.823652 -1.381820 -2.842216 -0.636488
 -1.849576 -1.655422 -1.121342 -1.121342
 -2.171248 -1.679841 -1.703652 -0.658661
 -1.828573 -1.566209 -3.571530 -0.506819
 -2.227077 -1.308193 -3.435385 -0.528250
 -2.194132 -1.514972 -1.927504 -0.647754
 -2.641956 -1.554244 -2.111807 -0.516827
 -1.180443 -1.763587 -2.862191 -0.767256
 -2.073741 -1.380596 -2.525724 -0.610910
 -1.386294 -1.631416 -1.477266 -1.120592
 -2.607306 -1.898657 -1.978699 -0.449028
 -1.619909 -1.473306 -3.717037 -0.600366
 -2.192941 -1.396359 -3.659274 -0.485866
 -2.902637 -1.588321 -1.767661 -0.561906
 -2.630781 -1.539891 -2.205011 -0.505301
 -1.180443 -1.763587 -2.862191 -0.767256
 -2.073741 -1.380596 -2.525724 -0.610910
 -1.386294 -1.631416 -1.477266 -1.120592
 -2.607306 -1.898657 -1.978699 -0.449028
 -1.619909 -1.473306 -3.717037 -0.600366
 -2.192941 -1.396359 -3.659274 -0.485866
 -2.902637 -1.588321 -1.767661 -0.561906
 -2.630781 -1.539891 -2.205011 -0.505301
 -1.036738 -1.581463 -2.869309 -0.959777
 -1.730798 -1.021652 -2.862193 -0.902107
 -1.749198 -1.189585 -1.882728 -0.995429
 -2.236626 -1.543480 -2.009237 -0.606136
 -1.697143 -1.617100 -4.469700 -0.499441
 -2.175050 -1.227669 -3.561340 -0.570890
 -1.959750 -1.595785 -1.722079 -0.738850
 -2.639586 -1.476435 -2.023400 -0.565716
 -1.036738 -1.581463 -2.869309 -0.959777
 -1.730798 -1.021652 -2.862193 -0.902107
 -1.749198 -1.189585 -1.882728 -0.995429
 -2.236626 -1.543480 -2.009237 -0.606136
 -1.697143 -1.617100 -4.469700 -0.499441
 -2.175050 -1.227669 -3.561340 -0.570890
 -1.959750 -1.595785 -1.722079 -0.738850
 -2.639586 -1.476435 -2.023400 -0.565716
 -1.214784 -1.517064 -2.740833 -0.869039
 -1.791758 -0.949578 -2.726062 -0.965082
 -1.571216 -1.453433 -1.635754 -1.011603
 -2.521848 -1.501490 -1.844963 -0.618300
 -1.446919 -1.623375 -3.874652 -0.603832
 -2.060513 -1.201852 -3.669947 -0.604227
 -2.455748 -1.633391 -2.109473 -0.514779
 -2.222498 -1.413315 -2.122914 -0.637439
 -1.214784 -1.517064 -2.740833 -0.869039
 -1.791758 -0.949578 -2.726062 -0.965082
 -1.571216 -1.453433 -1.635754 -1.011603
 -2.521848 -1.501490 -1.844963 -0.618300
 -1.446919 -1.623375 -3.874652 -0.603832
 -2.060513 -1.201852 -3.669947 -0.604227
 -2.455748 -1.633391 -2.109473 -0.514779
 -2.222498 -1.413315 -2.122914 -0.637439
 -1.098613 -1.542543 -2.766312 -0.941771
 -1.763588 -1.037652 -2.766884 -0.888121
 -1.637607 -1.232144 -1.386294 -1.332227
 -2.427011 -1.295611 -2.072840 -0.669155
 -1.501224 -1.403586 -4.759289 -0.648448
 -2.204604 -1.147586 -3.871196 -0.595167
 -1.952532 -1.509040 -2.312533 -0.619983
 -2.530639 -1.288926 -2.094869 -0.650588
 -1.098613 -1.542543 -2.766312 -0.941771
 -1.763588 -1.037652 -2.766884 -0.888121
 -1.637607 -1.232144 -1.386294 -1.332227
 -2.427011 -1.295611 -2.072840 -0.669155
 -1.501224 -1.403586 -4.759289 -0.648448
 -2.204604 -1.147586 -3.871196 -0.595167
 -1.952532 -1.509040 -2.312533 -0.619983
 -2.530639 -1.288926 -2.094869 -0.650588
 -1.093308 -1.522870 -3.444668 -0.879734
 -1.553348 -0.993733 -3.391616 -0.955512
 -1.913645 -0.932822 -1.712976 -1.277661
 -2.473263 -1.513489 -2.124957 -0.551453
 -1.609438 -1.421386 -5.669782 -0.588477
 -2.114692 -0.997731 -3.906447 -0.712325
 -2.129630 -1.407497 -2.045073 -0.679259
 -2.577480 -1.355636 -2.391069 -0.553873
 -1.093308 -1.522870 -3.444668 -0.879734
 -1.553348 -0.993733 -3.391616 -0.955512
 -1.913645 -0.932822 -1.712976 -1.277661
 -2.473263 -1.513489 -2.124957 -0.551453
 -1.609438 -1.421386 -5.669782 -0.588477
 -2.114692 -0.997731 -3.906447 -0.712325
 -2.129630 -1.407497 -2.045073 -0.679259
 -2.577480 -1.355636 -2.391069 -0.553873
 -1.315677 -1.410987 -2.614954 -0.880360
 -2.064912 -0.979205 -2.758055 -0.834374
 -1.609436 -1.174121 -1.368276 -1.442383
 -2.410441 -1.883087 -1.866826 -0.505024
 -1.517064 -1.282225 -4.350254 -0.712692
 -2.193951 -0.916291 -3.057722 -0.817509
 -1.851823 -1.600509 -1.823652 -0.734344
 -2.749168 -1.550767 -2.454566 -0.449365
 -1.315677 -1.410987 -2.614954 -0.880360
 -2.064912 -0.979205 -2.758055 -0.834374
 -1.609436 -1.174121 -1.368276 -1.442383
 -2.410441 -1.883087 -1.866826 -0.505024
 -1.517064 -1.282225 -4.350254 -0.712692
 -2.193951 -0.916291 -3.057722 -0.817509
 -1.851823 -1.600509 -1.823652 -0.734344
 -2.749168 -1.550767 -2.454566 -0.449365
 -1.399033 -1.661397 -2.760002 -0.693148
 -1.770705 -1.046788 -2.838540 -0.866995
 -1.550596 -1.624704 -1.791756 -0.857453
 -2.496739 -1.978797 -2.245425 -0.395224
 -1.401109 -1.343122 -3.996346 -0.745990
 -2.174287 -0.889959 -3.232892 -0.829666
 -1.834484 -1.461280 -1.722006 -0.844767
 -2.596911 -1.828863 -2.354692 -0.400511
 -1.399033 -1.661397 -2.760002 -0.693148
 -1.770705 -1.046788 -2.838540 -0.866995
 -1.550596 -1.624704 -1.791756 -0.857453
 -2.496739 -1.978797 -2.245425 -0.395224
 -1.401109 -1.343122 -3.996346 -0.745990
 -2.174287 -0.889959 -3.232892 -0.829666
 -1.834484 -1.461280 -1.722006 -0.844767
 -2.596911 -1.828863 -2.354692 -0.400511
 -0.656781 -1.561235 -2.379542 -1.720299
 -0.874327 -1.213543 -2.331569 -1.668278
 -1.071585 -2.211011 -0.994624 -1.725508
 -1.400725 -2.191509 -1.154592 -1.118874
 -0.544375 -1.788352 -2.972117 -1.602635
 -0.943708 -1.158413 -2.869482 -1.426677
 -0.958679 -1.949869 -1.242930 -1.683241
 -1.262558 -1.789654 -1.582409 -1.065449
 -0.656781 -1.561235 -2.379542 -1.720299
 -0.874327 -1.213543 -2.331569 -1.668278
 -1.071585 -2.211011 -0.994624 -1.725508
 -1.400725 -2.191509 -1.154592 -1.118874
 -0.544375 -1.788352 -2.972117 -1.602635
 -0.943708 -1.158413 -2.869482 -1.426677
 -0.958679 -1.949869 -1.242930 -1.683241
 -1.262558 -1.789654 -1.582409 -1.065449
 -0.051854 -15.139931 -2.985146 -15.139931
 -0.048399 -14.054530 -3.052414 -14.054530
 -0.080045 -14.077878 -2.564943 -14.077878
 -0.160932 -14.207556 -1.906168 -14.207556
 -0.005059 -16.109055 -5.289257 -16.109055
 -0.052435 -15.681141 -2.974290 -15.681141
 -0.107347 -15.538278 -2.284884 -15.538278
 -0.096023 -16.100950 -2.390799 -16.100950
 -0.051854 -15.139931 -2.985146 -15.139931
 -0.048399 -14.054530 -3.052414 -14.054530
 -0.080045 -14.077878 -2.564943 -14.077878
 -0.160932 -14.207556 -1.906168 -14.207556
 -0.005059 -16.109055 -5.289257 -16.109055
 -0.052435 -15.681141 -2.974290 -15.681141
 -0.107347 -15.538278 -2.284884 -15.538278
 -0.096023 -16.100950 -2.390799 -16.100950
 -0.000000 -16.794096 -16.794096 -16.794096
 -1.386294 -1.386294 -1.386294 -1.386294
 -0.000003 -13.721204 -13.721204 -13.721204
 -1.386294 -1.386294 -1.386294 -1.386294
 -0.000000 -16.679424 -16.679424 -16.679424
 -1.386294 -1.386294 -1.386294 -1.386294
 -0.000002 -14.227623 -14.227623 -14.227623
 -1.386294 -1.386294 -1.386294 -1.386294
 -0.000000 -16.794096 -16.794096 -16.794096
 -1.386294 -1.386294 -1.386294 -1.386294
 -0.000003 -13.721204 -13.721204 -13.721204
 -1.386294 -1.386294 -1.386294 -1.386294
 -0.000000 -16.679424 -16.679424 -16.679424
 -1.386294 -1.386294 -1.386294 -1.386294
 -0.000002 -14.227623 -14.227623 -14.227623
 -1.386294 -1.386294 -1.386294 -1.386294
 -17.494593 -17.494593 -0.000000 -17.494593
 -1.386294 -1.386294 -1.386294 -1.386294
 -1.386294 -1.386294 -1.386294 -1.386294
 -1.386294 -1.386294 -1.386294 -1.386294
 -1.386294 -1.386294 -1.386294 -1.386294
 -1.386294 -1.386294 -1.386294 -1.386294
 -1.386294 -1.386294 -1.386294 -1.386294
 -1.386294 -1.386294 -1.386294 -1.386294
 -17.494593 -17.494593 -0.000000 -17.494593
 -1.386294 -1.386294 -1.386294 -1.386294
 -1.386294 -1.386294 -1.386294 -1.386294
 -1.386294 -1.386294 -1.386294 -1.386294
 -1.386294 -1.386294 -1.386294 -1.386294
 -1.386294 -1.386294 -1.386294 -1.386294
 -1.386294 -1.386294 -1.386294 -1.386294
 -1.386294 -1.386294 -1.386294 -1.386294
 -1.386294 -1.386294 -1.386294 -1.386294
 -1.386294 -1.386294 -1.386294 -1.386294
 -1.466421 -1.883994 -0.665018 -2.272985
 -1.386294 -1.386294 -1.386294 -1.386294
 -1.386294 -1.386294 -1.386294 -1.386294
 -1.386294 -1.386294 -1.386294 -1.386294
 -1.386294 -1.386294 -1.386294 -1.386294
 -1.386294 -1.386294 -1.386294 -1.386294
 -1.386294 -1.386294 -1.386294 -1.386294
 -1.386294 -1.386294 -1.386294 -1.386294
 -1.466421 -1.883994 -0.665018 -2.272985
 -1.386294 -1.386294 -1.386294 -1.386294
 -1.386294 -1.386294 -1.386294 -1.386294
 -1.386294 -1.386294 -1.386294 -1.386294
 -1.386294 -1.386294 -1.386294 -1.386294
 -1.386294 -1.386294 -1.386294 -1.386294
 -1.397296 -1.748926 -1.780878 -0.890905
 -1.430444 -1.306507 -2.411272 -0.915461
 -1.293084 -1.705730 -1.775689 -0.981975
 -2.204603 -1.478668 -1.143733 -1.069625
 -1.386294 -1.386294 -1.386294 -1.386294
 -1.386294 -1.386294 -1.386294 -1.386294
 -1.386294 -1.386294 -1.386294 -1.386294
 -1.386294 -1.386294 -1.386294 -1.386294
 -1.397296 -1.748926 -1.780878 -0.890905
 -1.430444 -1.306507 -2.411272 -0.915461
 -1.293084 -1.705730 -1.775689 -0.981975
 -2.204603 -1.478668 -1.143733 -1.069625
 -1.386294 -1.386294 -1.386294 -1.386294
 -1.386294 -1.386294 -1.386294 -1.386294
 -1.386294 -1.386294 -1.386294 -1.386294
 -1.386294 -1.386294 -1.386294 -1.386294
 -1.030894 -1.938295 -1.716924 -1.140231
 -1.165043 -1.418958 -2.096600 -1.129325
 -1.131202 -1.392324 -1.769954 -1.352794
 -1.689920 -1.620927 -1.120826 -1.231893
 -1.181304 -1.435084 -1.874450 -1.198696
 -1.340485 -1.201372 -2.212971 -1.114361
 -1.477266 -1.526056 -1.189584 -1.386294
 -1.899747 -1.723291 -1.114486 -1.067602
 -1.030894 -1.938295 -1.716924 -1.140231
 -1.165043 -1.418958 -2.096600 -1.129325
 -1.131202 -1.392324 -1.769954 -1.352794
 -1.689920 -1.620927 -1.120826 -1.231893
 -1.181304 -1.435084 -1.874450 -1.198696
 -1.340485 -1.201372 -2.212971 -1.114361
 -1.477266 -1.526056 -1.189584 -1.386294
 -1.899747 -1.723291 -1.114486 -1.067602
 -2.652029 0.000100 0.000100 0.000100
 -2.889378 0.000100 0.000100 0.000100
 -2.491213 0.000100 0.000100 0.000100
 -2.952868 0.000100 0.000100 0.000100
 -2.782716 0.000100 0.000100 0.000100
 -2.851290 0.000100 0.000100 0.000100
 -2.973578 0.000100 0.000100 0.000100
 -2.686457 0.000100 0.000100 0.000100
 -2.652029 0.000100 0.000100 0.000100
 -2.889378 0.000100 0.000100 0.000100
 -2.491213 0.000100 0.000100 0.000100
 -2.952868 0.000100 0.000100 0.000100
 -2.782716 0.000100 0.000100 0.000100
 -2.851290 0.000100 0.000100 0.000100
 -2.973578 0.000100 0.000100 0.000100
 -2.686457 0.000100 0.000100 0.000100
 -1.065011 -1.879723 -1.269283 -1.506835
 -1.147404 -1.266012 -2.331380 -1.192621
 -1.174677 -1.468246 -1.219854 -1.798912
 -1.595988 -1.538574 -1.155716 -1.317616
 -1.205239 -1.562004 -1.291147 -1.533825
 -1.139077 -1.266195 -2.454945 -1.164382
 -1.471478 -1.289018 -1.231569 -1.594360
 -1.742843 -1.483276 -1.260359 -1.156668
 -1.065011 -1.879723 -1.269283 -1.506835
 -1.147404 -1.266012 -2.331380 -1.192621
 -1.174677 -1.468246 -1.219854 -1.798912
 -1.595988 -1.538574 -1.155716 -1.317616
 -1.205239 -1.562004 -1.291147 -1.533825
 -1.139077 -1.266195 -2.454945 -1.164382
 -1.471478 -1.289018 -1.231569 -1.594360
 -1.742843 -1.483276 -1.260359 -1.156668
 -1.140052 -2.026058 -1.306803 -1.281360
 -1.181423 -1.244776 -2.484531 -1.133862
 -1.214629 -1.443930 -1.300354 -1.636059
 -1.607281 -1.458125 -1.240343 -1.281534
 -1.363127 -1.673800 -1.165059 -1.407708
 -1.247956 -1.259558 -2.549472 -1.046950
 -1.410587 -1.520271 -1.154949 -1.503846
 -1.751066 -1.520252 -1.251631 -1.134084
 -1.140052 -2.026058 -1.306803 -1.281360
 -1.181423 -1.244776 -2.484531 -1.133862
 -1.214629 -1.443930 -1.300354 -1.636059
 -1.607281 -1.458125 -1.240343 -1.281534
 -1.363127 -1.673800 -1.165059 -1.407708
 -1.247956 -1.259558 -2.549472 -1.046950
 -1.410587 -1.520271 -1.154949 -1.503846
 -1.751066 -1.520252 -1.251631 -1.134084
 -1.138510 -1.842618 -1.097779 -1.672961
 -1.201524 -1.211328 -2.315340 -1.194913
 -1.278734 -1.554932 -1.085494 -1.756363
 -1.764628 -1.276438 -1.286070 -1.296947
 -1.335021 -1.595064 -1.208993 -1.446239
 -1.266117 -1.267933 -2.517294 -1.032866
 -1.512611 -1.411273 -1.169248 -1.490620
 -1.692786 -1.408258 -1.303366 -1.204610
 -1.138510 -1.842618 -1.097779 -1.672961
 -1.201524 -1.211328 -2.315340 -1.194913
 -1.278734 -1.554932 -1.085494 -1.756363
 -1.764628 -1.276438 -1.286070 -1.296947
 -1.335021 -1.595064 -1.208993 -1.446239
 -1.266117 -1.267933 -2.517294 -1.032866
 -1.512611 -1.411273 -1.169248 -1.490620
 -1.692786 -1.408258 -1.303366 -1.204610
 -1.107114 -1.775053 -1.245701 -1.549874
 -1.092675 -1.286642 -2.290364 -1.247383
 -1.247400 -1.496566 -1.275153 -1.563206
 -1.580500 -1.629467 -1.168770 -1.247072
 -1.349383 -1.533080 -1.216331 -1.476592
 -1.182618 -1.143549 -2.343751 -1.277003
 -1.503955 -1.523243 -1.078006 -1.516524
 -1.845471 -1.505006 -1.124468 -1.220076
 -1.107114 -1.775053 -1.245701 -1.549874
 -1.092675 -1.286642 -2.290364 -1.247383
 -1.247400 -1.496566 -1.275153 -1.563206
 -1.580500 -1.629467 -1.168770 -1.247072
 -1.349383 -1.533080 -1.216331 -1.476592
 -1.182618 -1.143549 -2.343751 -1.277003
 -1.503955 -1.523243 -1.078006 -1.516524
 -1.845471 -1.505006 -1.124468 -1.220076
 -1.090381 -1.906404 -1.181049 -1.568578
 -1.193557 -1.278258 -2.325093 -1.137678
 -1.216027 -1.549459 -1.158383 -1.730260
 -1.648645 -1.589344 -1.129150 -1.271816
 -1.384034 -1.389467 -1.340486 -1.433353
 -1.218883 -1.200914 -2.653335 -1.099298
 -1.459144 -1.404234 -1.409713 -1.280867
 -1.789307 -1.461530 -1.348903 -1.074355
 -1.090381 -1.906404 -1.181049 -1.568578
 -1.193557 -1.278258 -2.325093 -1.137678
 -1.216027 -1.549459 -1.158383 -1.730260
 -1.648645 -1.589344 -1.129150 -1.271816
 -1.384034 -1.389467 -1.340486 -1.433353
 -1.218883 -1.200914 -2.653335 -1.099298
 -1.459144 -1.404234 -1.409713 -1.280867
 -1.789307 -1.461530 -1.348903 -1.074355
 -1.135325 -1.845177 -1.111261 -1.652651
 -1.282803 -1.204828 -2.429460 -1.093884
 -1.165277 -1.524028 -1.227944 -1.729139
 -1.414551 -1.686650 -1.210290 -1.295665
 -1.411874 -1.617754 -1.100839 -1.489976
 -1.113624 -1.330148 -2.538868 -1.114012
 -1.554684 -1.383873 -1.146939 -1.511721
 -1.844426 -1.363792 -1.320347 -1.142087
 -1.135325 -1.845177 -1.111261 -1.652651
 -1.282803 -1.204828 -2.429460 -1.093884
 -1.165277 -1.524028 -1.227944 -1.729139
 -1.414551 -1.686650 -1.210290 -1.295665
 -1.411874 -1.617754 -1.100839 -1.489976
 -1.113624 -1.330148 -2.538868 -1.114012
 -1.554684 -1.383873 -1.146939 -1.511721
 -1.844426 -1.363792 -1.320347 -1.142087
 -1.014159 -1.917774 -1.197639 -1.668906
 -1.185522 -1.334924 -2.276364 -1.112979
 -1.171815 -1.512974 -1.198061 -1.782820
 -1.578212 -1.658490 -1.155750 -1.243377
 -1.268008 -1.751081 -1.084409 -1.575420
 -1.227048 -1.182972 -2.454079 -1.156663
 -1.406804 -1.518148 -1.171918 -1.486399
 -1.923925 -1.373690 -1.385182 -1.048343
 -1.014159 -1.917774 -1.197639 -1.668906
 -1.185522 -1.334924 -2.276364 -1.112979
 -1.171815 -1.512974 -1.198061 -1.782820
 -1.578212 -1.658490 -1.155750 -1.243377
 -1.268008 -1.751081 -1.084409 -1.575420
 -1.227048 -1.182972 -2.454079 -1.156663
 -1.406804 -1.518148 -1.171918 -1.486399
 -1.923925 -1.373690 -1.385182 -1.048343
 -1.163308 -1.949091 -1.249568 -1.352793
 -1.186978 -1.217839 -2.299248 -1.208467
 -1.297917 -1.373950 -1.260389 -1.659411
 -1.588777 -1.615404 -1.175346 -1.243746
 -1.345341 -1.679271 -1.201812 -1.376779
 -1.257759 -1.276568 -2.425640 -1.054706
 -1.431832 -1.546441 -1.148931 -1.464693
 -1.859556 -1.594330 -1.156903 -1.118544
 -1.163308 -1.949091 -1.249568 -1.352793
 -1.186978 -1.217839 -2.299248 -1.208467
 -1.297917 -1.373950 -1.260389 -1.659411
 -1.588777 -1.615404 -1.175346 -1.243746
 -1.345341 -1.679271 -1.201812 -1.376779
 -1.257759 -1.276568 -2.425640 -1.054706
 -1.431832 -1.546441 -1.148931 -1.464693
 -1.859556 -1.594330 -1.156903 -1.118544
 -1.104878 -1.833349 -1.148573 -1.651392
 -1.092631 -1.294098 -2.342826 -1.222591
 -1.281480 -1.502485 -1.131008 -1.731099
 -1.717156 -1.311870 -1.219015 -1.364194
 -1.366506 -1.596819 -1.169019 -1.461914
 -1.171519 -1.284104 -2.482447 -1.109672
 -1.285666 -1.531919 -1.170658 -1.623281
 -1.867768 -1.572684 -1.166236 -1.119303
 -1.104878 -1.833349 -1.148573 -1.651392
 -1.092631 -1.294098 -2.342826 -1.222591
 -1.281480 -1.502485 -1.131008 -1.731099
 -1.717156 -1.311870 -1.219015 -1.364194
 -1.366506 -1.596819 -1.169019 -1.461914
 -1.171519 -1.284104 -2.482447 -1.109672
 -1.285666 -1.531919 -1.170658 -1.623281
 -1.867768 -1.572684 -1.166236 -1.119303
 -1.039690 -1.898315 -1.181353 -1.662039
 -1.158269 -1.197881 -2.223493 -1.287691
 -1.213282 -1.578615 -1.153768 -1.708854
 -1.599525 -1.602793 -1.131875 -1.293730
 -1.424327 -1.509500 -1.148791 -1.508285
 -1.184322 -1.142847 -2.469018 -1.236260
 -1.583865 -1.394076 -1.152806 -1.465304
 -1.716807 -1.599120 -1.172181 -1.175721
 -1.039690 -1.898315 -1.181353 -1.662039
 -1.158269 -1.197881 -2.223493 -1.287691
 -1.213282 -1.578615 -1.153768 -1.708854
 -1.599525 -1.602793 -1.131875 -1.293730
 -1.424327 -1.509500 -1.148791 -1.508285
 -1.184322 -1.142847 -2.469018 -1.236260
 -1.583865 -1.394076 -1.152806 -1.465304
 -1.716807 -1.599120 -1.172181 -1.175721
 -1.081150 -1.738150 -1.212666 -1.673732
 -1.250021 -1.164001 -2.380044 -1.175320
 -1.172002 -1.516395 -1.199799 -1.774919
 -1.616966 -1.505139 -1.264095 -1.213961
 -1.392060 -1.444198 -1.238788 -1.488253
 -1.270497 -1.172800 -2.571772 -1.098387
 -1.516097 -1.541547 -1.143917 -1.395075
 -1.794757 -1.504868 -1.343514 -1.047373
 -1.081150 -1.738150 -1.212666 -1.673732
 -1.250021 -1.164001 -2.380044 -1.175320
 -1.172002 -1.516395 -1.199799 -1.774919
 -1.616966 -1.505139 -1.264095 -1.213961
 -1.392060 -1.444198 -1.238788 -1.488253
 -1.270497 -1.172800 -2.571772 -1.098387
 -1.516097 -1.541547 -1.143917 -1.395075
 -1.794757 -1.504868 -1.343514 -1.047373
 -1.139437 -1.878145 -1.144870 -1.566080
 -1.338058 -1.153233 -2.423183 -1.098438
 -1.269540 -1.567973 -1.123098 -1.685771
 -1.535504 -1.635499 -1.137547 -1.312327
 -1.393213 -1.647797 -1.131205 -1.441360
 -1.117374 -1.367695 -2.530527 -1.083078
 -1.475512 -1.515301 -1.131155 -1.474313
 -1.861770 -1.534740 -1.243260 -1.076904
 -1.139437 -1.878145 -1.144870 -1.566080
 -1.338058 -1.153233 -2.423183 -1.098438
 -1.269540 -1.567973 -1.123098 -1.685771
 -1.535504 -1.635499 -1.137547 -1.312327
 -1.393213 -1.647797 -1.131205 -1.441360
 -1.117374 -1.367695 -2.530527 -1.083078
 -1.475512 -1.515301 -1.131155 -1.474313
 -1.861770 -1.534740 -1.243260 -1.076904
 -1.090506 -1.912178 -1.126356 -1.650349
 -1.115791 -1.298730 -2.200304 -1.242379
 -1.280757 -1.410147 -1.182981 -1.761998
 -1.662591 -1.592533 -1.174111 -1.211166
 -1.459911 -1.647262 -1.094758 -1.424844
 -1.208989 -1.258773 -2.370286 -1.126873
 -1.494483 -1.374096 -1.162154 -1.561814
 -1.953535 -1.362482 -1.374689 -1.051866
 -1.090506 -1.912178 -1.126356 -1.650349
 -1.115791 -1.298730 -2.200304 -1.242379
 -1.280757 -1.410147 -1.182981 -1.761998
 -1.662591 -1.592533 -1.174111 -1.211166
 -1.459911 -1.647262 -1.094758 -1.424844
 -1.208989 -1.258773 -2.370286 -1.126873
 -1.494483 -1.374096 -1.162154 -1.561814
 -1.953535 -1.362482 -1.374689 -1.051866
 -1.045922 -1.891682 -1.197351 -1.630553
 -1.110955 -1.328471 -2.302513 -1.184608
 -1.273625 -1.435763 -1.182372 -1.738976
 -1.603073 -1.685295 -1.142020 -1.223633
 -1.334227 -1.716631 -1.127800 -1.455760
 -1.023220 -1.328382 -2.394178 -1.257334
 -1.419623 -1.621662 -1.073729 -1.519174
 -1.697129 -1.697541 -1.099292 -1.202138
 -1.045922 -1.891682 -1.197351 -1.630553
 -1.110955 -1.328471 -2.302513 -1.184608
 -1.273625 -1.435763 -1.182372 -1.738976
 -1.603073 -1.685295 -1.142020 -1.223633
 -1.334227 -1.716631 -1.127800 -1.455760
 -1.023220 -1.328382 -2.394178 -1.257334
 -1.419623 -1.621662 -1.073729 -1.519174
 -1.697129 -1.697541 -1.099292 -1.202138
 -1.069899 -1.832148 -1.144431 -1.723266
 -1.083571 -1.341720 -2.336681 -1.192138
 -1.236469 -1.454470 -1.228221 -1.696878
 -1.560424 -1.638647 -1.097747 -1.339073
 -1.465443 -1.652424 -0.972828 -1.612307
 -1.233996 -1.170779 -2.489712 -1.152602
 -1.262500 -1.744467 -1.024835 -1.695756
 -1.829688 -1.590223 -1.189772 -1.104533
 -1.069899 -1.832148 -1.144431 -1.723266
 -1.083571 -1.341720 -2.336681 -1.192138
 -1.236469 -1.454470 -1.228221 -1.696878
 -1.560424 -1.638647 -1.097747 -1.339073
 -1.465443 -1.652424 -0.972828 -1.612307
 -1.233996 -1.170779 -2.489712 -1.152602
 -1.262500 -1.744467 -1.024835 -1.695756
 -1.829688 -1.590223 -1.189772 -1.104533
 -1.110222 -1.869671 -1.143481 -1.621347
 -1.068344 -1.242167 -2.387079 -1.288198
 -1.352373 -1.596492 -1.004612 -1.756885
 -1.531846 -1.752949 -1.122894 -1.254338
 -1.371027 -1.600480 -1.173622 -1.447704
 -1.025819 -1.363881 -2.437342 -1.209193
 -1.311090 -1.634846 -1.119557 -1.565101
 -1.658193 -1.687129 -1.194812 -1.134117
 -1.110222 -1.869671 -1.143481 -1.621347
 -1.068344 -1.242167 -2.387079 -1.288198
 -1.352373 -1.596492 -1.004612 -1.756885
 -1.531846 -1.752949 -1.122894 -1.254338
 -1.371027 -1.600480 -1.173622 -1.447704
 -1.025819 -1.363881 -2.437342 -1.209193
 -1.311090 -1.634846 -1.119557 -1.565101
 -1.658193 -1.687129 -1.194812 -1.134117
 -1.066066 -1.829113 -1.167066 -1.693882
 -1.116763 -1.284324 -2.447475 -1.173402
 -0.990543 -1.637441 -1.304324 -1.815281
 -1.613704 -1.553745 -1.190377 -1.254249
 -1.421889 -1.615589 -1.077978 -1.515558
 -1.213500 -1.340537 -2.550771 -1.013028
 -1.268269 -1.628989 -1.175077 -1.542906
 -1.820505 -1.570019 -1.286490 -1.039091
 -1.066066 -1.829113 -1.167066 -1.693882
 -1.116763 -1.284324 -2.447475 -1.173402
 -0.990543 -1.637441 -1.304324 -1.815281
 -1.613704 -1.553745 -1.190377 -1.254249
 -1.421889 -1.615589 -1.077978 -1.515558
 -1.213500 -1.340537 -2.550771 -1.013028
 -1.268269 -1.628989 -1.175077 -1.542906
 -1.820505 -1.570019 -1.286490 -1.039091
 -1.219997 -1.926488 -0.931979 -1.799773
 -1.231412 -1.165929 -2.369539 -1.194145
 -1.356155 -1.601800 -1.011128 -1.731557
 -1.616822 -1.574169 -1.110364 -1.328582
 -1.408444 -1.599944 -1.121690 -1.479112
 -1.207255 -1.261049 -2.567042 -1.076271
 -1.377327 -1.412406 -1.204538 -1.587867
 -1.779853 -1.418683 -1.355638 -1.104062
 -1.219997 -1.926488 -0.931979 -1.799773
 -1.231412 -1.165929 -2.369539 -1.194145
 -1.356155 -1.601800 -1.011128 -1.731557
 -1.616822 -1.574169 -1.110364 -1.328582
 -1.408444 -1.599944 -1.121690 -1.479112
 -1.207255 -1.261049 -2.567042 -1.076271
 -1.377327 -1.412406 -1.204538 -1.587867
 -1.779853 -1.418683 -1.355638 -1.104062
 -1.069041 -1.897769 -1.108476 -1.733313
 -1.060640 -1.281078 -2.262135 -1.302320
 -1.259052 -1.462382 -1.185688 -1.721168
 -1.616952 -1.555815 -1.096120 -1.361349
 -1.369907 -1.623602 -1.088433 -1.551460
 -1.231350 -1.114830 -2.521141 -1.204764
 -1.384404 -1.525790 -1.093594 -1.624209
 -1.802475 -1.416230 -1.321850 -1.121345
 -1.069041 -1.897769 -1.108476 -1.733313
 -1.060640 -1.281078 -2.262135 -1.302320
 -1.259052 -1.462382 -1.185688 -1.721168
 -1.616952 -1.555815 -1.096120 -1.361349
 -1.369907 -1.623602 -1.088433 -1.551460
 -1.231350 -1.114830 -2.521141 -1.204764
 -1.384404 -1.525790 -1.093594 -1.624209
 -1.802475 -1.416230 -1.321850 -1.121345
 -1.146097 -1.767319 -1.141971 -1.649503
 -1.115818 -1.392753 -2.312565 -1.124067
 -1.257154 -1.314848 -1.305496 -1.737360
 -1.625648 -1.723185 -1.136557 -1.191396
 -1.358452 -1.661559 -1.072558 -1.556055
 -1.162374 -1.121628 -2.408196 -1.303680
 -1.397743 -1.525947 -1.086422 -1.619443
 -1.765867 -1.530556 -1.174815 -1.191814
 -1.146097 -1.767319 -1.141971 -1.649503
 -1.115818 -1.392753 -2.312565 -1.124067
 -1.257154 -1.314848 -1.305496 -1.737360
 -1.625648 -1.723185 -1.136557 -1.191396
 -1.358452 -1.661559 -1.072558 -1.556055
 -1.162374 -1.121628 -2.408196 -1.303680
 -1.397743 -1.525947 -1.086422 -1.619443
 -1.765867 -1.530556 -1.174815 -1.191814
 -1.052324 -2.184779 -1.026571 -1.714028
 -0.979517 -1.473565 -2.299058 -1.220621
 -1.148412 -1.969889 -1.093457 -1.568625
 -1.318041 -2.002711 -0.954297 -1.549806
 -1.289347 -2.076189 -0.894032 -1.660000
 -0.975127 -1.465624 -2.523167 -1.165661
 -1.453216 -2.104870 -0.855811 -1.516936
 -1.704291 -1.670613 -1.049787 -1.273128
 -1.052324 -2.184779 -1.026571 -1.714028
 -0.979517 -1.473565 -2.299058 -1.220621
 -1.148412 -1.969889 -1.093457 -1.568625
 -1.318041 -2.002711 -0.954297 -1.549806
 -1.289347 -2.076189 -0.894032 -1.660000
 -0.975127 -1.465624 -2.523167 -1.165661
 -1.453216 -2.104870 -0.855811 -1.516936
 -1.704291 -1.670613 -1.049787 -1.273128
 -0.637939 -19.834591 -0.751582 -19.834591
 -0.315176 -18.956999 -1.308076 -18.956999
 -0.830210 -20.049568 -0.572626 -20.049568
 -1.076500 -19.414452 -0.416707 -19.414452
 -0.785694 -19.695261 -0.608445 -19.695261
 -0.311088 -19.291555 -1.319195 -19.291555
 -0.958177 -19.453688 -0.483845 -19.453688
 -1.157523 -19.631460 -0.377262 -19.631460
 -0.637939 -19.834591 -0.751582 -19.834591
 -0.315176 -18.956999 -1.308076 -18.956999
 -0.830210 -20.049568 -0.572626 -20.049568
 -1.076500 -19.414452 -0.416707 -19.414452
 -0.785694 -19.695261 -0.608445 -19.695261
 -0.311088 -19.291555 -1.319195 -19.291555
 -0.958177 -19.453688 -0.483845 -19.453688
 -1.157523 -19.631460 -0.377262 -19.631460
 0.000000 -20.381268 -20.381268 -20.381268
 -1.386294 -1.386294 -1.386294 -1.386294
 0.000000 -20.559971 -20.559971 -20.559971
 -1.386294 -1.386294 -1.386294 -1.386294
 0.000000 -20.024725 -20.024725 -20.024725
 -1.386294 -1.386294 -1.386294 -1.386294
 0.000000 -20.066084 -20.066084 -20.066084
 -1.386294 -1.386294 -1.386294 -1.386294
 0.000000 -20.381268 -20.381268 -20.381268
 -1.386294 -1.386294 -1.386294 -1.386294
 0.000000 -20.559971 -20.559971 -20.559971
 -1.386294 -1.386294 -1.386294 -1.386294
 0.000000 -20.024725 -20.024725 -20.024725
 -1.386294 -1.386294 -1.386294 -1.386294
 0.000000 -20.066084 -20.066084 -20.066084
 -1.386294 -1.386294 -1.386294 -1.386294
 -21.669235 -21.669235 0.000000 -21.669235
 -1.386294 -1.386294 -1.386294 -1.386294
 -1.386294 -1.386294 -1.386294 -1.386294
 -1.386294 -1.386294 -1.386294 -1.386294
 -1.386294 -1.386294 -1.386294 -1.386294
 -1.386294 -1.386294 -1.386294 -1.386294
 -1.386294 -1.386294 -1.386294 -1.386294
 -1.386294 -1.386294 -1.386294 -1.386294
 -21.669235 -21.669235 0.000000 -21.669235
 -1.386294 -1.386294 -1.386294 -1.386294
 -1.386294 -1.386294 -1.386294 -1.386294
 -1.386294 -1.386294 -1.386294 -1.386294
 -1.386294 -1.386294 -1.386294 -1.386294
 -1.386294 -1.386294 -1.386294 -1.386294
 -1.386294 -1.386294 -1.386294 -1.386294
 -1.386294 -1.386294 -1.386294 -1.386294
 -1.386294 -1.386294 -1.386294 -1.386294
 -1.386294 -1.386294 -1.386294 -1.386294
 -1.225843 -1.577853 -1.238035 -1.560084
 -1.386294 -1.386294 -1.386294 -1.386294
 -1.386294 -1.386294 -1.386294 -1.386294
 -1.386294 -1.386294 -1.386294 -1.386294
 -1.386294 -1.386294 -1.386294 -1.386294
 -1.386294 -1.386294 -1.386294 -1.386294
 -1.386294 -1.386294 -1.386294 -1.386294
 -1.386294 -1.386294 -1.386294 -1.386294
 -1.225843 -1.577853 -1.238035 -1.560084
 -1.386294 -1.386294 -1.386294 -1.386294
 -1.386294 -1.386294 -1.386294 -1.386294
 -1.386294 -1.386294 -1.386294 -1.386294
 -1.386294 -1.386294 -1.386294 -1.386294
 -1.386294 -1.386294 -1.386294 -1.386294
 -1.115220 -1.595551 -1.364467 -1.542511
 -1.198389 -1.163945 -2.365851 -1.230321
 -1.236023 -1.318674 -1.446286 -1.577310
 -1.561134 -1.601376 -1.138271 -1.316356
 -1.386294 -1.386294 -1.386294 -1.386294
 -1.386294 -1.386294 -1.386294 -1.386294
 -1.386294 -1.386294 -1.386294 -1.386294
 -1.386294 -1.386294 -1.386294 -1.386294
 -1.115220 -1.595551 -1.364467 -1.542511
 -1.198389 -1.163945 -2.365851 -1.230321
 -1.236023 -1.318674 -1.446286 -1.577310
 -1.561134 -1.601376 -1.138271 -1.316356
 -1.386294 -1.386294 -1.386294 -1.386294
 -1.386294 -1.386294 -1.386294 -1.386294
 -1.386294 -1.386294 -1.386294 -1.386294
 -1.386294 -1.386294 -1.386294 -1.386294
 -1.058007 -1.877997 -1.214195 -1.594510
 -1.165800 -1.241972 -2.188987 -1.246593
 -1.165729 -1.549858 -1.218488 -1.712858
 -1.707697 -1.514260 -1.050736 -1.390037
 -1.302146 -1.745502 -1.094096 -1.520269
 -1.080421 -1.311818 -2.388668 -1.205756
 -1.289462 -1.288650 -1.376400 -1.627334
 -1.802166 -1.423909 -1.182056 -1.246045
 -1.058007 -1.877997 -1.214195 -1.594510
 -1.165800 -1.241972 -2.188987 -1.246593
 -1.165729 -1.549858 -1.218488 -1.712858
 -1.707697 -1.514260 -1.050736 -1.390037
 -1.302146 -1.745502 -1.094096 -1.520269
 -1.080421 -1.311818 -2.388668 -1.205756
 -1.289462 -1.288650 -1.376400 -1.627334
 -1.802166 -1.423909 -1.182056 -1.246045
