 -2.786104 0.000100 0.000100 0.000100
 -3.038737 0.000100 0.000100 0.000100
 -3.435923 0.000100 0.000100 0.000100
 -2.659748 0.000100 0.000100 0.000100
 -2.728740 0.000100 0.000100 0.000100
 -2.627745 0.000100 0.000100 0.000100
 -3.184216 0.000100 0.000100 0.000100
 -2.213396 0.000100 0.000100 0.000100
 -2.786104 0.000100 0.000100 0.000100
 -3.038737 0.000100 0.000100 0.000100
 -3.435923 0.000100 0.000100 0.000100
 -2.659748 0.000100 0.000100 0.000100
 -2.728740 0.000100 0.000100 0.000100
 -2.627745 0.000100 0.000100 0.000100
 -3.184216 0.000100 0.000100 0.000100
 -2.213396 0.000100 0.000100 0.000100
 -1.318532 -1.389991 -2.018599 -1.048242
 -1.531773 -1.175099 -2.907135 -0.866483
 -1.567909 -1.314714 -1.455792 -1.238728
 -1.585340 -1.730274 -1.303628 -1.060330
 -1.079630 -1.516347 -1.933788 -1.216831
 -1.511982 -1.277475 -3.745569 -0.739892
 -1.084970 -1.442806 -1.965327 -1.252763
 -1.818118 -1.451874 -1.631532 -0.896713
 -1.318532 -1.389991 -2.018599 -1.048242
 -1.531773 -1.175099 -2.907135 -0.866483
 -1.567909 -1.314714 -1.455792 -1.238728
 -1.585340 -1.730274 -1.303628 -1.060330
 -1.079630 -1.516347 -1.933788 -1.216831
 -1.511982 -1.277475 -3.745569 -0.739892
 -1.084970 -1.442806 -1.965327 -1.252763
 -1.818118 -1.451874 -1.631532 -0.896713
 -1.240388 -1.429354 -1.863218 -1.151722
 -1.504077 -1.084528 -2.828493 -0.965968
 -1.598469 -1.199083 -1.562750 -1.249093
 -1.549029 -1.629790 -1.450589 -1.029620
 -1.030790 -1.615303 -1.977595 -1.184030
 -1.315535 -1.200339 -3.467293 -0.917852
 -1.137528 -1.579360 -1.862935 -1.145496
 -1.676129 -1.383533 -1.651797 -0.992883
 -1.240388 -1.429354 -1.863218 -1.151722
 -1.504077 -1.084528 -2.828493 -0.965968
 -1.598469 -1.199083 -1.562750 -1.249093
 -1.549029 -1.629790 -1.450589 -1.029620
 -1.030790 -1.615303 -1.977595 -1.184030
 -1.315535 -1.200339 -3.467293 -0.917852
 -1.137528 -1.579360 -1.862935 -1.145496
 -1.676129 -1.383533 -1.651797 -0.992883
 -1.407885 -1.368970 -1.995671 -1.007725
 -1.511799 -1.221215 -3.075770 -0.824484
 -1.591088 -1.335742 -1.364316 -1.280934
 -1.774761 -1.638425 -1.336145 -0.985284
 -1.073295 -1.618021 -1.905703 -1.167605
 -1.407497 -1.215696 -3.138293 -0.878551
 -1.224301 -1.523959 -1.935465 -1.067602
 -1.924446 -1.510012 -1.593782 -0.844016
 -1.407885 -1.368970 -1.995671 -1.007725
 -1.511799 -1.221215 -3.075770 -0.824484
 -1.591088 -1.335742 -1.364316 -1.280934
 -1.774761 -1.638425 -1.336145 -0.985284
 -1.073295 -1.618021 -1.905703 -1.167605
 -1.407497 -1.215696 -3.138293 -0.878551
 -1.224301 -1.523959 -1.935465 -1.067602
 -1.924446 -1.510012 -1.593782 -0.844016
 -1.223776 -1.388325 -1.937829 -1.163557
 -1.551310 -1.165648 -2.775083 -0.881974
 -1.495220 -1.281646 -1.649370 -1.184008
 -1.702147 -1.702147 -1.306252 -1.009000
 -1.261840 -1.519252 -1.920140 -1.045814
 -1.606380 -1.234553 -3.390531 -0.745005
 -1.264279 -1.531158 -1.754301 -1.113997
 -2.083084 -1.361158 -1.465731 -0.946282
 -1.223776 -1.388325 -1.937829 -1.163557
 -1.551310 -1.165648 -2.775083 -0.881974
 -1.495220 -1.281646 -1.649370 -1.184008
 -1.702147 -1.702147 -1.306252 -1.009000
 -1.261840 -1.519252 -1.920140 -1.045814
 -1.606380 -1.234553 -3.390531 -0.745005
 -1.264279 -1.531158 -1.754301 -1.113997
 -2.083084 -1.361158 -1.465731 -0.946282
 -1.203973 -1.369053 -2.053688 -1.147620
 -1.393918 -1.233954 -3.145668 -0.872941
 -1.754854 -1.083687 -1.776833 -1.140845
 -1.880108 -1.571561 -1.439137 -0.909878
 -1.259335 -1.541901 -2.119535 -0.962083
 -1.549987 -1.291243 -3.258093 -0.745791
 -1.371093 -1.717964 -1.848017 -0.893575
 -1.958568 -1.394413 -1.639536 -0.874930
 -1.203973 -1.369053 -2.053688 -1.147620
 -1.393918 -1.233954 -3.145668 -0.872941
 -1.754854 -1.083687 -1.776833 -1.140845
 -1.880108 -1.571561 -1.439137 -0.909878
 -1.259335 -1.541901 -2.119535 -0.962083
 -1.549987 -1.291243 -3.258093 -0.745791
 -1.371093 -1.717964 -1.848017 -0.893575
 -1.958568 -1.394413 -1.639536 -0.874930
 -1.227503 -1.345286 -1.952911 -1.188588
 -1.724318 -1.060585 -2.591126 -0.915000
 -1.728845 -1.283535 -1.364880 -1.237725
 -1.841899 -1.760221 -1.361314 -0.883936
 -1.478734 -1.452066 -2.110726 -0.875059
 -1.710503 -1.180809 -3.020422 -0.769133
 -1.486242 -1.532762 -2.051555 -0.845586
 -2.261932 -1.400794 -1.513435 -0.845606
 -1.227503 -1.345286 -1.952911 -1.188588
 -1.724318 -1.060585 -2.591126 -0.915000
 -1.728845 -1.283535 -1.364880 -1.237725
 -1.841899 -1.760221 -1.361314 -0.883936
 -1.478734 -1.452066 -2.110726 -0.875059
 -1.710503 -1.180809 -3.020422 -0.769133
 -1.486242 -1.532762 -2.051555 -0.845586
 -2.261932 -1.400794 -1.513435 -0.845606
 -1.370034 -1.448286 -1.895299 -1.019832
 -1.517536 -0.961412 -2.928519 -1.064444
 -1.672521 -1.290587 -1.627059 -1.077014
 -1.747001 -1.632591 -1.650773 -0.824669
 -1.532387 -1.555115 -2.236832 -0.763528
 -1.688020 -1.232722 -3.349901 -0.716357
 -1.819509 -1.528586 -1.720663 -0.816208
 -2.451330 -1.343328 -1.605381 -0.794001
 -1.370034 -1.448286 -1.895299 -1.019832
 -1.517536 -0.961412 -2.928519 -1.064444
 -1.672521 -1.290587 -1.627059 -1.077014
 -1.747001 -1.632591 -1.650773 -0.824669
 -1.532387 -1.555115 -2.236832 -0.763528
 -1.688020 -1.232722 -3.349901 -0.716357
 -1.819509 -1.528586 -1.720663 -0.816208
 -2.451330 -1.343328 -1.605381 -0.794001
 -1.366622 -1.353718 -2.072839 -1.019080
 -1.591893 -1.063826 -2.690503 -0.958466
 -1.770160 -1.501896 -1.583574 -0.911934
 -2.022283 -1.629240 -1.482258 -0.810930
 -1.719000 -1.159384 -2.466213 -0.862348
 -2.195961 -1.027851 -3.728854 -0.679337
 -1.806797 -1.565635 -1.869317 -0.749429
 -2.163091 -1.346955 -1.690574 -0.819649
 -1.366622 -1.353718 -2.072839 -1.019080
 -1.591893 -1.063826 -2.690503 -0.958466
 -1.770160 -1.501896 -1.583574 -0.911934
 -2.022283 -1.629240 -1.482258 -0.810930
 -1.719000 -1.159384 -2.466213 -0.862348
 -2.195961 -1.027851 -3.728854 -0.679337
 -1.806797 -1.565635 -1.869317 -0.749429
 -2.163091 -1.346955 -1.690574 -0.819649
 -1.527608 -1.235472 -2.461914 -0.899000
 -1.641746 -1.067316 -3.281483 -0.856007
 -1.990609 -1.082352 -1.775498 -1.035100
 -1.951187 -1.418383 -1.517322 -0.925102
 -1.681758 -1.394076 -2.320837 -0.759928
 -1.941253 -1.118648 -3.457598 -0.696654
 -2.211612 -1.425134 -1.791759 -0.727049
 -2.405199 -1.333837 -1.668653 -0.781350
 -1.527608 -1.235472 -2.461914 -0.899000
 -1.641746 -1.067316 -3.281483 -0.856007
 -1.990609 -1.082352 -1.775498 -1.035100
 -1.951187 -1.418383 -1.517322 -0.925102
 -1.681758 -1.394076 -2.320837 -0.759928
 -1.941253 -1.118648 -3.457598 -0.696654
 -2.211612 -1.425134 -1.791759 -0.727049
 -2.405199 -1.333837 -1.668653 -0.781350
 -1.401484 -1.323013 -2.808392 -0.850654
 -1.859897 -1.166750 -3.413238 -0.693148
 -2.136963 -1.169382 -1.615668 -0.987061
 -1.999676 -1.572232 -1.546480 -0.811833
 -1.648152 -1.363765 -2.720786 -0.721391
 -1.910934 -1.127960 -3.335544 -0.707713
 -2.157912 -1.367602 -2.006681 -0.702626
 -2.511139 -1.353934 -1.707902 -0.735311
 -1.401484 -1.323013 -2.808392 -0.850654
 -1.859897 -1.166750 -3.413238 -0.693148
 -2.136963 -1.169382 -1.615668 -0.987061
 -1.999676 -1.572232 -1.546480 -0.811833
 -1.648152 -1.363765 -2.720786 -0.721391
 -1.910934 -1.127960 -3.335544 -0.707713
 -2.157912 -1.367602 -2.006681 -0.702626
 -2.511139 -1.353934 -1.707902 -0.735311
 -1.456028 -1.573810 -2.554635 -0.730092
 -1.892855 -1.108274 -2.798560 -0.780159
 -1.799663 -1.015547 -2.205126 -1.015547
 -2.027782 -1.429251 -1.568250 -0.866370
 -2.079441 -1.354878 -2.838543 -0.582482
 -2.193817 -1.081692 -3.313046 -0.667318
 -2.169053 -1.386294 -1.997203 -0.693148
 -2.586596 -1.321594 -1.727059 -0.733537
 -1.456028 -1.573810 -2.554635 -0.730092
 -1.892855 -1.108274 -2.798560 -0.780159
 -1.799663 -1.015547 -2.205126 -1.015547
 -2.027782 -1.429251 -1.568250 -0.866370
 -2.079441 -1.354878 -2.838543 -0.582482
 -2.193817 -1.081692 -3.313046 -0.667318
 -2.169053 -1.386294 -1.997203 -0.693148
 -2.586596 -1.321594 -1.727059 -0.733537
 -1.526056 -1.417843 -2.373350 -0.804739
 -1.925290 -1.197053 -3.023897 -0.686228
 -1.909540 -1.386294 -1.546636 -0.944463
 -2.454947 -1.406169 -1.711029 -0.716678
 -1.819158 -1.342234 -4.016367 -0.582397
 -2.349256 -1.207159 -3.415076 -0.557497
 -2.395618 -1.357112 -1.879806 -0.695428
 -2.739881 -1.228133 -1.921280 -0.700849
 -1.526056 -1.417843 -2.373350 -0.804739
 -1.925290 -1.197053 -3.023897 -0.686228
 -1.909540 -1.386294 -1.546636 -0.944463
 -2.454947 -1.406169 -1.711029 -0.716678
 -1.819158 -1.342234 -4.016367 -0.582397
 -2.349256 -1.207159 -3.415076 -0.557497
 -2.395618 -1.357112 -1.879806 -0.695428
 -2.739881 -1.228133 -1.921280 -0.700849
 -1.932209 -1.365816 -3.590417 -0.557895
 -2.251290 -1.164656 -2.944433 -0.634737
 -2.311629 -1.183170 -1.618487 -0.925342
 -2.538330 -1.489730 -1.763267 -0.646102
 -1.809713 -1.448700 -3.692432 -0.550759
 -2.255970 -1.105900 -3.780045 -0.613424
 -2.492937 -1.373049 -2.142735 -0.603917
 -2.757705 -1.329136 -1.977547 -0.628393
 -1.932209 -1.365816 -3.590417 -0.557895
 -2.251290 -1.164656 -2.944433 -0.634737
 -2.311629 -1.183170 -1.618487 -0.925342
 -2.538330 -1.489730 -1.763267 -0.646102
 -1.809713 -1.448700 -3.692432 -0.550759
 -2.255970 -1.105900 -3.780045 -0.613424
 -2.492937 -1.373049 -2.142735 -0.603917
 -2.757705 -1.329136 -1.977547 -0.628393
 -1.746907 -1.472472 -13.901692 -0.516963
 -2.556362 -0.969401 -3.654963 -0.659247
 -2.734353 -1.165753 -1.510591 -0.909820
 -2.706026 -1.475148 -1.808086 -0.615287
 -2.079440 -1.574346 -4.536145 -0.419855
 -2.528800 -1.168482 -3.794463 -0.532880
 -2.373535 -1.411261 -2.008076 -0.637208
 -2.943363 -1.358721 -1.983154 -0.592961
 -1.746907 -1.472472 -13.901692 -0.516963
 -2.556362 -0.969401 -3.654963 -0.659247
 -2.734353 -1.165753 -1.510591 -0.909820
 -2.706026 -1.475148 -1.808086 -0.615287
 -2.079440 -1.574346 -4.536145 -0.419855
 -2.528800 -1.168482 -3.794463 -0.532880
 -2.373535 -1.411261 -2.008076 -0.637208
 -2.943363 -1.358721 -1.983154 -0.592961
 -1.760009 -1.236763 -3.433958 -0.682454
 -2.444897 -1.103728 -3.198663 -0.614677
 -1.836208 -1.098614 -1.931517 -1.015232
 -2.548176 -1.486266 -1.828362 -0.625706
 -1.711377 -1.417617 -4.326306 -0.572921
 -2.336732 -1.100649 -3.489409 -0.615847
 -2.434160 -1.493178 -2.211016 -0.548040
 -2.791366 -1.368851 -1.891605 -0.628420
 -1.760009 -1.236763 -3.433958 -0.682454
 -2.444897 -1.103728 -3.198663 -0.614677
 -1.836208 -1.098614 -1.931517 -1.015232
 -2.548176 -1.486266 -1.828362 -0.625706
 -1.711377 -1.417617 -4.326306 -0.572921
 -2.336732 -1.100649 -3.489409 -0.615847
 -2.434160 -1.493178 -2.211016 -0.548040
 -2.791366 -1.368851 -1.891605 -0.628420
 -1.309334 -1.469676 -3.218855 -0.776531
 -2.340734 -0.887304 -2.746196 -0.849083
 -1.945905 -1.460402 -1.540444 -0.889860
 -2.168444 -1.282395 -1.975541 -0.755904
 -1.817928 -1.368012 -4.908923 -0.552264
 -2.446834 -1.060540 -3.821696 -0.606468
 -2.499503 -1.461518 -1.982814 -0.600917
 -2.663442 -1.197671 -1.981386 -0.712294
 -1.309334 -1.469676 -3.218855 -0.776531
 -2.340734 -0.887304 -2.746196 -0.849083
 -1.945905 -1.460402 -1.540444 -0.889860
 -2.168444 -1.282395 -1.975541 -0.755904
 -1.817928 -1.368012 -4.908923 -0.552264
 -2.446834 -1.060540 -3.821696 -0.606468
 -2.499503 -1.461518 -1.982814 -0.600917
 -2.663442 -1.197671 -1.981386 -0.712294
 -1.469291 -1.591893 -4.727291 -0.584255
 -2.167808 -0.921279 -4.204661 -0.749429
 -2.371569 -1.021653 -1.752536 -0.985285
 -2.143389 -1.309661 -2.002808 -0.738404
 -1.812812 -1.293513 -5.662862 -0.581557
 -2.137852 -1.133799 -3.809322 -0.619673
 -2.553897 -1.301137 -2.172531 -0.623414
 -2.662962 -1.219846 -1.888533 -0.726312
 -1.469291 -1.591893 -4.727291 -0.584255
 -2.167808 -0.921279 -4.204661 -0.749429
 -2.371569 -1.021653 -1.752536 -0.985285
 -2.143389 -1.309661 -2.002808 -0.738404
 -1.812812 -1.293513 -5.662862 -0.581557
 -2.137852 -1.133799 -3.809322 -0.619673
 -2.553897 -1.301137 -2.172531 -0.623414
 -2.662962 -1.219846 -1.888533 -0.726312
 -1.686398 -1.044546 -3.583489 -0.831985
 -2.380424 -0.742820 -3.227716 -0.936314
 -2.079434 -0.806479 -1.945905 -1.252764
 -2.514553 -1.107642 -2.127781 -0.755740
 -1.876316 -1.054553 -5.808043 -0.702198
 -2.134120 -1.038096 -4.160714 -0.669574
 -2.446544 -1.084743 -2.009331 -0.817939
 -2.829283 -1.137608 -2.019413 -0.718206
 -1.686398 -1.044546 -3.583489 -0.831985
 -2.380424 -0.742820 -3.227716 -0.936314
 -2.079434 -0.806479 -1.945905 -1.252764
 -2.514553 -1.107642 -2.127781 -0.755740
 -1.876316 -1.054553 -5.808043 -0.702198
 -2.134120 -1.038096 -4.160714 -0.669574
 -2.446544 -1.084743 -2.009331 -0.817939
 -2.829283 -1.137608 -2.019413 -0.718206
 -1.600305 -1.080431 -3.592706 -0.841202
 -2.238045 -0.660358 -3.506548 -1.059392
 -2.302575 -0.916293 -2.302575 -0.916293
 -2.736959 -0.979104 -2.105689 -0.825939
 -1.844681 -0.928392 -14.883665 -0.805789
 -2.371814 -0.858926 -4.901967 -0.743094
 -2.494473 -0.916291 -2.226210 -0.892761
 -2.742291 -0.990354 -2.447875 -0.738866
 -1.600305 -1.080431 -3.592706 -0.841202
 -2.238045 -0.660358 -3.506548 -1.059392
 -2.302575 -0.916293 -2.302575 -0.916293
 -2.736959 -0.979104 -2.105689 -0.825939
 -1.844681 -0.928392 -14.883665 -0.805789
 -2.371814 -0.858926 -4.901967 -0.743094
 -2.494473 -0.916291 -2.226210 -0.892761
 -2.742291 -0.990354 -2.447875 -0.738866
 -13.815515 -0.000003 -13.815515 -13.815515
 -14.920769 -0.000001 -14.920769 -14.920769
 -12.971550 -0.000007 -12.971550 -12.971550
 -15.009434 -0.000001 -15.009434 -15.009434
 -14.848697 -0.000001 -14.848697 -14.848697
 -16.491726 -0.000000 -16.491726 -16.491726
 -14.576319 -0.000001 -14.576319 -14.576319
 -16.632116 -0.000000 -16.632116 -16.632116
 -13.815515 -0.000003 -13.815515 -13.815515
 -14.920769 -0.000001 -14.920769 -14.920769
 -12.971550 -0.000007 -12.971550 -12.971550
 -15.009434 -0.000001 -15.009434 -15.009434
 -14.848697 -0.000001 -14.848697 -14.848697
 -16.491726 -0.000000 -16.491726 -16.491726
 -14.576319 -0.000001 -14.576319 -14.576319
 -16.632116 -0.000000 -16.632116 -16.632116
 -1.386294 -1.386294 -1.386294 -1.386294
 -1.364588 -1.055661 -2.697136 -1.111231
 -1.386294 -1.386294 -1.386294 -1.386294
 -1.386294 -1.386294 -1.386294 -1.386294
 -1.386294 -1.386294 -1.386294 -1.386294
 -1.561878 -0.868097 -2.938071 -1.147150
 -1.386294 -1.386294 -1.386294 -1.386294
 -1.386294 -1.386294 -1.386294 -1.386294
 -1.386294 -1.386294 -1.386294 -1.386294
 -1.364588 -1.055661 -2.697136 -1.111231
 -1.386294 -1.386294 -1.386294 -1.386294
 -1.386294 -1.386294 -1.386294 -1.386294
 -1.386294 -1.386294 -1.386294 -1.386294
 -1.561878 -0.868097 -2.938071 -1.147150
 -1.386294 -1.386294 -1.386294 -1.386294
 -1.386294 -1.386294 -1.386294 -1.386294
 -1.386294 -1.386294 -1.386294 -1.386294
 -1.386294 -1.386294 -1.386294 -1.386294
 -1.386294 -1.386294 -1.386294 -1.386294
 -1.386294 -1.386294 -1.386294 -1.386294
 -16.067856 -16.067856 -16.067856 -0.000000
 -16.705326 -16.705326 -16.705326 -0.000000
 -14.699280 -14.699280 -14.699280 -0.000001
 -16.456709 -16.456709 -16.456709 -0.000000
 -1.386294 -1.386294 -1.386294 -1.386294
 -1.386294 -1.386294 -1.386294 -1.386294
 -1.386294 -1.386294 -1.386294 -1.386294
 -1.386294 -1.386294 -1.386294 -1.386294
 -16.067856 -16.067856 -16.067856 -0.000000
 -16.705326 -16.705326 -16.705326 -0.000000
 -14.699280 -14.699280 -14.699280 -0.000001
 -16.456709 -16.456709 -16.456709 -0.000000
 -1.386294 -1.386294 -1.386294 -1.386294
 -1.386294 -1.386294 -1.386294 -1.386294
 -1.386294 -1.386294 -1.386294 -1.386294
 -0.000000 -16.294567 -16.294567 -16.294567
 -1.386294 -1.386294 -1.386294 -1.386294
 -1.386294 -1.386294 -1.386294 -1.386294
 -1.386294 -1.386294 -1.386294 -1.386294
 0.000000 -17.281872 -17.281872 -17.281872
 -1.386294 -1.386294 -1.386294 -1.386294
 -1.386294 -1.386294 -1.386294 -1.386294
 -1.386294 -1.386294 -1.386294 -1.386294
 -0.000000 -16.294567 -16.294567 -16.294567
 -1.386294 -1.386294 -1.386294 -1.386294
 -1.386294 -1.386294 -1.386294 -1.386294
 -1.386294 -1.386294 -1.386294 -1.386294
 0.000000 -17.281872 -17.281872 -17.281872
 -1.386294 -1.386294 -1.386294 -1.386294
 -1.386294 -1.386294 -1.386294 -1.386294
 -1.386294 -1.386294 -1.386294 -1.386294
 -1.386294 -1.386294 -1.386294 -1.386294
 -17.598564 -17.598564 0.000000 -17.598564
 -1.386294 -1.386294 -1.386294 -1.386294
 -1.386294 -1.386294 -1.386294 -1.386294
 -1.386294 -1.386294 -1.386294 -1.386294
 -1.386294 -1.386294 -1.386294 -1.386294
 -1.386294 -1.386294 -1.386294 -1.386294
 -1.386294 -1.386294 -1.386294 -1.386294
 -1.386294 -1.386294 -1.386294 -1.386294
 -17.598564 -17.598564 0.000000 -17.598564
 -1.386294 -1.386294 -1.386294 -1.386294
 -1.386294 -1.386294 -1.386294 -1.386294
 -1.386294 -1.386294 -1.386294 -1.386294
 -1.386294 -1.386294 -1.386294 -1.386294
 -1.386294 -1.386294 -1.386294 -1.386294
 -1.386977 -2.094803 -0.653227 -2.237620
 -1.386294 -1.386294 -1.386294 -1.386294
 -1.386294 -1.386294 -1.386294 -1.386294
 -1.386294 -1.386294 -1.386294 -1.386294
 -1.386294 -1.386294 -1.386294 -1.386294
 -1.386294 -1.386294 -1.386294 -1.386294
 -1.386294 -1.386294 -1.386294 -1.386294
 -1.386294 -1.386294 -1.386294 -1.386294
 -1.386977 -2.094803 -0.653227 -2.237620
 -1.386294 -1.386294 -1.386294 -1.386294
 -1.386294 -1.386294 -1.386294 -1.386294
 -1.386294 -1.386294 -1.386294 -1.386294
 -1.386294 -1.386294 -1.386294 -1.386294
 -1.386294 -1.386294 -1.386294 -1.386294
 -1.314270 -1.859582 -1.712978 -0.928201
 -1.282784 -1.323606 -2.486755 -0.985152
 -1.292456 -1.621314 -1.733581 -1.046642
 -2.056257 -1.661966 -1.050737 -1.100747
 -1.386294 -1.386294 -1.386294 -1.386294
 -1.386294 -1.386294 -1.386294 -1.386294
 -1.386294 -1.386294 -1.386294 -1.386294
 -1.386294 -1.386294 -1.386294 -1.386294
 -1.314270 -1.859582 -1.712978 -0.928201
 -1.282784 -1.323606 -2.486755 -0.985152
 -1.292456 -1.621314 -1.733581 -1.046642
 -2.056257 -1.661966 -1.050737 -1.100747
 -1.386294 -1.386294 -1.386294 -1.386294
 -1.386294 -1.386294 -1.386294 -1.386294
 -1.386294 -1.386294 -1.386294 -1.386294
 -1.386294 -1.386294 -1.386294 -1.386294
 -1.178655 -1.549515 -1.452351 -1.402679
 -1.177051 -1.275491 -2.627882 -1.077960
 -1.169149 -1.264459 -1.621134 -1.563975
 -1.615113 -1.544495 -1.180273 -1.271120
 -1.475906 -1.219973 -1.881370 -1.127600
 -1.261384 -1.107233 -2.811976 -1.120306
 -1.704747 -1.471133 -1.281891 -1.167947
 -2.166960 -1.326656 -1.020721 -1.347934
 -1.178655 -1.549515 -1.452351 -1.402679
 -1.177051 -1.275491 -2.627882 -1.077960
 -1.169149 -1.264459 -1.621134 -1.563975
 -1.615113 -1.544495 -1.180273 -1.271120
 -1.475906 -1.219973 -1.881370 -1.127600
 -1.261384 -1.107233 -2.811976 -1.120306
 -1.704747 -1.471133 -1.281891 -1.167947
 -2.166960 -1.326656 -1.020721 -1.347934
 -2.640837 0.000100 0.000100 0.000100
 -2.959002 0.000100 0.000100 0.000100
 -2.631184 0.000100 0.000100 0.000100
 -2.772457 0.000100 0.000100 0.000100
 -2.813872 0.000100 0.000100 0.000100
 -2.862827 0.000100 0.000100 0.000100
 -3.077500 0.000100 0.000100 0.000100
 -2.536124 0.000100 0.000100 0.000100
 -2.640837 0.000100 0.000100 0.000100
 -2.959002 0.000100 0.000100 0.000100
 -2.631184 0.000100 0.000100 0.000100
 -2.772457 0.000100 0.000100 0.000100
 -2.813872 0.000100 0.000100 0.000100
 -2.862827 0.000100 0.000100 0.000100
 -3.077500 0.000100 0.000100 0.000100
 -2.536124 0.000100 0.000100 0.000100
 -1.124819 -1.872033 -1.390460 -1.300053
 -1.169648 -1.254988 -2.797662 -1.068591
 -1.266582 -1.485271 -1.271464 -1.554264
 -1.579848 -1.892564 -1.236821 -1.041278
 -1.354408 -1.593638 -1.325056 -1.298551
 -1.217910 -1.326960 -2.785357 -0.975079
 -1.379882 -1.484611 -1.402871 -1.287676
 -1.662396 -1.500755 -1.337583 -1.124314
 -1.124819 -1.872033 -1.390460 -1.300053
 -1.169648 -1.254988 -2.797662 -1.068591
 -1.266582 -1.485271 -1.271464 -1.554264
 -1.579848 -1.892564 -1.236821 -1.041278
 -1.354408 -1.593638 -1.325056 -1.298551
 -1.217910 -1.326960 -2.785357 -0.975079
 -1.379882 -1.484611 -1.402871 -1.287676
 -1.662396 -1.500755 -1.337583 -1.124314
 -1.098145 -1.796911 -1.326907 -1.446452
 -1.161963 -1.227346 -2.631822 -1.132855
 -1.354483 -1.490533 -1.257572 -1.459626
 -1.588977 -1.529992 -1.243504 -1.234583
 -1.444758 -1.561395 -1.259002 -1.307792
 -1.235864 -1.241846 -2.765106 -1.028349
 -1.560132 -1.516428 -1.155813 -1.364159
 -1.753935 -1.361657 -1.311323 -1.199950
 -1.098145 -1.796911 -1.326907 -1.446452
 -1.161963 -1.227346 -2.631822 -1.132855
 -1.354483 -1.490533 -1.257572 -1.459626
 -1.588977 -1.529992 -1.243504 -1.234583
 -1.444758 -1.561395 -1.259002 -1.307792
 -1.235864 -1.241846 -2.765106 -1.028349
 -1.560132 -1.516428 -1.155813 -1.364159
 -1.753935 -1.361657 -1.311323 -1.199950
 -1.041369 -1.846510 -1.338285 -1.483040
 -1.093935 -1.224043 -2.693422 -1.192651
 -1.260682 -1.586753 -1.305516 -1.423300
 -1.460487 -1.600130 -1.307014 -1.219494
 -1.372187 -1.577177 -1.313593 -1.305495
 -1.169146 -1.280836 -2.597314 -1.087406
 -1.543809 -1.553287 -1.138344 -1.368324
 -1.651663 -1.468637 -1.297528 -1.188022
 -1.041369 -1.846510 -1.338285 -1.483040
 -1.093935 -1.224043 -2.693422 -1.192651
 -1.260682 -1.586753 -1.305516 -1.423300
 -1.460487 -1.600130 -1.307014 -1.219494
 -1.372187 -1.577177 -1.313593 -1.305495
 -1.169146 -1.280836 -2.597314 -1.087406
 -1.543809 -1.553287 -1.138344 -1.368324
 -1.651663 -1.468637 -1.297528 -1.188022
 -1.072786 -1.886198 -1.331615 -1.417793
 -1.114128 -1.353934 -2.610769 -1.078522
 -1.164715 -1.577247 -1.327510 -1.531049
 -1.559655 -1.646904 -1.158551 -1.261583
 -1.323729 -1.737563 -1.278473 -1.274939
 -1.103260 -1.330683 -2.726771 -1.083275
 -1.304464 -1.651906 -1.366063 -1.266243
 -1.722602 -1.387118 -1.380550 -1.138920
 -1.072786 -1.886198 -1.331615 -1.417793
 -1.114128 -1.353934 -2.610769 -1.078522
 -1.164715 -1.577247 -1.327510 -1.531049
 -1.559655 -1.646904 -1.158551 -1.261583
 -1.323729 -1.737563 -1.278473 -1.274939
 -1.103260 -1.330683 -2.726771 -1.083275
 -1.304464 -1.651906 -1.366063 -1.266243
 -1.722602 -1.387118 -1.380550 -1.138920
 -1.211342 -1.892724 -1.040427 -1.618288
 -1.008310 -1.313548 -2.623789 -1.224948
 -1.201495 -1.657732 -1.240187 -1.517065
 -1.519377 -1.635965 -1.221579 -1.232293
 -1.494537 -1.525021 -1.117969 -1.464956
 -1.229662 -1.238999 -2.790133 -1.031360
 -1.458827 -1.701925 -1.060480 -1.431839
 -1.760652 -1.430336 -1.294235 -1.156036
 -1.211342 -1.892724 -1.040427 -1.618288
 -1.008310 -1.313548 -2.623789 -1.224948
 -1.201495 -1.657732 -1.240187 -1.517065
 -1.519377 -1.635965 -1.221579 -1.232293
 -1.494537 -1.525021 -1.117969 -1.464956
 -1.229662 -1.238999 -2.790133 -1.031360
 -1.458827 -1.701925 -1.060480 -1.431839
 -1.760652 -1.430336 -1.294235 -1.156036
 -1.131940 -1.892564 -1.270035 -1.402074
 -1.160306 -1.270730 -2.387268 -1.158036
 -1.206370 -1.489617 -1.331178 -1.555455
 -1.513369 -1.580621 -1.308273 -1.191717
 -1.251163 -1.660366 -1.355280 -1.324697
 -1.140446 -1.269890 -2.763465 -1.089490
 -1.481466 -1.525087 -1.229474 -1.336943
 -1.672717 -1.340729 -1.463541 -1.141957
 -1.131940 -1.892564 -1.270035 -1.402074
 -1.160306 -1.270730 -2.387268 -1.158036
 -1.206370 -1.489617 -1.331178 -1.555455
 -1.513369 -1.580621 -1.308273 -1.191717
 -1.251163 -1.660366 -1.355280 -1.324697
 -1.140446 -1.269890 -2.763465 -1.089490
 -1.481466 -1.525087 -1.229474 -1.336943
 -1.672717 -1.340729 -1.463541 -1.141957
 -1.128985 -1.536493 -1.386734 -1.552989
 -1.243410 -1.195155 -2.562360 -1.103159
 -1.236088 -1.470550 -1.339307 -1.524843
 -1.523650 -1.646252 -1.194761 -1.249886
 -1.289952 -1.619767 -1.313810 -1.354884
 -1.304252 -1.175871 -2.744830 -1.033344
 -1.503278 -1.417166 -1.371997 -1.267268
 -1.710333 -1.441791 -1.358409 -1.122020
 -1.128985 -1.536493 -1.386734 -1.552989
 -1.243410 -1.195155 -2.562360 -1.103159
 -1.236088 -1.470550 -1.339307 -1.524843
 -1.523650 -1.646252 -1.194761 -1.249886
 -1.289952 -1.619767 -1.313810 -1.354884
 -1.304252 -1.175871 -2.744830 -1.033344
 -1.503278 -1.417166 -1.371997 -1.267268
 -1.710333 -1.441791 -1.358409 -1.122020
 -1.143934 -1.818226 -1.266854 -1.437981
 -1.260062 -1.019969 -2.854653 -1.210052
 -1.369453 -1.410781 -1.282273 -1.494346
 -1.505768 -1.521114 -1.265513 -1.281610
 -1.430746 -1.567947 -1.318417 -1.255834
 -1.187843 -1.214872 -2.940382 -1.062680
 -1.553220 -1.303759 -1.382072 -1.324758
 -1.748899 -1.362867 -1.389917 -1.136275
 -1.143934 -1.818226 -1.266854 -1.437981
 -1.260062 -1.019969 -2.854653 -1.210052
 -1.369453 -1.410781 -1.282273 -1.494346
 -1.505768 -1.521114 -1.265513 -1.281610
 -1.430746 -1.567947 -1.318417 -1.255834
 -1.187843 -1.214872 -2.940382 -1.062680
 -1.553220 -1.303759 -1.382072 -1.324758
 -1.748899 -1.362867 -1.389917 -1.136275
 -1.039532 -1.980608 -1.278000 -1.470543
 -0.870547 -1.452310 -2.638424 -1.288171
 -1.227319 -1.566899 -1.313703 -1.472250
 -1.433776 -1.777137 -1.166320 -1.269542
 -1.402789 -1.516289 -1.296999 -1.342416
 -0.930686 -1.473471 -2.877747 -1.138414
 -1.341843 -1.515506 -1.432814 -1.271884
 -1.771670 -1.573172 -1.306751 -1.044502
 -1.039532 -1.980608 -1.278000 -1.470543
 -0.870547 -1.452310 -2.638424 -1.288171
 -1.227319 -1.566899 -1.313703 -1.472250
 -1.433776 -1.777137 -1.166320 -1.269542
 -1.402789 -1.516289 -1.296999 -1.342416
 -0.930686 -1.473471 -2.877747 -1.138414
 -1.341843 -1.515506 -1.432814 -1.271884
 -1.771670 -1.573172 -1.306751 -1.044502
 -1.012812 -1.867694 -1.332100 -1.521418
 -1.137717 -1.356356 -2.849259 -1.010697
 -1.177601 -1.546087 -1.324926 -1.546087
 -1.450340 -1.693711 -1.285154 -1.187229
 -1.446291 -1.604007 -1.130104 -1.425163
 -1.241622 -1.287560 -2.682437 -1.003088
 -1.380211 -1.413091 -1.343170 -1.410309
 -1.834664 -1.461988 -1.369012 -1.037894
 -1.012812 -1.867694 -1.332100 -1.521418
 -1.137717 -1.356356 -2.849259 -1.010697
 -1.177601 -1.546087 -1.324926 -1.546087
 -1.450340 -1.693711 -1.285154 -1.187229
 -1.446291 -1.604007 -1.130104 -1.425163
 -1.241622 -1.287560 -2.682437 -1.003088
 -1.380211 -1.413091 -1.343170 -1.410309
 -1.834664 -1.461988 -1.369012 -1.037894
 -1.118212 -1.775570 -1.485937 -1.282081
 -1.194627 -1.215995 -2.501692 -1.143122
 -1.448508 -1.289954 -1.419961 -1.394034
 -1.473255 -1.724221 -1.203414 -1.229831
 -1.326343 -1.697906 -1.251619 -1.326343
 -1.187936 -1.289516 -2.686347 -1.045214
 -1.582611 -1.498053 -1.299535 -1.209527
 -1.763589 -1.514306 -1.314930 -1.078464
 -1.118212 -1.775570 -1.485937 -1.282081
 -1.194627 -1.215995 -2.501692 -1.143122
 -1.448508 -1.289954 -1.419961 -1.394034
 -1.473255 -1.724221 -1.203414 -1.229831
 -1.326343 -1.697906 -1.251619 -1.326343
 -1.187936 -1.289516 -2.686347 -1.045214
 -1.582611 -1.498053 -1.299535 -1.209527
 -1.763589 -1.514306 -1.314930 -1.078464
 -1.132255 -1.717866 -1.319878 -1.465001
 -1.250898 -1.036488 -2.718685 -1.227266
 -1.326750 -1.522601 -1.190259 -1.549399
 -1.606984 -1.545207 -1.204792 -1.250064
 -1.384673 -1.518513 -1.247638 -1.413153
 -1.208192 -1.262974 -2.762208 -1.034795
 -1.568752 -1.216991 -1.295885 -1.505440
 -1.812379 -1.398777 -1.368447 -1.092628
 -1.132255 -1.717866 -1.319878 -1.465001
 -1.250898 -1.036488 -2.718685 -1.227266
 -1.326750 -1.522601 -1.190259 -1.549399
 -1.606984 -1.545207 -1.204792 -1.250064
 -1.384673 -1.518513 -1.247638 -1.413153
 -1.208192 -1.262974 -2.762208 -1.034795
 -1.568752 -1.216991 -1.295885 -1.505440
 -1.812379 -1.398777 -1.368447 -1.092628
 -1.057749 -1.772141 -1.387338 -1.456480
 -1.292901 -1.142304 -2.761497 -1.069306
 -1.241826 -1.419084 -1.411036 -1.490244
 -1.458250 -1.571788 -1.349231 -1.203161
 -1.353859 -1.579666 -1.381908 -1.256616
 -1.438179 -1.286568 -2.913099 -0.839061
 -1.497961 -1.476844 -1.195150 -1.404871
 -1.693196 -1.351842 -1.544260 -1.067590
 -1.057749 -1.772141 -1.387338 -1.456480
 -1.292901 -1.142304 -2.761497 -1.069306
 -1.241826 -1.419084 -1.411036 -1.490244
 -1.458250 -1.571788 -1.349231 -1.203161
 -1.353859 -1.579666 -1.381908 -1.256616
 -1.438179 -1.286568 -2.913099 -0.839061
 -1.497961 -1.476844 -1.195150 -1.404871
 -1.693196 -1.351842 -1.544260 -1.067590
 -1.141870 -1.758734 -1.278892 -1.468936
 -1.191639 -1.172469 -2.708703 -1.139271
 -1.335959 -1.431472 -1.354346 -1.427028
 -1.493772 -1.635531 -1.335001 -1.147374
 -1.501025 -1.457115 -1.276386 -1.327470
 -1.259203 -1.240945 -3.097242 -0.962766
 -1.593545 -1.367915 -1.310021 -1.300689
 -1.819217 -1.365065 -1.311433 -1.161394
 -1.141870 -1.758734 -1.278892 -1.468936
 -1.191639 -1.172469 -2.708703 -1.139271
 -1.335959 -1.431472 -1.354346 -1.427028
 -1.493772 -1.635531 -1.335001 -1.147374
 -1.501025 -1.457115 -1.276386 -1.327470
 -1.259203 -1.240945 -3.097242 -0.962766
 -1.593545 -1.367915 -1.310021 -1.300689
 -1.819217 -1.365065 -1.311433 -1.161394
 -1.075991 -1.814334 -1.302824 -1.494636
 -1.118494 -1.407515 -2.566919 -1.044960
 -1.208774 -1.495862 -1.309984 -1.572348
 -1.436245 -1.832001 -1.149783 -1.253924
 -1.428764 -1.546004 -1.274303 -1.317995
 -1.223961 -1.260913 -2.778170 -1.020570
 -1.477565 -1.695371 -1.017550 -1.483700
 -1.716821 -1.512476 -1.248590 -1.161262
 -1.075991 -1.814334 -1.302824 -1.494636
 -1.118494 -1.407515 -2.566919 -1.044960
 -1.208774 -1.495862 -1.309984 -1.572348
 -1.436245 -1.832001 -1.149783 -1.253924
 -1.428764 -1.546004 -1.274303 -1.317995
 -1.223961 -1.260913 -2.778170 -1.020570
 -1.477565 -1.695371 -1.017550 -1.483700
 -1.716821 -1.512476 -1.248590 -1.161262
 -1.106809 -1.643164 -1.398615 -1.473677
 -1.201091 -1.089992 -2.877467 -1.182088
 -1.303030 -1.505298 -1.189445 -1.599729
 -1.539628 -1.629241 -1.255524 -1.188972
 -1.374575 -1.614855 -1.321633 -1.267857
 -1.165082 -1.230767 -2.752428 -1.101833
 -1.458174 -1.613228 -1.400263 -1.134560
 -1.735602 -1.530492 -1.253701 -1.133730
 -1.106809 -1.643164 -1.398615 -1.473677
 -1.201091 -1.089992 -2.877467 -1.182088
 -1.303030 -1.505298 -1.189445 -1.599729
 -1.539628 -1.629241 -1.255524 -1.188972
 -1.374575 -1.614855 -1.321633 -1.267857
 -1.165082 -1.230767 -2.752428 -1.101833
 -1.458174 -1.613228 -1.400263 -1.134560
 -1.735602 -1.530492 -1.253701 -1.133730
 -1.061032 -1.769510 -1.338166 -1.508876
 -1.192252 -1.134623 -2.621842 -1.196498
 -1.306327 -1.267315 -1.369781 -1.642799
 -1.300654 -1.738721 -1.323556 -1.252763
 -1.428400 -1.547617 -1.336432 -1.256067
 -1.233043 -1.269677 -2.758020 -1.009899
 -1.458404 -1.662101 -1.385592 -1.116337
 -1.764631 -1.495365 -1.307791 -1.096115
 -1.061032 -1.769510 -1.338166 -1.508876
 -1.192252 -1.134623 -2.621842 -1.196498
 -1.306327 -1.267315 -1.369781 -1.642799
 -1.300654 -1.738721 -1.323556 -1.252763
 -1.428400 -1.547617 -1.336432 -1.256067
 -1.233043 -1.269677 -2.758020 -1.009899
 -1.458404 -1.662101 -1.385592 -1.116337
 -1.764631 -1.495365 -1.307791 -1.096115
 -1.200552 -1.730530 -1.317726 -1.370271
 -1.019345 -1.349207 -2.848441 -1.133861
 -1.357773 -1.488678 -1.292468 -1.416737
 -1.564821 -1.557059 -1.354749 -1.132870
 -1.314293 -1.693637 -1.243160 -1.350870
 -1.032965 -1.489569 -2.866647 -1.016965
 -1.248489 -1.661445 -1.286517 -1.398503
 -1.785832 -1.526929 -1.330414 -1.047616
 -1.200552 -1.730530 -1.317726 -1.370271
 -1.019345 -1.349207 -2.848441 -1.133861
 -1.357773 -1.488678 -1.292468 -1.416737
 -1.564821 -1.557059 -1.354749 -1.132870
 -1.314293 -1.693637 -1.243160 -1.350870
 -1.032965 -1.489569 -2.866647 -1.016965
 -1.248489 -1.661445 -1.286517 -1.398503
 -1.785832 -1.526929 -1.330414 -1.047616
 -1.269112 -1.626787 -1.446551 -1.248350
 -1.071499 -1.366063 -2.746847 -1.083922
 -1.464363 -1.398223 -1.239511 -1.460098
 -1.504077 -1.626467 -1.356249 -1.128465
 -1.274074 -1.606051 -1.223388 -1.489879
 -1.133483 -1.333766 -2.774838 -1.043422
 -1.485633 -1.336193 -1.397526 -1.333364
 -1.712233 -1.393028 -1.520998 -1.042076
 -1.269112 -1.626787 -1.446551 -1.248350
 -1.071499 -1.366063 -2.746847 -1.083922
 -1.464363 -1.398223 -1.239511 -1.460098
 -1.504077 -1.626467 -1.356249 -1.128465
 -1.274074 -1.606051 -1.223388 -1.489879
 -1.133483 -1.333766 -2.774838 -1.043422
 -1.485633 -1.336193 -1.397526 -1.333364
 -1.712233 -1.393028 -1.520998 -1.042076
 -16.770943 -0.000000 -16.770943 -16.770943
 -16.629122 -0.000000 -16.629122 -16.629122
 -16.813242 -0.000000 -16.813242 -16.813242
 -16.745638 -0.000000 -16.745638 -16.745638
 -16.786438 -0.000000 -16.786438 -16.786438
 -16.737597 -0.000000 -16.737597 -16.737597
 -16.350000 -0.000000 -16.350000 -16.350000
 -17.091522 0.000000 -17.091522 -17.091522
 -16.770943 -0.000000 -16.770943 -16.770943
 -16.629122 -0.000000 -16.629122 -16.629122
 -16.813242 -0.000000 -16.813242 -16.813242
 -16.745638 -0.000000 -16.745638 -16.745638
 -16.786438 -0.000000 -16.786438 -16.786438
 -16.737597 -0.000000 -16.737597 -16.737597
 -16.350000 -0.000000 -16.350000 -16.350000
 -17.091522 0.000000 -17.091522 -17.091522
 -1.386294 -1.386294 -1.386294 -1.386294
 -1.126315 -1.176381 -2.716069 -1.199825
 -1.386294 -1.386294 -1.386294 -1.386294
 -1.386294 -1.386294 -1.386294 -1.386294
 -1.386294 -1.386294 -1.386294 -1.386294
 -1.254754 -1.116547 -2.885783 -1.103722
 -1.386294 -1.386294 -1.386294 -1.386294
 -1.386294 -1.386294 -1.386294 -1.386294
 -1.386294 -1.386294 -1.386294 -1.386294
 -1.126315 -1.176381 -2.716069 -1.199825
 -1.386294 -1.386294 -1.386294 -1.386294
 -1.386294 -1.386294 -1.386294 -1.386294
 -1.386294 -1.386294 -1.386294 -1.386294
 -1.254754 -1.116547 -2.885783 -1.103722
 -1.386294 -1.386294 -1.386294 -1.386294
 -1.386294 -1.386294 -1.386294 -1.386294
 -1.386294 -1.386294 -1.386294 -1.386294
 -1.386294 -1.386294 -1.386294 -1.386294
 -1.386294 -1.386294 -1.386294 -1.386294
 -1.386294 -1.386294 -1.386294 -1.386294
 -17.645889 -17.645889 -17.645889 -0.000000
 -17.693977 -17.693977 -17.693977 -0.000000
 -16.035801 -16.035801 -16.035801 -0.000000
 -17.690454 -17.690454 -17.690454 -0.000000
 -1.386294 -1.386294 -1.386294 -1.386294
 -1.386294 -1.386294 -1.386294 -1.386294
 -1.386294 -1.386294 -1.386294 -1.386294
 -1.386294 -1.386294 -1.386294 -1.386294
 -17.645889 -17.645889 -17.645889 -0.000000
 -17.693977 -17.693977 -17.693977 -0.000000
 -16.035801 -16.035801 -16.035801 -0.000000
 -17.690454 -17.690454 -17.690454 -0.000000
 -1.386294 -1.386294 -1.386294 -1.386294
 -1.386294 -1.386294 -1.386294 -1.386294
 -1.386294 -1.386294 -1.386294 -1.386294
 0.000000 -17.828102 -17.828102 -17.828102
 -1.386294 -1.386294 -1.386294 -1.386294
 -1.386294 -1.386294 -1.386294 -1.386294
 -1.386294 -1.386294 -1.386294 -1.386294
 0.000000 -18.385365 -18.385365 -18.385365
 -1.386294 -1.386294 -1.386294 -1.386294
 -1.386294 -1.386294 -1.386294 -1.386294
 -1.386294 -1.386294 -1.386294 -1.386294
 0.000000 -17.828102 -17.828102 -17.828102
 -1.386294 -1.386294 -1.386294 -1.386294
 -1.386294 -1.386294 -1.386294 -1.386294
 -1.386294 -1.386294 -1.386294 -1.386294
 0.000000 -18.385365 -18.385365 -18.385365
 -1.386294 -1.386294 -1.386294 -1.386294
 -1.386294 -1.386294 -1.386294 -1.386294
 -1.386294 -1.386294 -1.386294 -1.386294
 -1.386294 -1.386294 -1.386294 -1.386294
 -18.838205 -18.838205 0.000000 -18.838205
 -1.386294 -1.386294 -1.386294 -1.386294
 -1.386294 -1.386294 -1.386294 -1.386294
 -1.386294 -1.386294 -1.386294 -1.386294
 -1.386294 -1.386294 -1.386294 -1.386294
 -1.386294 -1.386294 -1.386294 -1.386294
 -1.386294 -1.386294 -1.386294 -1.386294
 -1.386294 -1.386294 -1.386294 -1.386294
 -18.838205 -18.838205 0.000000 -18.838205
 -1.386294 -1.386294 -1.386294 -1.386294
 -1.386294 -1.386294 -1.386294 -1.386294
 -1.386294 -1.386294 -1.386294 -1.386294
 -1.386294 -1.386294 -1.386294 -1.386294
 -1.386294 -1.386294 -1.386294 -1.386294
 -1.309367 -1.474516 -1.335317 -1.435295
 -1.386294 -1.386294 -1.386294 -1.386294
 -1.386294 -1.386294 -1.386294 -1.386294
 -1.386294 -1.386294 -1.386294 -1.386294
 -1.386294 -1.386294 -1.386294 -1.386294
 -1.386294 -1.386294 -1.386294 -1.386294
 -1.386294 -1.386294 -1.386294 -1.386294
 -1.386294 -1.386294 -1.386294 -1.386294
 -1.309367 -1.474516 -1.335317 -1.435295
 -1.386294 -1.386294 -1.386294 -1.386294
 -1.386294 -1.386294 -1.386294 -1.386294
 -1.386294 -1.386294 -1.386294 -1.386294
 -1.386294 -1.386294 -1.386294 -1.386294
 -1.386294 -1.386294 -1.386294 -1.386294
 -1.043326 -1.824744 -1.284992 -1.561566
 -1.124262 -1.278118 -2.719627 -1.106703
 -1.268790 -1.381798 -1.444543 -1.461674
 -1.457979 -1.718680 -1.151159 -1.302979
 -1.386294 -1.386294 -1.386294 -1.386294
 -1.386294 -1.386294 -1.386294 -1.386294
 -1.386294 -1.386294 -1.386294 -1.386294
 -1.386294 -1.386294 -1.386294 -1.386294
 -1.043326 -1.824744 -1.284992 -1.561566
 -1.124262 -1.278118 -2.719627 -1.106703
 -1.268790 -1.381798 -1.444543 -1.461674
 -1.457979 -1.718680 -1.151159 -1.302979
 -1.386294 -1.386294 -1.386294 -1.386294
 -1.386294 -1.386294 -1.386294 -1.386294
 -1.386294 -1.386294 -1.386294 -1.386294
 -1.386294 -1.386294 -1.386294 -1.386294
 -1.094724 -1.791370 -1.295136 -1.492651
 -1.132846 -1.348554 -2.698480 -1.047079
 -1.092849 -1.549153 -1.421592 -1.555979
 -1.438000 -1.694720 -1.249409 -1.230066
 -1.290523 -1.599337 -1.296073 -1.389345
 -1.145486 -1.289635 -2.696361 -1.081434
 -1.141806 -1.698572 -1.340702 -1.443281
 -1.557324 -1.365397 -1.455757 -1.201317
 -1.094724 -1.791370 -1.295136 -1.492651
 -1.132846 -1.348554 -2.698480 -1.047079
 -1.092849 -1.549153 -1.421592 -1.555979
 -1.438000 -1.694720 -1.249409 -1.230066
 -1.290523 -1.599337 -1.296073 -1.389345
 -1.145486 -1.289635 -2.696361 -1.081434
 -1.141806 -1.698572 -1.340702 -1.443281
 -1.557324 -1.365397 -1.455757 -1.201317
