 -2.552290 0.000100 0.000100 0.000100
 -2.907355 0.000100 0.000100 0.000100
 -2.646849 0.000100 0.000100 0.000100
 -3.143654 0.000100 0.000100 0.000100
 -2.602397 0.000100 0.000100 0.000100
 -2.680465 0.000100 0.000100 0.000100
 -2.959636 0.000100 0.000100 0.000100
 -2.829997 0.000100 0.000100 0.000100
 -2.552290 0.000100 0.000100 0.000100
 -2.907355 0.000100 0.000100 0.000100
 -2.646849 0.000100 0.000100 0.000100
 -3.143654 0.000100 0.000100 0.000100
 -2.602397 0.000100 0.000100 0.000100
 -2.680465 0.000100 0.000100 0.000100
 -2.959636 0.000100 0.000100 0.000100
 -2.829997 0.000100 0.000100 0.000100
 -0.951198 -1.223588 -1.409109 -2.587763
 -0.904299 -0.785780 -2.503851 -2.853524
 -0.906525 -1.055149 -1.557112 -3.291711
 -1.488077 -0.914595 -1.278560 -2.353073
 -1.163942 -1.033580 -1.477266 -2.265723
 -0.955512 -0.775508 -2.510881 -2.607508
 -1.061186 -1.069383 -1.403389 -2.733801
 -1.674804 -0.715733 -1.466337 -2.374595
 -0.951198 -1.223588 -1.409109 -2.587763
 -0.904299 -0.785780 -2.503851 -2.853524
 -0.906525 -1.055149 -1.557112 -3.291711
 -1.488077 -0.914595 -1.278560 -2.353073
 -1.163942 -1.033580 -1.477266 -2.265723
 -0.955512 -0.775508 -2.510881 -2.607508
 -1.061186 -1.069383 -1.403389 -2.733801
 -1.674804 -0.715733 -1.466337 -2.374595
 -0.000000 -16.427784 -16.427784 -16.427784
 -0.000000 -16.343637 -16.343637 -16.343637
 -0.000000 -15.977684 -15.977684 -15.977684
 -0.000001 -14.797590 -14.797590 -14.797590
 -0.000000 -16.062584 -16.062584 -16.062584
 -0.000000 -16.455282 -16.455282 -16.455282
 -0.000001 -15.398605 -15.398605 -15.398605
 -0.000001 -14.703403 -14.703403 -14.703403
 -0.000000 -16.427784 -16.427784 -16.427784
 -0.000000 -16.343637 -16.343637 -16.343637
 -0.000000 -15.977684 -15.977684 -15.977684
 -0.000001 -14.797590 -14.797590 -14.797590
 -0.000000 -16.062584 -16.062584 -16.062584
 -0.000000 -16.455282 -16.455282 -16.455282
 -0.000001 -15.398605 -15.398605 -15.398605
 -0.000001 -14.703403 -14.703403 -14.703403
 -17.416924 -17.416924 -0.000000 -17.416924
 -1.386294 -1.386294 -1.386294 -1.386294
 -1.386294 -1.386294 -1.386294 -1.386294
 -1.386294 -1.386294 -1.386294 -1.386294
 -17.269934 -17.269934 -0.000000 -17.269934
 -1.386294 -1.386294 -1.386294 -1.386294
 -1.386294 -1.386294 -1.386294 -1.386294
 -1.386294 -1.386294 -1.386294 -1.386294
 -17.416924 -17.416924 -0.000000 -17.416924
 -1.386294 -1.386294 -1.386294 -1.386294
 -1.386294 -1.386294 -1.386294 -1.386294
 -1.386294 -1.386294 -1.386294 -1.386294
 -17.269934 -17.269934 -0.000000 -17.269934
 -1.386294 -1.386294 -1.386294 -1.386294
 -1.386294 -1.386294 -1.386294 -1.386294
 -1.386294 -1.386294 -1.386294 -1.386294
 -1.386294 -1.386294 -1.386294 -1.386294
 -1.386294 -1.386294 -1.386294 -1.386294
 -18.039274 -18.039274 0.000000 -18.039274
 -1.386294 -1.386294 -1.386294 -1.386294
 -1.386294 -1.386294 -1.386294 -1.386294
 -1.386294 -1.386294 -1.386294 -1.386294
 -1.386294 -1.386294 -1.386294 -1.386294
 -1.386294 -1.386294 -1.386294 -1.386294
 -1.386294 -1.386294 -1.386294 -1.386294
 -1.386294 -1.386294 -1.386294 -1.386294
 -18.039274 -18.039274 0.000000 -18.039274
 -1.386294 -1.386294 -1.386294 -1.386294
 -1.386294 -1.386294 -1.386294 -1.386294
 -1.386294 -1.386294 -1.386294 -1.386294
 -1.386294 -1.386294 -1.386294 -1.386294
 -1.386294 -1.386294 -1.386294 -1.386294
 -1.386294 -1.386294 -1.386294 -1.386294
 -1.386294 -1.386294 -1.386294 -1.386294
 -18.039274 -18.039274 -18.039274 -0.000000
 -1.386294 -1.386294 -1.386294 -1.386294
 -1.386294 -1.386294 -1.386294 -1.386294
 -1.386294 -1.386294 -1.386294 -1.386294
 -1.386294 -1.386294 -1.386294 -1.386294
 -1.386294 -1.386294 -1.386294 -1.386294
 -1.386294 -1.386294 -1.386294 -1.386294
 -1.386294 -1.386294 -1.386294 -1.386294
 -18.039274 -18.039274 -18.039274 -0.000000
 -1.386294 -1.386294 -1.386294 -1.386294
 -1.386294 -1.386294 -1.386294 -1.386294
 -1.386294 -1.386294 -1.386294 -1.386294
 -1.386294 -1.386294 -1.386294 -1.386294
 -1.386294 -1.386294 -1.386294 -1.386294
 -1.386294 -1.386294 -1.386294 -1.386294
 -1.386294 -1.386294 -1.386294 -1.386294
 -1.386294 -1.386294 -1.386294 -1.386294
 -0.197162 -2.107508 -18.039274 -2.857671
 -1.386294 -1.386294 -1.386294 -1.386294
 -1.386294 -1.386294 -1.386294 -1.386294
 -1.386294 -1.386294 -1.386294 -1.386294
 -1.386294 -1.386294 -1.386294 -1.386294
 -1.386294 -1.386294 -1.386294 -1.386294
 -1.386294 -1.386294 -1.386294 -1.386294
 -1.386294 -1.386294 -1.386294 -1.386294
 -0.197162 -2.107508 -18.039274 -2.857671
 -1.386294 -1.386294 -1.386294 -1.386294
 -1.386294 -1.386294 -1.386294 -1.386294
 -1.386294 -1.386294 -1.386294 -1.386294
 -1.386294 -1.386294 -1.386294 -1.386294
 -1.386294 -1.386294 -1.386294 -1.386294
 -1.386294 -1.386294 -1.386294 -1.386294
 -1.386294 -1.386294 -1.386294 -1.386294
 -1.386294 -1.386294 -1.386294 -1.386294
 0.000000 -17.842112 -17.842112 -17.842112
 -0.000000 -15.931767 -15.931767 -15.931767
 -1.386294 -1.386294 -1.386294 -1.386294
 -0.000001 -15.181603 -15.181603 -15.181603
 -1.386294 -1.386294 -1.386294 -1.386294
 -1.386294 -1.386294 -1.386294 -1.386294
 -1.386294 -1.386294 -1.386294 -1.386294
 -1.386294 -1.386294 -1.386294 -1.386294
 0.000000 -17.842112 -17.842112 -17.842112
 -0.000000 -15.931767 -15.931767 -15.931767
 -1.386294 -1.386294 -1.386294 -1.386294
 -0.000001 -15.181603 -15.181603 -15.181603
 -17.842112 -17.842112 0.000000 -17.842112
 -1.386294 -1.386294 -1.386294 -1.386294
 -1.386294 -1.386294 -1.386294 -1.386294
 -1.386294 -1.386294 -1.386294 -1.386294
 -16.318584 -16.318584 -0.000000 -16.318584
 -1.386294 -1.386294 -1.386294 -1.386294
 -1.386294 -1.386294 -1.386294 -1.386294
 -1.386294 -1.386294 -1.386294 -1.386294
 -17.842112 -17.842112 0.000000 -17.842112
 -1.386294 -1.386294 -1.386294 -1.386294
 -1.386294 -1.386294 -1.386294 -1.386294
 -1.386294 -1.386294 -1.386294 -1.386294
 -16.318584 -16.318584 -0.000000 -16.318584
 -1.386294 -1.386294 -1.386294 -1.386294
 -1.386294 -1.386294 -1.386294 -1.386294
 -1.386294 -1.386294 -1.386294 -1.386294
 -1.386294 -1.386294 -1.386294 -1.386294
 -1.386294 -1.386294 -1.386294 -1.386294
 -1.250788 -1.753970 -1.507745 -1.141853
 -1.386294 -1.386294 -1.386294 -1.386294
 -1.386294 -1.386294 -1.386294 -1.386294
 -1.386294 -1.386294 -1.386294 -1.386294
 -1.386294 -1.386294 -1.386294 -1.386294
 -1.386294 -1.386294 -1.386294 -1.386294
 -1.386294 -1.386294 -1.386294 -1.386294
 -1.386294 -1.386294 -1.386294 -1.386294
 -1.250788 -1.753970 -1.507745 -1.141853
 -1.386294 -1.386294 -1.386294 -1.386294
 -1.386294 -1.386294 -1.386294 -1.386294
 -1.386294 -1.386294 -1.386294 -1.386294
 -1.386294 -1.386294 -1.386294 -1.386294
 -1.386294 -1.386294 -1.386294 -1.386294
 -1.018530 -1.871035 -1.171265 -1.743335
 -0.979139 -1.354651 -2.177123 -1.374520
 -1.116631 -1.404987 -1.278556 -1.905088
 -1.511213 -1.757491 -1.025226 -1.393661
 -1.386294 -1.386294 -1.386294 -1.386294
 -1.386294 -1.386294 -1.386294 -1.386294
 -1.386294 -1.386294 -1.386294 -1.386294
 -1.386294 -1.386294 -1.386294 -1.386294
 -1.018530 -1.871035 -1.171265 -1.743335
 -0.979139 -1.354651 -2.177123 -1.374520
 -1.116631 -1.404987 -1.278556 -1.905088
 -1.511213 -1.757491 -1.025226 -1.393661
 -1.386294 -1.386294 -1.386294 -1.386294
 -1.386294 -1.386294 -1.386294 -1.386294
 -1.386294 -1.386294 -1.386294 -1.386294
 -1.386294 -1.386294 -1.386294 -1.386294
 -1.119648 -1.692747 -1.319469 -1.503661
 -1.380360 -1.158400 -2.539965 -1.033795
 -1.404968 -1.313996 -1.159846 -1.758247
 -1.528175 -1.755391 -1.210461 -1.164210
 -1.324462 -1.699895 -1.340856 -1.238807
 -1.157586 -1.271289 -2.364678 -1.166976
 -1.463430 -1.511749 -1.225305 -1.368978
 -1.627456 -1.835562 -1.339774 -0.961961
 -1.119648 -1.692747 -1.319469 -1.503661
 -1.380360 -1.158400 -2.539965 -1.033795
 -1.404968 -1.313996 -1.159846 -1.758247
 -1.528175 -1.755391 -1.210461 -1.164210
 -1.324462 -1.699895 -1.340856 -1.238807
 -1.157586 -1.271289 -2.364678 -1.166976
 -1.463430 -1.511749 -1.225305 -1.368978
 -1.627456 -1.835562 -1.339774 -0.961961
 -1.043877 -1.851590 -1.366527 -1.444200
 -1.264934 -1.213232 -2.384164 -1.113703
 -1.391507 -1.434218 -1.207445 -1.541601
 -1.669401 -1.593689 -1.181304 -1.198696
 -1.402824 -1.538956 -1.384805 -1.240911
 -1.287263 -1.189359 -2.601900 -1.062977
 -1.517006 -1.553708 -1.120591 -1.414352
 -1.942754 -1.597913 -1.306333 -0.958255
 -1.043877 -1.851590 -1.366527 -1.444200
 -1.264934 -1.213232 -2.384164 -1.113703
 -1.391507 -1.434218 -1.207445 -1.541601
 -1.669401 -1.593689 -1.181304 -1.198696
 -1.402824 -1.538956 -1.384805 -1.240911
 -1.287263 -1.189359 -2.601900 -1.062977
 -1.517006 -1.553708 -1.120591 -1.414352
 -1.942754 -1.597913 -1.306333 -0.958255
 -1.058421 -1.763764 -1.372717 -1.477617
 -1.129116 -1.334715 -2.455305 -1.115929
 -1.423473 -1.406306 -1.162109 -1.603201
 -1.664314 -1.744357 -1.196718 -1.097400
 -1.335819 -1.664035 -1.372762 -1.223231
 -1.214003 -1.293710 -2.464751 -1.067950
 -1.365736 -1.509284 -1.195110 -1.509284
 -1.707788 -1.599084 -1.346340 -1.031529
 -1.058421 -1.763764 -1.372717 -1.477617
 -1.129116 -1.334715 -2.455305 -1.115929
 -1.423473 -1.406306 -1.162109 -1.603201
 -1.664314 -1.744357 -1.196718 -1.097400
 -1.335819 -1.664035 -1.372762 -1.223231
 -1.214003 -1.293710 -2.464751 -1.067950
 -1.365736 -1.509284 -1.195110 -1.509284
 -1.707788 -1.599084 -1.346340 -1.031529
 -1.181900 -1.806993 -1.277915 -1.384137
 -1.150980 -1.299769 -2.387742 -1.141806
 -1.351462 -1.402537 -1.125832 -1.767355
 -1.546917 -1.785328 -1.214784 -1.131402
 -1.449007 -1.602312 -1.276890 -1.255747
 -1.229615 -1.264861 -2.497645 -1.069914
 -1.552279 -1.478668 -1.179759 -1.374598
 -1.662396 -1.531060 -1.394649 -1.061057
 -1.181900 -1.806993 -1.277915 -1.384137
 -1.150980 -1.299769 -2.387742 -1.141806
 -1.351462 -1.402537 -1.125832 -1.767355
 -1.546917 -1.785328 -1.214784 -1.131402
 -1.449007 -1.602312 -1.276890 -1.255747
 -1.229615 -1.264861 -2.497645 -1.069914
 -1.552279 -1.478668 -1.179759 -1.374598
 -1.662396 -1.531060 -1.394649 -1.061057
 -3.136620 0.000100 0.000100 0.000100
 -2.440886 0.000100 0.000100 0.000100
 -2.965588 0.000100 0.000100 0.000100
 -2.918671 0.000100 0.000100 0.000100
 -3.257646 0.000100 0.000100 0.000100
 -3.076300 0.000100 0.000100 0.000100
 -3.457667 0.000100 0.000100 0.000100
 -1.911626 0.000100 0.000100 0.000100
 -3.136620 0.000100 0.000100 0.000100
 -2.440886 0.000100 0.000100 0.000100
 -2.965588 0.000100 0.000100 0.000100
 -2.918671 0.000100 0.000100 0.000100
 -3.257646 0.000100 0.000100 0.000100
 -3.076300 0.000100 0.000100 0.000100
 -3.457667 0.000100 0.000100 0.000100
 -1.911626 0.000100 0.000100 0.000100
 -1.350667 -1.501490 -0.958626 -2.004592
 -1.314034 -1.880887 -0.727317 -2.347505
 -1.306588 -1.390671 -1.102989 -1.907360
 -2.014902 -1.843052 -0.613105 -1.791759
 -1.403994 -1.707676 -0.722824 -2.433609
 -1.451809 -0.857103 -2.187513 -1.472862
 -1.507655 -1.304057 -0.952659 -2.108426
 -2.555857 -2.750013 -0.222383 -2.850096
 -1.350667 -1.501490 -0.958626 -2.004592
 -1.314034 -1.880887 -0.727317 -2.347505
 -1.306588 -1.390671 -1.102989 -1.907360
 -2.014902 -1.843052 -0.613105 -1.791759
 -1.403994 -1.707676 -0.722824 -2.433609
 -1.451809 -0.857103 -2.187513 -1.472862
 -1.507655 -1.304057 -0.952659 -2.108426
 -2.555857 -2.750013 -0.222383 -2.850096
 -0.000002 -14.430698 -14.430698 -14.430698
 -0.000002 -14.340241 -14.340241 -14.340241
 -0.000001 -14.869823 -14.869823 -14.869823
 -0.000003 -13.732133 -13.732133 -13.732133
 -0.000001 -14.669928 -14.669928 -14.669928
 -0.000001 -14.630877 -14.630877 -14.630877
 -0.000000 -15.974226 -15.974226 -15.974226
 -0.000002 -14.297939 -14.297939 -14.297939
 -0.000002 -14.430698 -14.430698 -14.430698
 -0.000002 -14.340241 -14.340241 -14.340241
 -0.000001 -14.869823 -14.869823 -14.869823
 -0.000003 -13.732133 -13.732133 -13.732133
 -0.000001 -14.669928 -14.669928 -14.669928
 -0.000001 -14.630877 -14.630877 -14.630877
 -0.000000 -15.974226 -15.974226 -15.974226
 -0.000002 -14.297939 -14.297939 -14.297939
 -16.571081 -16.571081 -0.000000 -16.571081
 -1.386294 -1.386294 -1.386294 -1.386294
 -1.386294 -1.386294 -1.386294 -1.386294
 -1.386294 -1.386294 -1.386294 -1.386294
 -15.685774 -15.685774 -0.000000 -15.685774
 -1.386294 -1.386294 -1.386294 -1.386294
 -1.386294 -1.386294 -1.386294 -1.386294
 -1.386294 -1.386294 -1.386294 -1.386294
 -16.571081 -16.571081 -0.000000 -16.571081
 -1.386294 -1.386294 -1.386294 -1.386294
 -1.386294 -1.386294 -1.386294 -1.386294
 -1.386294 -1.386294 -1.386294 -1.386294
 -15.685774 -15.685774 -0.000000 -15.685774
 -1.386294 -1.386294 -1.386294 -1.386294
 -1.386294 -1.386294 -1.386294 -1.386294
 -1.386294 -1.386294 -1.386294 -1.386294
 -1.386294 -1.386294 -1.386294 -1.386294
 -1.386294 -1.386294 -1.386294 -1.386294
 -16.916504 -16.916504 -0.000000 -16.916504
 -1.386294 -1.386294 -1.386294 -1.386294
 -1.386294 -1.386294 -1.386294 -1.386294
 -1.386294 -1.386294 -1.386294 -1.386294
 -1.386294 -1.386294 -1.386294 -1.386294
 -1.386294 -1.386294 -1.386294 -1.386294
 -1.386294 -1.386294 -1.386294 -1.386294
 -1.386294 -1.386294 -1.386294 -1.386294
 -16.916504 -16.916504 -0.000000 -16.916504
 -1.386294 -1.386294 -1.386294 -1.386294
 -1.386294 -1.386294 -1.386294 -1.386294
 -1.386294 -1.386294 -1.386294 -1.386294
 -1.386294 -1.386294 -1.386294 -1.386294
 -1.386294 -1.386294 -1.386294 -1.386294
 -1.386294 -1.386294 -1.386294 -1.386294
 -1.386294 -1.386294 -1.386294 -1.386294
 -16.916504 -16.916504 -16.916504 -0.000000
 -1.386294 -1.386294 -1.386294 -1.386294
 -1.386294 -1.386294 -1.386294 -1.386294
 -1.386294 -1.386294 -1.386294 -1.386294
 -1.386294 -1.386294 -1.386294 -1.386294
 -1.386294 -1.386294 -1.386294 -1.386294
 -1.386294 -1.386294 -1.386294 -1.386294
 -1.386294 -1.386294 -1.386294 -1.386294
 -16.916504 -16.916504 -16.916504 -0.000000
 -1.386294 -1.386294 -1.386294 -1.386294
 -1.386294 -1.386294 -1.386294 -1.386294
 -1.386294 -1.386294 -1.386294 -1.386294
 -1.386294 -1.386294 -1.386294 -1.386294
 -1.386294 -1.386294 -1.386294 -1.386294
 -1.386294 -1.386294 -1.386294 -1.386294
 -1.386294 -1.386294 -1.386294 -1.386294
 -1.386294 -1.386294 -1.386294 -1.386294
 -1.814519 -0.392943 -16.916504 -1.820059
 -1.386294 -1.386294 -1.386294 -1.386294
 -1.386294 -1.386294 -1.386294 -1.386294
 -1.386294 -1.386294 -1.386294 -1.386294
 -1.386294 -1.386294 -1.386294 -1.386294
 -1.386294 -1.386294 -1.386294 -1.386294
 -1.386294 -1.386294 -1.386294 -1.386294
 -1.386294 -1.386294 -1.386294 -1.386294
 -1.814519 -0.392943 -16.916504 -1.820059
 -1.386294 -1.386294 -1.386294 -1.386294
 -1.386294 -1.386294 -1.386294 -1.386294
 -1.386294 -1.386294 -1.386294 -1.386294
 -1.386294 -1.386294 -1.386294 -1.386294
 -1.386294 -1.386294 -1.386294 -1.386294
 -1.386294 -1.386294 -1.386294 -1.386294
 -1.386294 -1.386294 -1.386294 -1.386294
 -1.386294 -1.386294 -1.386294 -1.386294
 -0.000001 -15.101986 -15.101986 -15.101986
 -0.000000 -16.523561 -16.523561 -16.523561
 -1.386294 -1.386294 -1.386294 -1.386294
 -0.000001 -15.096445 -15.096445 -15.096445
 -1.386294 -1.386294 -1.386294 -1.386294
 -1.386294 -1.386294 -1.386294 -1.386294
 -1.386294 -1.386294 -1.386294 -1.386294
 -1.386294 -1.386294 -1.386294 -1.386294
 -0.000001 -15.101986 -15.101986 -15.101986
 -0.000000 -16.523561 -16.523561 -16.523561
 -1.386294 -1.386294 -1.386294 -1.386294
 -0.000001 -15.096445 -15.096445 -15.096445
 -15.101986 -15.101986 -0.000001 -15.101986
 -1.386294 -1.386294 -1.386294 -1.386294
 -1.386294 -1.386294 -1.386294 -1.386294
 -1.386294 -1.386294 -1.386294 -1.386294
 -16.738672 -16.738672 -0.000000 -16.738672
 -1.386294 -1.386294 -1.386294 -1.386294
 -1.386294 -1.386294 -1.386294 -1.386294
 -1.386294 -1.386294 -1.386294 -1.386294
 -15.101986 -15.101986 -0.000001 -15.101986
 -1.386294 -1.386294 -1.386294 -1.386294
 -1.386294 -1.386294 -1.386294 -1.386294
 -1.386294 -1.386294 -1.386294 -1.386294
 -16.738672 -16.738672 -0.000000 -16.738672
 -1.386294 -1.386294 -1.386294 -1.386294
 -1.386294 -1.386294 -1.386294 -1.386294
 -1.386294 -1.386294 -1.386294 -1.386294
 -1.386294 -1.386294 -1.386294 -1.386294
 -1.386294 -1.386294 -1.386294 -1.386294
 -1.581479 -2.053674 -0.630354 -2.012431
 -1.386294 -1.386294 -1.386294 -1.386294
 -1.386294 -1.386294 -1.386294 -1.386294
 -1.386294 -1.386294 -1.386294 -1.386294
 -1.386294 -1.386294 -1.386294 -1.386294
 -1.386294 -1.386294 -1.386294 -1.386294
 -1.386294 -1.386294 -1.386294 -1.386294
 -1.386294 -1.386294 -1.386294 -1.386294
 -1.581479 -2.053674 -0.630354 -2.012431
 -1.386294 -1.386294 -1.386294 -1.386294
 -1.386294 -1.386294 -1.386294 -1.386294
 -1.386294 -1.386294 -1.386294 -1.386294
 -1.386294 -1.386294 -1.386294 -1.386294
 -1.386294 -1.386294 -1.386294 -1.386294
 -0.971392 -2.154390 -1.183041 -1.613824
 -1.057370 -1.283041 -1.938916 -1.462834
 -0.310770 -2.633157 -2.078596 -2.656967
 -1.761906 -1.633289 -1.049342 -1.262915
 -1.386294 -1.386294 -1.386294 -1.386294
 -1.386294 -1.386294 -1.386294 -1.386294
 -1.386294 -1.386294 -1.386294 -1.386294
 -1.386294 -1.386294 -1.386294 -1.386294
 -0.971392 -2.154390 -1.183041 -1.613824
 -1.057370 -1.283041 -1.938916 -1.462834
 -0.310770 -2.633157 -2.078596 -2.656967
 -1.761906 -1.633289 -1.049342 -1.262915
 -1.386294 -1.386294 -1.386294 -1.386294
 -1.386294 -1.386294 -1.386294 -1.386294
 -1.386294 -1.386294 -1.386294 -1.386294
 -1.386294 -1.386294 -1.386294 -1.386294
 -2.302584 -3.055154 -0.231593 -2.819840
 -1.289668 -1.035434 -2.219200 -1.343735
 -1.256241 -1.619909 -1.119666 -1.655627
 -1.445483 -1.791758 -1.081518 -1.352393
 -1.321756 -2.120261 -0.967585 -1.455287
 -1.206409 -1.393620 -2.974059 -0.912649
 -1.644528 -1.757857 -1.192545 -1.105533
 -1.203973 -1.643339 -1.576648 -1.203973
 -2.302584 -3.055154 -0.231593 -2.819840
 -1.289668 -1.035434 -2.219200 -1.343735
 -1.256241 -1.619909 -1.119666 -1.655627
 -1.445483 -1.791758 -1.081518 -1.352393
 -1.321756 -2.120261 -0.967585 -1.455287
 -1.206409 -1.393620 -2.974059 -0.912649
 -1.644528 -1.757857 -1.192545 -1.105533
 -1.203973 -1.643339 -1.576648 -1.203973
 -1.193529 -1.926415 -1.219846 -1.362947
 -1.132746 -1.153799 -2.806713 -1.197284
 -1.307157 -2.957264 -2.722864 -0.491408
 -1.771956 -1.491655 -1.049823 -1.366492
 -1.368276 -1.522426 -1.255798 -1.417066
 -1.187560 -1.729883 -2.176168 -0.905710
 -1.163152 -2.010446 -1.422662 -1.163152
 -1.764509 -1.614977 -1.286474 -1.039615
 -1.193529 -1.926415 -1.219846 -1.362947
 -1.132746 -1.153799 -2.806713 -1.197284
 -1.307157 -2.957264 -2.722864 -0.491408
 -1.771956 -1.491655 -1.049823 -1.366492
 -1.368276 -1.522426 -1.255798 -1.417066
 -1.187560 -1.729883 -2.176168 -0.905710
 -1.163152 -2.010446 -1.422662 -1.163152
 -1.764509 -1.614977 -1.286474 -1.039615
 -1.969440 -2.508435 -1.787119 -0.491632
 -0.959777 -1.422399 -2.646168 -1.187560
 -1.112599 -1.568616 -1.216396 -1.791759
 -3.271269 -3.172829 -2.479684 -0.178664
 -1.494508 -1.682559 -1.042524 -1.438938
 -1.098613 -1.292768 -2.727845 -1.118415
 -1.239064 -1.757857 -1.170072 -1.480226
 -1.618697 -1.666325 -1.236763 -1.131402
 -1.969440 -2.508435 -1.787119 -0.491632
 -0.959777 -1.422399 -2.646168 -1.187560
 -1.112599 -1.568616 -1.216396 -1.791759
 -3.271269 -3.172829 -2.479684 -0.178664
 -1.494508 -1.682559 -1.042524 -1.438938
 -1.098613 -1.292768 -2.727845 -1.118415
 -1.239064 -1.757857 -1.170072 -1.480226
 -1.618697 -1.666325 -1.236763 -1.131402
 -1.405712 -1.623966 -1.060872 -1.553348
 -1.286922 -1.047693 -2.332886 -1.286922
 -1.274177 -1.438480 -1.133099 -1.826245
 -2.221916 -0.695861 -1.706104 -1.554088
 -1.742162 -1.620801 -1.168817 -1.150799
 -1.052703 -1.393028 -2.113572 -1.266277
 -1.379515 -1.732335 -0.929991 -1.732335
 -2.880444 -0.611763 -2.102141 -1.275463
 -1.405712 -1.623966 -1.060872 -1.553348
 -1.286922 -1.047693 -2.332886 -1.286922
 -1.274177 -1.438480 -1.133099 -1.826245
 -2.221916 -0.695861 -1.706104 -1.554088
 -1.742162 -1.620801 -1.168817 -1.150799
 -1.052703 -1.393028 -2.113572 -1.266277
 -1.379515 -1.732335 -0.929991 -1.732335
 -2.880444 -0.611763 -2.102141 -1.275463
