 -2.322623 0.000100 0.000100 0.000100
 -2.748113 0.000100 0.000100 0.000100
 -2.965427 0.000100 0.000100 0.000100
 -2.963857 0.000100 0.000100 0.000100
 -2.739303 0.000100 0.000100 0.000100
 -2.771779 0.000100 0.000100 0.000100
 -3.182111 0.000100 0.000100 0.000100
 -2.716384 0.000100 0.000100 0.000100
 -2.322623 0.000100 0.000100 0.000100
 -2.748113 0.000100 0.000100 0.000100
 -2.965427 0.000100 0.000100 0.000100
 -2.963857 0.000100 0.000100 0.000100
 -2.739303 0.000100 0.000100 0.000100
 -2.771779 0.000100 0.000100 0.000100
 -3.182111 0.000100 0.000100 0.000100
 -2.716384 0.000100 0.000100 0.000100
 -0.947121 -1.476578 -1.487487 -1.846515
 -0.915975 -1.155845 -2.703005 -1.522901
 -0.793024 -1.230238 -1.651963 -2.754682
 -1.695380 -1.176892 -1.105696 -1.730166
 -1.123352 -1.252763 -1.582242 -1.695083
 -1.020214 -1.215910 -2.430124 -1.366428
 -1.109402 -1.192655 -1.330329 -2.278487
 -1.704442 -1.091899 -1.245442 -1.636123
 -0.947121 -1.476578 -1.487487 -1.846515
 -0.915975 -1.155845 -2.703005 -1.522901
 -0.793024 -1.230238 -1.651963 -2.754682
 -1.695380 -1.176892 -1.105696 -1.730166
 -1.123352 -1.252763 -1.582242 -1.695083
 -1.020214 -1.215910 -2.430124 -1.366428
 -1.109402 -1.192655 -1.330329 -2.278487
 -1.704442 -1.091899 -1.245442 -1.636123
 -0.759373 -1.443552 -1.625159 -2.311903
 -0.585661 -1.306797 -2.613384 -2.309702
 -0.666176 -1.170951 -2.107160 -2.906325
 -1.490236 -1.011891 -1.435084 -1.754148
 -0.842660 -1.393877 -1.548028 -2.219552
 -0.657420 -1.294200 -2.466624 -2.096990
 -0.839101 -1.128145 -1.851723 -2.438386
 -1.433371 -1.081610 -1.301884 -1.894266
 -0.759373 -1.443552 -1.625159 -2.311903
 -0.585661 -1.306797 -2.613384 -2.309702
 -0.666176 -1.170951 -2.107160 -2.906325
 -1.490236 -1.011891 -1.435084 -1.754148
 -0.842660 -1.393877 -1.548028 -2.219552
 -0.657420 -1.294200 -2.466624 -2.096990
 -0.839101 -1.128145 -1.851723 -2.438386
 -1.433371 -1.081610 -1.301884 -1.894266
 -0.592051 -2.076500 -17.234875 -1.134944
 -0.762140 -1.949839 -16.697514 -0.938955
 -0.619645 -1.863783 -16.283611 -1.181626
 -1.238626 -1.450275 -15.602258 -0.742943
 -0.517031 -1.877385 -17.003927 -1.383412
 -0.801990 -1.928109 -16.663902 -0.901054
 -0.826849 -1.620223 -15.942552 -1.008626
 -1.185746 -1.669053 -15.821037 -0.681107
 -0.592051 -2.076500 -17.234875 -1.134944
 -0.762140 -1.949839 -16.697514 -0.938955
 -0.619645 -1.863783 -16.283611 -1.181626
 -1.238626 -1.450275 -15.602258 -0.742943
 -0.517031 -1.877385 -17.003927 -1.383412
 -0.801990 -1.928109 -16.663902 -0.901054
 -0.826849 -1.620223 -15.942552 -1.008626
 -1.185746 -1.669053 -15.821037 -0.681107
 -17.538309 -17.538309 0.000000 -17.538309
 -16.216129 -16.216129 -0.000000 -16.216129
 -1.386294 -1.386294 -1.386294 -1.386294
 -16.932575 -16.932575 -0.000000 -16.932575
 -16.814737 -16.814737 -0.000000 -16.814737
 -15.876024 -15.876024 -0.000000 -15.876024
 -1.386294 -1.386294 -1.386294 -1.386294
 -16.840317 -16.840317 -0.000000 -16.840317
 -17.538309 -17.538309 0.000000 -17.538309
 -16.216129 -16.216129 -0.000000 -16.216129
 -1.386294 -1.386294 -1.386294 -1.386294
 -16.932575 -16.932575 -0.000000 -16.932575
 -16.814737 -16.814737 -0.000000 -16.814737
 -15.876024 -15.876024 -0.000000 -15.876024
 -1.386294 -1.386294 -1.386294 -1.386294
 -16.840317 -16.840317 -0.000000 -16.840317
 -1.386294 -1.386294 -1.386294 -1.386294
 -1.386294 -1.386294 -1.386294 -1.386294
 -17.933735 -17.933735 -17.933735 -0.000000
 -1.386294 -1.386294 -1.386294 -1.386294
 -1.386294 -1.386294 -1.386294 -1.386294
 -1.386294 -1.386294 -1.386294 -1.386294
 -17.943451 -17.943451 -17.943451 -0.000000
 -1.386294 -1.386294 -1.386294 -1.386294
 -1.386294 -1.386294 -1.386294 -1.386294
 -1.386294 -1.386294 -1.386294 -1.386294
 -17.933735 -17.933735 -17.933735 -0.000000
 -1.386294 -1.386294 -1.386294 -1.386294
 -1.386294 -1.386294 -1.386294 -1.386294
 -1.386294 -1.386294 -1.386294 -1.386294
 -17.943451 -17.943451 -17.943451 -0.000000
 -1.386294 -1.386294 -1.386294 -1.386294
 -1.386294 -1.386294 -1.386294 -1.386294
 -1.386294 -1.386294 -1.386294 -1.386294
 -1.386294 -1.386294 -1.386294 -1.386294
 -0.485771 -4.309423 -1.035923 -4.108205
 -1.386294 -1.386294 -1.386294 -1.386294
 -1.386294 -1.386294 -1.386294 -1.386294
 -1.386294 -1.386294 -1.386294 -1.386294
 -1.386294 -1.386294 -1.386294 -1.386294
 -1.386294 -1.386294 -1.386294 -1.386294
 -1.386294 -1.386294 -1.386294 -1.386294
 -1.386294 -1.386294 -1.386294 -1.386294
 -0.485771 -4.309423 -1.035923 -4.108205
 -1.386294 -1.386294 -1.386294 -1.386294
 -1.386294 -1.386294 -1.386294 -1.386294
 -1.386294 -1.386294 -1.386294 -1.386294
 -1.386294 -1.386294 -1.386294 -1.386294
 -1.386294 -1.386294 -1.386294 -1.386294
 -1.386294 -1.386294 -1.386294 -1.386294
 -1.386294 -1.386294 -1.386294 -1.386294
 -1.386294 -1.386294 -1.386294 -1.386294
 -0.218286 -3.238547 -2.826393 -2.326291
 -0.420641 -2.020943 -2.914754 -1.853890
 -0.104271 -3.261524 -3.154380 -4.016039
 -0.858859 -2.094328 -1.342914 -1.649644
 -1.386294 -1.386294 -1.386294 -1.386294
 -1.386294 -1.386294 -1.386294 -1.386294
 -1.386294 -1.386294 -1.386294 -1.386294
 -1.386294 -1.386294 -1.386294 -1.386294
 -0.218286 -3.238547 -2.826393 -2.326291
 -0.420641 -2.020943 -2.914754 -1.853890
 -0.104271 -3.261524 -3.154380 -4.016039
 -0.858859 -2.094328 -1.342914 -1.649644
 -4.023067 -4.600903 -0.040482 -4.445339
 -2.049840 -2.315543 -0.401183 -2.272983
 -2.719098 -2.901419 -0.163351 -3.512326
 -3.491644 -1.604578 -0.310266 -3.343224
 -2.439782 -3.663544 -0.229576 -2.382624
 -1.452252 -1.904232 -0.854419 -1.652920
 -1.929905 -2.517683 -0.365938 -2.517683
 -2.382617 -2.094939 -0.345750 -2.564935
 -4.023067 -4.600903 -0.040482 -4.445339
 -2.049840 -2.315543 -0.401183 -2.272983
 -2.719098 -2.901419 -0.163351 -3.512326
 -3.491644 -1.604578 -0.310266 -3.343224
 -2.439782 -3.663544 -0.229576 -2.382624
 -1.452252 -1.904232 -0.854419 -1.652920
 -1.929905 -2.517683 -0.365938 -2.517683
 -2.382617 -2.094939 -0.345750 -2.564935
 -1.684787 -1.875842 -1.222970 -1.002570
 -1.892562 -1.133460 -2.150390 -0.889263
 -2.490017 -2.520644 -2.701053 -0.261951
 -1.707877 -2.079439 -1.104882 -1.014732
 -1.533930 -1.680532 -0.936095 -1.580450
 -2.424799 -0.403256 -2.587317 -1.782948
 -2.530843 -2.282382 -2.224113 -0.342203
 -2.313628 -1.620487 -1.014353 -1.076873
 -1.684787 -1.875842 -1.222970 -1.002570
 -1.892562 -1.133460 -2.150390 -0.889263
 -2.490017 -2.520644 -2.701053 -0.261951
 -1.707877 -2.079439 -1.104882 -1.014732
 -1.533930 -1.680532 -0.936095 -1.580450
 -2.424799 -0.403256 -2.587317 -1.782948
 -2.530843 -2.282382 -2.224113 -0.342203
 -2.313628 -1.620487 -1.014353 -1.076873
 -1.004927 -1.821973 -1.295323 -1.617406
 -0.909266 -1.302309 -2.326019 -1.480196
 -1.084535 -1.268148 -1.391762 -2.025316
 -0.975508 -2.014506 -1.182893 -1.697058
 -1.290985 -1.673975 -1.386294 -1.246533
 -1.852913 -1.880312 -2.898876 -0.453198
 -1.529395 -1.420196 -1.290985 -1.321756
 -1.493439 -1.542229 -1.319086 -1.223776
 -1.004927 -1.821973 -1.295323 -1.617406
 -0.909266 -1.302309 -2.326019 -1.480196
 -1.084535 -1.268148 -1.391762 -2.025316
 -0.975508 -2.014506 -1.182893 -1.697058
 -1.290985 -1.673975 -1.386294 -1.246533
 -1.852913 -1.880312 -2.898876 -0.453198
 -1.529395 -1.420196 -1.290985 -1.321756
 -1.493439 -1.542229 -1.319086 -1.223776
 -1.129341 -1.482981 -1.591714 -1.401541
 -1.405839 -1.054441 -2.558517 -1.111600
 -1.366738 -1.292127 -1.247391 -1.697592
 -1.666909 -1.835244 -1.077559 -1.167415
 -1.579624 -1.520127 -1.768866 -0.904518
 -1.345709 -1.112515 -2.805334 -1.048602
 -1.530122 -1.350227 -1.401449 -1.279885
 -1.779609 -1.585282 -1.472550 -0.923653
 -1.129341 -1.482981 -1.591714 -1.401541
 -1.405839 -1.054441 -2.558517 -1.111600
 -1.366738 -1.292127 -1.247391 -1.697592
 -1.666909 -1.835244 -1.077559 -1.167415
 -1.579624 -1.520127 -1.768866 -0.904518
 -1.345709 -1.112515 -2.805334 -1.048602
 -1.530122 -1.350227 -1.401449 -1.279885
 -1.779609 -1.585282 -1.472550 -0.923653
 -1.155870 -1.445936 -1.657807 -1.350409
 -1.387353 -1.013455 -2.462927 -1.196943
 -1.423108 -1.207997 -1.238706 -1.769126
 -1.770563 -1.413438 -1.424506 -1.061808
 -1.329616 -1.423702 -1.677583 -1.178385
 -1.309561 -1.076081 -2.945314 -1.089018
 -1.480226 -1.630345 -1.118112 -1.387675
 -2.016452 -1.337357 -1.428666 -1.008664
 -1.155870 -1.445936 -1.657807 -1.350409
 -1.387353 -1.013455 -2.462927 -1.196943
 -1.423108 -1.207997 -1.238706 -1.769126
 -1.770563 -1.413438 -1.424506 -1.061808
 -1.329616 -1.423702 -1.677583 -1.178385
 -1.309561 -1.076081 -2.945314 -1.089018
 -1.480226 -1.630345 -1.118112 -1.387675
 -2.016452 -1.337357 -1.428666 -1.008664
 -1.106674 -1.701105 -1.532207 -1.306364
 -1.268511 -1.163151 -2.510224 -1.123930
 -1.476415 -1.407659 -0.968440 -1.916272
 -1.638790 -1.746517 -1.220640 -1.089563
 -1.367037 -1.659270 -1.455287 -1.134671
 -1.393345 -1.110865 -2.548228 -1.066352
 -1.579181 -1.594991 -1.040511 -1.436865
 -1.834319 -1.533930 -1.363676 -0.997304
 -1.106674 -1.701105 -1.532207 -1.306364
 -1.268511 -1.163151 -2.510224 -1.123930
 -1.476415 -1.407659 -0.968440 -1.916272
 -1.638790 -1.746517 -1.220640 -1.089563
 -1.367037 -1.659270 -1.455287 -1.134671
 -1.393345 -1.110865 -2.548228 -1.066352
 -1.579181 -1.594991 -1.040511 -1.436865
 -1.834319 -1.533930 -1.363676 -0.997304
 -1.210880 -1.663218 -1.469291 -1.264259
 -1.215815 -1.260694 -2.218831 -1.166875
 -1.531802 -1.330584 -0.998343 -1.890199
 -1.671687 -1.704748 -1.339288 -0.999075
 -1.367993 -1.530817 -1.327379 -1.332366
 -1.240086 -1.162500 -2.576964 -1.133413
 -1.700372 -1.281891 -1.105815 -1.565749
 -1.834513 -1.524189 -1.373777 -0.995978
 -1.210880 -1.663218 -1.469291 -1.264259
 -1.215815 -1.260694 -2.218831 -1.166875
 -1.531802 -1.330584 -0.998343 -1.890199
 -1.671687 -1.704748 -1.339288 -0.999075
 -1.367993 -1.530817 -1.327379 -1.332366
 -1.240086 -1.162500 -2.576964 -1.133413
 -1.700372 -1.281891 -1.105815 -1.565749
 -1.834513 -1.524189 -1.373777 -0.995978
 -2.824208 0.000100 0.000100 0.000100
 -2.847471 0.000100 0.000100 0.000100
 -2.775944 0.000100 0.000100 0.000100
 -2.866823 0.000100 0.000100 0.000100
 -2.779724 0.000100 0.000100 0.000100
 -2.735759 0.000100 0.000100 0.000100
 -2.951235 0.000100 0.000100 0.000100
 -2.473277 0.000100 0.000100 0.000100
 -2.824208 0.000100 0.000100 0.000100
 -2.847471 0.000100 0.000100 0.000100
 -2.775944 0.000100 0.000100 0.000100
 -2.866823 0.000100 0.000100 0.000100
 -2.779724 0.000100 0.000100 0.000100
 -2.735759 0.000100 0.000100 0.000100
 -2.951235 0.000100 0.000100 0.000100
 -2.473277 0.000100 0.000100 0.000100
 -1.111238 -1.818324 -1.285174 -1.461238
 -1.202647 -1.238220 -2.498847 -1.116198
 -1.334301 -1.526093 -1.257570 -1.448466
 -1.616407 -1.757649 -1.107187 -1.209147
 -1.462155 -1.652682 -1.158335 -1.336668
 -1.130942 -1.321128 -2.670868 -1.075156
 -1.641555 -1.497746 -1.361629 -1.119494
 -1.839165 -1.578794 -1.221313 -1.078858
 -1.111238 -1.818324 -1.285174 -1.461238
 -1.202647 -1.238220 -2.498847 -1.116198
 -1.334301 -1.526093 -1.257570 -1.448466
 -1.616407 -1.757649 -1.107187 -1.209147
 -1.462155 -1.652682 -1.158335 -1.336668
 -1.130942 -1.321128 -2.670868 -1.075156
 -1.641555 -1.497746 -1.361629 -1.119494
 -1.839165 -1.578794 -1.221313 -1.078858
 -1.071645 -1.506540 -1.399332 -1.665386
 -1.205589 -0.899325 -2.347174 -1.619482
 -1.382456 -1.229654 -1.177288 -1.906958
 -1.631993 -1.438037 -1.109096 -1.438809
 -1.365866 -1.289228 -1.367275 -1.539181
 -1.167905 -0.996947 -2.385936 -1.478519
 -1.660747 -1.081289 -1.245192 -1.698492
 -1.884348 -1.180995 -1.419797 -1.206189
 -1.071645 -1.506540 -1.399332 -1.665386
 -1.205589 -0.899325 -2.347174 -1.619482
 -1.382456 -1.229654 -1.177288 -1.906958
 -1.631993 -1.438037 -1.109096 -1.438809
 -1.365866 -1.289228 -1.367275 -1.539181
 -1.167905 -0.996947 -2.385936 -1.478519
 -1.660747 -1.081289 -1.245192 -1.698492
 -1.884348 -1.180995 -1.419797 -1.206189
 -0.715276 -2.428519 -19.923868 -0.860913
 -0.812694 -2.233979 -19.994368 -0.800204
 -0.764909 -1.993263 -19.972956 -0.920365
 -0.981221 -2.329129 -19.567924 -0.639102
 -0.944264 -2.174262 -19.836510 -0.698477
 -1.040422 -2.305166 -20.188505 -0.603394
 -1.033821 -2.266330 -19.711235 -0.614960
 -1.271269 -2.336913 -19.927023 -0.473371
 -0.715276 -2.428519 -19.923868 -0.860913
 -0.812694 -2.233979 -19.994368 -0.800204
 -0.764909 -1.993263 -19.972956 -0.920365
 -0.981221 -2.329129 -19.567924 -0.639102
 -0.944264 -2.174262 -19.836510 -0.698477
 -1.040422 -2.305166 -20.188505 -0.603394
 -1.033821 -2.266330 -19.711235 -0.614960
 -1.271269 -2.336913 -19.927023 -0.473371
 -20.407404 -20.407404 0.000000 -20.407404
 -19.054661 -19.054661 0.000000 -19.054661
 -1.386294 -1.386294 -1.386294 -1.386294
 -20.474318 -20.474318 0.000000 -20.474318
 -20.316154 -20.316154 0.000000 -20.316154
 -19.032347 -19.032347 0.000000 -19.032347
 -1.386294 -1.386294 -1.386294 -1.386294
 -20.707441 -20.707441 0.000000 -20.707441
 -20.407404 -20.407404 0.000000 -20.407404
 -19.054661 -19.054661 0.000000 -19.054661
 -1.386294 -1.386294 -1.386294 -1.386294
 -20.474318 -20.474318 0.000000 -20.474318
 -20.316154 -20.316154 0.000000 -20.316154
 -19.032347 -19.032347 0.000000 -19.032347
 -1.386294 -1.386294 -1.386294 -1.386294
 -20.707441 -20.707441 0.000000 -20.707441
 -1.386294 -1.386294 -1.386294 -1.386294
 -1.386294 -1.386294 -1.386294 -1.386294
 -21.055967 -21.055967 -21.055967 0.000000
 -1.386294 -1.386294 -1.386294 -1.386294
 -1.386294 -1.386294 -1.386294 -1.386294
 -1.386294 -1.386294 -1.386294 -1.386294
 -21.482567 -21.482567 -21.482567 0.000000
 -1.386294 -1.386294 -1.386294 -1.386294
 -1.386294 -1.386294 -1.386294 -1.386294
 -1.386294 -1.386294 -1.386294 -1.386294
 -21.055967 -21.055967 -21.055967 0.000000
 -1.386294 -1.386294 -1.386294 -1.386294
 -1.386294 -1.386294 -1.386294 -1.386294
 -1.386294 -1.386294 -1.386294 -1.386294
 -21.482567 -21.482567 -21.482567 0.000000
 -1.386294 -1.386294 -1.386294 -1.386294
 -1.386294 -1.386294 -1.386294 -1.386294
 -1.386294 -1.386294 -1.386294 -1.386294
 -1.386294 -1.386294 -1.386294 -1.386294
 -1.643733 -1.561939 -1.095381 -1.337117
 -1.386294 -1.386294 -1.386294 -1.386294
 -1.386294 -1.386294 -1.386294 -1.386294
 -1.386294 -1.386294 -1.386294 -1.386294
 -1.386294 -1.386294 -1.386294 -1.386294
 -1.386294 -1.386294 -1.386294 -1.386294
 -1.386294 -1.386294 -1.386294 -1.386294
 -1.386294 -1.386294 -1.386294 -1.386294
 -1.643733 -1.561939 -1.095381 -1.337117
 -1.386294 -1.386294 -1.386294 -1.386294
 -1.386294 -1.386294 -1.386294 -1.386294
 -1.386294 -1.386294 -1.386294 -1.386294
 -1.386294 -1.386294 -1.386294 -1.386294
 -1.386294 -1.386294 -1.386294 -1.386294
 -1.386294 -1.386294 -1.386294 -1.386294
 -1.386294 -1.386294 -1.386294 -1.386294
 -1.386294 -1.386294 -1.386294 -1.386294
 -1.249472 -1.772761 -1.320314 -1.285801
 -1.274292 -1.242407 -2.723712 -1.004980
 -1.400502 -1.522964 -1.251498 -1.388753
 -1.721280 -1.520340 -1.457085 -0.995304
 -1.386294 -1.386294 -1.386294 -1.386294
 -1.386294 -1.386294 -1.386294 -1.386294
 -1.386294 -1.386294 -1.386294 -1.386294
 -1.386294 -1.386294 -1.386294 -1.386294
 -1.249472 -1.772761 -1.320314 -1.285801
 -1.274292 -1.242407 -2.723712 -1.004980
 -1.400502 -1.522964 -1.251498 -1.388753
 -1.721280 -1.520340 -1.457085 -0.995304
 -1.277758 -1.792993 -1.291642 -1.272757
 -1.158076 -1.256546 -2.582780 -1.121745
 -1.371920 -1.334863 -1.396168 -1.445440
 -1.662849 -1.685480 -1.149625 -1.176711
 -1.435535 -1.461558 -1.357123 -1.299247
 -1.266151 -1.187813 -2.673093 -1.066650
 -1.542955 -1.411902 -1.213377 -1.404947
 -1.849651 -1.332219 -1.392520 -1.107546
 -1.277758 -1.792993 -1.291642 -1.272757
 -1.158076 -1.256546 -2.582780 -1.121745
 -1.371920 -1.334863 -1.396168 -1.445440
 -1.662849 -1.685480 -1.149625 -1.176711
 -1.435535 -1.461558 -1.357123 -1.299247
 -1.266151 -1.187813 -2.673093 -1.066650
 -1.542955 -1.411902 -1.213377 -1.404947
 -1.849651 -1.332219 -1.392520 -1.107546
 -1.184528 -1.775614 -1.234368 -1.453669
 -1.306875 -1.192392 -2.623536 -1.040451
 -1.355192 -1.307898 -1.323244 -1.582580
 -1.746548 -1.341892 -1.304821 -1.227401
 -1.407008 -1.642027 -1.265770 -1.274697
 -1.214901 -1.270270 -2.714402 -1.032093
 -1.517154 -1.595333 -1.445933 -1.072075
 -1.791435 -1.520201 -1.311682 -1.063502
 -1.184528 -1.775614 -1.234368 -1.453669
 -1.306875 -1.192392 -2.623536 -1.040451
 -1.355192 -1.307898 -1.323244 -1.582580
 -1.746548 -1.341892 -1.304821 -1.227401
 -1.407008 -1.642027 -1.265770 -1.274697
 -1.214901 -1.270270 -2.714402 -1.032093
 -1.517154 -1.595333 -1.445933 -1.072075
 -1.791435 -1.520201 -1.311682 -1.063502
 -1.169840 -1.789228 -1.233407 -1.464491
 -1.174922 -1.126086 -2.469597 -1.265005
 -1.214324 -1.595729 -1.315875 -1.460634
 -1.551888 -1.770910 -1.097213 -1.258167
 -1.418440 -1.579931 -1.210450 -1.370987
 -1.269537 -1.094674 -2.615459 -1.167141
 -1.585722 -1.489135 -1.109481 -1.427523
 -1.730935 -1.544992 -1.254387 -1.126033
 -1.169840 -1.789228 -1.233407 -1.464491
 -1.174922 -1.126086 -2.469597 -1.265005
 -1.214324 -1.595729 -1.315875 -1.460634
 -1.551888 -1.770910 -1.097213 -1.258167
 -1.418440 -1.579931 -1.210450 -1.370987
 -1.269537 -1.094674 -2.615459 -1.167141
 -1.585722 -1.489135 -1.109481 -1.427523
 -1.730935 -1.544992 -1.254387 -1.126033
 -1.107764 -1.720965 -1.376312 -1.434218
 -1.202891 -1.285812 -2.459057 -1.085497
 -1.279786 -1.468434 -1.242068 -1.595382
 -1.605892 -1.731594 -1.131425 -1.204926
 -1.430859 -1.548386 -1.366152 -1.226834
 -1.050272 -1.290739 -2.643157 -1.190880
 -1.625524 -1.586033 -1.258919 -1.156788
 -1.774608 -1.504146 -1.389816 -1.024093
 -1.107764 -1.720965 -1.376312 -1.434218
 -1.202891 -1.285812 -2.459057 -1.085497
 -1.279786 -1.468434 -1.242068 -1.595382
 -1.605892 -1.731594 -1.131425 -1.204926
 -1.430859 -1.548386 -1.366152 -1.226834
 -1.050272 -1.290739 -2.643157 -1.190880
 -1.625524 -1.586033 -1.258919 -1.156788
 -1.774608 -1.504146 -1.389816 -1.024093
 -1.102178 -1.699985 -1.329906 -1.511112
 -1.183537 -1.328222 -2.303218 -1.111936
 -1.249210 -1.482813 -1.274424 -1.576589
 -1.611483 -1.717639 -1.093922 -1.251698
 -1.437983 -1.592054 -1.172986 -1.387715
 -1.059179 -1.331742 -2.693592 -1.134431
 -1.360233 -1.575110 -1.216444 -1.426565
 -1.724752 -1.432164 -1.358185 -1.121275
 -1.102178 -1.699985 -1.329906 -1.511112
 -1.183537 -1.328222 -2.303218 -1.111936
 -1.249210 -1.482813 -1.274424 -1.576589
 -1.611483 -1.717639 -1.093922 -1.251698
 -1.437983 -1.592054 -1.172986 -1.387715
 -1.059179 -1.331742 -2.693592 -1.134431
 -1.360233 -1.575110 -1.216444 -1.426565
 -1.724752 -1.432164 -1.358185 -1.121275
 -1.173417 -1.857367 -1.290408 -1.349191
 -1.207276 -1.112886 -2.439556 -1.254632
 -1.282163 -1.526065 -1.178283 -1.622690
 -1.523388 -1.692948 -1.164059 -1.252340
 -1.501668 -1.721983 -1.089863 -1.338389
 -1.225014 -1.273236 -2.608688 -1.042163
 -1.599700 -1.566253 -1.256942 -1.188448
 -1.670751 -1.507432 -1.352575 -1.103094
 -1.173417 -1.857367 -1.290408 -1.349191
 -1.207276 -1.112886 -2.439556 -1.254632
 -1.282163 -1.526065 -1.178283 -1.622690
 -1.523388 -1.692948 -1.164059 -1.252340
 -1.501668 -1.721983 -1.089863 -1.338389
 -1.225014 -1.273236 -2.608688 -1.042163
 -1.599700 -1.566253 -1.256942 -1.188448
 -1.670751 -1.507432 -1.352575 -1.103094
 -1.140849 -1.699868 -1.370148 -1.411918
 -1.099262 -1.305770 -2.295465 -1.220086
 -1.371433 -1.244697 -1.358719 -1.603261
 -1.630575 -1.629444 -1.179836 -1.201259
 -1.362831 -1.549644 -1.325989 -1.323504
 -1.125839 -1.303484 -2.612912 -1.106498
 -1.473642 -1.437035 -1.317749 -1.325983
 -1.759950 -1.514818 -1.291708 -1.098721
 -1.140849 -1.699868 -1.370148 -1.411918
 -1.099262 -1.305770 -2.295465 -1.220086
 -1.371433 -1.244697 -1.358719 -1.603261
 -1.630575 -1.629444 -1.179836 -1.201259
 -1.362831 -1.549644 -1.325989 -1.323504
 -1.125839 -1.303484 -2.612912 -1.106498
 -1.473642 -1.437035 -1.317749 -1.325983
 -1.759950 -1.514818 -1.291708 -1.098721
