 -2.648942 0.000100 0.000100 0.000100
 -2.854038 0.000100 0.000100 0.000100
 -2.584817 0.000100 0.000100 0.000100
 -3.253423 0.000100 0.000100 0.000100
 -2.742598 0.000100 0.000100 0.000100
 -2.632521 0.000100 0.000100 0.000100
 -2.891309 0.000100 0.000100 0.000100
 -2.721014 0.000100 0.000100 0.000100
 -2.648942 0.000100 0.000100 0.000100
 -2.854038 0.000100 0.000100 0.000100
 -2.584817 0.000100 0.000100 0.000100
 -3.253423 0.000100 0.000100 0.000100
 -2.742598 0.000100 0.000100 0.000100
 -2.632521 0.000100 0.000100 0.000100
 -2.891309 0.000100 0.000100 0.000100
 -2.721014 0.000100 0.000100 0.000100
 -1.188639 -0.965495 -1.379694 -2.765984
 -0.804852 -0.910212 -2.327275 -2.940376
 -1.120591 -0.876712 -1.443818 -3.828628
 -1.392373 -0.829280 -1.255798 -3.496490
 -1.094983 -0.854598 -1.627787 -3.131858
 -0.956163 -0.696410 -2.635802 -3.087785
 -1.248553 -0.833332 -1.278406 -14.678402
 -1.687110 -0.607917 -1.527480 -2.930299
 -1.188639 -0.965495 -1.379694 -2.765984
 -0.804852 -0.910212 -2.327275 -2.940376
 -1.120591 -0.876712 -1.443818 -3.828628
 -1.392373 -0.829280 -1.255798 -3.496490
 -1.094983 -0.854598 -1.627787 -3.131858
 -0.956163 -0.696410 -2.635802 -3.087785
 -1.248553 -0.833332 -1.278406 -14.678402
 -1.687110 -0.607917 -1.527480 -2.930299
 -0.000001 -15.088078 -15.088078 -15.088078
 -0.000001 -15.360944 -15.360944 -15.360944
 -0.000001 -14.816144 -14.816144 -14.816144
 -0.000008 -12.847937 -12.847937 -12.847937
 -0.000001 -14.981783 -14.981783 -14.981783
 -0.000001 -15.377857 -15.377857 -15.377857
 -0.000002 -14.247295 -14.247295 -14.247295
 -0.000006 -13.060496 -13.060496 -13.060496
 -0.000001 -15.088078 -15.088078 -15.088078
 -0.000001 -15.360944 -15.360944 -15.360944
 -0.000001 -14.816144 -14.816144 -14.816144
 -0.000008 -12.847937 -12.847937 -12.847937
 -0.000001 -14.981783 -14.981783 -14.981783
 -0.000001 -15.377857 -15.377857 -15.377857
 -0.000002 -14.247295 -14.247295 -14.247295
 -0.000006 -13.060496 -13.060496 -13.060496
 -16.217035 -16.217035 -0.000000 -16.217035
 -1.386294 -1.386294 -1.386294 -1.386294
 -1.386294 -1.386294 -1.386294 -1.386294
 -1.386294 -1.386294 -1.386294 -1.386294
 -16.148624 -16.148624 -0.000000 -16.148624
 -1.386294 -1.386294 -1.386294 -1.386294
 -1.386294 -1.386294 -1.386294 -1.386294
 -1.386294 -1.386294 -1.386294 -1.386294
 -16.217035 -16.217035 -0.000000 -16.217035
 -1.386294 -1.386294 -1.386294 -1.386294
 -1.386294 -1.386294 -1.386294 -1.386294
 -1.386294 -1.386294 -1.386294 -1.386294
 -16.148624 -16.148624 -0.000000 -16.148624
 -1.386294 -1.386294 -1.386294 -1.386294
 -1.386294 -1.386294 -1.386294 -1.386294
 -1.386294 -1.386294 -1.386294 -1.386294
 -1.386294 -1.386294 -1.386294 -1.386294
 -1.386294 -1.386294 -1.386294 -1.386294
 -16.876562 -16.876562 -0.000000 -16.876562
 -1.386294 -1.386294 -1.386294 -1.386294
 -1.386294 -1.386294 -1.386294 -1.386294
 -1.386294 -1.386294 -1.386294 -1.386294
 -1.386294 -1.386294 -1.386294 -1.386294
 -1.386294 -1.386294 -1.386294 -1.386294
 -1.386294 -1.386294 -1.386294 -1.386294
 -1.386294 -1.386294 -1.386294 -1.386294
 -16.876562 -16.876562 -0.000000 -16.876562
 -1.386294 -1.386294 -1.386294 -1.386294
 -1.386294 -1.386294 -1.386294 -1.386294
 -1.386294 -1.386294 -1.386294 -1.386294
 -1.386294 -1.386294 -1.386294 -1.386294
 -1.386294 -1.386294 -1.386294 -1.386294
 -1.386294 -1.386294 -1.386294 -1.386294
 -1.386294 -1.386294 -1.386294 -1.386294
 -16.876562 -16.876562 -16.876562 -0.000000
 -1.386294 -1.386294 -1.386294 -1.386294
 -1.386294 -1.386294 -1.386294 -1.386294
 -1.386294 -1.386294 -1.386294 -1.386294
 -1.386294 -1.386294 -1.386294 -1.386294
 -1.386294 -1.386294 -1.386294 -1.386294
 -1.386294 -1.386294 -1.386294 -1.386294
 -1.386294 -1.386294 -1.386294 -1.386294
 -16.876562 -16.876562 -16.876562 -0.000000
 -1.386294 -1.386294 -1.386294 -1.386294
 -1.386294 -1.386294 -1.386294 -1.386294
 -1.386294 -1.386294 -1.386294 -1.386294
 -1.386294 -1.386294 -1.386294 -1.386294
 -1.386294 -1.386294 -1.386294 -1.386294
 -1.386294 -1.386294 -1.386294 -1.386294
 -1.386294 -1.386294 -1.386294 -1.386294
 -1.386294 -1.386294 -1.386294 -1.386294
 0.000000 -16.876562 -16.876562 -16.876562
 -1.386294 -1.386294 -1.386294 -1.386294
 -1.386294 -1.386294 -1.386294 -1.386294
 -1.386294 -1.386294 -1.386294 -1.386294
 -1.386294 -1.386294 -1.386294 -1.386294
 -1.386294 -1.386294 -1.386294 -1.386294
 -1.386294 -1.386294 -1.386294 -1.386294
 -1.386294 -1.386294 -1.386294 -1.386294
 0.000000 -16.876562 -16.876562 -16.876562
 -1.386294 -1.386294 -1.386294 -1.386294
 -1.386294 -1.386294 -1.386294 -1.386294
 -1.386294 -1.386294 -1.386294 -1.386294
 -1.386294 -1.386294 -1.386294 -1.386294
 -1.386294 -1.386294 -1.386294 -1.386294
 -1.386294 -1.386294 -1.386294 -1.386294
 -1.386294 -1.386294 -1.386294 -1.386294
 -1.386294 -1.386294 -1.386294 -1.386294
 -16.876562 -16.876562 -0.000000 -16.876562
 -1.386294 -1.386294 -1.386294 -1.386294
 -1.386294 -1.386294 -1.386294 -1.386294
 -1.386294 -1.386294 -1.386294 -1.386294
 -1.386294 -1.386294 -1.386294 -1.386294
 -1.386294 -1.386294 -1.386294 -1.386294
 -1.386294 -1.386294 -1.386294 -1.386294
 -1.386294 -1.386294 -1.386294 -1.386294
 -16.876562 -16.876562 -0.000000 -16.876562
 -1.386294 -1.386294 -1.386294 -1.386294
 -1.386294 -1.386294 -1.386294 -1.386294
 -1.386294 -1.386294 -1.386294 -1.386294
 -1.386294 -1.386294 -1.386294 -1.386294
 -1.386294 -1.386294 -1.386294 -1.386294
 -16.876562 -16.876562 -0.000000 -16.876562
 -1.386294 -1.386294 -1.386294 -1.386294
 -1.386294 -1.386294 -1.386294 -1.386294
 -1.386294 -1.386294 -1.386294 -1.386294
 -1.386294 -1.386294 -1.386294 -1.386294
 -1.386294 -1.386294 -1.386294 -1.386294
 -1.386294 -1.386294 -1.386294 -1.386294
 -1.386294 -1.386294 -1.386294 -1.386294
 -16.876562 -16.876562 -0.000000 -16.876562
 -1.386294 -1.386294 -1.386294 -1.386294
 -1.386294 -1.386294 -1.386294 -1.386294
 -1.386294 -1.386294 -1.386294 -1.386294
 -1.386294 -1.386294 -1.386294 -1.386294
 -1.386294 -1.386294 -1.386294 -1.386294
 -1.386294 -1.386294 -1.386294 -1.386294
 -1.386294 -1.386294 -1.386294 -1.386294
 -1.277660 -1.758139 -1.568148 -1.077296
 -1.386294 -1.386294 -1.386294 -1.386294
 -1.386294 -1.386294 -1.386294 -1.386294
 -1.386294 -1.386294 -1.386294 -1.386294
 -1.386294 -1.386294 -1.386294 -1.386294
 -1.386294 -1.386294 -1.386294 -1.386294
 -1.386294 -1.386294 -1.386294 -1.386294
 -1.386294 -1.386294 -1.386294 -1.386294
 -1.277660 -1.758139 -1.568148 -1.077296
 -1.386294 -1.386294 -1.386294 -1.386294
 -1.386294 -1.386294 -1.386294 -1.386294
 -1.386294 -1.386294 -1.386294 -1.386294
 -1.386294 -1.386294 -1.386294 -1.386294
 -1.386294 -1.386294 -1.386294 -1.386294
 -1.246898 -1.634971 -1.090244 -1.706430
 -1.087802 -1.343735 -1.996059 -1.323115
 -1.370687 -1.269761 -1.192800 -1.821408
 -1.551974 -2.003958 -0.777786 -1.640166
 -1.386294 -1.386294 -1.386294 -1.386294
 -1.386294 -1.386294 -1.386294 -1.386294
 -1.386294 -1.386294 -1.386294 -1.386294
 -1.386294 -1.386294 -1.386294 -1.386294
 -1.246898 -1.634971 -1.090244 -1.706430
 -1.087802 -1.343735 -1.996059 -1.323115
 -1.370687 -1.269761 -1.192800 -1.821408
 -1.551974 -2.003958 -0.777786 -1.640166
 -1.386294 -1.386294 -1.386294 -1.386294
 -1.386294 -1.386294 -1.386294 -1.386294
 -1.386294 -1.386294 -1.386294 -1.386294
 -1.386294 -1.386294 -1.386294 -1.386294
 -1.095098 -1.678682 -1.218158 -1.697730
 -1.407259 -1.042146 -2.117499 -1.265289
 -1.483397 -1.060541 -1.208961 -2.052929
 -1.897119 -1.504077 -1.082084 -1.241713
 -1.422928 -1.500487 -1.258173 -1.379126
 -1.355835 -1.242507 -2.869956 -0.924053
 -1.731134 -1.335522 -1.067841 -1.531802
 -1.647822 -1.669801 -1.082015 -1.271771
 -1.095098 -1.678682 -1.218158 -1.697730
 -1.407259 -1.042146 -2.117499 -1.265289
 -1.483397 -1.060541 -1.208961 -2.052929
 -1.897119 -1.504077 -1.082084 -1.241713
 -1.422928 -1.500487 -1.258173 -1.379126
 -1.355835 -1.242507 -2.869956 -0.924053
 -1.731134 -1.335522 -1.067841 -1.531802
 -1.647822 -1.669801 -1.082015 -1.271771
 -1.246248 -1.580450 -1.269238 -1.489478
 -1.398416 -1.068937 -2.221614 -1.199965
 -1.457097 -1.383766 -1.002152 -1.901348
 -1.902510 -1.402555 -1.047521 -1.370294
 -1.593088 -1.540445 -1.215023 -1.252763
 -1.360092 -1.116470 -2.476093 -1.103047
 -1.648658 -1.397344 -1.045124 -1.566420
 -2.020600 -1.327454 -1.087313 -1.327454
 -1.246248 -1.580450 -1.269238 -1.489478
 -1.398416 -1.068937 -2.221614 -1.199965
 -1.457097 -1.383766 -1.002152 -1.901348
 -1.902510 -1.402555 -1.047521 -1.370294
 -1.593088 -1.540445 -1.215023 -1.252763
 -1.360092 -1.116470 -2.476093 -1.103047
 -1.648658 -1.397344 -1.045124 -1.566420
 -2.020600 -1.327454 -1.087313 -1.327454
 -1.185624 -1.722766 -1.147403 -1.617406
 -1.201267 -1.228666 -2.327275 -1.174598
 -1.220343 -1.473045 -1.101482 -1.943048
 -2.126396 -1.492675 -0.895859 -1.395511
 -1.367602 -1.922598 -1.025854 -1.424761
 -1.287854 -1.276555 -2.363992 -1.046693
 -1.613776 -1.530394 -0.909819 -1.704747
 -2.203738 -1.311259 -0.985168 -1.399366
 -1.185624 -1.722766 -1.147403 -1.617406
 -1.201267 -1.228666 -2.327275 -1.174598
 -1.220343 -1.473045 -1.101482 -1.943048
 -2.126396 -1.492675 -0.895859 -1.395511
 -1.367602 -1.922598 -1.025854 -1.424761
 -1.287854 -1.276555 -2.363992 -1.046693
 -1.613776 -1.530394 -0.909819 -1.704747
 -2.203738 -1.311259 -0.985168 -1.399366
 -1.265342 -1.722766 -1.180443 -1.460402
 -1.093770 -1.357584 -1.862139 -1.376632
 -1.680389 -1.274925 -0.923164 -1.987873
 -1.736329 -1.330865 -1.103808 -1.478500
 -1.765090 -1.490654 -1.020651 -1.413693
 -1.158384 -1.136878 -2.544675 -1.249356
 -1.640936 -1.348267 -1.042101 -1.640936
 -1.791759 -1.457986 -1.043553 -1.392604
 -1.265342 -1.722766 -1.180443 -1.460402
 -1.093770 -1.357584 -1.862139 -1.376632
 -1.680389 -1.274925 -0.923164 -1.987873
 -1.736329 -1.330865 -1.103808 -1.478500
 -1.765090 -1.490654 -1.020651 -1.413693
 -1.158384 -1.136878 -2.544675 -1.249356
 -1.640936 -1.348267 -1.042101 -1.640936
 -1.791759 -1.457986 -1.043553 -1.392604
 -2.903468 0.000100 0.000100 0.000100
 -3.343419 0.000100 0.000100 0.000100
 -2.481197 0.000100 0.000100 0.000100
 -3.068982 0.000100 0.000100 0.000100
 -2.791351 0.000100 0.000100 0.000100
 -2.704340 0.000100 0.000100 0.000100
 -3.029762 0.000100 0.000100 0.000100
 -2.271476 0.000100 0.000100 0.000100
 -2.903468 0.000100 0.000100 0.000100
 -3.343419 0.000100 0.000100 0.000100
 -2.481197 0.000100 0.000100 0.000100
 -3.068982 0.000100 0.000100 0.000100
 -2.791351 0.000100 0.000100 0.000100
 -2.704340 0.000100 0.000100 0.000100
 -3.029762 0.000100 0.000100 0.000100
 -2.271476 0.000100 0.000100 0.000100
 -1.679640 -1.304949 -0.858664 -2.131620
 -1.691672 -0.804377 -1.845820 -1.558143
 -1.860750 -1.609437 -0.762142 -1.727219
 -1.714795 -1.347074 -0.653931 -3.218834
 -1.992425 -1.193923 -0.822362 -2.110207
 -1.185625 -1.057792 -1.504077 -2.079436
 -1.386294 -1.648656 -0.773193 -2.341793
 -2.144577 -2.224619 -0.352824 -2.630080
 -1.679640 -1.304949 -0.858664 -2.131620
 -1.691672 -0.804377 -1.845820 -1.558143
 -1.860750 -1.609437 -0.762142 -1.727219
 -1.714795 -1.347074 -0.653931 -3.218834
 -1.992425 -1.193923 -0.822362 -2.110207
 -1.185625 -1.057792 -1.504077 -2.079436
 -1.386294 -1.648656 -0.773193 -2.341793
 -2.144577 -2.224619 -0.352824 -2.630080
 -0.000006 -13.060496 -13.060496 -13.060496
 -0.000005 -13.369229 -13.369229 -13.369229
 -0.000002 -13.997835 -13.997835 -13.997835
 -0.000008 -12.793870 -12.793870 -12.793870
 -0.000006 -13.142174 -13.142174 -13.142174
 -0.000004 -13.415039 -13.415039 -13.415039
 -0.000002 -14.046625 -14.046625 -14.046625
 -0.000011 -12.506192 -12.506192 -12.506192
 -0.000006 -13.060496 -13.060496 -13.060496
 -0.000005 -13.369229 -13.369229 -13.369229
 -0.000002 -13.997835 -13.997835 -13.997835
 -0.000008 -12.793870 -12.793870 -12.793870
 -0.000006 -13.142174 -13.142174 -13.142174
 -0.000004 -13.415039 -13.415039 -13.415039
 -0.000002 -14.046625 -14.046625 -14.046625
 -0.000011 -12.506192 -12.506192 -12.506192
 -15.050983 -15.050983 -0.000001 -15.050983
 -1.386294 -1.386294 -1.386294 -1.386294
 -1.386294 -1.386294 -1.386294 -1.386294
 -1.386294 -1.386294 -1.386294 -1.386294
 -14.478201 -14.478201 -0.000002 -14.478201
 -1.386294 -1.386294 -1.386294 -1.386294
 -1.386294 -1.386294 -1.386294 -1.386294
 -1.386294 -1.386294 -1.386294 -1.386294
 -15.050983 -15.050983 -0.000001 -15.050983
 -1.386294 -1.386294 -1.386294 -1.386294
 -1.386294 -1.386294 -1.386294 -1.386294
 -1.386294 -1.386294 -1.386294 -1.386294
 -14.478201 -14.478201 -0.000002 -14.478201
 -1.386294 -1.386294 -1.386294 -1.386294
 -1.386294 -1.386294 -1.386294 -1.386294
 -1.386294 -1.386294 -1.386294 -1.386294
 -1.386294 -1.386294 -1.386294 -1.386294
 -1.386294 -1.386294 -1.386294 -1.386294
 -15.498199 -15.498199 -0.000001 -15.498199
 -1.386294 -1.386294 -1.386294 -1.386294
 -1.386294 -1.386294 -1.386294 -1.386294
 -1.386294 -1.386294 -1.386294 -1.386294
 -1.386294 -1.386294 -1.386294 -1.386294
 -1.386294 -1.386294 -1.386294 -1.386294
 -1.386294 -1.386294 -1.386294 -1.386294
 -1.386294 -1.386294 -1.386294 -1.386294
 -15.498199 -15.498199 -0.000001 -15.498199
 -1.386294 -1.386294 -1.386294 -1.386294
 -1.386294 -1.386294 -1.386294 -1.386294
 -1.386294 -1.386294 -1.386294 -1.386294
 -1.386294 -1.386294 -1.386294 -1.386294
 -1.386294 -1.386294 -1.386294 -1.386294
 -1.386294 -1.386294 -1.386294 -1.386294
 -1.386294 -1.386294 -1.386294 -1.386294
 -15.498199 -15.498199 -15.498199 -0.000001
 -1.386294 -1.386294 -1.386294 -1.386294
 -1.386294 -1.386294 -1.386294 -1.386294
 -1.386294 -1.386294 -1.386294 -1.386294
 -1.386294 -1.386294 -1.386294 -1.386294
 -1.386294 -1.386294 -1.386294 -1.386294
 -1.386294 -1.386294 -1.386294 -1.386294
 -1.386294 -1.386294 -1.386294 -1.386294
 -15.498199 -15.498199 -15.498199 -0.000001
 -1.386294 -1.386294 -1.386294 -1.386294
 -1.386294 -1.386294 -1.386294 -1.386294
 -1.386294 -1.386294 -1.386294 -1.386294
 -1.386294 -1.386294 -1.386294 -1.386294
 -1.386294 -1.386294 -1.386294 -1.386294
 -1.386294 -1.386294 -1.386294 -1.386294
 -1.386294 -1.386294 -1.386294 -1.386294
 -1.386294 -1.386294 -1.386294 -1.386294
 -0.000001 -15.498199 -15.498199 -15.498199
 -1.386294 -1.386294 -1.386294 -1.386294
 -1.386294 -1.386294 -1.386294 -1.386294
 -1.386294 -1.386294 -1.386294 -1.386294
 -1.386294 -1.386294 -1.386294 -1.386294
 -1.386294 -1.386294 -1.386294 -1.386294
 -1.386294 -1.386294 -1.386294 -1.386294
 -1.386294 -1.386294 -1.386294 -1.386294
 -0.000001 -15.498199 -15.498199 -15.498199
 -1.386294 -1.386294 -1.386294 -1.386294
 -1.386294 -1.386294 -1.386294 -1.386294
 -1.386294 -1.386294 -1.386294 -1.386294
 -1.386294 -1.386294 -1.386294 -1.386294
 -1.386294 -1.386294 -1.386294 -1.386294
 -1.386294 -1.386294 -1.386294 -1.386294
 -1.386294 -1.386294 -1.386294 -1.386294
 -1.386294 -1.386294 -1.386294 -1.386294
 -15.498199 -15.498199 -0.000001 -15.498199
 -1.386294 -1.386294 -1.386294 -1.386294
 -1.386294 -1.386294 -1.386294 -1.386294
 -1.386294 -1.386294 -1.386294 -1.386294
 -1.386294 -1.386294 -1.386294 -1.386294
 -1.386294 -1.386294 -1.386294 -1.386294
 -1.386294 -1.386294 -1.386294 -1.386294
 -1.386294 -1.386294 -1.386294 -1.386294
 -15.498199 -15.498199 -0.000001 -15.498199
 -1.386294 -1.386294 -1.386294 -1.386294
 -1.386294 -1.386294 -1.386294 -1.386294
 -1.386294 -1.386294 -1.386294 -1.386294
 -1.386294 -1.386294 -1.386294 -1.386294
 -1.386294 -1.386294 -1.386294 -1.386294
 -15.498199 -15.498199 -0.000001 -15.498199
 -1.386294 -1.386294 -1.386294 -1.386294
 -1.386294 -1.386294 -1.386294 -1.386294
 -1.386294 -1.386294 -1.386294 -1.386294
 -1.386294 -1.386294 -1.386294 -1.386294
 -1.386294 -1.386294 -1.386294 -1.386294
 -1.386294 -1.386294 -1.386294 -1.386294
 -1.386294 -1.386294 -1.386294 -1.386294
 -15.498199 -15.498199 -0.000001 -15.498199
 -1.386294 -1.386294 -1.386294 -1.386294
 -1.386294 -1.386294 -1.386294 -1.386294
 -1.386294 -1.386294 -1.386294 -1.386294
 -1.386294 -1.386294 -1.386294 -1.386294
 -1.386294 -1.386294 -1.386294 -1.386294
 -1.386294 -1.386294 -1.386294 -1.386294
 -1.386294 -1.386294 -1.386294 -1.386294
 -0.989541 -1.713147 -1.397509 -1.605727
 -1.386294 -1.386294 -1.386294 -1.386294
 -1.386294 -1.386294 -1.386294 -1.386294
 -1.386294 -1.386294 -1.386294 -1.386294
 -1.386294 -1.386294 -1.386294 -1.386294
 -1.386294 -1.386294 -1.386294 -1.386294
 -1.386294 -1.386294 -1.386294 -1.386294
 -1.386294 -1.386294 -1.386294 -1.386294
 -0.989541 -1.713147 -1.397509 -1.605727
 -1.386294 -1.386294 -1.386294 -1.386294
 -1.386294 -1.386294 -1.386294 -1.386294
 -1.386294 -1.386294 -1.386294 -1.386294
 -1.386294 -1.386294 -1.386294 -1.386294
 -1.386294 -1.386294 -1.386294 -1.386294
 -1.309333 -2.302582 -0.683198 -2.079440
 -0.790523 -2.272120 -1.935651 -1.207416
 -1.252763 -1.523053 -1.226788 -1.594512
 -1.314836 -2.379540 -0.810932 -1.637608
 -1.386294 -1.386294 -1.386294 -1.386294
 -1.386294 -1.386294 -1.386294 -1.386294
 -1.386294 -1.386294 -1.386294 -1.386294
 -1.386294 -1.386294 -1.386294 -1.386294
 -1.309333 -2.302582 -0.683198 -2.079440
 -0.790523 -2.272120 -1.935651 -1.207416
 -1.252763 -1.523053 -1.226788 -1.594512
 -1.314836 -2.379540 -0.810932 -1.637608
 -1.386294 -1.386294 -1.386294 -1.386294
 -1.386294 -1.386294 -1.386294 -1.386294
 -1.386294 -1.386294 -1.386294 -1.386294
 -1.386294 -1.386294 -1.386294 -1.386294
 -1.189585 -2.219198 -0.910872 -1.688574
 -1.183771 -1.001451 -3.198631 -1.252764
 -1.029620 -1.897118 -1.134981 -1.763587
 -1.466336 -2.341793 -1.060874 -1.118032
 -1.725508 -1.517870 -1.071585 -1.346021
 -1.203976 -0.798517 -12.206093 -1.386294
 -1.824546 -1.824546 -0.725940 -1.642226
 -1.832577 -1.832577 -1.203974 -0.967587
 -1.189585 -2.219198 -0.910872 -1.688574
 -1.183771 -1.001451 -3.198631 -1.252764
 -1.029620 -1.897118 -1.134981 -1.763587
 -1.466336 -2.341793 -1.060874 -1.118032
 -1.725508 -1.517870 -1.071585 -1.346021
 -1.203976 -0.798517 -12.206093 -1.386294
 -1.824546 -1.824546 -0.725940 -1.642226
 -1.832577 -1.832577 -1.203974 -0.967587
 -0.683297 -2.669200 -1.149385 -2.217220
 -1.098614 -1.270463 -2.944412 -1.098614
 -0.894630 -1.741926 -1.309063 -1.924247
 -1.791757 -1.443452 -1.018571 -1.443452
 -1.074517 -1.921806 -1.074517 -1.767657
 -1.203974 -1.386294 -2.590244 -0.980833
 -0.990402 -2.169040 -1.157455 -1.609435
 -2.397882 -1.442383 -1.011603 -1.174121
 -0.683297 -2.669200 -1.149385 -2.217220
 -1.098614 -1.270463 -2.944412 -1.098614
 -0.894630 -1.741926 -1.309063 -1.924247
 -1.791757 -1.443452 -1.018571 -1.443452
 -1.074517 -1.921806 -1.074517 -1.767657
 -1.203974 -1.386294 -2.590244 -0.980833
 -0.990402 -2.169040 -1.157455 -1.609435
 -2.397882 -1.442383 -1.011603 -1.174121
 -2.007466 -2.064624 -1.762344 -0.567108
 -0.880363 -1.767657 -3.020385 -1.005525
 -1.547562 -1.598855 -0.932378 -1.652922
 -1.609436 -1.727217 -1.167607 -1.167607
 -1.386294 -2.484890 -0.780162 -1.568614
 -1.386294 -1.134982 -2.926713 -0.980832
 -1.312187 -1.648656 -0.955514 -1.871797
 -1.511457 -1.821609 -0.923673 -1.511457
 -2.007466 -2.064624 -1.762344 -0.567108
 -0.880363 -1.767657 -3.020385 -1.005525
 -1.547562 -1.598855 -0.932378 -1.652922
 -1.609436 -1.727217 -1.167607 -1.167607
 -1.386294 -2.484890 -0.780162 -1.568614
 -1.386294 -1.134982 -2.926713 -0.980832
 -1.312187 -1.648656 -0.955514 -1.871797
 -1.511457 -1.821609 -0.923673 -1.511457
 -1.386294 -2.079435 -0.863049 -1.593932
 -1.272967 -1.272967 -2.525712 -1.021654
 -1.366876 -1.223776 -1.329136 -1.680532
 -2.153545 -0.693149 -1.722765 -1.583004
 -1.062896 -1.704745 -1.522425 -1.368276
 -1.704745 -0.950979 -2.174741 -1.145134
 -1.120593 -2.036874 -1.189586 -1.430746
 -3.481196 -1.341174 -0.842185 -1.284016
 -1.386294 -2.079435 -0.863049 -1.593932
 -1.272967 -1.272967 -2.525712 -1.021654
 -1.366876 -1.223776 -1.329136 -1.680532
 -2.153545 -0.693149 -1.722765 -1.583004
 -1.062896 -1.704745 -1.522425 -1.368276
 -1.704745 -0.950979 -2.174741 -1.145134
 -1.120593 -2.036874 -1.189586 -1.430746
 -3.481196 -1.341174 -0.842185 -1.284016
