 -1.239359 0.000100 0.000100 0.000100
 -1.866709 0.000100 0.000100 0.000100
 -1.945181 0.000100 0.000100 0.000100
 -0.884702 0.000100 0.000100 0.000100
 -1.056683 -1.653203 -2.222735 -1.042294
 -1.039099 -1.506438 -2.958684 -0.987139
 -1.183770 -1.781606 -2.505522 -0.812207
 -1.433319 -1.827734 -1.341382 -1.081099
 -1.113428 -1.568616 -2.347704 -1.000632
 -1.191900 -1.702725 -3.563466 -0.721897
 -1.395511 -1.600305 -2.165617 -0.830619
 -1.585627 -1.853891 -1.382286 -0.947910
 -1.137724 -1.530449 -2.721840 -0.923164
 -1.040793 -1.658228 -3.332195 -0.865991
 -1.073423 -2.142618 -2.713160 -0.745516
 -1.679968 -1.670398 -1.347625 -1.006239
 -0.997772 -1.575536 -2.796748 -1.012265
 -1.321756 -1.852383 -2.902201 -0.650915
 -1.062619 -1.851075 -3.172822 -0.786366
 -1.671546 -1.828938 -1.415926 -0.894629
 -1.175999 -1.666909 -2.562291 -0.854416
 -1.352958 -1.572011 -2.755777 -0.754302
 -1.468211 -1.655422 -2.186049 -0.762944
 -1.779783 -1.682619 -1.568960 -0.827417
 -1.002152 -1.823916 -2.865366 -0.880545
 -1.305665 -1.542993 -2.572609 -0.823413
 -1.636836 -1.665007 -2.224621 -0.677062
 -1.835464 -1.673976 -1.447330 -0.872841
 -1.163151 -1.690783 -2.772585 -0.819562
 -1.484734 -1.695029 -2.906115 -0.625197
 -1.565635 -2.307570 -2.818392 -0.459119
 -2.138383 -1.714050 -1.527067 -0.723919
 -1.408767 -1.573070 -3.033466 -0.693148
 -1.622397 -1.600890 -3.505116 -0.560690
 -1.797489 -1.699049 -2.766884 -0.530058
 -2.008430 -1.681217 -1.628375 -0.726900
 -1.412270 -1.766441 -2.890366 -0.635040
 -1.356441 -1.663926 -3.630026 -0.641476
 -1.982498 -1.822156 -2.345401 -0.502875
 -2.242126 -1.715428 -1.423817 -0.748474
 -1.381820 -1.622982 -3.104578 -0.679785
 -1.886249 -1.508184 -3.299934 -0.527356
 -1.716957 -1.744356 -2.929974 -0.523856
 -2.129378 -1.571485 -1.504794 -0.795647
 -1.391000 -1.532650 -3.751836 -0.669945
 -1.739391 -1.504077 -2.923156 -0.600775
 -2.129311 -1.888150 -2.447763 -0.441234
 -2.211738 -1.486226 -1.586645 -0.777281
 -1.427116 -2.162821 -3.218865 -0.502528
 -1.728928 -1.585828 -3.888398 -0.515387
 -1.923685 -1.962906 -2.984550 -0.411100
 -2.207274 -1.714798 -1.706893 -0.637578
 -1.235669 -1.624326 -4.214562 -0.698086
 -1.791759 -1.312186 -3.057418 -0.659531
 -1.678430 -1.966111 -2.525723 -0.522000
 -2.675424 -1.505354 -1.505354 -0.718989
 -1.364316 -1.860751 -4.094314 -0.558229
 -2.059506 -1.765267 -3.212180 -0.413891
 -2.353875 -2.079440 -2.465100 -0.363845
 -2.552045 -1.753538 -1.831499 -0.529763
 -0.752182 -0.674221 -3.957603 -14.266589
 -1.054938 -0.583333 -2.367121 -14.621988
 -1.299283 -0.773191 -1.325259 -14.173188
 -1.851351 -0.817445 -0.912755 -15.952042
 -0.621689 -0.824917 -3.701291 -14.991085
 -0.874539 -0.745666 -2.220754 -15.679591
 -1.176171 -0.733762 -1.553801 -15.206794
 -1.386294 -1.386294 -1.386294 -1.386294
 -1.840549 -1.520078 -4.260906 -0.496815
 -1.709439 -1.610999 -2.725358 -0.590912
 -2.098015 -1.538402 -2.260534 -0.582892
 -1.386294 -1.386294 -1.386294 -1.386294
 -1.809616 -1.413202 -4.727340 -0.537734
 -1.670498 -1.328749 -2.715039 -0.732229
 -3.106053 -2.007463 -1.806794 -0.420507
 -2.483642 -1.257198 -1.374981 -0.969516
 -1.491655 -1.464256 -3.976531 -0.644358
 -1.695204 -1.400088 -3.597303 -0.611631
 -2.556362 -1.920376 -2.556362 -0.359142
 -2.528173 -1.249511 -1.835027 -0.746672
 -1.472237 -1.580450 -4.037155 -0.603200
 -1.377432 -1.342746 -3.422180 -0.789646
 -2.913891 -1.768769 -2.220751 -0.405467
 -2.610885 -1.201708 -1.829185 -0.765060
 -1.506783 -1.288530 -14.430698 -0.687757
 -2.052485 -1.123510 -3.823180 -0.645139
 -1.987872 -1.651401 -2.681014 -0.506271
 -2.524245 -1.669043 -2.279123 -0.463497
 -0.587788 -2.197222 -2.689694 -1.326396
 -0.708652 -2.525726 -2.416527 -1.083345
 -0.969402 -2.163318 -1.632694 -1.170072
 -1.605681 -1.962355 -1.086143 -1.135677
 -15.303911 -0.000001 -15.303911 -15.303911
 -14.322330 -0.000002 -14.322330 -14.322330
 -14.997239 -0.000001 -14.997239 -14.997239
 -15.287984 -0.000001 -15.287984 -15.287984
 -1.386294 -1.386294 -1.386294 -1.386294
 -0.000000 -16.433636 -16.433636 -16.433636
 -1.386294 -1.386294 -1.386294 -1.386294
 -1.386294 -1.386294 -1.386294 -1.386294
 -16.433636 -16.433636 -0.000000 -16.433636
 -1.386294 -1.386294 -1.386294 -1.386294
 -1.386294 -1.386294 -1.386294 -1.386294
 -1.386294 -1.386294 -1.386294 -1.386294
 -1.386294 -1.386294 -1.386294 -1.386294
 -1.386294 -1.386294 -1.386294 -1.386294
 -1.190210 -2.129545 -0.764957 -2.192858
 -1.386294 -1.386294 -1.386294 -1.386294
 -1.500487 -1.828393 -1.533276 -0.915093
 -1.332550 -1.597242 -2.049226 -0.904096
 -1.282189 -1.853168 -1.823609 -0.905379
 -1.419520 -1.663141 -1.223776 -1.292768
 -1.121735 -1.595253 -1.595253 -1.314638
 -1.102989 -1.356185 -1.999733 -1.290587
 -1.322722 -1.479290 -1.605584 -1.187380
 -1.909073 -1.474500 -0.945803 -1.450208
 -1.229997 0.000100 0.000100 0.000100
 -1.579749 0.000100 0.000100 0.000100
 -1.581758 0.000100 0.000100 0.000100
 -1.217171 0.000100 0.000100 0.000100
 -1.194878 -1.573828 -1.424320 -1.388950
 -0.995487 -1.510622 -2.247910 -1.190516
 -1.249751 -1.406097 -1.565905 -1.349280
 -1.553920 -1.609089 -1.294291 -1.157024
 -1.148803 -1.593489 -1.502633 -1.357802
 -0.976923 -1.578296 -2.238316 -1.169353
 -1.218340 -1.525339 -1.529745 -1.308811
 -1.533564 -1.641098 -1.318781 -1.130083
 -1.167481 -1.581945 -1.520324 -1.329407
 -0.955764 -1.607669 -2.155361 -1.206421
 -1.188101 -1.486664 -1.578261 -1.336586
 -1.602690 -1.546761 -1.373546 -1.101110
 -1.126703 -1.625085 -1.486415 -1.375066
 -0.925151 -1.634498 -2.117653 -1.244223
 -1.143190 -1.532580 -1.543137 -1.380264
 -1.571961 -1.604123 -1.350358 -1.102171
 -1.131759 -1.655303 -1.446664 -1.381720
 -0.983482 -1.593165 -2.235902 -1.152594
 -1.191792 -1.482978 -1.615584 -1.307157
 -1.482226 -1.598904 -1.371254 -1.148974
 -1.142714 -1.635630 -1.507164 -1.329231
 -0.982603 -1.598363 -2.194949 -1.164518
 -1.173797 -1.530010 -1.528857 -1.356765
 -1.547616 -1.577700 -1.383955 -1.108024
 -1.130535 -1.633328 -1.459188 -1.388554
 -0.967584 -1.586909 -2.215363 -1.183095
 -1.215644 -1.457114 -1.575703 -1.332900
 -1.610857 -1.574267 -1.277431 -1.157179
 -1.137805 -1.559071 -1.548233 -1.360536
 -0.952144 -1.539288 -2.219799 -1.234698
 -1.185515 -1.461233 -1.589019 -1.353497
 -1.601070 -1.551590 -1.372867 -1.099526
 -1.108220 -1.680955 -1.458372 -1.382131
 -0.962128 -1.608244 -2.250217 -1.163772
 -1.240347 -1.511835 -1.517694 -1.305657
 -1.569195 -1.563996 -1.366236 -1.116499
 -1.174161 -1.583276 -1.500705 -1.336943
 -0.965814 -1.561401 -2.167334 -1.220771
 -1.192488 -1.502717 -1.534358 -1.353185
 -1.536119 -1.609082 -1.297859 -1.166041
 -1.188509 -1.569281 -1.476958 -1.351704
 -0.979011 -1.518196 -2.190054 -1.226558
 -1.138529 -1.486836 -1.598627 -1.380514
 -1.602328 -1.563142 -1.269365 -1.177375
 -1.105855 -1.653706 -1.506809 -1.362121
 -0.927307 -1.639503 -2.159886 -1.220890
 -1.210779 -1.482865 -1.582668 -1.310734
 -1.565834 -1.528324 -1.358639 -1.148294
 -1.126210 -1.604009 -1.406573 -1.471112
 -0.950123 -1.534294 -2.229764 -1.237374
 -1.179915 -1.411289 -1.572351 -1.421674
 -1.570399 -1.505260 -1.280970 -1.229939
 -1.073987 -1.688292 -1.411365 -1.470933
 -0.911695 -1.539422 -2.315185 -1.255602
 -1.098139 -1.573840 -1.536820 -1.409780
 -1.481289 -1.611607 -1.273867 -1.226419
 -0.811931 -1.378326 -1.190727 -17.950678
 -0.543027 -1.335673 -1.857694 -17.471609
 -0.779897 -1.286714 -1.326631 -17.544573
 -1.140571 -1.212305 -0.960105 -17.739857
 -0.791503 -1.396521 -1.206041 -18.264143
 -0.577929 -1.285784 -1.817033 -17.776133
 -0.855868 -1.243254 -1.249523 -17.831352
 -1.386294 -1.386294 -1.386294 -1.386294
 -1.142722 -1.629469 -1.454960 -1.379886
 -0.972414 -1.667610 -2.097998 -1.169792
 -1.234345 -1.461618 -1.571779 -1.311416
 -1.386294 -1.386294 -1.386294 -1.386294
 -1.144299 -1.612124 -1.440274 -1.405573
 -0.891561 -1.714968 -2.215955 -1.200758
 -1.110213 -1.499109 -1.677215 -1.345965
 -1.568654 -1.531049 -1.238327 -1.253524
 -1.098947 -1.625271 -1.519062 -1.382292
 -0.954755 -1.502312 -2.106560 -1.306291
 -1.108983 -1.491442 -1.616178 -1.400794
 -1.536313 -1.510019 -1.365305 -1.175650
 -1.116039 -1.532723 -1.533493 -1.424214
 -0.926331 -1.457628 -2.172732 -1.357348
 -1.175563 -1.334091 -1.527220 -1.556755
 -1.493211 -1.493211 -1.339304 -1.242465
 -1.077049 -1.678312 -1.595394 -1.309765
 -1.022991 -1.673010 -2.357868 -1.026723
 -1.285044 -1.462675 -1.644565 -1.208485
 -1.619368 -1.673839 -1.332206 -1.048235
 -1.192858 -1.765220 -1.284433 -1.391547
 -0.855666 -1.716261 -2.046312 -1.324061
 -1.131051 -1.671365 -1.559837 -1.276023
 -1.515821 -1.621595 -1.303592 -1.167209
 -17.891352 0.000000 -17.891352 -17.891352
 -17.390100 0.000000 -17.390100 -17.390100
 -17.625723 0.000000 -17.625723 -17.625723
 -17.799482 0.000000 -17.799482 -17.799482
 -1.386294 -1.386294 -1.386294 -1.386294
 0.000000 -19.080633 -19.080633 -19.080633
 -1.386294 -1.386294 -1.386294 -1.386294
 -1.386294 -1.386294 -1.386294 -1.386294
 -19.080633 -19.080633 0.000000 -19.080633
 -1.386294 -1.386294 -1.386294 -1.386294
 -1.386294 -1.386294 -1.386294 -1.386294
 -1.386294 -1.386294 -1.386294 -1.386294
 -1.386294 -1.386294 -1.386294 -1.386294
 -1.386294 -1.386294 -1.386294 -1.386294
 -1.159838 -1.433442 -1.689132 -1.334474
 -1.386294 -1.386294 -1.386294 -1.386294
 -1.163481 -1.590819 -1.396568 -1.442232
 -0.952482 -1.656929 -1.975382 -1.256019
 -1.081134 -1.647372 -1.729112 -1.235147
 -1.497035 -1.635088 -1.229959 -1.241441
 -1.128933 -1.686499 -1.363169 -1.445593
 -0.965410 -1.581391 -2.097781 -1.235271
 -1.237519 -1.540132 -1.451208 -1.342251
 -1.619759 -1.569187 -1.285622 -1.147716
