 -1.249041 0.000100 0.000100 0.000100
 -1.815774 0.000100 0.000100 0.000100
 -1.911918 0.000100 0.000100 0.000100
 -0.909534 0.000100 0.000100 0.000100
 -1.010420 -1.888489 -2.125398 -1.007178
 -1.067841 -1.829980 -2.915687 -0.817200
 -1.315468 -1.787182 -2.551280 -0.721056
 -1.558565 -1.791759 -1.474224 -0.931558
 -0.974500 -1.729455 -2.314560 -1.060079
 -1.223776 -1.821612 -3.074372 -0.697358
 -1.397909 -1.794071 -2.636748 -0.663566
 -1.597848 -1.743802 -1.511180 -0.910893
 -1.121170 -1.788049 -2.286604 -0.903364
 -1.130615 -1.953815 -3.052424 -0.717053
 -1.231788 -1.528053 -2.528224 -0.888016
 -1.584627 -1.715339 -1.331119 -1.047279
 -1.147465 -1.562861 -2.461346 -0.947514
 -1.170933 -2.041413 -3.110609 -0.662611
 -1.476445 -1.905777 -2.643375 -0.594708
 -1.624902 -1.734601 -1.421873 -0.953638
 -1.139434 -1.692819 -2.385966 -0.906341
 -1.092747 -1.757074 -3.015532 -0.813876
 -1.383840 -2.001479 -2.295240 -0.666479
 -1.853651 -1.643528 -1.348814 -0.940350
 -1.228549 -1.870402 -2.049094 -0.857150
 -1.426801 -1.901540 -2.975149 -0.580629
 -1.817734 -1.717651 -2.682730 -0.528068
 -1.828755 -1.633122 -1.487270 -0.872085
 -1.096977 -1.799976 -2.653895 -0.842943
 -1.246955 -1.744357 -2.688817 -0.755230
 -1.356578 -1.600200 -2.770268 -0.738232
 -1.940897 -1.667061 -1.331132 -0.907713
 -1.303818 -1.823946 -2.913254 -0.667830
 -1.395579 -1.750124 -3.115362 -0.626993
 -1.764646 -1.924988 -2.981038 -0.458652
 -1.995840 -1.576977 -1.462156 -0.853866
 -1.266948 -1.757154 -2.470919 -0.773777
 -1.482731 -1.714173 -3.143023 -0.598349
 -2.025512 -1.778653 -2.199865 -0.530365
 -2.089011 -1.602658 -1.301553 -0.909511
 -1.190420 -1.936210 -3.349899 -0.660546
 -1.663204 -1.763287 -3.059065 -0.524151
 -1.991780 -2.145930 -2.743766 -0.382343
 -2.232133 -1.705113 -1.364633 -0.786416
 -1.433412 -1.626316 -2.673101 -0.701551
 -1.525220 -1.762891 -2.735621 -0.605091
 -1.766324 -1.882396 -2.655584 -0.499957
 -2.221119 -1.579266 -1.297795 -0.886119
 -1.451267 -1.943743 -3.568442 -0.520270
 -1.892403 -1.965606 -3.076955 -0.410799
 -2.306423 -2.083280 -2.856467 -0.330742
 -2.527869 -1.678023 -1.552636 -0.650588
 -1.313388 -1.766861 -3.680501 -0.625463
 -1.624379 -1.668342 -2.789680 -0.592459
 -2.406124 -1.483793 -2.118443 -0.574758
 -2.618193 -1.609438 -1.273780 -0.804540
 -1.797490 -1.945909 -4.471615 -0.385663
 -2.656327 -2.195513 -3.374164 -0.243032
 -2.713298 -2.399641 -2.854376 -0.241639
 -2.785842 -1.913187 -1.729302 -0.488892
 -0.693148 -0.720056 -4.321891 -14.630877
 -0.775386 -0.822178 -2.302583 -15.150513
 -1.064072 -0.769470 -1.651858 -14.956545
 -1.919190 -0.915553 -0.791910 -16.826624
 -15.752813 -15.752813 -15.752813 -0.000000
 -16.329166 -16.329166 -16.329166 -0.000000
 -16.138878 -16.138878 -16.138878 -0.000000
 -1.386294 -1.386294 -1.386294 -1.386294
 -1.386294 -1.386294 -1.386294 -1.386294
 -1.386294 -1.386294 -1.386294 -1.386294
 -1.386294 -1.386294 -1.386294 -1.386294
 -2.656841 -1.432782 -1.200589 -0.941174
 -1.548529 -1.548529 -14.543061 -0.553596
 -2.068141 -1.689244 -3.666402 -0.410449
 -2.458238 -2.256372 -2.678097 -0.299767
 -2.375557 -1.551218 -1.954636 -0.591617
 -1.804498 -1.536234 -4.369424 -0.498248
 -1.714581 -1.400088 -2.978270 -0.649121
 -1.933589 -1.727737 -2.023200 -0.606137
 -2.496133 -1.293452 -1.653455 -0.794323
 -2.049940 -1.577034 -4.712496 -0.422070
 -2.124255 -1.168744 -3.533019 -0.615252
 -2.173803 -1.901870 -3.211787 -0.361426
 -2.955603 -1.256935 -1.974775 -0.645051
 -1.450833 -1.311071 -14.755520 -0.700991
 -1.802122 -1.132692 -3.435273 -0.732574
 -1.800057 -1.537694 -2.230839 -0.668657
 -2.829045 -1.538061 -2.294266 -0.469527
 -0.660062 -2.263598 -3.081904 -1.098613
 -0.826093 -2.551361 -2.404758 -0.931453
 -1.036919 -2.621034 -1.586965 -0.999179
 -1.783421 -1.970737 -1.312528 -0.859332
 -15.953221 -0.000000 -15.953221 -15.953221
 -15.039288 -0.000001 -15.039288 -15.039288
 -15.566449 -0.000001 -15.566449 -15.566449
 -16.288683 -0.000000 -16.288683 -16.288683
 -1.386294 -1.386294 -1.386294 -1.386294
 0.000000 -17.199902 -17.199902 -17.199902
 -1.386294 -1.386294 -1.386294 -1.386294
 -1.386294 -1.386294 -1.386294 -1.386294
 -17.199902 -17.199902 -0.000000 -17.199902
 -1.386294 -1.386294 -1.386294 -1.386294
 -1.386294 -1.386294 -1.386294 -1.386294
 -1.386294 -1.386294 -1.386294 -1.386294
 -1.386294 -1.386294 -1.386294 -1.386294
 -1.386294 -1.386294 -1.386294 -1.386294
 -1.262129 -2.003108 -0.807208 -1.995599
 -1.386294 -1.386294 -1.386294 -1.386294
 -1.480408 -1.837082 -1.551282 -0.913301
 -1.486642 -1.655718 -2.016159 -0.799067
 -1.304616 -1.874084 -1.697555 -0.936245
 -1.850826 -1.689896 -0.937716 -1.321133
 -1.025628 -1.738896 -1.595253 -1.336145
 -1.173514 -1.569028 -1.994493 -1.060185
 -1.185045 -1.567343 -1.567343 -1.283485
 -1.912184 -1.514688 -1.049697 -1.264707
 -1.189470 0.000100 0.000100 0.000100
 -1.634313 0.000100 0.000100 0.000100
 -1.600843 0.000100 0.000100 0.000100
 -1.207965 0.000100 0.000100 0.000100
 -1.094693 -1.687447 -1.557163 -1.310692
 -0.948457 -1.625911 -2.409535 -1.120637
 -1.331846 -1.557486 -1.576414 -1.143723
 -1.516150 -1.704970 -1.340259 -1.088002
 -1.154848 -1.651082 -1.546890 -1.272454
 -0.935192 -1.646165 -2.276574 -1.164539
 -1.196099 -1.641569 -1.569407 -1.218126
 -1.465910 -1.679837 -1.335857 -1.140076
 -1.121356 -1.700788 -1.626335 -1.220870
 -0.950649 -1.627710 -2.194443 -1.185117
 -1.104421 -1.583396 -1.703141 -1.268654
 -1.411251 -1.712259 -1.341537 -1.157533
 -1.158338 -1.640818 -1.649590 -1.203832
 -1.006177 -1.630715 -2.168177 -1.126362
 -1.219603 -1.558819 -1.696020 -1.168424
 -1.506071 -1.670588 -1.400112 -1.068525
 -1.179450 -1.723312 -1.486521 -1.245072
 -0.905495 -1.778282 -2.412933 -1.087145
 -1.305295 -1.401626 -1.708212 -1.198914
 -1.515563 -1.681759 -1.353612 -1.090753
 -1.161147 -1.658000 -1.586459 -1.232013
 -1.026581 -1.678134 -2.158562 -1.080112
 -1.301487 -1.508380 -1.680603 -1.138362
 -1.546637 -1.761907 -1.417066 -0.986457
 -1.102388 -1.730996 -1.527187 -1.295835
 -0.948964 -1.664010 -2.338875 -1.117661
 -1.224997 -1.449296 -1.742775 -1.215802
 -1.582622 -1.638637 -1.382306 -1.051765
 -1.133671 -1.550468 -1.567710 -1.356815
 -0.936093 -1.512224 -2.511629 -1.183229
 -1.244047 -1.612810 -1.668380 -1.127303
 -1.503019 -1.578153 -1.357888 -1.158416
 -1.148897 -1.677699 -1.543869 -1.263521
 -0.956400 -1.576382 -2.359333 -1.156704
 -1.396572 -1.356081 -1.617651 -1.215629
 -1.635636 -1.649462 -1.320308 -1.061417
 -1.084075 -1.573256 -1.656340 -1.333396
 -0.992480 -1.638160 -2.279683 -1.100545
 -1.316336 -1.520014 -1.628055 -1.149282
 -1.516110 -1.622769 -1.353105 -1.125015
 -1.143907 -1.666623 -1.536687 -1.282109
 -0.942695 -1.567965 -2.261111 -1.211602
 -1.344872 -1.467247 -1.528242 -1.231170
 -1.530991 -1.726573 -1.278347 -1.116914
 -1.184045 -1.614483 -1.501565 -1.301267
 -0.971909 -1.628434 -2.385207 -1.098612
 -1.205433 -1.542323 -1.593308 -1.261242
 -1.411873 -1.688706 -1.450803 -1.087158
 -1.158298 -1.553952 -1.583678 -1.311744
 -0.923721 -1.620263 -2.376589 -1.163959
 -1.232337 -1.552242 -1.628564 -1.202621
 -1.512354 -1.609438 -1.460569 -1.056975
 -1.155587 -1.620215 -1.471561 -1.355942
 -0.912095 -1.712214 -2.274522 -1.155162
 -1.312687 -1.702648 -1.504428 -1.119144
 -1.453194 -1.749523 -1.271488 -1.165051
 -0.881169 -1.207829 -1.248775 -16.929914
 -0.597509 -1.197974 -1.910445 -16.443796
 -0.919344 -1.056815 -1.371766 -16.612793
 -1.215730 -1.206788 -0.905475 -16.930359
 -17.222359 -17.222359 -17.222359 -0.000000
 -16.966108 -16.966108 -16.966108 -0.000000
 -16.896503 -16.896503 -16.896503 -0.000000
 -1.386294 -1.386294 -1.386294 -1.386294
 -1.386294 -1.386294 -1.386294 -1.386294
 -1.386294 -1.386294 -1.386294 -1.386294
 -1.386294 -1.386294 -1.386294 -1.386294
 -1.578063 -1.616100 -1.201320 -1.223643
 -1.100545 -1.675264 -1.835159 -1.137988
 -0.954443 -1.697422 -2.354723 -1.087974
 -1.323413 -1.625011 -1.496819 -1.161475
 -1.484408 -1.811363 -1.639223 -0.877548
 -1.011942 -1.771047 -1.599479 -1.330552
 -0.829492 -1.731692 -2.227541 -1.276718
 -1.126891 -1.645499 -1.657286 -1.229671
 -1.514197 -1.739934 -1.495377 -0.966745
 -1.107794 -1.557625 -1.490870 -1.452857
 -1.029170 -1.403673 -2.360404 -1.195272
 -1.284984 -1.331384 -1.619946 -1.341994
 -1.617117 -1.595930 -1.448088 -1.011176
 -1.111333 -1.731796 -1.614601 -1.220970
 -0.960729 -1.801864 -2.402637 -1.016343
 -1.373749 -1.545107 -1.602815 -1.101940
 -1.542570 -1.655048 -1.553266 -0.958336
 -1.111876 -1.788584 -1.414400 -1.344038
 -1.046354 -1.590309 -2.089506 -1.135775
 -1.251649 -1.779942 -1.606470 -1.065008
 -1.335388 -1.721916 -1.429376 -1.143310
 -16.942270 0.000000 -16.942270 -16.942270
 -16.412256 -0.000000 -16.412256 -16.412256
 -16.586224 -0.000000 -16.586224 -16.586224
 -16.955776 0.000000 -16.955776 -16.955776
 -1.386294 -1.386294 -1.386294 -1.386294
 0.000000 -18.136992 -18.136992 -18.136992
 -1.386294 -1.386294 -1.386294 -1.386294
 -1.386294 -1.386294 -1.386294 -1.386294
 -18.136992 -18.136992 0.000000 -18.136992
 -1.386294 -1.386294 -1.386294 -1.386294
 -1.386294 -1.386294 -1.386294 -1.386294
 -1.386294 -1.386294 -1.386294 -1.386294
 -1.386294 -1.386294 -1.386294 -1.386294
 -1.386294 -1.386294 -1.386294 -1.386294
 -1.174315 -1.475409 -1.831586 -1.196915
 -1.386294 -1.386294 -1.386294 -1.386294
 -1.086651 -1.665560 -1.444237 -1.436977
 -0.957488 -1.698669 -2.123365 -1.159673
 -1.189703 -1.710569 -1.542105 -1.200662
 -1.443737 -1.730799 -1.288789 -1.167291
 -1.191288 -1.684528 -1.514128 -1.235676
 -0.886577 -1.705475 -2.563496 -1.111044
 -1.256122 -1.513574 -1.470206 -1.327106
 -1.625274 -1.627625 -1.330575 -1.071713
