 -1.228665 0.000100 0.000100 0.000100
 -1.887326 0.000100 0.000100 0.000100
 -1.926208 0.000100 0.000100 0.000100
 -0.891254 0.000100 0.000100 0.000100
 -0.952009 -1.818427 -2.315829 -1.041089
 -1.259139 -1.852913 -2.898876 -0.684709
 -1.220258 -1.898588 -2.534575 -0.742820
 -1.372308 -1.993996 -1.631590 -0.880175
 -0.958482 -1.839490 -2.861139 -0.915232
 -0.924949 -1.920376 -2.881782 -0.914138
 -1.314321 -1.542104 -2.530712 -0.825969
 -1.431721 -1.981767 -1.504843 -0.913233
 -0.965081 -1.823307 -2.288195 -1.032522
 -1.212272 -1.682275 -3.091035 -0.752740
 -1.225768 -1.936008 -2.664243 -0.708186
 -1.521636 -1.971552 -1.528908 -0.854178
 -1.009947 -1.605032 -2.650154 -1.009947
 -1.261131 -1.651997 -2.708046 -0.780159
 -1.257514 -1.886121 -2.518641 -0.726886
 -1.592758 -1.592758 -1.600305 -0.937930
 -1.318241 -1.532651 -2.499089 -0.834084
 -1.279610 -1.881785 -3.002372 -0.654182
 -1.433056 -1.849215 -2.718249 -0.619766
 -1.723082 -1.825497 -1.515996 -0.819259
 -1.171003 -1.661025 -2.297012 -0.917689
 -1.124782 -2.075757 -3.204216 -0.674866
 -1.570598 -1.752919 -2.417892 -0.635440
 -1.888446 -1.661673 -1.384920 -0.895195
 -1.187958 -1.890494 -2.364277 -0.798192
 -1.272966 -2.090409 -3.131858 -0.592891
 -1.539096 -1.771718 -2.736795 -0.596734
 -1.924248 -1.996819 -1.417431 -0.742522
 -1.224963 -1.725738 -2.601204 -0.789646
 -1.377326 -1.739115 -2.917764 -0.657746
 -1.990961 -1.711377 -2.206072 -0.557417
 -2.095107 -1.686140 -1.412543 -0.802546
 -1.418847 -1.613003 -2.865761 -0.689596
 -1.518312 -1.884246 -3.448213 -0.515549
 -2.087472 -1.589635 -2.882398 -0.484509
 -2.230014 -1.736843 -1.482142 -0.714887
 -1.341662 -1.592976 -2.540354 -0.784317
 -1.560817 -1.668062 -2.930299 -0.601403
 -1.841029 -2.079440 -2.772583 -0.424884
 -2.165136 -1.828664 -1.307367 -0.789424
 -1.532477 -2.055723 -3.442008 -0.471606
 -1.693319 -2.009171 -3.772746 -0.417027
 -2.768901 -1.817928 -2.963056 -0.324005
 -2.247432 -1.763803 -1.578979 -0.660191
 -1.295972 -1.837568 -3.916987 -0.602826
 -1.668526 -1.735967 -3.194575 -0.520435
 -1.978344 -1.710081 -2.292000 -0.545095
 -2.286498 -1.588047 -1.418148 -0.794312
 -1.636962 -1.901654 -3.788707 -0.456521
 -2.231356 -2.113573 -3.299191 -0.308023
 -2.604633 -2.147877 -2.458031 -0.323330
 -2.502970 -1.833541 -1.586681 -0.591117
 -1.628607 -1.425009 -3.963952 -0.608249
 -1.441354 -1.561498 -3.109053 -0.675448
 -1.956061 -1.761906 -2.803354 -0.467987
 -2.554775 -1.612510 -1.313356 -0.789685
 -14.446784 -14.446784 -14.446784 -0.000002
 -14.959735 -14.959735 -14.959735 -0.000001
 -14.873302 -14.873302 -14.873302 -0.000001
 -15.854131 -15.854131 -15.854131 -0.000000
 -1.386294 -1.386294 -1.386294 -1.386294
 -1.386294 -1.386294 -1.386294 -1.386294
 -1.386294 -1.386294 -1.386294 -1.386294
 -2.623770 -1.519276 -1.462280 -0.740462
 -1.591893 -1.731654 -13.937732 -0.478895
 -2.305520 -1.583387 -3.123827 -0.429206
 -2.893142 -1.918585 -2.893142 -0.297892
 -2.567644 -1.690715 -1.586815 -0.626760
 -1.762344 -1.401332 -14.108183 -0.541133
 -1.591738 -1.609438 -3.555337 -0.565886
 -1.935270 -2.186584 -3.151657 -0.355913
 -2.258633 -1.648867 -1.287854 -0.850088
 -1.777370 -1.571518 -14.543061 -0.472908
 -1.854938 -1.640528 -3.486346 -0.479574
 -2.690347 -1.784641 -2.690347 -0.361791
 -2.260990 -1.468055 -1.638160 -0.752807
 -2.107452 -1.460827 -4.505302 -0.453566
 -1.743846 -1.212187 -3.014304 -0.737042
 -2.990152 -1.358745 -3.395612 -0.416703
 -2.566096 -1.372627 -1.566783 -0.774338
 -14.253768 -14.253768 -14.253768 -0.000002
 -15.216695 -15.216695 -15.216695 -0.000001
 -14.538218 -14.538218 -14.538218 -0.000001
 -15.883639 -15.883639 -15.883639 -0.000000
 -1.386294 -1.386294 -1.386294 -1.386294
 -1.386294 -1.386294 -1.386294 -1.386294
 -1.386294 -1.386294 -1.386294 -1.386294
 -2.192103 -1.817769 -1.134552 -0.905438
 -14.369398 -14.369398 -14.369398 -0.000002
 -14.743731 -14.743731 -14.743731 -0.000001
 -15.426948 -15.426948 -15.426948 -0.000001
 -15.656061 -15.656061 -15.656061 -0.000000
 -1.386294 -1.386294 -1.386294 -1.386294
 -1.386294 -1.386294 -1.386294 -1.386294
 -1.386294 -1.386294 -1.386294 -1.386294
 -0.000000 -16.561499 -16.561499 -16.561499
 -16.561499 -16.561499 -0.000000 -16.561499
 -1.386294 -1.386294 -1.386294 -1.386294
 -1.386294 -1.386294 -1.386294 -1.386294
 -1.386294 -1.386294 -1.386294 -1.386294
 -1.386294 -1.386294 -1.386294 -1.386294
 -1.386294 -1.386294 -1.386294 -1.386294
 -1.303786 -2.114716 -0.759485 -1.966663
 -1.386294 -1.386294 -1.386294 -1.386294
 -1.581464 -1.784692 -1.525584 -0.894081
 -1.304616 -1.652922 -2.751529 -0.747807
 -1.382188 -1.708872 -1.693834 -0.956884
 -1.918758 -1.720933 -1.257361 -0.941844
 -1.231739 -1.806024 -1.377832 -1.231739
 -1.196805 -1.516747 -2.072272 -1.042654
 -1.427116 -1.544899 -1.514127 -1.118815
 -2.010129 -1.628762 -0.981361 -1.220591
 -1.146099 0.000100 0.000100 0.000100
 -1.832179 0.000100 0.000100 0.000100
 -1.727221 0.000100 0.000100 0.000100
 -1.066290 0.000100 0.000100 0.000100
 -1.011348 -2.066356 -1.652923 -1.145277
 -0.837952 -1.789749 -2.470919 -1.152344
 -1.289668 -1.770253 -1.659587 -1.010243
 -1.465091 -1.886882 -1.580851 -0.887704
 -0.948139 -1.910571 -1.805210 -1.203630
 -0.975099 -1.733165 -2.584534 -0.992390
 -1.196804 -1.638637 -1.976962 -1.007563
 -1.415493 -1.951320 -1.588965 -0.889232
 -1.095587 -1.756041 -1.785717 -1.123153
 -0.885273 -1.676690 -2.509598 -1.142233
 -1.384292 -1.617486 -1.701746 -0.997671
 -1.327556 -1.974793 -1.658673 -0.902156
 -1.020259 -1.716309 -1.763937 -1.243403
 -0.829441 -2.060320 -2.465784 -1.045969
 -1.205932 -1.854342 -1.736560 -0.999928
 -1.224133 -2.002911 -1.677856 -0.956406
 -1.051316 -1.691540 -1.896803 -1.151256
 -0.877604 -1.731762 -2.854763 -1.050737
 -1.368699 -1.613390 -1.821791 -0.955512
 -1.443671 -1.766070 -1.702891 -0.889696
 -0.985775 -1.946967 -1.746297 -1.172070
 -0.830244 -1.831692 -2.547311 -1.122016
 -1.437247 -1.594432 -1.671819 -0.990233
 -1.243546 -2.043074 -1.599784 -0.967399
 -1.058834 -1.918276 -1.777371 -1.087085
 -0.886691 -1.689838 -2.533266 -1.126906
 -1.380596 -1.475906 -1.786061 -1.043043
 -1.352578 -1.914886 -1.519958 -0.979903
 -0.974612 -1.709959 -1.832062 -1.266896
 -0.882067 -1.683694 -2.376841 -1.179139
 -1.401332 -1.602003 -1.784324 -0.956258
 -1.406684 -2.059459 -1.530101 -0.889140
 -1.016995 -1.759498 -1.840037 -1.179680
 -0.792722 -1.957583 -2.356221 -1.166639
 -1.299283 -1.624705 -1.874647 -0.975792
 -1.368012 -1.907009 -1.503616 -0.982060
 -0.953726 -1.951886 -1.755675 -1.204304
 -0.842042 -1.726727 -2.465335 -1.183112
 -1.196397 -1.520369 -1.754441 -1.183897
 -1.326222 -2.088866 -1.568991 -0.910212
 -1.088171 -1.631629 -1.977905 -1.111094
 -0.845910 -1.767066 -2.323637 -1.197052
 -1.397680 -1.581529 -1.890850 -0.925770
 -1.370188 -2.004924 -1.635564 -0.876042
 -1.129417 -1.806512 -1.793854 -1.060640
 -0.938891 -1.721650 -2.297013 -1.109848
 -1.337104 -1.654558 -1.746577 -0.989268
 -1.314957 -1.859119 -1.459319 -1.069122
 -1.154965 -1.824971 -1.799163 -1.026463
 -0.787690 -1.993070 -2.494548 -1.119952
 -1.304056 -1.645805 -1.683546 -1.049822
 -1.427116 -1.949638 -1.529037 -0.913968
 -1.135215 -1.704748 -1.722344 -1.145132
 -0.985652 -1.814700 -2.158796 -1.054250
 -1.330171 -1.641607 -1.855181 -0.953280
 -1.423020 -2.032202 -1.526760 -0.889819
 -16.013845 -16.013845 -16.013845 -0.000000
 -15.432918 -15.432918 -15.432918 -0.000001
 -15.531110 -15.531110 -15.531110 -0.000001
 -16.252626 -16.252626 -16.252626 -0.000000
 -1.386294 -1.386294 -1.386294 -1.386294
 -1.386294 -1.386294 -1.386294 -1.386294
 -1.386294 -1.386294 -1.386294 -1.386294
 -1.384043 -1.956270 -1.498297 -0.955705
 -1.076997 -2.041605 -1.877603 -0.976554
 -1.080553 -1.780434 -2.446912 -0.902716
 -1.436526 -1.518591 -1.898081 -0.933000
 -1.415183 -1.853956 -1.655719 -0.892702
 -1.111351 -1.770131 -1.711097 -1.139722
 -0.791185 -1.787876 -2.658702 -1.173319
 -1.396572 -1.482832 -2.149310 -0.894045
 -1.390358 -2.035801 -1.522494 -0.910630
 -1.132987 -1.741311 -1.765703 -1.103906
 -0.851259 -1.949870 -2.792547 -0.995428
 -1.515705 -1.687555 -1.797556 -0.844732
 -1.270573 -2.055890 -1.704748 -0.892740
 -1.221260 -1.655608 -1.835734 -1.036569
 -0.989917 -1.639101 -2.111257 -1.161065
 -1.465650 -1.339962 -1.753332 -1.096553
 -1.456009 -1.843584 -1.562574 -0.918819
 -15.953221 -15.953221 -15.953221 -0.000000
 -15.590464 -15.590464 -15.590464 -0.000001
 -15.507450 -15.507450 -15.507450 -0.000001
 -16.234989 -16.234989 -16.234989 -0.000000
 -1.386294 -1.386294 -1.386294 -1.386294
 -1.386294 -1.386294 -1.386294 -1.386294
 -1.386294 -1.386294 -1.386294 -1.386294
 -1.527539 -2.119190 -1.431420 -0.858417
 -15.723571 -15.723571 -15.723571 -0.000000
 -15.131920 -15.131920 -15.131920 -0.000001
 -15.819690 -15.819690 -15.819690 -0.000000
 -16.392693 -16.392693 -16.392693 -0.000000
 -1.386294 -1.386294 -1.386294 -1.386294
 -1.386294 -1.386294 -1.386294 -1.386294
 -1.386294 -1.386294 -1.386294 -1.386294
 0.000000 -17.251110 -17.251110 -17.251110
 -17.251110 -17.251110 -0.000000 -17.251110
 -1.386294 -1.386294 -1.386294 -1.386294
 -1.386294 -1.386294 -1.386294 -1.386294
 -1.386294 -1.386294 -1.386294 -1.386294
 -1.386294 -1.386294 -1.386294 -1.386294
 -1.386294 -1.386294 -1.386294 -1.386294
 -1.212057 -1.645507 -1.820179 -1.056979
 -1.386294 -1.386294 -1.386294 -1.386294
 -1.222910 -1.741116 -1.630215 -1.095371
 -1.062543 -1.482607 -2.175753 -1.158820
 -1.368560 -1.416569 -1.826141 -1.073096
 -1.563255 -1.796404 -1.631932 -0.846063
 -1.083127 -1.776273 -1.637437 -1.211605
 -1.010767 -1.841384 -2.503440 -0.927202
 -1.366166 -1.497629 -1.729071 -1.067673
 -1.538680 -1.975495 -1.474913 -0.872646
