 -1.119666 0.000100 0.000100 0.000100
 -1.846819 0.000100 0.000100 0.000100
 -2.162133 0.000100 0.000100 0.000100
 -0.914309 0.000100 0.000100 0.000100
 -1.068670 -1.439349 -2.212537 -1.171085
 -1.307704 -2.024379 -2.989453 -0.602997
 -1.198243 -2.674139 -2.450999 -0.610457
 -1.396245 -1.670681 -1.710955 -0.957990
 -1.088356 -1.630272 -2.454445 -0.963794
 -1.019832 -1.775498 -3.417712 -0.827460
 -1.082988 -1.708692 -2.446286 -0.932165
 -1.509003 -1.704748 -1.577996 -0.939909
 -1.205096 -1.686399 -2.435633 -0.849546
 -1.213023 -1.723847 -3.428582 -0.709497
 -1.098613 -1.945908 -2.271328 -0.865991
 -1.622016 -1.931021 -1.458865 -0.855667
 -1.173011 -1.572396 -2.635287 -0.888383
 -1.168041 -1.921811 -2.701964 -0.743159
 -1.400893 -2.288192 -2.981332 -0.508415
 -1.623137 -1.707018 -1.435084 -0.959146
 -0.952367 -1.567042 -2.704117 -1.082987
 -1.324650 -2.017795 -2.956058 -0.599416
 -1.084627 -1.960093 -2.876376 -0.766174
 -1.864991 -1.794039 -1.573640 -0.751781
 -1.118031 -1.609438 -3.075768 -0.851152
 -1.279751 -1.492312 -4.031255 -0.735451
 -1.737270 -1.937940 -2.430413 -0.524251
 -1.814032 -1.675446 -1.596308 -0.804892
 -1.403994 -2.062048 -2.538970 -0.601033
 -1.501490 -2.043813 -2.960097 -0.517759
 -1.998093 -1.592630 -2.468093 -0.551179
 -1.916496 -1.860143 -1.661966 -0.678333
 -1.501363 -1.780948 -2.270494 -0.682337
 -1.406362 -1.881784 -3.407825 -0.562934
 -1.953813 -1.953813 -3.457871 -0.378281
 -2.143735 -1.557687 -1.523495 -0.789191
 -1.313974 -2.079439 -2.367119 -0.668456
 -1.446919 -2.140064 -3.033875 -0.512611
 -2.217840 -1.464072 -2.793200 -0.513097
 -1.885514 -1.787876 -1.720434 -0.689264
 -1.348349 -1.940399 -4.099854 -0.544538
 -1.561235 -1.996552 -3.141674 -0.492478
 -2.189252 -1.832580 -2.882392 -0.397499
 -2.164434 -1.848917 -1.591089 -0.646123
 -1.590509 -1.622258 -3.446790 -0.567611
 -1.811561 -1.629240 -3.644121 -0.487145
 -1.666132 -2.136133 -2.646955 -0.474741
 -2.286945 -1.628890 -1.693429 -0.657030
 -1.437966 -1.437966 -4.241280 -0.671795
 -1.547562 -1.835243 -3.850125 -0.500245
 -2.039593 -1.978968 -2.732733 -0.405467
 -2.335374 -1.699386 -1.633011 -0.644187
 -1.595548 -1.528857 -3.864202 -0.580820
 -2.112962 -1.802808 -3.817689 -0.367726
 -2.414283 -1.867743 -3.425868 -0.323550
 -2.169053 -1.693208 -1.933487 -0.584934
 -1.700786 -1.745238 -3.449966 -0.492478
 -1.402824 -2.376269 -2.811584 -0.509007
 -2.036878 -1.813736 -2.442339 -0.478740
 -2.974539 -1.783556 -1.431795 -0.612471
 -2.001477 -1.765090 -4.016336 -0.392044
 -1.553348 -1.615868 -3.103934 -0.607206
 -2.128229 -1.865866 -3.332190 -0.370375
 -2.459064 -1.668754 -1.807590 -0.576335
 -1.466337 -1.671130 -2.816253 -0.651302
 -1.847639 -1.577349 -3.423162 -0.505407
 -2.206437 -1.695614 -2.745427 -0.442855
 -2.543442 -1.749200 -1.526056 -0.634689
 -1.653889 -1.749198 -4.051738 -0.482254
 -1.551374 -1.631416 -3.605480 -0.570546
 -2.931184 -1.544899 -2.813402 -0.395516
 -2.497507 -1.466337 -1.860241 -0.632418
 -1.486835 -1.609437 -3.646290 -0.601799
 -2.201841 -1.595707 -3.993580 -0.403165
 -2.688808 -1.543686 -2.688808 -0.430039
 -2.273347 -1.623498 -1.776174 -0.633858
 -1.534714 -1.618095 -3.654948 -0.579205
 -1.547067 -1.437067 -5.308170 -0.607788
 -2.001477 -1.574035 -2.630080 -0.535145
 -2.469481 -1.337422 -1.979275 -0.664209
 -1.838278 -1.169230 -4.882705 -0.648697
 -1.841769 -1.123305 -3.895875 -0.701311
 -1.882728 -1.749198 -2.324557 -0.551499
 -2.853869 -1.475674 -1.918410 -0.567547
 -1.763587 -2.089007 -3.960767 -0.377297
 -1.847109 -1.754018 -3.258088 -0.460816
 -1.904235 -2.145395 -2.933841 -0.384414
 -2.396074 -1.733387 -2.523907 -0.427566
 -0.685052 -1.867743 -2.327273 -1.410987
 -0.601130 -1.448426 -3.502532 -1.678000
 -0.932822 -1.913645 -1.808285 -1.220503
 -1.104710 -1.874084 -1.401609 -1.313055
 -0.028244 -15.189227 -3.580982 -15.189227
 -0.024099 -14.334307 -3.737647 -14.334307
 -0.054363 -14.452089 -2.939154 -14.452089
 -0.077118 -14.755520 -2.600735 -14.755520
 -0.000000 -16.081432 -16.081432 -16.081432
 -1.386294 -1.386294 -1.386294 -1.386294
 -0.000007 -12.994539 -12.994539 -12.994539
 -1.386294 -1.386294 -1.386294 -1.386294
 -16.126064 -16.126064 -0.000000 -16.126064
 -1.386294 -1.386294 -1.386294 -1.386294
 -1.386294 -1.386294 -1.386294 -1.386294
 -1.386294 -1.386294 -1.386294 -1.386294
 -1.386294 -1.386294 -1.386294 -1.386294
 -1.386294 -1.386294 -1.386294 -1.386294
 -1.563865 -1.791759 -0.693147 -2.087409
 -1.386294 -1.386294 -1.386294 -1.386294
 -1.590658 -1.177471 -2.093760 -1.008053
 -1.513046 -1.828126 -1.905087 -0.754517
 -1.426786 -1.647865 -1.945910 -0.856601
 -2.430413 -2.055722 -0.717441 -1.217396
 -1.025854 -1.643014 -1.667706 -1.349253
 -1.074515 -1.767661 -1.796649 -1.133356
 -0.980830 -1.631416 -2.270494 -1.120592
 -1.931275 -1.476214 -0.998178 -1.354853
 -1.169643 0.000100 0.000100 0.000100
 -1.662929 0.000100 0.000100 0.000100
 -1.653440 0.000100 0.000100 0.000100
 -1.175875 0.000100 0.000100 0.000100
 -1.076022 -1.723041 -1.504346 -1.353378
 -0.942346 -1.627711 -2.254180 -1.174577
 -1.204502 -1.570523 -1.591349 -1.242813
 -1.515664 -1.716808 -1.363757 -1.064209
 -1.085104 -1.693749 -1.550811 -1.323401
 -0.938279 -1.646414 -2.232272 -1.175467
 -1.176032 -1.600733 -1.536900 -1.292060
 -1.507217 -1.689995 -1.397734 -1.059014
 -1.068097 -1.730189 -1.528782 -1.338313
 -0.954085 -1.613456 -2.286674 -1.158255
 -1.129918 -1.586932 -1.622584 -1.290984
 -1.503015 -1.705001 -1.385536 -1.062532
 -1.111543 -1.652663 -1.497092 -1.364025
 -0.970398 -1.613722 -2.234614 -1.155534
 -1.192654 -1.544078 -1.609891 -1.261718
 -1.527202 -1.685173 -1.342899 -1.089580
 -1.115785 -1.743969 -1.489214 -1.302074
 -0.918351 -1.651397 -2.264781 -1.186825
 -1.170136 -1.584220 -1.538331 -1.309969
 -1.508698 -1.688060 -1.368876 -1.080188
 -1.045808 -1.742063 -1.566794 -1.329081
 -0.953148 -1.647768 -2.226834 -1.157961
 -1.150686 -1.573725 -1.632480 -1.269883
 -1.506246 -1.735961 -1.372628 -1.053864
 -1.105945 -1.693319 -1.481040 -1.355599
 -0.942521 -1.604616 -2.266065 -1.185251
 -1.250151 -1.523210 -1.579714 -1.239622
 -1.520745 -1.692092 -1.339190 -1.092851
 -1.072531 -1.680451 -1.598019 -1.312034
 -0.953384 -1.666228 -2.198557 -1.156314
 -1.188164 -1.530377 -1.619511 -1.270219
 -1.519621 -1.698949 -1.383020 -1.056963
 -1.045041 -1.740025 -1.588665 -1.314500
 -0.979513 -1.661355 -2.313714 -1.091444
 -1.125507 -1.592631 -1.673491 -1.256913
 -1.557445 -1.700381 -1.394380 -1.025198
 -1.074930 -1.704280 -1.511129 -1.362131
 -0.948203 -1.610010 -2.231036 -1.186589
 -1.203451 -1.539871 -1.569149 -1.282972
 -1.549999 -1.702050 -1.329980 -1.075990
 -1.070655 -1.679464 -1.517971 -1.379969
 -0.943726 -1.651849 -2.156082 -1.192861
 -1.161107 -1.554226 -1.556957 -1.329040
 -1.502410 -1.649244 -1.379692 -1.097945
 -1.034258 -1.749715 -1.558083 -1.346508
 -0.974521 -1.637084 -2.219344 -1.141311
 -1.092837 -1.633929 -1.649451 -1.282225
 -1.473770 -1.753288 -1.376394 -1.063490
 -1.106930 -1.699596 -1.441791 -1.385628
 -0.972081 -1.605110 -2.181582 -1.177738
 -1.219845 -1.552911 -1.543222 -1.275105
 -1.511170 -1.686946 -1.306708 -1.128387
 -1.059007 -1.726295 -1.511745 -1.367540
 -0.942108 -1.692319 -2.190932 -1.157438
 -1.139538 -1.614220 -1.501660 -1.353915
 -1.453244 -1.720348 -1.384716 -1.088294
 -1.049918 -1.715748 -1.559237 -1.347428
 -0.940133 -1.667888 -2.201276 -1.170805
 -1.104086 -1.617109 -1.637484 -1.289001
 -1.522592 -1.729752 -1.340231 -1.070781
 -1.072037 -1.651302 -1.497690 -1.417813
 -0.966182 -1.575783 -2.250798 -1.179911
 -1.186594 -1.519602 -1.634746 -1.269614
 -1.546835 -1.686020 -1.329290 -1.087202
 -1.076974 -1.725433 -1.491444 -1.361673
 -0.884340 -1.666948 -2.287671 -1.215074
 -1.171329 -1.568820 -1.561837 -1.301938
 -1.492993 -1.675128 -1.368556 -1.097985
 -1.034716 -1.722583 -1.561091 -1.361946
 -0.901664 -1.711112 -2.383150 -1.135748
 -1.056366 -1.655631 -1.660665 -1.304534
 -1.477840 -1.728040 -1.385561 -1.066955
 -1.084704 -1.711541 -1.445478 -1.403329
 -0.923060 -1.588950 -2.288687 -1.213488
 -1.221739 -1.543796 -1.473129 -1.337478
 -1.508690 -1.715725 -1.325252 -1.098919
 -1.057184 -1.737820 -1.484123 -1.386443
 -0.972412 -1.599865 -2.170864 -1.184735
 -1.128749 -1.626013 -1.517203 -1.345054
 -1.513929 -1.694649 -1.356143 -1.082818
 -1.031501 -1.814073 -1.504297 -1.353377
 -0.973382 -1.647219 -2.285967 -1.114935
 -1.110340 -1.651883 -1.531780 -1.336691
 -1.536080 -1.740240 -1.424493 -0.997859
 -0.961002 -1.893611 -1.420640 -1.489861
 -0.721323 -1.853269 -2.250610 -1.378992
 -1.000214 -1.798046 -1.583225 -1.342219
 -1.286101 -1.882674 -1.182496 -1.328182
 -0.462250 -19.299269 -0.993887 -19.299269
 -0.280207 -18.442247 -1.409061 -18.442247
 -0.588793 -18.834047 -0.809674 -18.834047
 -0.757272 -18.916718 -0.632888 -18.916718
 0.000000 -19.781067 -19.781067 -19.781067
 -1.386294 -1.386294 -1.386294 -1.386294
 0.000000 -19.408623 -19.408623 -19.408623
 -1.386294 -1.386294 -1.386294 -1.386294
 -20.305233 -20.305233 0.000000 -20.305233
 -1.386294 -1.386294 -1.386294 -1.386294
 -1.386294 -1.386294 -1.386294 -1.386294
 -1.386294 -1.386294 -1.386294 -1.386294
 -1.386294 -1.386294 -1.386294 -1.386294
 -1.386294 -1.386294 -1.386294 -1.386294
 -1.148728 -1.554888 -1.603214 -1.307489
 -1.386294 -1.386294 -1.386294 -1.386294
 -1.072276 -1.700779 -1.497892 -1.379800
 -0.982629 -1.666025 -2.169143 -1.131956
 -1.062878 -1.657285 -1.631107 -1.316130
 -1.468173 -1.687242 -1.331447 -1.137779
 -1.024657 -1.752725 -1.439173 -1.466829
 -0.972408 -1.610172 -2.203936 -1.166010
 -1.169547 -1.524729 -1.597482 -1.311533
 -1.538131 -1.689182 -1.272004 -1.138566
