 -1.199010 0.000100 0.000100 0.000100
 -1.825146 0.000100 0.000100 0.000100
 -2.068555 0.000100 0.000100 0.000100
 -0.889295 0.000100 0.000100 0.000100
 -0.917943 -1.743440 -2.717997 -1.022385
 -0.993253 -1.909541 -2.785004 -0.868090
 -1.378451 -1.753143 -2.446286 -0.717054
 -1.304949 -1.803939 -1.616728 -1.006168
 -0.979805 -1.640690 -2.416527 -1.074295
 -1.074943 -2.227619 -3.326220 -0.663648
 -1.228666 -2.104131 -2.327273 -0.717841
 -1.596699 -1.609438 -1.675687 -0.890973
 -0.974050 -1.676246 -2.739137 -0.992232
 -1.133704 -1.940178 -3.367281 -0.693148
 -1.049823 -1.742968 -2.708041 -0.895673
 -1.602269 -1.858698 -1.369647 -0.945490
 -1.158384 -1.808971 -2.544675 -0.812639
 -1.283347 -2.278771 -3.320214 -0.537278
 -1.296888 -1.676376 -3.325019 -0.685980
 -1.804120 -1.849930 -1.497954 -0.788458
 -1.062245 -1.621860 -2.785006 -0.928714
 -1.282225 -1.459906 -3.657108 -0.766760
 -1.609437 -1.832580 -2.120260 -0.653928
 -1.759103 -1.667084 -1.441746 -0.910086
 -1.225479 -1.399143 -2.463850 -0.982249
 -1.401798 -1.746638 -3.481225 -0.600172
 -1.500704 -1.906168 -3.205439 -0.531306
 -2.067799 -1.852091 -1.492436 -0.709677
 -1.386294 -1.734600 -2.753165 -0.673730
 -1.484925 -1.797299 -2.800595 -0.603378
 -1.593933 -1.907589 -2.018814 -0.662377
 -1.880990 -1.949983 -1.285824 -0.846621
 -1.456028 -1.828702 -2.777777 -0.608731
 -1.609437 -1.824548 -2.963974 -0.532567
 -1.880311 -2.040653 -3.096698 -0.397028
 -2.113342 -1.779337 -1.651997 -0.656334
 -1.297215 -1.680206 -2.516450 -0.777340
 -1.464256 -1.779336 -2.877941 -0.609267
 -1.954276 -2.222538 -2.484900 -0.405467
 -2.145399 -1.555931 -1.379227 -0.866994
 -1.338666 -1.841769 -3.308093 -0.611231
 -1.528175 -1.840548 -3.449973 -0.523249
 -2.114530 -1.981000 -2.961822 -0.371565
 -2.180626 -1.626316 -1.715263 -0.672443
 -1.485385 -1.810806 -3.459449 -0.547117
 -1.548137 -1.662547 -3.079603 -0.594708
 -1.839613 -1.839613 -2.475597 -0.513948
 -2.019337 -1.762114 -1.516544 -0.742115
 -1.738649 -1.442384 -4.412751 -0.552070
 -2.157557 -1.515705 -3.361518 -0.461945
 -2.418652 -2.498694 -2.681014 -0.274078
 -2.405601 -1.824933 -1.611359 -0.599759
 -1.194841 -1.746907 -4.691251 -0.665998
 -1.415622 -1.975236 -5.153194 -0.489854
 -1.859580 -1.370034 -3.705379 -0.569916
 -2.409610 -1.627910 -1.478614 -0.721841
 -1.665007 -2.224620 -3.610896 -0.392044
 -2.549441 -2.079439 -3.465721 -0.267064
 -2.653235 -2.316765 -2.876376 -0.255349
 -2.676060 -1.890133 -1.793673 -0.488141
 -0.750969 -0.638491 -13.698981 -13.698981
 -1.019149 -0.700696 -1.945908 -14.100693
 -1.043043 -0.847299 -1.518466 -13.864305
 -1.884418 -0.970071 -0.757096 -15.729488
 -1.800492 -1.854559 -4.744884 -0.401128
 -1.933933 -1.779783 -2.983752 -0.452330
 -2.057462 -1.843052 -2.518806 -0.456759
 -1.386294 -1.386294 -1.386294 -1.386294
 -2.136597 -1.637608 -14.180157 -0.374695
 -1.958254 -1.659762 -2.791157 -0.498632
 -2.852606 -2.005327 -2.005327 -0.395901
 -2.519554 -1.610987 -1.272303 -0.821826
 -2.607957 -1.609437 -13.764221 -0.319773
 -1.559427 -1.977161 -3.663544 -0.468980
 -2.649204 -1.761906 -3.091033 -0.339509
 -2.782305 -1.538512 -1.613314 -0.645924
 -1.835242 -1.324419 -13.753639 -0.554313
 -1.668754 -1.468084 -3.172822 -0.617546
 -2.123113 -2.459582 -2.459582 -0.343336
 -2.258781 -1.511568 -1.474663 -0.807206
 -2.367118 -1.386294 -14.062374 -0.421215
 -1.830225 -1.012781 -3.053993 -0.845728
 -2.410794 -1.791758 -2.970404 -0.367726
 -2.936608 -1.364914 -1.647480 -0.695114
 -13.676253 -13.676253 -13.676253 -0.000003
 -14.790071 -14.790071 -14.790071 -0.000001
 -13.963934 -13.963934 -13.963934 -0.000003
 -15.496339 -15.496339 -15.496339 -0.000001
 -1.386294 -1.386294 -1.386294 -1.386294
 -1.386294 -1.386294 -1.386294 -1.386294
 -1.386294 -1.386294 -1.386294 -1.386294
 -2.108721 -1.730959 -1.195715 -0.918782
 -14.014364 -14.014364 -14.014364 -0.000002
 -14.392126 -14.392126 -14.392126 -0.000002
 -14.927369 -14.927369 -14.927369 -0.000001
 -15.204303 -15.204303 -15.204303 -0.000001
 -1.386294 -1.386294 -1.386294 -1.386294
 -1.386294 -1.386294 -1.386294 -1.386294
 -1.386294 -1.386294 -1.386294 -1.386294
 -0.000000 -16.123083 -16.123083 -16.123083
 -16.123083 -16.123083 -0.000000 -16.123083
 -1.386294 -1.386294 -1.386294 -1.386294
 -1.386294 -1.386294 -1.386294 -1.386294
 -1.386294 -1.386294 -1.386294 -1.386294
 -1.386294 -1.386294 -1.386294 -1.386294
 -1.386294 -1.386294 -1.386294 -1.386294
 -1.219011 -1.978269 -0.764275 -2.297622
 -1.386294 -1.386294 -1.386294 -1.386294
 -1.504077 -1.742488 -1.519345 -0.957534
 -1.676376 -1.798978 -1.889950 -0.700369
 -1.360977 -1.943775 -1.754019 -0.850151
 -1.976060 -1.907068 -1.149385 -0.926243
 -1.309661 -1.570387 -1.431551 -1.261652
 -0.866592 -1.724040 -2.223029 -1.227605
 -1.304321 -1.961099 -1.285972 -1.166171
 -1.904237 -1.677924 -0.911574 -1.337842
 -1.132967 0.000100 0.000100 0.000100
 -1.762092 0.000100 0.000100 0.000100
 -1.714780 0.000100 0.000100 0.000100
 -1.120137 0.000100 0.000100 0.000100
 -1.088335 -1.649485 -1.727738 -1.226258
 -0.913388 -1.821260 -2.595448 -1.014998
 -1.227665 -1.615928 -1.713567 -1.114449
 -1.348762 -1.806658 -1.543339 -1.014537
 -1.068417 -1.783338 -1.719390 -1.173778
 -0.865114 -1.899601 -2.271475 -1.120220
 -1.183255 -1.716410 -1.760373 -1.072860
 -1.370484 -1.887867 -1.569413 -0.950742
 -1.094476 -1.566339 -1.721731 -1.281141
 -0.905003 -1.666778 -2.445447 -1.139692
 -1.307282 -1.577450 -1.572831 -1.153636
 -1.360493 -1.963489 -1.445106 -1.001368
 -1.069856 -1.745829 -1.685751 -1.213563
 -0.911267 -1.920592 -2.390595 -1.021957
 -1.113730 -1.744357 -1.676038 -1.171838
 -1.365327 -1.918888 -1.504077 -0.978936
 -1.049822 -1.701146 -1.695513 -1.258708
 -0.911123 -1.695978 -2.394791 -1.129125
 -1.319454 -1.479947 -1.681067 -1.142897
 -1.441737 -1.756276 -1.531415 -0.981984
 -1.053332 -1.831220 -1.659728 -1.201252
 -0.804738 -1.806959 -2.462966 -1.192504
 -1.238097 -1.593863 -1.704286 -1.123859
 -1.373156 -1.896781 -1.481198 -0.996206
 -1.139307 -1.779564 -1.684254 -1.121887
 -0.835629 -1.783743 -2.459085 -1.161944
 -1.285905 -1.735520 -1.665139 -1.026868
 -1.378214 -1.869776 -1.388325 -1.066182
 -1.076751 -1.711509 -1.769898 -1.176501
 -0.874865 -1.669622 -2.412094 -1.186998
 -1.191831 -1.678057 -1.797009 -1.067682
 -1.427282 -1.902256 -1.439756 -0.983974
 -1.042697 -1.651859 -1.820935 -1.224415
 -0.819404 -1.967353 -2.390210 -1.115142
 -1.304891 -1.679896 -1.768727 -0.989252
 -1.455358 -1.866134 -1.455358 -0.971155
 -0.970609 -1.759347 -1.849731 -1.231992
 -0.805298 -1.813607 -2.494778 -1.179392
 -1.304356 -1.642228 -1.496516 -1.167334
 -1.418404 -1.845179 -1.444855 -1.010265
 -1.096565 -1.580158 -1.750610 -1.250460
 -0.898299 -1.796678 -2.472229 -1.071505
 -1.334093 -1.540142 -1.916378 -0.980527
 -1.402411 -1.935138 -1.532057 -0.932670
 -1.012965 -1.820522 -1.653468 -1.260426
 -0.918132 -2.014443 -2.596727 -0.934393
 -1.223378 -1.682629 -1.857491 -1.011104
 -1.335769 -1.836909 -1.506480 -1.032695
 -1.001620 -1.788678 -1.723178 -1.248144
 -0.962613 -1.636866 -2.485947 -1.078014
 -1.179845 -1.573002 -1.792711 -1.143367
 -1.345764 -1.875458 -1.477428 -1.026801
 -1.026016 -1.746882 -1.703460 -1.254570
 -0.909139 -1.769988 -2.557322 -1.051875
 -1.186388 -1.653338 -1.688081 -1.144466
 -1.296390 -1.779564 -1.560064 -1.056564
 -0.683087 -1.512199 -1.292732 -16.800182
 -0.457711 -1.464436 -1.994653 -16.167839
 -0.845063 -1.175305 -1.340385 -16.160196
 -0.894105 -1.529673 -0.982378 -16.780268
 -1.018596 -1.840791 -1.720360 -1.199965
 -0.855542 -1.803795 -2.549585 -1.102137
 -1.304837 -1.609438 -1.670619 -1.076891
 -1.386294 -1.386294 -1.386294 -1.386294
 -1.075192 -1.640728 -1.765565 -1.224724
 -0.940318 -1.768770 -2.496602 -1.031171
 -1.201865 -1.521636 -1.779181 -1.163995
 -1.492176 -1.988447 -1.420717 -0.924655
 -1.142496 -1.582627 -1.697438 -1.229662
 -0.879077 -1.698606 -2.802412 -1.075192
 -1.308987 -1.503143 -1.810628 -1.067331
 -1.319193 -1.887070 -1.460327 -1.052759
 -1.164119 -1.732811 -1.828426 -1.048825
 -0.770216 -2.036584 -2.319710 -1.176646
 -1.329876 -1.600911 -1.634487 -1.082567
 -1.306718 -2.003603 -1.372252 -1.076139
 -1.139696 -1.730428 -1.745287 -1.113888
 -1.002731 -1.547458 -2.317368 -1.133816
 -1.437776 -1.472329 -1.754816 -1.021054
 -1.332539 -1.797694 -1.503338 -1.055190
 -16.684546 -16.684546 -16.684546 -0.000000
 -16.243847 -16.243847 -16.243847 -0.000000
 -16.187622 -16.187622 -16.187622 -0.000000
 -16.832516 -16.832516 -16.832516 -0.000000
 -1.386294 -1.386294 -1.386294 -1.386294
 -1.386294 -1.386294 -1.386294 -1.386294
 -1.386294 -1.386294 -1.386294 -1.386294
 -1.499430 -2.038214 -1.556150 -0.831181
 -16.412256 -16.412256 -16.412256 -0.000000
 -15.873473 -15.873473 -15.873473 -0.000000
 -16.355537 -16.355537 -16.355537 -0.000000
 -17.080507 -17.080507 -17.080507 -0.000000
 -1.386294 -1.386294 -1.386294 -1.386294
 -1.386294 -1.386294 -1.386294 -1.386294
 -1.386294 -1.386294 -1.386294 -1.386294
 0.000000 -17.911686 -17.911686 -17.911686
 -17.911686 -17.911686 0.000000 -17.911686
 -1.386294 -1.386294 -1.386294 -1.386294
 -1.386294 -1.386294 -1.386294 -1.386294
 -1.386294 -1.386294 -1.386294 -1.386294
 -1.386294 -1.386294 -1.386294 -1.386294
 -1.386294 -1.386294 -1.386294 -1.386294
 -1.205804 -1.625538 -1.790596 -1.088021
 -1.386294 -1.386294 -1.386294 -1.386294
 -1.032513 -1.730351 -1.550121 -1.368673
 -1.181406 -1.499860 -2.366278 -0.977735
 -1.220391 -1.622484 -1.602483 -1.183903
 -1.464857 -1.823365 -1.535683 -0.936242
 -0.919407 -1.996965 -1.706163 -1.259004
 -0.944204 -1.806305 -2.365920 -1.041604
 -1.231765 -1.722590 -1.466337 -1.207812
 -1.565030 -1.816003 -1.473850 -0.918289
