 -1.263888 0.000100 0.000100 0.000100
 -1.881637 0.000100 0.000100 0.000100
 -1.887240 0.000100 0.000100 0.000100
 -0.882815 0.000100 0.000100 0.000100
 -0.960948 -1.744691 -2.278773 -1.077747
 -1.012999 -1.753398 -2.789484 -0.910721
 -1.249958 -1.685275 -3.102332 -0.727437
 -1.458821 -1.591089 -1.601241 -1.015725
 -1.183583 -1.780586 -2.319581 -0.851051
 -1.208508 -2.102324 -3.095569 -0.627479
 -1.616082 -1.881784 -2.714687 -0.539945
 -1.323435 -1.733110 -1.625221 -1.021155
 -1.035812 -1.720300 -2.947526 -0.882904
 -1.234414 -1.776010 -3.044513 -0.709149
 -1.273965 -2.018403 -2.477932 -0.686180
 -1.551423 -1.975237 -1.542374 -0.831369
 -1.183354 -1.593933 -2.472482 -0.900787
 -1.286474 -1.902659 -3.406723 -0.613531
 -1.602748 -2.170730 -2.295892 -0.538040
 -1.774761 -1.945910 -1.562918 -0.737946
 -1.310583 -1.849578 -2.496203 -0.712052
 -1.283110 -1.847639 -3.605480 -0.619817
 -1.566087 -1.766757 -2.290003 -0.655877
 -1.675155 -1.774246 -1.534573 -0.849657
 -1.393957 -1.739702 -2.236138 -0.756161
 -1.483668 -1.802121 -2.869956 -0.595030
 -1.522426 -1.640209 -2.708044 -0.651599
 -1.692192 -1.616684 -1.538041 -0.909993
 -1.191900 -1.845826 -2.801333 -0.738705
 -1.423336 -1.810108 -3.601853 -0.565315
 -1.664162 -1.871801 -2.490837 -0.555189
 -1.858898 -1.735838 -1.571216 -0.776287
 -1.402824 -1.886249 -2.406123 -0.668855
 -1.589235 -1.722766 -2.880212 -0.577635
 -2.425478 -1.658227 -2.505520 -0.447139
 -1.982277 -1.844127 -1.456746 -0.752710
 -1.578978 -1.802121 -2.559803 -0.595030
 -1.861492 -1.861492 -3.183238 -0.434378
 -2.495952 -1.945909 -2.639052 -0.351978
 -1.964228 -1.627756 -1.627756 -0.761433
 -1.552279 -1.839960 -3.749481 -0.501071
 -1.806357 -1.836210 -3.253267 -0.449918
 -2.335371 -1.609437 -3.433970 -0.399036
 -2.291756 -1.784013 -1.531671 -0.664027
 -1.576648 -1.609437 -3.401180 -0.579820
 -1.859316 -1.859316 -3.347382 -0.425772
 -2.054121 -2.159481 -2.852623 -0.358510
 -2.189789 -1.745103 -1.587297 -0.675395
 -1.622258 -2.111804 -4.363051 -0.402287
 -2.142618 -1.516914 -3.891797 -0.441834
 -2.354541 -1.927099 -2.865362 -0.353066
 -2.627080 -1.727597 -1.623085 -0.592921
 -1.206826 -1.817733 -4.762077 -0.635041
 -2.055108 -1.675619 -2.915303 -0.461177
 -2.211015 -1.939082 -3.597290 -0.329648
 -2.469510 -1.629381 -1.539975 -0.683323
 -1.741926 -1.701104 -14.130324 -0.442646
 -2.084059 -2.012600 -3.300445 -0.349461
 -2.821371 -1.828126 -3.332190 -0.295652
 -2.549750 -1.754189 -1.598775 -0.603842
 -1.460402 -1.774058 -13.928843 -0.513808
 -1.802121 -1.630271 -3.070625 -0.522927
 -2.498694 -2.211015 -2.904155 -0.283128
 -2.594424 -1.579463 -1.715875 -0.617263
 -1.684786 -1.684786 -4.127088 -0.489550
 -2.035380 -1.574036 -3.456755 -0.461036
 -2.793200 -2.425478 -2.282378 -0.289954
 -2.861466 -1.721008 -1.548296 -0.595441
 -1.609437 -1.660730 -13.815515 -0.494299
 -2.022281 -1.604548 -3.015527 -0.481839
 -2.185457 -2.357306 -2.421844 -0.350777
 -2.622106 -1.485029 -1.523495 -0.727934
 -1.429969 -1.717650 -4.068980 -0.572521
 -1.848667 -1.567765 -3.380133 -0.510827
 -1.885945 -2.090739 -3.235861 -0.377764
 -2.342115 -1.369384 -1.657066 -0.778891
 -1.510592 -1.669656 -14.247295 -0.526095
 -1.467640 -1.214444 -4.446533 -0.774494
 -1.540445 -1.358124 -2.376688 -0.830770
 -2.653560 -1.307853 -1.764922 -0.717440
 -1.785788 -1.562645 -5.117896 -0.483266
 -1.952382 -1.259236 -3.539338 -0.606674
 -2.732733 -2.173123 -2.509593 -0.301327
 -2.365385 -1.449095 -2.149677 -0.589179
 -0.649346 -0.770707 -4.204646 -14.108183
 -0.777489 -0.769521 -2.561276 -14.816144
 -0.704710 -1.031922 -1.900956 -13.676253
 -1.501149 -0.704947 -1.262339 -15.735371
 -0.982540 -1.871801 -4.867502 -0.767650
 -1.042654 -1.647939 -2.536577 -0.978434
 -1.521699 -1.696052 -1.967985 -0.779762
 -1.386294 -1.386294 -1.386294 -1.386294
 -15.181603 -15.181603 -15.181603 -0.000001
 -14.552676 -14.552676 -14.552676 -0.000001
 -13.579793 -13.579793 -13.579793 -0.000004
 -15.414899 -15.414899 -15.414899 -0.000001
 -1.386294 -1.386294 -1.386294 -1.386294
 -1.386294 -1.386294 -1.386294 -1.386294
 -1.386294 -1.386294 -1.386294 -1.386294
 -0.000000 -16.279364 -16.279364 -16.279364
 -16.279364 -16.279364 -0.000000 -16.279364
 -1.386294 -1.386294 -1.386294 -1.386294
 -1.386294 -1.386294 -1.386294 -1.386294
 -1.386294 -1.386294 -1.386294 -1.386294
 -1.386294 -1.386294 -1.386294 -1.386294
 -1.386294 -1.386294 -1.386294 -1.386294
 -1.237141 -2.248741 -0.746458 -2.038585
 -1.386294 -1.386294 -1.386294 -1.386294
 -1.627190 -1.737537 -1.806530 -0.769288
 -1.684786 -1.419084 -2.623049 -0.693149
 -1.266320 -1.758217 -1.811705 -0.961273
 -2.257846 -1.852383 -1.079195 -0.919565
 -1.177705 -2.016805 -1.743512 -0.957034
 -1.321756 -1.562918 -2.211611 -0.881200
 -1.089043 -1.782189 -1.673976 -1.178655
 -2.075400 -1.669936 -0.982180 -1.165583
 -1.120706 0.000100 0.000100 0.000100
 -1.729170 0.000100 0.000100 0.000100
 -1.760743 0.000100 0.000100 0.000100
 -1.125156 0.000100 0.000100 0.000100
 -1.026833 -1.785857 -1.635135 -1.275536
 -0.903360 -1.737324 -2.487240 -1.091644
 -1.197578 -1.631328 -1.539376 -1.245174
 -1.373843 -1.896200 -1.528693 -0.967819
 -1.053919 -1.758157 -1.765620 -1.177694
 -0.943701 -1.736378 -2.542667 -1.032820
 -1.113583 -1.758155 -1.707724 -1.145769
 -1.311578 -1.885536 -1.547861 -1.004698
 -1.051333 -1.784597 -1.707076 -1.199753
 -0.936384 -1.701851 -2.363676 -1.104014
 -1.248938 -1.502062 -1.706363 -1.174428
 -1.316142 -1.856666 -1.540240 -1.018019
 -1.064148 -1.726410 -1.615953 -1.278858
 -0.925751 -1.707891 -2.215835 -1.160095
 -1.219062 -1.557370 -1.720755 -1.155589
 -1.285570 -1.911805 -1.463188 -1.066542
 -1.066870 -1.763126 -1.555798 -1.296865
 -0.961138 -1.685767 -2.372538 -1.081766
 -1.199994 -1.587569 -1.632908 -1.207240
 -1.441367 -1.878550 -1.516838 -0.938588
 -1.117755 -1.776046 -1.546336 -1.235623
 -0.917874 -1.702181 -2.488472 -1.092699
 -1.095716 -1.533700 -1.748475 -1.287628
 -1.326676 -1.948447 -1.444757 -1.031860
 -1.111368 -1.818979 -1.619152 -1.169141
 -0.919307 -1.599448 -2.440140 -1.164598
 -1.268270 -1.679543 -1.624761 -1.092836
 -1.298124 -1.828514 -1.520074 -1.056678
 -1.058826 -1.732555 -1.723908 -1.210871
 -0.822139 -1.815119 -2.545630 -1.141726
 -1.212313 -1.572566 -1.754887 -1.133040
 -1.308522 -1.865608 -1.528165 -1.027095
 -1.076419 -1.750669 -1.572988 -1.279760
 -0.877385 -1.722448 -2.346602 -1.171801
 -1.262189 -1.523425 -1.671186 -1.168033
 -1.313275 -1.908327 -1.516747 -1.012501
 -1.038697 -1.787466 -1.703673 -1.215078
 -0.858725 -1.691167 -2.395124 -1.201202
 -1.116677 -1.664642 -1.672394 -1.218819
 -1.346856 -1.875396 -1.486618 -1.020227
 -1.094252 -1.809392 -1.753788 -1.113707
 -0.915683 -1.685669 -2.507047 -1.099830
 -1.287189 -1.638370 -1.844054 -0.990253
 -1.352349 -1.967199 -1.538204 -0.949968
 -1.107515 -1.804021 -1.643928 -1.165502
 -0.933741 -1.649409 -2.323221 -1.149489
 -1.257903 -1.566485 -1.556710 -1.216908
 -1.272246 -1.929371 -1.509327 -1.039872
 -1.053704 -1.834661 -1.589301 -1.246114
 -0.851232 -1.742621 -2.388194 -1.183337
 -1.286090 -1.629929 -1.518120 -1.175762
 -1.262680 -1.875843 -1.542144 -1.049943
 -1.026208 -1.858705 -1.622388 -1.243630
 -0.998588 -1.804213 -2.470164 -0.961221
 -1.124930 -1.635755 -1.737009 -1.189172
 -1.304402 -1.906647 -1.481254 -1.042038
 -1.103272 -1.819616 -1.610918 -1.182784
 -0.840533 -1.756332 -2.471840 -1.166636
 -1.287854 -1.550490 -1.690606 -1.116004
 -1.249190 -1.890824 -1.552163 -1.048320
 -1.032141 -1.885449 -1.589363 -1.245002
 -0.927341 -1.733652 -2.330233 -1.107196
 -1.216159 -1.642922 -1.672716 -1.131705
 -1.247168 -1.938107 -1.447184 -1.098189
 -1.109760 -1.722474 -1.632928 -1.216108
 -0.918863 -1.752308 -2.376298 -1.094341
 -1.252228 -1.592452 -1.655822 -1.140148
 -1.398575 -1.811126 -1.540590 -0.979958
 -1.034313 -1.822390 -1.631517 -1.247375
 -0.946402 -1.702424 -2.602883 -1.034050
 -1.120966 -1.651134 -1.780212 -1.159635
 -1.348208 -1.800307 -1.549412 -1.014251
 -1.066584 -1.763447 -1.671073 -1.216316
 -0.813940 -1.758659 -2.333507 -1.245975
 -1.273304 -1.608649 -1.727912 -1.072121
 -1.276381 -1.919060 -1.654832 -0.959497
 -1.067421 -1.665757 -1.653623 -1.288432
 -0.944929 -1.648659 -2.385291 -1.118030
 -1.218406 -1.567732 -1.548648 -1.261438
 -1.209116 -1.880891 -1.569282 -1.076195
 -0.580419 -1.732223 -1.333909 -17.678343
 -0.451495 -1.416875 -2.113172 -17.082415
 -0.862283 -1.269971 -1.214148 -17.099051
 -0.743060 -1.640658 -1.107175 -17.612572
 -1.107624 -1.878819 -1.699813 -1.096109
 -0.926371 -1.702970 -2.213204 -1.163086
 -1.242777 -1.616239 -1.682704 -1.118092
 -1.386294 -1.386294 -1.386294 -1.386294
 -17.693977 -17.693977 -17.693977 -0.000000
 -17.027563 -17.027563 -17.027563 -0.000000
 -17.008453 -17.008453 -17.008453 -0.000000
 -17.676872 -17.676872 -17.676872 -0.000000
 -1.386294 -1.386294 -1.386294 -1.386294
 -1.386294 -1.386294 -1.386294 -1.386294
 -1.386294 -1.386294 -1.386294 -1.386294
 0.000000 -18.792727 -18.792727 -18.792727
 -18.792727 -18.792727 0.000000 -18.792727
 -1.386294 -1.386294 -1.386294 -1.386294
 -1.386294 -1.386294 -1.386294 -1.386294
 -1.386294 -1.386294 -1.386294 -1.386294
 -1.386294 -1.386294 -1.386294 -1.386294
 -1.386294 -1.386294 -1.386294 -1.386294
 -1.179483 -1.606822 -1.822346 -1.107475
 -1.386294 -1.386294 -1.386294 -1.386294
 -1.169449 -1.760417 -1.583980 -1.163689
 -0.958955 -1.506314 -2.302241 -1.220961
 -1.298573 -1.444683 -1.551451 -1.275406
 -1.435251 -1.870968 -1.442288 -0.989982
 -0.986060 -1.868188 -1.650201 -1.271032
 -0.974560 -1.561758 -2.503955 -1.105294
 -1.331411 -1.581963 -1.634792 -1.092636
 -1.303416 -1.885875 -1.588745 -0.987465
