 -1.226581 0.000100 0.000100 0.000100
 -1.778269 0.000100 0.000100 0.000100
 -1.932838 0.000100 0.000100 0.000100
 -0.933846 0.000100 0.000100 0.000100
 -0.985180 -1.662942 -2.156112 -1.135463
 -1.009719 -1.979118 -3.153234 -0.787955
 -1.149752 -1.771439 -2.696385 -0.808003
 -1.274046 -1.737124 -1.493336 -1.140515
 -1.000944 -1.756041 -2.203738 -1.051679
 -1.074340 -1.881678 -2.873316 -0.799327
 -1.187844 -1.682139 -2.657516 -0.823201
 -1.433206 -1.811938 -1.587357 -0.932282
 -0.930180 -1.782150 -2.443036 -1.048838
 -1.023059 -1.702219 -2.887840 -0.909982
 -1.231676 -1.731327 -2.724576 -0.764485
 -1.393842 -1.742509 -1.583986 -0.989821
 -1.011601 -1.606768 -2.523057 -1.033907
 -1.135792 -1.875458 -3.379530 -0.710326
 -1.308333 -1.819158 -2.599314 -0.706754
 -1.588569 -1.854745 -1.461171 -0.898144
 -1.083753 -1.675974 -2.443844 -0.947460
 -1.200662 -1.705992 -3.163234 -0.744179
 -1.376506 -1.642774 -2.724576 -0.716366
 -1.718088 -1.741078 -1.437534 -0.897108
 -1.083724 -1.660731 -2.445685 -0.954512
 -1.141476 -1.841949 -2.506107 -0.819710
 -1.398564 -1.964371 -2.425716 -0.645520
 -1.765091 -1.697268 -1.531476 -0.845298
 -1.253608 -1.563225 -2.209118 -0.928186
 -1.239470 -2.106569 -2.927547 -0.624966
 -1.678000 -1.913314 -2.627078 -0.521932
 -1.944931 -1.665848 -1.367856 -0.883533
 -1.176138 -1.652699 -2.399912 -0.893370
 -1.294487 -1.611844 -3.258091 -0.717480
 -1.838664 -1.805328 -2.360852 -0.540924
 -1.934788 -1.741772 -1.379792 -0.846987
 -1.339585 -1.721520 -2.620517 -0.720547
 -1.590876 -1.822677 -2.837905 -0.551453
 -1.808288 -1.612174 -2.436895 -0.599329
 -2.052092 -1.620590 -1.514296 -0.790123
 -1.590206 -1.846635 -3.187805 -0.515692
 -1.760576 -1.814643 -3.146867 -0.474539
 -2.061422 -2.037891 -2.580214 -0.405466
 -2.198932 -1.763162 -1.549014 -0.682960
 -1.251258 -1.514675 -3.320221 -0.781255
 -1.680119 -1.511982 -3.457886 -0.576824
 -1.998902 -1.659034 -2.517694 -0.521637
 -2.275206 -1.626843 -1.314654 -0.839080
 -1.700409 -1.669157 -3.358631 -0.520535
 -2.042475 -1.726959 -3.078565 -0.436270
 -2.076987 -2.345250 -3.064370 -0.311720
 -2.335078 -1.914439 -1.601477 -0.590277
 -0.739835 -0.739835 -3.087533 -14.862831
 -0.841680 -0.822262 -2.043475 -15.082459
 -1.029620 -0.782760 -1.683545 -14.845131
 -1.656489 -1.049027 -0.778893 -16.479958
 -1.427871 -1.734601 -4.194180 -0.564530
 -1.612693 -1.733879 -2.876384 -0.566138
 -2.113791 -1.635755 -2.695145 -0.483076
 -1.386294 -1.386294 -1.386294 -1.386294
 -15.287984 -15.287984 -15.287984 -0.000001
 -15.274126 -15.274126 -15.274126 -0.000001
 -13.946543 -13.946543 -13.946543 -0.000003
 -16.437277 -16.437277 -16.437277 -0.000000
 -1.386294 -1.386294 -1.386294 -1.386294
 -1.386294 -1.386294 -1.386294 -1.386294
 -1.386294 -1.386294 -1.386294 -1.386294
 -2.760774 -1.689375 -1.700935 -0.562804
 -1.507438 -1.868450 -4.310752 -0.493088
 -1.948211 -1.680897 -3.242128 -0.458576
 -2.426197 -1.986247 -3.019259 -0.320783
 -2.448326 -1.560009 -1.468575 -0.748291
 -1.646251 -1.756252 -5.517354 -0.461208
 -1.703625 -1.482954 -3.325480 -0.588686
 -2.421083 -1.963251 -2.810546 -0.341644
 -2.210256 -1.443498 -1.362959 -0.920488
 -1.866879 -1.573893 -5.023832 -0.459533
 -2.061706 -1.360778 -3.330214 -0.543837
 -2.053054 -1.863812 -3.033880 -0.402796
 -2.536423 -1.306972 -1.652923 -0.779308
 -1.815856 -1.637608 -4.430785 -0.460526
 -1.972673 -1.206323 -4.039527 -0.608781
 -3.374920 -2.045792 -3.269560 -0.225048
 -3.123778 -1.150195 -2.099275 -0.659927
 -1.556794 -1.370208 -4.527161 -0.645646
 -1.871040 -1.110883 -4.001246 -0.696201
 -1.968508 -1.929288 -2.884793 -0.416703
 -2.815408 -1.569814 -2.435261 -0.439341
 -0.626062 -2.169052 -3.103355 -1.183770
 -0.847298 -2.370066 -2.370066 -0.955864
 -1.077560 -2.646168 -1.652922 -0.923409
 -1.885076 -1.880392 -1.043833 -1.068424
 -15.663966 -0.000001 -15.663966 -15.663966
 -14.930654 -0.000001 -14.930654 -14.930654
 -15.581953 -0.000001 -15.581953 -15.581953
 -15.932971 -0.000000 -15.932971 -15.932971
 -1.386294 -1.386294 -1.386294 -1.386294
 0.000000 -16.975061 -16.975061 -16.975061
 -1.386294 -1.386294 -1.386294 -1.386294
 -1.386294 -1.386294 -1.386294 -1.386294
 -16.975061 -16.975061 -0.000000 -16.975061
 -1.386294 -1.386294 -1.386294 -1.386294
 -1.386294 -1.386294 -1.386294 -1.386294
 -1.386294 -1.386294 -1.386294 -1.386294
 -1.386294 -1.386294 -1.386294 -1.386294
 -1.386294 -1.386294 -1.386294 -1.386294
 -1.283143 -1.947609 -0.845037 -1.892603
 -1.386294 -1.386294 -1.386294 -1.386294
 -1.412673 -1.772047 -1.637390 -0.936400
 -1.499623 -1.540445 -2.639054 -0.711166
 -1.277777 -1.850779 -1.970924 -0.855899
 -2.261198 -1.361258 -0.989316 -1.318241
 -1.139208 -1.700237 -1.519567 -1.278405
 -1.033785 -1.616390 -2.138911 -1.114911
 -1.253943 -1.506439 -1.561097 -1.262242
 -1.861810 -1.558938 -1.014512 -1.303167
 -1.203792 0.000100 0.000100 0.000100
 -1.731486 0.000100 0.000100 0.000100
 -1.585579 0.000100 0.000100 0.000100
 -1.145404 0.000100 0.000100 0.000100
 -1.118243 -1.637867 -1.505208 -1.359531
 -0.985694 -1.568156 -2.268683 -1.155365
 -1.260742 -1.548424 -1.539121 -1.239932
 -1.575892 -1.537464 -1.330321 -1.158811
 -1.139964 -1.669121 -1.551338 -1.273706
 -0.983671 -1.499178 -2.287635 -1.199834
 -1.197624 -1.486713 -1.581179 -1.323349
 -1.481790 -1.582843 -1.443671 -1.104672
 -1.092755 -1.642981 -1.549372 -1.351219
 -0.970051 -1.604897 -2.107129 -1.209188
 -1.160369 -1.546032 -1.582641 -1.316373
 -1.540903 -1.551644 -1.499056 -1.048189
 -1.148897 -1.642525 -1.525254 -1.302111
 -1.003664 -1.696812 -2.107726 -1.112655
 -1.217959 -1.516656 -1.532605 -1.313974
 -1.561586 -1.638722 -1.373097 -1.071052
 -1.096751 -1.655670 -1.612704 -1.288320
 -0.971220 -1.626830 -2.330559 -1.116004
 -1.238211 -1.489847 -1.498555 -1.342324
 -1.424516 -1.847763 -1.415282 -1.024632
 -1.060675 -1.747424 -1.638752 -1.254097
 -0.944667 -1.694755 -2.256326 -1.130685
 -1.167556 -1.638001 -1.696200 -1.167556
 -1.501879 -1.747002 -1.455539 -0.995014
 -1.129343 -1.607247 -1.566513 -1.318472
 -0.915914 -1.610946 -2.207069 -1.237433
 -1.238374 -1.620367 -1.496498 -1.243387
 -1.582549 -1.672161 -1.281689 -1.111271
 -1.143148 -1.590162 -1.578863 -1.305325
 -0.941200 -1.614997 -2.257200 -1.183170
 -1.291155 -1.412369 -1.574282 -1.293441
 -1.502013 -1.622377 -1.361803 -1.127964
 -1.124709 -1.622867 -1.550926 -1.324750
 -0.893890 -1.726008 -2.352346 -1.146335
 -1.166932 -1.575649 -1.664142 -1.229452
 -1.552971 -1.715875 -1.364857 -1.040839
 -1.196183 -1.761672 -1.370048 -1.302683
 -0.977741 -1.691982 -2.465817 -1.036352
 -1.288028 -1.460349 -1.534687 -1.285518
 -1.532689 -1.660986 -1.357193 -1.088527
 -1.184152 -1.528442 -1.487532 -1.381539
 -0.989364 -1.532451 -2.296935 -1.165988
 -1.228193 -1.306445 -1.669787 -1.393880
 -1.543087 -1.508705 -1.361109 -1.175362
 -1.181255 -1.587490 -1.627542 -1.230122
 -0.937482 -1.678515 -2.027086 -1.237813
 -1.136019 -1.601459 -1.645459 -1.257447
 -1.502866 -1.577477 -1.342201 -1.172012
 -0.862504 -1.434020 -1.080142 -16.930359
 -0.589684 -1.267083 -1.808830 -16.508108
 -1.003116 -1.175083 -1.125557 -16.501316
 -1.135133 -1.261537 -0.927852 -16.895124
 -1.155399 -1.649124 -1.551929 -1.269362
 -0.989106 -1.450635 -2.259984 -1.240231
 -1.362258 -1.382460 -1.688450 -1.177162
 -1.386294 -1.386294 -1.386294 -1.386294
 -16.950569 -16.950569 -16.950569 -0.000000
 -16.612793 -16.612793 -16.612793 -0.000000
 -16.365738 -16.365738 -16.365738 -0.000000
 -16.884493 -16.884493 -16.884493 -0.000000
 -1.386294 -1.386294 -1.386294 -1.386294
 -1.386294 -1.386294 -1.386294 -1.386294
 -1.386294 -1.386294 -1.386294 -1.386294
 -1.555571 -1.611067 -1.336033 -1.119723
 -0.995504 -1.639447 -1.988581 -1.205688
 -1.061929 -1.580644 -2.219203 -1.079769
 -1.342875 -1.524406 -1.686089 -1.090902
 -1.520420 -1.609854 -1.533817 -1.005799
 -1.030565 -1.709248 -1.709248 -1.268721
 -0.898545 -1.614757 -2.328107 -1.215981
 -1.120431 -1.475707 -1.798980 -1.273765
 -1.393126 -1.756737 -1.394740 -1.105041
 -1.156581 -1.637788 -1.495975 -1.320505
 -1.102190 -1.409417 -2.316973 -1.123930
 -1.169662 -1.617583 -1.559805 -1.269495
 -1.478275 -1.650373 -1.460645 -1.055827
 -1.093500 -1.598316 -1.529324 -1.402265
 -1.032952 -1.418065 -2.424869 -1.160360
 -1.263327 -1.444211 -1.497321 -1.356242
 -1.517287 -1.489285 -1.471689 -1.122016
 -1.162042 -1.785311 -1.579395 -1.160566
 -1.100429 -1.499550 -2.682959 -0.979016
 -1.230167 -1.503731 -1.741783 -1.170379
 -1.691338 -1.799845 -1.359651 -0.932287
 -1.172418 -1.946401 -1.318938 -1.272335
 -0.812715 -1.777595 -2.262048 -1.261719
 -1.154034 -1.713650 -1.527239 -1.247239
 -1.444594 -1.650211 -1.320980 -1.186541
 -16.945774 0.000000 -16.945774 -16.945774
 -16.354748 -0.000000 -16.354748 -16.354748
 -16.632715 -0.000000 -16.632715 -16.632715
 -16.880770 0.000000 -16.880770 -16.880770
 -1.386294 -1.386294 -1.386294 -1.386294
 0.000000 -18.115786 -18.115786 -18.115786
 -1.386294 -1.386294 -1.386294 -1.386294
 -1.386294 -1.386294 -1.386294 -1.386294
 -18.115786 -18.115786 0.000000 -18.115786
 -1.386294 -1.386294 -1.386294 -1.386294
 -1.386294 -1.386294 -1.386294 -1.386294
 -1.386294 -1.386294 -1.386294 -1.386294
 -1.386294 -1.386294 -1.386294 -1.386294
 -1.386294 -1.386294 -1.386294 -1.386294
 -1.228971 -1.443229 -1.783384 -1.193448
 -1.386294 -1.386294 -1.386294 -1.386294
 -1.095835 -1.610366 -1.558376 -1.364739
 -0.948985 -1.598584 -2.252728 -1.185572
 -1.103467 -1.701525 -1.688338 -1.200482
 -1.574270 -1.669364 -1.267865 -1.129971
 -1.149233 -1.740642 -1.424476 -1.320215
 -0.935709 -1.663311 -2.141465 -1.201645
 -1.305994 -1.475071 -1.513824 -1.272011
 -1.624705 -1.697201 -1.309435 -1.050216
