 -1.247211 0.000100 0.000100 0.000100
 -1.835928 0.000100 0.000100 0.000100
 -1.841530 0.000100 0.000100 0.000100
 -0.929744 0.000100 0.000100 0.000100
 -1.001190 -1.777902 -2.310366 -1.009665
 -1.437882 -1.873199 -2.936090 -0.587229
 -1.289963 -2.113729 -2.440941 -0.659996
 -1.488400 -1.926904 -1.513717 -0.895073
 -0.978681 -1.676129 -2.240064 -1.106710
 -1.013090 -1.846819 -2.983893 -0.847298
 -1.158631 -1.995671 -2.555285 -0.749735
 -1.526260 -1.740058 -1.382221 -1.032481
 -1.162249 -1.639974 -2.251291 -0.946828
 -1.211837 -1.887591 -3.550132 -0.649718
 -1.389131 -1.692080 -2.821942 -0.679083
 -1.460038 -1.878340 -1.517797 -0.927012
 -1.026983 -1.772151 -2.535677 -0.934610
 -1.138779 -1.652340 -2.998356 -0.824806
 -1.315677 -1.830840 -2.225493 -0.769134
 -1.615636 -1.702177 -1.348897 -1.023255
 -1.133704 -1.675620 -2.404484 -0.914650
 -1.316133 -1.878087 -2.944435 -0.641854
 -1.567474 -2.051270 -2.220345 -0.590076
 -1.731599 -1.763964 -1.509730 -0.842425
 -1.010664 -2.001855 -2.449878 -0.880359
 -1.200395 -1.808019 -2.660794 -0.765603
 -1.459906 -1.711220 -2.302583 -0.719293
 -2.054512 -1.609438 -1.346327 -0.887581
 -1.250804 -1.629240 -2.427747 -0.845339
 -1.425009 -1.953533 -2.800829 -0.585259
 -1.696694 -2.132011 -2.620363 -0.469465
 -2.080474 -1.885832 -1.270463 -0.814808
 -1.390956 -1.787119 -2.326114 -0.721451
 -1.316725 -1.644632 -2.904882 -0.725361
 -1.645403 -1.703390 -2.612243 -0.594878
 -2.151035 -1.670346 -1.253672 -0.891598
 -1.467173 -1.684896 -2.554972 -0.680694
 -1.774952 -2.091621 -2.978921 -0.421329
 -2.125250 -2.064626 -2.595252 -0.386981
 -2.353316 -1.717929 -1.535607 -0.672983
 -1.399366 -1.722766 -2.594603 -0.693148
 -1.470037 -1.899893 -2.556671 -0.610764
 -1.765783 -1.673976 -2.161678 -0.641855
 -2.178532 -1.659408 -1.232144 -0.904179
 -1.728983 -1.761243 -3.569524 -0.473956
 -2.040974 -2.060023 -3.238673 -0.351786
 -2.792476 -2.173439 -2.598321 -0.286954
 -2.297718 -1.962634 -1.525276 -0.613480
 -1.382254 -1.539096 -3.312154 -0.697205
 -1.222482 -1.655803 -2.900123 -0.777515
 -2.061927 -1.534573 -2.387348 -0.570274
 -2.444483 -1.628103 -1.217819 -0.864998
 -14.950134 -14.950134 -14.950134 -0.000001
 -15.317364 -15.317364 -15.317364 -0.000001
 -15.358809 -15.358809 -15.358809 -0.000001
 -16.134953 -16.134953 -16.134953 -0.000000
 -1.386294 -1.386294 -1.386294 -1.386294
 -1.386294 -1.386294 -1.386294 -1.386294
 -1.386294 -1.386294 -1.386294 -1.386294
 -2.443461 -1.613902 -1.206203 -0.880202
 -14.483342 -14.483342 -14.483342 -0.000002
 -15.312900 -15.312900 -15.312900 -0.000001
 -15.720599 -15.720599 -15.720599 -0.000000
 -16.046600 -16.046600 -16.046600 -0.000000
 -1.386294 -1.386294 -1.386294 -1.386294
 -1.386294 -1.386294 -1.386294 -1.386294
 -1.386294 -1.386294 -1.386294 -1.386294
 -2.433257 -1.458793 -1.241028 -0.939954
 -14.493546 -14.493546 -14.493546 -0.000002
 -15.468009 -15.468009 -15.468009 -0.000001
 -15.685774 -15.685774 -15.685774 -0.000000
 -15.986848 -15.986848 -15.986848 -0.000000
 -1.386294 -1.386294 -1.386294 -1.386294
 -1.386294 -1.386294 -1.386294 -1.386294
 -1.386294 -1.386294 -1.386294 -1.386294
 -2.458965 -1.399296 -1.384959 -0.873778
 -1.619909 -1.543923 -5.257398 -0.538998
 -2.291812 -1.513144 -3.832250 -0.420011
 -2.570300 -2.097394 -2.805139 -0.300817
 -2.538617 -1.458188 -2.227562 -0.543734
 -1.714271 -1.523216 -14.562201 -0.507672
 -1.778514 -1.105301 -3.544291 -0.752662
 -2.106838 -1.531476 -2.512300 -0.542867
 -2.792279 -1.140567 -1.617128 -0.866043
 -1.632427 -1.188935 -5.393529 -0.702281
 -1.998278 -1.193340 -3.486351 -0.633724
 -2.098985 -1.502466 -3.171617 -0.489549
 -2.687846 -1.705234 -2.226812 -0.442589
 -0.676888 -2.201329 -2.552726 -1.193103
 -0.841040 -2.197224 -2.214318 -1.054406
 -1.032364 -2.585705 -1.320045 -1.199417
 -1.875207 -1.841305 -1.068115 -1.065920
 -15.620516 -0.000001 -15.620516 -15.620516
 -14.937189 -0.000001 -14.937189 -14.937189
 -15.557731 -0.000001 -15.557731 -15.557731
 -15.842342 -0.000000 -15.842342 -15.842342
 -1.386294 -1.386294 -1.386294 -1.386294
 0.000000 -16.926802 -16.926802 -16.926802
 -1.386294 -1.386294 -1.386294 -1.386294
 -1.386294 -1.386294 -1.386294 -1.386294
 -16.926802 -16.926802 -0.000000 -16.926802
 -1.386294 -1.386294 -1.386294 -1.386294
 -1.386294 -1.386294 -1.386294 -1.386294
 -1.386294 -1.386294 -1.386294 -1.386294
 -1.386294 -1.386294 -1.386294 -1.386294
 -1.386294 -1.386294 -1.386294 -1.386294
 -1.331266 -2.019367 -0.789884 -1.902330
 -1.386294 -1.386294 -1.386294 -1.386294
 -1.408461 -1.820846 -1.487355 -1.000700
 -1.231186 -1.671741 -2.519037 -0.821897
 -1.381400 -1.598701 -1.929364 -0.912862
 -2.076460 -1.594622 -0.931329 -1.281531
 -1.179127 -1.519287 -1.493753 -1.390075
 -1.134459 -1.723706 -1.943565 -1.030559
 -1.390871 -1.497251 -1.538924 -1.162238
 -1.702987 -1.509970 -1.045969 -1.404078
 -1.229625 0.000100 0.000100 0.000100
 -1.619465 0.000100 0.000100 0.000100
 -1.671166 0.000100 0.000100 0.000100
 -1.134554 0.000100 0.000100 0.000100
 -1.044960 -1.768412 -1.723291 -1.206601
 -0.999083 -1.582667 -2.294861 -1.122143
 -1.493925 -1.672616 -1.358124 -1.106809
 -1.595219 -1.977427 -1.365042 -0.907973
 -1.183409 -1.691289 -1.566991 -1.201267
 -0.902868 -1.641477 -2.070471 -1.291804
 -1.401562 -1.515506 -1.704748 -1.043350
 -1.237259 -2.097459 -1.540445 -0.986800
 -1.118918 -1.629743 -1.961100 -1.088612
 -0.968995 -1.540445 -2.772583 -1.067841
 -1.283347 -1.625632 -1.688811 -1.074802
 -1.473306 -1.711716 -1.535826 -0.980830
 -0.924155 -1.820900 -1.837160 -1.265904
 -0.851259 -1.922470 -2.700172 -1.022530
 -1.513693 -1.299283 -1.704747 -1.122827
 -1.314685 -1.999734 -1.501896 -0.985206
 -1.273965 -1.642616 -1.642616 -1.098613
 -1.027787 -1.695615 -2.293450 -1.027787
 -1.359143 -1.858133 -1.983296 -0.799528
 -1.346020 -1.675499 -1.819539 -0.940556
 -1.128960 -1.919098 -1.659587 -1.079769
 -0.832073 -1.892944 -2.532021 -1.094437
 -1.138222 -1.566676 -1.995670 -1.093770
 -1.238578 -1.989712 -1.550014 -1.018256
 -1.117348 -1.876453 -1.722302 -1.075676
 -1.021652 -1.742968 -2.353875 -0.994253
 -1.223776 -1.569521 -1.684590 -1.164057
 -1.457507 -1.821007 -1.526500 -0.946682
 -1.152245 -1.804900 -1.553586 -1.177351
 -0.927720 -1.810108 -2.449185 -1.036919
 -1.382048 -1.508342 -1.652923 -1.090138
 -1.526917 -1.865371 -1.414650 -0.954652
 -1.171885 -1.919098 -1.551374 -1.104062
 -0.929836 -1.622982 -3.209938 -1.000453
 -1.378572 -1.702811 -1.640936 -0.988612
 -1.553749 -2.147804 -1.512927 -0.795088
 -1.259674 -1.499954 -1.463586 -1.340526
 -0.931559 -1.504077 -2.985674 -1.098613
 -1.309177 -1.442708 -1.596859 -1.233954
 -1.445435 -1.920493 -1.609438 -0.872701
 -1.353859 -1.836710 -1.648658 -0.941327
 -1.030404 -1.827691 -2.496738 -0.916291
 -1.450010 -1.686398 -1.909541 -0.839102
 -1.444654 -1.784979 -1.646393 -0.907262
 -1.231318 -1.703304 -1.346629 -1.324650
 -0.809785 -1.623294 -2.986593 -1.179803
 -1.262242 -1.349253 -1.922598 -1.166932
 -1.531002 -1.778564 -1.479709 -0.949081
 -15.129235 -15.129235 -15.129235 -0.000001
 -14.731803 -14.731803 -14.731803 -0.000001
 -14.739771 -14.739771 -14.739771 -0.000001
 -15.271798 -15.271798 -15.271798 -0.000001
 -1.386294 -1.386294 -1.386294 -1.386294
 -1.386294 -1.386294 -1.386294 -1.386294
 -1.386294 -1.386294 -1.386294 -1.386294
 -1.407233 -1.859218 -1.373332 -1.060957
 -14.975533 -14.975533 -14.975533 -0.000001
 -14.523548 -14.523548 -14.523548 -0.000002
 -15.009435 -15.009435 -15.009435 -0.000001
 -15.321809 -15.321809 -15.321809 -0.000001
 -1.386294 -1.386294 -1.386294 -1.386294
 -1.386294 -1.386294 -1.386294 -1.386294
 -1.386294 -1.386294 -1.386294 -1.386294
 -1.585176 -1.920151 -1.426221 -0.895781
 -14.797590 -14.797590 -14.797590 -0.000001
 -14.462616 -14.462616 -14.462616 -0.000002
 -14.956545 -14.956545 -14.956545 -0.000001
 -15.486984 -15.486984 -15.486984 -0.000001
 -1.386294 -1.386294 -1.386294 -1.386294
 -1.386294 -1.386294 -1.386294 -1.386294
 -1.386294 -1.386294 -1.386294 -1.386294
 -1.382464 -1.941316 -1.439083 -0.998639
 -1.098613 -1.877936 -1.918758 -1.002469
 -0.824390 -1.567547 -2.928516 -1.205757
 -1.267433 -1.590206 -1.690289 -1.108369
 -1.428854 -1.883326 -1.829980 -0.803148
 -1.061155 -1.507901 -1.683350 -1.399099
 -0.862224 -1.565952 -2.238044 -1.338563
 -1.365675 -1.345472 -1.646577 -1.232144
 -1.396488 -1.818482 -1.317707 -1.131605
 -1.200662 -1.733772 -1.776944 -1.040625
 -0.980830 -1.417066 -2.631506 -1.169230
 -1.409109 -1.822295 -1.754854 -0.864998
 -1.773067 -1.572396 -1.639536 -0.847298
 -1.133704 -2.091001 -1.133704 -1.457753
 -0.822765 -1.957743 -2.107275 -1.210530
 -0.823201 -1.955713 -1.921811 -1.297658
 -1.433873 -2.045674 -1.433873 -0.931559
 -15.278767 -0.000001 -15.278767 -15.278767
 -14.357838 -0.000002 -14.357838 -14.357838
 -14.883665 -0.000001 -14.883665 -14.883665
 -15.221608 -0.000001 -15.221608 -15.221608
 -1.386294 -1.386294 -1.386294 -1.386294
 -0.000000 -16.382765 -16.382765 -16.382765
 -1.386294 -1.386294 -1.386294 -1.386294
 -1.386294 -1.386294 -1.386294 -1.386294
 -16.382765 -16.382765 -0.000000 -16.382765
 -1.386294 -1.386294 -1.386294 -1.386294
 -1.386294 -1.386294 -1.386294 -1.386294
 -1.386294 -1.386294 -1.386294 -1.386294
 -1.386294 -1.386294 -1.386294 -1.386294
 -1.386294 -1.386294 -1.386294 -1.386294
 -1.269791 -1.566622 -1.834886 -1.047741
 -1.386294 -1.386294 -1.386294 -1.386294
 -1.115142 -1.459982 -1.808288 -1.287513
 -0.951842 -1.673976 -2.238504 -1.139894
 -1.194404 -1.841029 -1.782189 -0.993733
 -1.539716 -1.820618 -1.371093 -0.994785
 -1.127524 -1.736329 -1.489929 -1.292398
 -1.027154 -1.398717 -2.548619 -1.149256
 -1.437588 -1.548813 -1.437588 -1.163151
 -1.467874 -1.666325 -1.438316 -1.069098
