 -1.163440 0.000100 0.000100 0.000100
 -1.822531 0.000100 0.000100 0.000100
 -1.992430 0.000100 0.000100 0.000100
 -0.942608 0.000100 0.000100 0.000100
 -0.872241 -1.726932 -2.669538 -1.094004
 -0.945739 -2.192768 -3.013743 -0.796526
 -1.082865 -2.063691 -2.297305 -0.835029
 -1.424035 -1.802932 -1.591089 -0.939711
 -1.047969 -1.635755 -2.552044 -0.976510
 -0.988612 -2.038432 -2.885725 -0.816762
 -1.146815 -1.957743 -2.000302 -0.901693
 -1.369735 -1.835368 -1.429903 -1.058607
 -1.053458 -1.628086 -2.381857 -1.014492
 -1.034897 -1.932837 -3.637571 -0.747215
 -1.290984 -1.742968 -2.590262 -0.744441
 -1.443117 -1.741609 -1.536010 -0.985284
 -1.048780 -1.661884 -2.211929 -1.048780
 -1.058607 -1.974896 -3.304024 -0.739085
 -1.207812 -2.114530 -2.214613 -0.752337
 -1.492454 -1.878116 -1.524978 -0.904668
 -1.178040 -1.715893 -2.292780 -0.888360
 -1.150389 -1.720933 -2.494120 -0.862707
 -1.355835 -1.866660 -2.869956 -0.633130
 -1.798826 -1.641641 -1.505839 -0.869851
 -1.188317 -1.560366 -2.455748 -0.917772
 -1.309922 -1.722766 -3.131526 -0.677400
 -1.589235 -1.812378 -2.444897 -0.605287
 -1.791759 -1.724100 -1.462456 -0.859596
 -1.357766 -1.505686 -2.305804 -0.864596
 -1.307157 -1.827691 -2.768670 -0.681452
 -1.589235 -1.640528 -2.282379 -0.693148
 -1.925290 -1.763321 -1.432204 -0.812133
 -1.080913 -2.023870 -2.926734 -0.744441
 -1.463726 -1.852383 -2.496738 -0.635990
 -1.909541 -1.614078 -2.379543 -0.579489
 -2.071598 -1.657834 -1.483812 -0.783744
 -1.632252 -1.671473 -2.325397 -0.656243
 -1.678134 -1.929448 -3.287563 -0.460917
 -2.079440 -2.002479 -2.465100 -0.423121
 -2.286514 -1.653087 -1.470765 -0.739878
 -1.588711 -1.994175 -2.544219 -0.542744
 -1.660296 -1.878019 -3.186344 -0.484992
 -1.936339 -1.782189 -2.293013 -0.533518
 -2.147475 -1.730582 -1.280666 -0.848193
 -1.811759 -1.437067 -2.823355 -0.616921
 -1.827160 -1.800492 -3.040177 -0.468267
 -2.442344 -1.895802 -2.397892 -0.397592
 -2.441633 -1.790334 -1.471103 -0.660864
 -1.366876 -1.698232 -3.238664 -0.648413
 -1.572774 -1.592976 -2.776742 -0.640611
 -2.336983 -1.440898 -2.288193 -0.570546
 -2.199775 -1.456198 -1.267521 -0.982104
 -14.488457 -14.488457 -14.488457 -0.000002
 -14.943683 -14.943683 -14.943683 -0.000001
 -14.782495 -14.782495 -14.782495 -0.000001
 -15.636829 -15.636829 -15.636829 -0.000000
 -1.386294 -1.386294 -1.386294 -1.386294
 -1.386294 -1.386294 -1.386294 -1.386294
 -1.386294 -1.386294 -1.386294 -1.386294
 -2.669828 -1.523750 -1.456525 -0.734390
 -13.774693 -13.774693 -13.774693 -0.000003
 -14.920769 -14.920769 -14.920769 -0.000001
 -14.987994 -14.987994 -14.987994 -0.000001
 -15.710128 -15.710128 -15.710128 -0.000000
 -1.386294 -1.386294 -1.386294 -1.386294
 -1.386294 -1.386294 -1.386294 -1.386294
 -1.386294 -1.386294 -1.386294 -1.386294
 -2.533696 -1.658228 -1.845105 -0.558354
 -0.768656 -0.640039 -4.700384 -13.910825
 -1.258461 -0.507046 -2.174750 -14.786291
 -1.154966 -0.697725 -1.675499 -14.599414
 -1.855541 -0.820751 -0.907502 -15.886164
 -1.516696 -1.590804 -14.975533 -0.550256
 -1.558886 -1.497433 -3.295833 -0.636977
 -2.164598 -1.928210 -2.360342 -0.437873
 -1.386294 -1.386294 -1.386294 -1.386294
 -1.617250 -1.560092 -4.450432 -0.545131
 -1.998553 -1.466337 -3.306878 -0.515723
 -1.929905 -1.236763 -4.127041 -0.600777
 -2.826934 -1.204813 -1.693477 -0.782681
 -1.568615 -1.637608 -3.871170 -0.550974
 -1.844040 -0.972819 -3.213522 -0.858984
 -2.130732 -1.897118 -2.677272 -0.411736
 -3.008505 -1.216748 -2.194407 -0.610612
 -1.436484 -1.050822 -4.962748 -0.902403
 -1.722270 -1.307589 -3.801702 -0.637645
 -1.686398 -1.504077 -3.072677 -0.604596
 -2.789116 -1.605348 -2.176939 -0.471097
 -0.722824 -2.145929 -2.502601 -1.152680
 -0.723919 -2.621036 -2.365103 -1.054161
 -1.088461 -2.387736 -1.289131 -1.217672
 -1.705383 -1.914638 -1.111400 -1.073517
 -15.248212 -0.000001 -15.248212 -15.248212
 -14.340241 -0.000002 -14.340241 -14.340241
 -15.012460 -0.000001 -15.012460 -15.012460
 -15.356670 -0.000001 -15.356670 -15.356670
 -1.386294 -1.386294 -1.386294 -1.386294
 -0.000000 -16.444517 -16.444517 -16.444517
 -1.386294 -1.386294 -1.386294 -1.386294
 -1.386294 -1.386294 -1.386294 -1.386294
 -16.444517 -16.444517 -0.000000 -16.444517
 -1.386294 -1.386294 -1.386294 -1.386294
 -1.386294 -1.386294 -1.386294 -1.386294
 -1.386294 -1.386294 -1.386294 -1.386294
 -1.386294 -1.386294 -1.386294 -1.386294
 -1.386294 -1.386294 -1.386294 -1.386294
 -1.323381 -1.976682 -0.835582 -1.822531
 -1.386294 -1.386294 -1.386294 -1.386294
 -1.422160 -1.850353 -1.444888 -1.005522
 -1.130361 -1.386294 -2.549441 -1.052803
 -1.298729 -1.887735 -1.855300 -0.869166
 -2.044348 -1.627456 -0.923010 -1.284512
 -1.061518 -1.815289 -1.433922 -1.374734
 -1.053981 -1.723596 -1.929448 -1.115350
 -1.221673 -1.375823 -1.541615 -1.432981
 -1.746297 -1.554759 -1.104443 -1.262500
 -1.184360 0.000100 0.000100 0.000100
 -1.640684 0.000100 0.000100 0.000100
 -1.623442 0.000100 0.000100 0.000100
 -1.194049 0.000100 0.000100 0.000100
 -1.269430 -1.631723 -1.512376 -1.193923
 -0.842960 -1.736777 -2.370025 -1.203973
 -1.328187 -1.429969 -1.573757 -1.243194
 -1.515266 -1.798738 -1.368375 -1.021033
 -1.148061 -1.748834 -1.484533 -1.265268
 -0.982299 -1.675446 -2.007222 -1.190844
 -1.217172 -1.605305 -1.714108 -1.130161
 -1.402380 -1.710081 -1.285198 -1.215565
 -1.071024 -1.623523 -1.645029 -1.320009
 -0.892548 -1.890278 -2.416370 -1.049495
 -1.239157 -1.554238 -1.879660 -1.060220
 -1.372308 -1.753080 -1.465399 -1.072204
 -1.163151 -1.652923 -1.535140 -1.270878
 -1.051781 -1.738413 -2.321017 -0.976274
 -1.275697 -1.607054 -1.595219 -1.147522
 -1.320448 -1.994176 -1.375878 -1.066414
 -1.054467 -1.810265 -1.559909 -1.280652
 -1.043902 -1.340886 -2.300142 -1.251541
 -1.252763 -1.507188 -1.488669 -1.320204
 -1.412543 -1.721731 -1.513186 -1.028584
 -1.213784 -1.469130 -1.684726 -1.247200
 -0.995177 -1.741749 -2.537549 -0.977985
 -1.216129 -1.684694 -1.673266 -1.107178
 -1.587429 -1.672586 -1.453897 -0.983150
 -1.094158 -1.828127 -1.568616 -1.216954
 -0.898330 -1.945910 -2.343939 -1.038615
 -1.410048 -1.479728 -1.623622 -1.105680
 -1.661646 -1.824549 -1.413969 -0.902124
 -1.069328 -1.741060 -1.591764 -1.280637
 -0.854789 -1.719785 -2.332889 -1.208960
 -1.207564 -1.478598 -1.441557 -1.441557
 -1.402024 -1.571742 -1.457175 -1.160513
 -1.239447 -1.694744 -1.444242 -1.234828
 -0.946596 -2.023468 -2.321960 -0.963217
 -1.283437 -1.578666 -1.804338 -1.043888
 -1.584673 -1.723356 -1.443973 -0.966188
 -1.184268 -1.686996 -1.558518 -1.208960
 -1.075027 -1.538061 -2.482521 -1.020591
 -1.548430 -1.297116 -1.751371 -1.077152
 -1.498020 -1.868769 -1.445098 -0.950905
 -1.441774 -1.601533 -1.482875 -1.093862
 -1.010531 -1.603034 -2.296180 -1.096473
 -1.408767 -1.455287 -1.727221 -1.065823
 -1.438480 -1.811320 -1.296060 -1.121884
 -1.337885 -1.331806 -1.675577 -1.250366
 -0.934901 -1.622538 -2.262196 -1.184638
 -1.427452 -1.195941 -1.729239 -1.272102
 -1.436856 -1.567352 -1.491514 -1.112616
 -15.690386 -15.690386 -15.690386 -0.000000
 -15.557731 -15.557731 -15.557731 -0.000001
 -15.276449 -15.276449 -15.276449 -0.000001
 -15.788202 -15.788202 -15.788202 -0.000000
 -1.386294 -1.386294 -1.386294 -1.386294
 -1.386294 -1.386294 -1.386294 -1.386294
 -1.386294 -1.386294 -1.386294 -1.386294
 -1.685135 -1.632026 -1.340579 -1.029030
 -15.297116 -15.297116 -15.297116 -0.000001
 -15.350225 -15.350225 -15.350225 -0.000001
 -15.641672 -15.641672 -15.641672 -0.000000
 -15.953221 -15.953221 -15.953221 -0.000000
 -1.386294 -1.386294 -1.386294 -1.386294
 -1.386294 -1.386294 -1.386294 -1.386294
 -1.386294 -1.386294 -1.386294 -1.386294
 -1.484052 -1.685135 -1.329370 -1.129423
 -0.671088 -1.297426 -1.534268 -15.498199
 -0.706878 -1.017871 -1.927891 -15.297116
 -0.783058 -1.300877 -1.306742 -15.652882
 -0.938704 -1.285901 -1.101223 -15.852828
 -0.982375 -1.763434 -1.758043 -1.266762
 -0.851662 -1.644892 -2.330548 -1.262242
 -1.179482 -1.323824 -1.851351 -1.311478
 -1.386294 -1.386294 -1.386294 -1.386294
 -1.283199 -1.521767 -1.476189 -1.287289
 -1.077951 -1.327513 -2.365037 -1.201887
 -1.160855 -1.757857 -1.352393 -1.363566
 -1.539438 -1.582611 -1.504833 -1.027206
 -1.083552 -1.585449 -1.670442 -1.314574
 -1.140161 -1.442086 -2.238772 -1.087052
 -1.306888 -1.299283 -1.537694 -1.419911
 -1.673043 -1.566937 -1.429219 -1.010201
 -1.097082 -1.790229 -1.694085 -1.153701
 -0.894231 -1.833511 -2.375834 -1.083852
 -1.205442 -1.687280 -1.687280 -1.107462
 -1.707499 -1.496551 -1.553348 -0.959089
 -0.968628 -1.995267 -1.366658 -1.472019
 -0.763434 -1.773821 -2.241161 -1.355111
 -1.000632 -1.821612 -1.884132 -1.143733
 -1.563975 -1.785658 -1.254601 -1.085238
 -15.888683 -0.000000 -15.888683 -15.888683
 -15.134597 -0.000001 -15.134597 -15.134597
 -15.468009 -0.000001 -15.468009 -15.468009
 -15.735371 -0.000001 -15.735371 -15.735371
 -1.386294 -1.386294 -1.386294 -1.386294
 0.000000 -16.982250 -16.982250 -16.982250
 -1.386294 -1.386294 -1.386294 -1.386294
 -1.386294 -1.386294 -1.386294 -1.386294
 -16.982250 -16.982250 -0.000000 -16.982250
 -1.386294 -1.386294 -1.386294 -1.386294
 -1.386294 -1.386294 -1.386294 -1.386294
 -1.386294 -1.386294 -1.386294 -1.386294
 -1.386294 -1.386294 -1.386294 -1.386294
 -1.386294 -1.386294 -1.386294 -1.386294
 -1.226561 -1.424521 -1.880266 -1.159869
 -1.386294 -1.386294 -1.386294 -1.386294
 -0.969401 -1.809151 -1.709067 -1.287854
 -0.909310 -1.602457 -2.435365 -1.176905
 -1.191164 -1.643149 -1.748509 -1.112521
 -1.365017 -1.721692 -1.402555 -1.139771
 -1.101134 -1.728323 -1.595679 -1.247738
 -0.909371 -1.834319 -2.307224 -1.084819
 -1.232821 -1.688296 -1.650556 -1.103363
 -1.542746 -1.765890 -1.253453 -1.109708
