 -1.253456 0.000100 0.000100 0.000100
 -1.554168 0.000100 0.000100 0.000100
 -1.729302 0.000100 0.000100 0.000100
 -1.121747 0.000100 0.000100 0.000100
 -1.065197 -1.543686 -1.348194 -1.703535
 -0.626562 -1.769067 -2.223802 -1.677260
 -0.920205 -1.593933 -1.418043 -1.856297
 -1.182920 -1.498772 -1.382048 -1.518003
 -1.028531 -1.135585 -1.249140 -3.367291
 -0.703300 -1.011601 -2.259743 -3.295829
 -0.924134 -0.956137 -1.593933 -4.158864
 -1.412078 -0.764741 -1.442384 -2.908715
 -0.000001 -15.498199 -15.498199 -15.498199
 -0.000001 -15.494475 -15.494475 -15.494475
 -0.000001 -14.975533 -14.975533 -14.975533
 -0.000006 -13.122372 -13.122372 -13.122372
 -16.484819 -16.484819 -0.000000 -16.484819
 -1.386294 -1.386294 -1.386294 -1.386294
 -1.386294 -1.386294 -1.386294 -1.386294
 -1.386294 -1.386294 -1.386294 -1.386294
 -1.386294 -1.386294 -1.386294 -1.386294
 -1.386294 -1.386294 -1.386294 -1.386294
 -16.484819 -16.484819 -0.000000 -16.484819
 -1.386294 -1.386294 -1.386294 -1.386294
 -1.386294 -1.386294 -1.386294 -1.386294
 -1.386294 -1.386294 -1.386294 -1.386294
 -16.484819 -16.484819 -16.484819 -0.000000
 -1.386294 -1.386294 -1.386294 -1.386294
 -1.386294 -1.386294 -1.386294 -1.386294
 -1.386294 -1.386294 -1.386294 -1.386294
 -1.386294 -1.386294 -1.386294 -1.386294
 -0.577446 -1.187705 -16.484819 -2.011789
 -0.000000 -15.907375 -15.907375 -15.907375
 -0.000001 -15.297116 -15.297116 -15.297116
 -1.386294 -1.386294 -1.386294 -1.386294
 -0.000002 -14.473033 -14.473033 -14.473033
 -16.484819 -16.484819 -0.000000 -16.484819
 -1.386294 -1.386294 -1.386294 -1.386294
 -1.386294 -1.386294 -1.386294 -1.386294
 -1.386294 -1.386294 -1.386294 -1.386294
 -1.386294 -1.386294 -1.386294 -1.386294
 -1.386294 -1.386294 -1.386294 -1.386294
 -0.911452 -1.871802 -2.422449 -1.034204
 -1.386294 -1.386294 -1.386294 -1.386294
 -1.345748 -1.421386 -1.487831 -1.300433
 -0.859383 -1.906169 -2.001478 -1.228290
 -0.791589 -1.633154 -1.907589 -1.593933
 -1.567447 -1.495344 -1.342436 -1.184030
 -1.046344 -1.538820 -1.698669 -1.381428
 -0.925922 -1.794959 -2.912985 -0.958712
 -1.174682 -1.500898 -1.817567 -1.185045
 -1.361962 -1.675619 -1.371624 -1.194169
 -1.223349 -1.338418 -1.846537 -1.252763
 -0.803962 -1.849328 -2.611466 -1.134203
 -0.823201 -1.721141 -2.286453 -1.271225
 -1.569521 -1.548015 -1.427871 -1.080675
 -1.056589 -1.549066 -1.867519 -1.253837
 -0.871555 -2.034704 -2.779142 -0.944462
 -1.116470 -1.413202 -2.019336 -1.215843
 -1.544197 -1.807614 -1.302284 -1.048219
 -1.277020 -1.341558 -1.618190 -1.341558
 -0.808126 -2.060887 -2.814655 -1.002282
 -1.378064 -1.428495 -1.992429 -0.989129
 -1.685978 -1.578347 -1.453785 -0.981532
 -1.509908 0.000100 0.000100 0.000100
 -1.409825 0.000100 0.000100 0.000100
 -1.661139 0.000100 0.000100 0.000100
 -1.064324 0.000100 0.000100 0.000100
 -1.047321 -1.645154 -1.403994 -1.558143
 -0.587790 -2.756822 -2.063687 -1.370546
 -1.589233 -1.183771 -0.947384 -2.282371
 -1.716046 -1.544197 -1.544197 -0.933290
 -1.504077 -0.868091 -1.303407 -2.448529
 -1.493924 -0.756330 -2.505509 -1.493924
 -1.529394 -0.660361 -2.148427 -1.897115
 -1.084015 -1.734599 -1.174986 -1.734599
 -0.000005 -13.384734 -13.384734 -13.384734
 -0.000003 -13.815515 -13.815515 -13.815515
 -0.000006 -13.199332 -13.199332 -13.199332
 -0.000008 -12.873912 -12.873912 -12.873912
 -14.763302 -14.763302 -0.000001 -14.763302
 -1.386294 -1.386294 -1.386294 -1.386294
 -1.386294 -1.386294 -1.386294 -1.386294
 -1.386294 -1.386294 -1.386294 -1.386294
 -1.386294 -1.386294 -1.386294 -1.386294
 -1.386294 -1.386294 -1.386294 -1.386294
 -14.763302 -14.763302 -0.000001 -14.763302
 -1.386294 -1.386294 -1.386294 -1.386294
 -1.386294 -1.386294 -1.386294 -1.386294
 -1.386294 -1.386294 -1.386294 -1.386294
 -14.763302 -14.763302 -14.763302 -0.000001
 -1.386294 -1.386294 -1.386294 -1.386294
 -1.386294 -1.386294 -1.386294 -1.386294
 -1.386294 -1.386294 -1.386294 -1.386294
 -1.386294 -1.386294 -1.386294 -1.386294
 -1.545626 -0.662611 -14.763302 -1.304464
 -0.000005 -13.217681 -13.217681 -13.217681
 -0.000002 -14.100693 -14.100693 -14.100693
 -1.386294 -1.386294 -1.386294 -1.386294
 -0.000004 -13.458841 -13.458841 -13.458841
 -14.763302 -14.763302 -0.000001 -14.763302
 -1.386294 -1.386294 -1.386294 -1.386294
 -1.386294 -1.386294 -1.386294 -1.386294
 -1.386294 -1.386294 -1.386294 -1.386294
 -1.386294 -1.386294 -1.386294 -1.386294
 -1.386294 -1.386294 -1.386294 -1.386294
 -1.170933 -1.889397 -1.304464 -1.318853
 -1.386294 -1.386294 -1.386294 -1.386294
 -1.386294 -2.436107 -1.049824 -1.163152
 -1.265668 -2.277252 -1.871796 -0.773195
 -1.157454 -1.763586 -1.252764 -1.475906
 -1.836208 -2.847793 -1.015232 -0.866813
 -1.386294 -1.114362 -2.212965 -1.163152
 -0.810937 -2.602654 -3.295752 -0.810937
 -1.661396 -1.804496 -1.804496 -0.731864
 -1.644122 -1.145133 -1.586964 -1.258461
 -1.455287 -2.148427 -1.203974 -1.049824
 -0.662379 -2.772570 -2.212965 -1.163152
 -1.265668 -1.717647 -1.717647 -1.024507
 -1.152680 -1.988924 -1.914817 -0.916292
 -1.043351 -1.432814 -1.532897 -1.644122
 -0.725943 -1.824542 -2.740803 -1.236764
 -1.120593 -1.749196 -1.189586 -1.631414
 -1.824547 -1.760009 -1.354546 -0.895015
 -1.440361 -1.622682 -1.691674 -0.963439
 -0.510830 -1.966107 -2.120255 -1.966107
 -0.986497 -1.679640 -1.438480 -1.592629
 -1.517870 -1.400088 -1.725508 -1.032364
