 -1.026778 0.000100 0.000100 0.000100
 -1.564440 0.000100 0.000100 0.000100
 -1.876415 0.000100 0.000100 0.000100
 -1.274760 0.000100 0.000100 0.000100
 -1.015698 -1.604776 -1.376992 -1.689675
 -0.623622 -1.857898 -2.385964 -1.532477
 -0.655610 -1.625967 -1.683125 -2.319111
 -1.380324 -1.493653 -1.196021 -1.507076
 -1.124588 -0.896195 -1.533348 -2.970411
 -0.781701 -0.819442 -2.755777 -3.266598
 -0.864998 -0.958524 -1.651670 -5.583398
 -1.445808 -0.697602 -1.390749 -4.029783
 -0.000001 -15.262430 -15.262430 -15.262430
 -0.000001 -15.442789 -15.442789 -15.442789
 -0.000001 -14.617514 -14.617514 -14.617514
 -0.000008 -12.847937 -12.847937 -12.847937
 -16.296242 -16.296242 -0.000000 -16.296242
 -1.386294 -1.386294 -1.386294 -1.386294
 -1.386294 -1.386294 -1.386294 -1.386294
 -1.386294 -1.386294 -1.386294 -1.386294
 -1.386294 -1.386294 -1.386294 -1.386294
 -1.386294 -1.386294 -1.386294 -1.386294
 -16.296242 -16.296242 -0.000000 -16.296242
 -1.386294 -1.386294 -1.386294 -1.386294
 -1.386294 -1.386294 -1.386294 -1.386294
 -1.386294 -1.386294 -1.386294 -1.386294
 -16.296242 -16.296242 -16.296242 -0.000000
 -1.386294 -1.386294 -1.386294 -1.386294
 -1.386294 -1.386294 -1.386294 -1.386294
 -1.386294 -1.386294 -1.386294 -1.386294
 -1.386294 -1.386294 -1.386294 -1.386294
 -16.296242 -1.892944 -0.719431 -1.015164
 -1.386294 -1.386294 -1.386294 -1.386294
 -14.403299 -2.148432 -2.420364 -0.230114
 -15.576812 -1.028933 -1.242507 -1.038594
 -15.281079 -2.333067 -1.388607 -0.425291
 -1.386294 -1.386294 -1.386294 -1.386294
 -1.091260 -2.557593 -0.957728 -1.594785
 -2.013191 -3.884979 -0.217169 -3.191840
 -3.313391 -2.893539 -0.176013 -2.664698
 -1.734600 -1.475090 -1.292768 -1.138618
 -0.991642 -1.824546 -2.181216 -1.036094
 -1.655355 -2.202994 -2.624207 -0.468394
 -2.070469 -1.936939 -1.308333 -0.777706
 -1.043631 -1.749199 -1.566878 -1.327206
 -0.613596 -2.223029 -3.264472 -1.164426
 -1.024002 -1.697729 -2.316765 -1.024002
 -1.395344 -1.968690 -1.291804 -1.085189
 -1.226922 -1.526580 -1.851075 -1.101234
 -0.980830 -1.769286 -2.867891 -0.921990
 -1.382318 -1.836573 -2.434407 -0.689172
 -1.612032 -1.796954 -1.948503 -0.708814
 -1.098613 -1.343211 -2.024381 -1.296143
 -0.794931 -1.914160 -2.740835 -1.089438
 -0.831551 -1.589235 -2.425478 -1.301553
 -1.845826 -1.605547 -1.512888 -0.864998
 -1.280361 -1.333283 -1.903827 -1.172941
 -1.082612 -1.799856 -2.468903 -0.888457
 -1.397344 -1.353859 -2.313632 -0.927341
 -1.588034 -1.636236 -1.726620 -0.860202
 -1.285446 -1.550138 -1.788549 -1.066964
 -0.864041 -1.981000 -2.856465 -0.959351
 -1.392373 -1.234745 -2.110211 -1.080594
 -1.482478 -1.672522 -1.435521 -1.057965
 -1.215960 0.000100 0.000100 0.000100
 -1.792632 0.000100 0.000100 0.000100
 -1.683613 0.000100 0.000100 0.000100
 -1.045969 0.000100 0.000100 0.000100
 -1.044236 -2.067745 -1.359213 -1.329136
 -0.861948 -1.725913 -2.146192 -1.263289
 -1.212880 -1.741405 -1.372308 -1.295119
 -1.417376 -1.871802 -1.203146 -1.192187
 -1.032576 -1.261565 -1.528828 -1.938557
 -0.943112 -1.106203 -1.940254 -1.994322
 -1.324981 -1.111577 -1.508184 -1.693685
 -1.558401 -1.211530 -1.404948 -1.400772
 -0.000000 -16.141813 -16.141813 -16.141813
 -0.000000 -16.169739 -16.169739 -16.169739
 -0.000000 -15.815639 -15.815639 -15.815639
 -0.000001 -15.648093 -15.648093 -15.648093
 -17.353857 -17.353857 -0.000000 -17.353857
 -1.386294 -1.386294 -1.386294 -1.386294
 -1.386294 -1.386294 -1.386294 -1.386294
 -1.386294 -1.386294 -1.386294 -1.386294
 -1.386294 -1.386294 -1.386294 -1.386294
 -1.386294 -1.386294 -1.386294 -1.386294
 -17.353857 -17.353857 -0.000000 -17.353857
 -1.386294 -1.386294 -1.386294 -1.386294
 -1.386294 -1.386294 -1.386294 -1.386294
 -1.386294 -1.386294 -1.386294 -1.386294
 -17.353857 -17.353857 -17.353857 -0.000000
 -1.386294 -1.386294 -1.386294 -1.386294
 -1.386294 -1.386294 -1.386294 -1.386294
 -1.386294 -1.386294 -1.386294 -1.386294
 -1.386294 -1.386294 -1.386294 -1.386294
 -17.353857 -1.628805 -0.989684 -0.839002
 -1.386294 -1.386294 -1.386294 -1.386294
 -15.725054 -1.327327 -1.805182 -0.561470
 -16.364174 -1.440101 -1.123149 -0.825897
 -16.514856 -1.732362 -1.391013 -0.554585
 -1.386294 -1.386294 -1.386294 -1.386294
 -0.893073 -1.730582 -2.231357 -1.184039
 -1.136096 -1.451948 -1.781776 -1.285627
 -1.466708 -1.781253 -1.264505 -1.144101
 -1.284512 -1.435084 -1.473306 -1.362764
 -1.018212 -1.571410 -2.264557 -1.117392
 -1.322094 -1.614865 -1.505431 -1.162880
 -1.508855 -1.692902 -1.310146 -1.123710
 -0.989010 -1.728949 -1.670793 -1.337555
 -1.010201 -1.726696 -2.017005 -1.124146
 -1.280666 -1.489420 -1.460093 -1.330181
 -1.639669 -1.848070 -1.237510 -1.026359
 -0.999651 -1.838980 -1.528414 -1.362057
 -1.068712 -1.748002 -2.469057 -0.921898
 -1.204419 -1.625633 -1.540891 -1.240787
 -1.603734 -1.874188 -1.414329 -0.910587
 -1.094718 -1.654333 -1.561810 -1.330329
 -1.033427 -1.616370 -2.141794 -1.114279
 -1.217121 -1.615260 -1.637401 -1.169265
 -1.661281 -1.684484 -1.268124 -1.069426
 -1.058244 -1.713540 -1.401863 -1.484699
 -0.834272 -1.665440 -2.203294 -1.323270
 -1.308333 -1.596015 -1.459156 -1.222155
 -1.641760 -1.850515 -1.212428 -1.044890
 -1.094740 -1.790790 -1.526638 -1.268404
 -0.917100 -1.772528 -2.315614 -1.103479
 -1.210645 -1.611935 -1.456000 -1.311830
 -1.619590 -1.693698 -1.356441 -1.019969
