 -1.173561 0.000100 0.000100 0.000100
 -1.510033 0.000100 0.000100 0.000100
 -1.811429 0.000100 0.000100 0.000100
 -1.182820 0.000100 0.000100 0.000100
 -1.112534 -1.544036 -1.551256 -1.403336
 -0.682452 -1.747588 -2.428464 -1.459906
 -0.850210 -1.606535 -1.666254 -1.697506
 -1.387846 -1.506406 -1.196251 -1.485644
 -1.111910 -0.848620 -1.517375 -3.738986
 -0.665749 -0.944462 -2.932928 -3.123982
 -0.931208 -0.897114 -1.618591 -15.294841
 -1.582549 -0.638088 -1.562346 -2.871677
 -0.000000 -15.819691 -15.819691 -15.819691
 -0.000000 -16.037970 -16.037970 -16.037970
 -0.000001 -15.139931 -15.139931 -15.139931
 -0.000005 -13.369229 -13.369229 -13.369229
 -16.862411 -16.862411 -0.000000 -16.862411
 -1.386294 -1.386294 -1.386294 -1.386294
 -1.386294 -1.386294 -1.386294 -1.386294
 -1.386294 -1.386294 -1.386294 -1.386294
 -1.386294 -1.386294 -1.386294 -1.386294
 -1.386294 -1.386294 -1.386294 -1.386294
 -16.862411 -16.862411 -0.000000 -16.862411
 -1.386294 -1.386294 -1.386294 -1.386294
 -1.386294 -1.386294 -1.386294 -1.386294
 -1.386294 -1.386294 -1.386294 -1.386294
 -16.862411 -16.862411 -16.862411 -0.000000
 -1.386294 -1.386294 -1.386294 -1.386294
 -1.386294 -1.386294 -1.386294 -1.386294
 -1.386294 -1.386294 -1.386294 -1.386294
 -1.386294 -1.386294 -1.386294 -1.386294
 0.000000 -16.862411 -16.862411 -16.862411
 -16.862411 -0.912734 -1.805632 -0.834240
 -1.386294 -1.386294 -1.386294 -1.386294
 -1.386294 -1.386294 -1.386294 -1.386294
 -1.386294 -1.386294 -1.386294 -1.386294
 -1.386294 -1.386294 -1.386294 -1.386294
 -0.691965 -2.296685 -2.020837 -1.323236
 -1.192479 -2.479141 -0.710641 -2.108768
 -1.834224 -2.351922 -0.706363 -1.379751
 -1.314733 -1.578756 -1.250540 -1.431826
 -0.837398 -1.936008 -1.936008 -1.277953
 -1.075685 -1.826461 -1.952754 -1.032625
 -1.814140 -2.131052 -1.032441 -1.015633
 -0.944223 -1.641671 -1.722432 -1.432417
 -0.755949 -1.783101 -2.547705 -1.258577
 -1.408406 -1.293337 -2.531709 -0.912323
 -1.471925 -1.677020 -1.591365 -0.967744
 -1.033514 -1.462359 -2.017147 -1.274675
 -0.757226 -2.049994 -2.939848 -1.051466
 -1.076140 -1.602965 -1.945909 -1.155389
 -1.257826 -1.778856 -1.796098 -0.965081
 -1.102653 -1.512174 -1.911560 -1.204869
 -0.773190 -2.054123 -2.633940 -1.083345
 -1.195400 -1.507774 -1.938556 -1.102309
 -1.645805 -1.691268 -1.540445 -0.895089
 -1.220675 -1.241952 -2.085671 -1.231257
 -0.828453 -1.955884 -2.907891 -1.001725
 -1.246666 -1.347309 -2.234611 -1.062573
 -1.525509 -1.631569 -1.538168 -0.988612
 -1.052827 -1.451371 -1.884810 -1.328239
 -0.686798 -1.906362 -2.720868 -1.264509
 -1.229233 -1.314132 -2.187071 -1.119232
 -1.433145 -1.720827 -1.398856 -1.091702
 -1.190321 0.000100 0.000100 0.000100
 -1.809965 0.000100 0.000100 0.000100
 -1.705392 0.000100 0.000100 0.000100
 -1.048351 0.000100 0.000100 0.000100
 -1.033015 -1.937470 -1.304949 -1.474848
 -1.106518 -1.899746 -1.848453 -1.015547
 -1.311174 -1.581463 -1.483024 -1.211091
 -1.371696 -2.022282 -1.401109 -1.000632
 -0.866072 -1.373501 -1.867518 -1.762158
 -1.057114 -1.274177 -2.205731 -1.336698
 -1.359339 -1.202153 -1.545924 -1.471816
 -1.557112 -1.145133 -1.660296 -1.269430
 -0.000001 -14.678402 -14.678402 -14.678402
 -0.000001 -14.621988 -14.621988 -14.621988
 -0.000002 -14.108183 -14.108183 -14.108183
 -0.000002 -14.408840 -14.408840 -14.408840
 -15.864493 -15.864493 -0.000000 -15.864493
 -1.386294 -1.386294 -1.386294 -1.386294
 -1.386294 -1.386294 -1.386294 -1.386294
 -1.386294 -1.386294 -1.386294 -1.386294
 -1.386294 -1.386294 -1.386294 -1.386294
 -1.386294 -1.386294 -1.386294 -1.386294
 -15.864493 -15.864493 -0.000000 -15.864493
 -1.386294 -1.386294 -1.386294 -1.386294
 -1.386294 -1.386294 -1.386294 -1.386294
 -1.386294 -1.386294 -1.386294 -1.386294
 -15.864493 -15.864493 -15.864493 -0.000000
 -1.386294 -1.386294 -1.386294 -1.386294
 -1.386294 -1.386294 -1.386294 -1.386294
 -1.386294 -1.386294 -1.386294 -1.386294
 -1.386294 -1.386294 -1.386294 -1.386294
 -0.000000 -15.864493 -15.864493 -15.864493
 -15.864493 -1.336033 -1.242507 -0.801950
 -1.386294 -1.386294 -1.386294 -1.386294
 -1.386294 -1.386294 -1.386294 -1.386294
 -1.386294 -1.386294 -1.386294 -1.386294
 -1.386294 -1.386294 -1.386294 -1.386294
 -0.764244 -2.182623 -2.322385 -1.128466
 -1.017197 -1.673976 -1.748084 -1.284512
 -1.319603 -2.002054 -1.647510 -0.903443
 -1.304252 -1.587378 -1.624419 -1.117375
 -0.957300 -1.673975 -2.079438 -1.192139
 -1.309922 -1.468986 -1.578185 -1.225364
 -1.723510 -2.098202 -0.979591 -1.128804
 -1.054161 -1.791758 -1.650680 -1.227824
 -1.015232 -1.631416 -2.288192 -1.077107
 -1.656940 -1.316615 -1.260525 -1.355835
 -1.394458 -2.104132 -1.427794 -0.940984
 -1.103232 -1.666325 -1.508696 -1.354546
 -1.127186 -1.697729 -2.316765 -0.930476
 -1.104655 -2.472926 -1.501070 -1.017644
 -1.351066 -2.028944 -1.431108 -0.992854
 -0.994934 -1.916921 -1.580450 -1.282616
 -0.804374 -1.600703 -2.656748 -1.270463
 -1.043553 -1.542543 -1.701607 -1.380025
 -1.485385 -1.866157 -1.262242 -1.091094
 -0.926144 -1.930344 -1.570971 -1.382380
 -0.998530 -1.594512 -2.057133 -1.201470
 -1.297215 -1.584896 -1.823306 -1.020962
 -1.399598 -2.057652 -1.134491 -1.190844
 -1.244795 -1.629640 -1.461018 -1.258781
 -0.904457 -1.658227 -2.271328 -1.198696
 -1.345709 -1.664162 -1.492312 -1.122566
 -1.510592 -1.635755 -1.348073 -1.124930
