 -1.173254 0.000100 0.000100 0.000100
 -1.460002 0.000100 0.000100 0.000100
 -1.618724 0.000100 0.000100 0.000100
 -1.346097 0.000100 0.000100 0.000100
 -0.989896 -1.508288 -1.596451 -1.587276
 -0.937027 -1.659161 -2.578724 -1.072828
 -0.903257 -1.377586 -1.812379 -1.718693
 -1.369783 -1.250546 -1.546010 -1.400828
 -0.966722 -1.341415 -1.664188 -1.778730
 -0.699256 -1.616773 -2.599648 -1.468776
 -0.775484 -1.266604 -1.722079 -2.537828
 -1.650806 -1.100999 -1.251572 -1.663306
 -0.823499 -1.393236 -1.514897 -2.375098
 -0.461607 -1.511674 -2.937972 -2.341157
 -0.635116 -1.171995 -2.312063 -2.791635
 -1.160488 -1.113726 -1.576648 -1.886070
 -0.654018 -1.834967 -16.636293 -1.138095
 -0.778088 -2.348123 -16.035801 -0.809303
 -0.584345 -1.926934 -15.468009 -1.214243
 -1.137598 -1.580450 -15.039288 -0.747542
 -16.646368 -16.646368 -0.000000 -16.646368
 -15.428942 -15.428942 -0.000001 -15.428942
 -1.386294 -1.386294 -1.386294 -1.386294
 -16.352377 -16.352377 -0.000000 -16.352377
 -1.386294 -1.386294 -1.386294 -1.386294
 -1.386294 -1.386294 -1.386294 -1.386294
 -17.359941 -17.359941 -17.359941 -0.000000
 -1.386294 -1.386294 -1.386294 -1.386294
 -1.386294 -1.386294 -1.386294 -1.386294
 -1.386294 -1.386294 -1.386294 -1.386294
 -1.386294 -1.386294 -1.386294 -1.386294
 -0.457032 -3.872934 -1.102954 -4.257780
 -0.233231 -2.947637 -3.249918 -2.147392
 -0.149536 -2.667214 -4.276572 -2.890352
 -0.046313 -3.955601 -4.338591 -4.338591
 -0.756330 -2.282371 -1.694593 -1.406913
 -3.278172 -4.982916 -0.064036 -4.046826
 -2.045991 -3.891790 -0.245502 -2.687840
 -2.908708 -3.601838 -0.105363 -4.007287
 -4.050025 -1.747459 -0.261320 -3.261579
 -2.108426 -2.456730 -1.722765 -0.487297
 -2.721281 -0.398911 -2.721281 -1.622682
 -1.915788 -2.619699 -3.417726 -0.291472
 -1.413693 -2.512294 -1.308333 -0.902870
 -1.013575 -1.353314 -1.717651 -1.613390
 -0.899762 -2.238045 -2.870565 -0.843971
 -0.862566 -1.571216 -1.669656 -1.704747
 -1.065191 -1.680260 -1.459695 -1.440939
 -1.367813 -1.352014 -2.147392 -0.994713
 -1.013115 -1.626219 -3.126455 -0.925410
 -1.243751 -1.405986 -2.054680 -1.083408
 -1.714798 -1.508794 -2.063105 -0.751275
 -1.024817 -1.284441 -2.296041 -1.333034
 -0.792648 -1.810382 -2.939529 -1.106020
 -0.965752 -1.399790 -2.050376 -1.410719
 -1.648365 -1.439057 -1.636980 -0.978385
 -1.188935 -1.461802 -1.934161 -1.142279
 -1.026379 -1.751387 -2.835712 -0.892848
 -0.998848 -1.292609 -2.192769 -1.404313
 -1.716497 -1.644176 -1.589864 -0.859956
 -1.180937 -1.311174 -2.004321 -1.242181
 -0.808883 -1.970807 -2.570428 -1.082352
 -1.312482 -1.189584 -2.209724 -1.149579
 -1.637609 -1.448508 -1.625438 -0.984009
 -1.235505 0.000100 0.000100 0.000100
 -1.714234 0.000100 0.000100 0.000100
 -1.659211 0.000100 0.000100 0.000100
 -1.081987 0.000100 0.000100 0.000100
 -1.060186 -1.811591 -1.669047 -1.198030
 -0.987392 -1.674081 -2.274032 -1.087446
 -1.271739 -1.598129 -1.657037 -1.118778
 -1.528949 -1.915240 -1.257738 -1.045165
 -1.018683 -1.819800 -1.647825 -1.257361
 -0.890722 -1.779966 -2.292886 -1.139365
 -1.393709 -1.699302 -1.816051 -0.900494
 -1.356148 -1.911048 -1.393427 -1.060738
 -1.052773 -1.428697 -1.683846 -1.488319
 -0.964515 -1.390599 -2.152773 -1.371428
 -1.307005 -1.213341 -1.678449 -1.404440
 -1.671644 -1.468364 -1.263937 -1.206573
 -0.994515 -2.168813 -19.525574 -0.662067
 -0.863167 -2.378605 -19.389109 -0.722584
 -1.223620 -2.049280 -19.205175 -0.549897
 -1.247826 -2.317229 -19.427835 -0.487231
 -19.717707 -19.717707 0.000000 -19.717707
 -18.552849 -18.552849 0.000000 -18.552849
 -1.386294 -1.386294 -1.386294 -1.386294
 -20.175447 -20.175447 0.000000 -20.175447
 -1.386294 -1.386294 -1.386294 -1.386294
 -1.386294 -1.386294 -1.386294 -1.386294
 -20.779816 -20.779816 -20.779816 0.000000
 -1.386294 -1.386294 -1.386294 -1.386294
 -1.386294 -1.386294 -1.386294 -1.386294
 -1.386294 -1.386294 -1.386294 -1.386294
 -1.386294 -1.386294 -1.386294 -1.386294
 -1.506850 -1.746277 -1.311746 -1.094755
 -1.069820 -1.739989 -1.826470 -1.138103
 -0.984357 -1.632567 -2.405618 -1.076801
 -1.424267 -1.695563 -1.668960 -0.948359
 -1.604761 -1.803092 -1.621485 -0.828581
 -1.018402 -1.763024 -1.788548 -1.203639
 -0.897859 -1.799561 -2.326174 -1.110122
 -1.235808 -1.589864 -1.699455 -1.131144
 -1.515267 -1.912244 -1.269286 -1.045631
 -1.148611 -1.697585 -1.643660 -1.182451
 -1.053535 -1.626808 -2.335054 -1.027401
 -1.360285 -1.651826 -1.783605 -0.957942
 -1.551247 -1.804229 -1.412187 -0.968097
 -1.081414 -1.719686 -1.641485 -1.244552
 -0.943038 -1.696843 -2.208144 -1.147619
 -1.284959 -1.581675 -1.662835 -1.114416
 -1.506532 -1.797906 -1.274390 -1.099385
 -1.098709 -1.760516 -1.683058 -1.174616
 -0.953142 -1.692959 -2.355766 -1.091605
 -1.351068 -1.692143 -1.727516 -0.969727
 -1.486489 -1.815264 -1.519600 -0.935880
 -1.080855 -1.768698 -1.612471 -1.235307
 -0.931968 -1.725272 -2.282981 -1.120497
 -1.221593 -1.607636 -1.717182 -1.122984
 -1.475211 -1.902158 -1.274561 -1.071572
 -1.099020 -1.720682 -1.647600 -1.219604
 -0.920003 -1.693309 -2.288149 -1.151640
 -1.364300 -1.637583 -1.717821 -0.992810
 -1.465759 -1.813578 -1.410520 -1.016080
 -1.076302 -1.707649 -1.635800 -1.262103
 -0.940758 -1.726524 -2.307111 -1.101964
 -1.281587 -1.580747 -1.639690 -1.131521
 -1.476536 -1.851913 -1.303889 -1.069553
