 -1.145286 0.000100 0.000100 0.000100
 -1.442569 0.000100 0.000100 0.000100
 -1.676842 0.000100 0.000100 0.000100
 -1.352536 0.000100 0.000100 0.000100
 -1.143447 -1.411915 -1.401588 -1.653391
 -0.752779 -1.675112 -2.463569 -1.360523
 -0.908431 -1.359400 -1.767662 -1.776101
 -1.428674 -1.424354 -1.261620 -1.441746
 -1.002258 -1.473515 -1.953602 -1.339148
 -0.708290 -1.609438 -3.361529 -1.298898
 -0.757071 -1.338697 -2.301268 -1.779971
 -1.507211 -1.294289 -1.400157 -1.355485
 -16.481350 -1.453897 -1.111913 -0.826877
 -16.001562 -1.649558 -1.780586 -0.447341
 -15.400657 -1.545924 -1.054517 -0.824340
 -16.025980 -1.595284 -0.852061 -0.992594
 -1.386294 -1.386294 -1.386294 -1.386294
 -15.889940 -15.889940 -0.000000 -15.889940
 -16.285303 -16.285303 -0.000000 -16.285303
 -16.677711 -16.677711 -0.000000 -16.677711
 -1.386294 -1.386294 -1.386294 -1.386294
 -1.386294 -1.386294 -1.386294 -1.386294
 -17.433968 -17.433968 -0.000000 -17.433968
 -1.386294 -1.386294 -1.386294 -1.386294
 -1.386294 -1.386294 -1.386294 -1.386294
 -1.386294 -1.386294 -1.386294 -1.386294
 -17.433968 -17.433968 -17.433968 -0.000000
 -1.386294 -1.386294 -1.386294 -1.386294
 -1.386294 -1.386294 -1.386294 -1.386294
 -1.386294 -1.386294 -1.386294 -1.386294
 -1.386294 -1.386294 -1.386294 -1.386294
 -0.531970 -3.173771 -1.085554 -3.411442
 -0.377104 -2.335070 -2.591790 -1.948654
 -0.115384 -3.951213 -3.663539 -2.747263
 -0.125958 -3.449192 -3.077629 -3.206246
 -0.578080 -3.020411 -2.173123 -1.285824
 -2.148434 -3.739798 -0.220046 -2.863087
 -1.233787 -4.178203 -0.587788 -1.981000
 -2.915684 -4.787443 -0.105362 -3.283405
 -2.574824 -3.369750 -0.203679 -2.607614
 -1.262836 -1.553146 -1.776289 -1.089743
 -0.594710 -2.068008 -3.367267 -1.247033
 -1.226553 -2.183450 -2.540554 -0.663155
 -1.474848 -2.519389 -1.094384 -1.033015
 -1.158781 -1.415926 -1.638130 -1.389951
 -0.675831 -1.822803 -2.630359 -1.356184
 -0.964762 -1.502799 -1.908264 -1.393996
 -1.359183 -1.733480 -1.275453 -1.247728
 -1.182251 -1.535390 -1.808795 -1.157760
 -0.863146 -1.704074 -2.677522 -1.116288
 -1.055897 -1.569115 -2.165319 -1.111160
 -1.594549 -1.698269 -1.645065 -0.865123
 -1.124861 -1.452331 -1.895394 -1.234367
 -0.695854 -1.906169 -2.893076 -1.213023
 -0.935339 -1.420847 -2.129741 -1.397680
 -1.668861 -1.531765 -1.483144 -0.998419
 -1.132571 -1.425448 -1.929353 -1.230476
 -0.848987 -2.018072 -2.887841 -0.958300
 -1.032766 -1.409243 -2.343551 -1.191831
 -1.682294 -1.581553 -1.606870 -0.896774
 -1.214214 -1.415539 -1.681868 -1.293767
 -0.878838 -1.940748 -2.523144 -1.019067
 -1.294037 -1.217876 -1.938051 -1.251777
 -1.631161 -1.509464 -1.452113 -1.052127
 -1.265058 0.000100 0.000100 0.000100
 -1.653306 0.000100 0.000100 0.000100
 -1.550474 0.000100 0.000100 0.000100
 -1.157682 0.000100 0.000100 0.000100
 -1.121640 -1.696684 -1.478933 -1.335283
 -1.018197 -1.734601 -2.082908 -1.085549
 -1.356460 -1.459802 -1.554172 -1.208040
 -1.583225 -1.739602 -1.250131 -1.100722
 -1.250992 -1.731455 -1.428535 -1.213710
 -0.991580 -1.586345 -2.281198 -1.132658
 -1.339585 -1.451011 -1.504374 -1.267423
 -1.646157 -1.735105 -1.257632 -1.059865
 -17.516813 -1.883225 -1.205620 -0.600759
 -17.197186 -1.725353 -2.057256 -0.365160
 -17.333601 -1.743139 -1.310916 -0.587965
 -17.672867 -2.067264 -1.005494 -0.678053
 -1.386294 -1.386294 -1.386294 -1.386294
 -16.963535 -16.963535 -0.000000 -16.963535
 -17.560297 -17.560297 0.000000 -17.560297
 -18.262739 -18.262739 0.000000 -18.262739
 -1.386294 -1.386294 -1.386294 -1.386294
 -1.386294 -1.386294 -1.386294 -1.386294
 -18.832659 -18.832659 0.000000 -18.832659
 -1.386294 -1.386294 -1.386294 -1.386294
 -1.386294 -1.386294 -1.386294 -1.386294
 -1.386294 -1.386294 -1.386294 -1.386294
 -18.832659 -18.832659 -18.832659 0.000000
 -1.386294 -1.386294 -1.386294 -1.386294
 -1.386294 -1.386294 -1.386294 -1.386294
 -1.386294 -1.386294 -1.386294 -1.386294
 -1.386294 -1.386294 -1.386294 -1.386294
 -1.757130 -1.628023 -1.261077 -1.056144
 -0.997214 -1.753721 -1.721002 -1.276261
 -0.930391 -1.691676 -2.277267 -1.143110
 -1.311986 -1.700666 -1.407557 -1.192661
 -1.609628 -1.748343 -1.575917 -0.869507
 -1.051274 -1.674284 -1.726096 -1.254958
 -0.926371 -1.653873 -2.086899 -1.242599
 -1.300202 -1.507355 -1.537350 -1.234163
 -1.468273 -1.690158 -1.361654 -1.111850
 -1.093147 -1.742155 -1.560669 -1.274031
 -1.064984 -1.412630 -2.064506 -1.255674
 -1.327173 -1.622290 -1.421620 -1.217378
 -1.537087 -1.703213 -1.302579 -1.105437
 -1.058743 -1.800347 -1.513015 -1.318180
 -0.991758 -1.574065 -2.225473 -1.158812
 -1.324407 -1.647993 -1.360311 -1.255186
 -1.587998 -1.774223 -1.370062 -0.988971
 -1.096113 -1.629195 -1.662217 -1.272868
 -1.066509 -1.603226 -2.210880 -1.064381
 -1.321144 -1.507142 -1.601210 -1.171262
 -1.616047 -1.611778 -1.396117 -1.037813
 -1.123109 -1.669321 -1.527481 -1.312017
 -1.023134 -1.510114 -2.164267 -1.188052
 -1.382581 -1.630628 -1.348141 -1.225739
 -1.560569 -1.757322 -1.205761 -1.145662
 -1.141531 -1.688478 -1.472255 -1.322523
 -0.953851 -1.612558 -2.025866 -1.260582
 -1.384290 -1.632341 -1.446847 -1.143455
 -1.527664 -1.768172 -1.247202 -1.123913
 -1.119463 -1.624153 -1.485926 -1.385599
 -0.990618 -1.592126 -2.193312 -1.159593
 -1.282668 -1.589986 -1.455040 -1.253919
 -1.595587 -1.707519 -1.283905 -1.081927
