 -1.131914 0.000100 0.000100 0.000100
 -1.559041 0.000100 0.000100 0.000100
 -1.711166 0.000100 0.000100 0.000100
 -1.249697 0.000100 0.000100 0.000100
 -1.025185 -1.475906 -1.448508 -1.727221
 -0.705388 -1.859710 -2.686386 -1.265003
 -0.785064 -1.389131 -1.974647 -1.859134
 -1.565763 -1.407956 -1.240341 -1.358124
 -1.195055 -0.824459 -1.524078 -3.193732
 -0.714152 -0.929074 -2.515388 -3.362682
 -0.908569 -0.927987 -1.627691 -5.265228
 -1.461664 -0.743578 -1.383955 -3.166408
 -0.000001 -15.733904 -15.733904 -15.733904
 -0.000000 -15.940166 -15.940166 -15.940166
 -0.000001 -15.129235 -15.129235 -15.129235
 -0.000005 -13.369229 -13.369229 -13.369229
 -16.787975 -16.787975 -0.000000 -16.787975
 -1.386294 -1.386294 -1.386294 -1.386294
 -1.386294 -1.386294 -1.386294 -1.386294
 -1.386294 -1.386294 -1.386294 -1.386294
 -1.386294 -1.386294 -1.386294 -1.386294
 -1.386294 -1.386294 -1.386294 -1.386294
 -16.787975 -16.787975 -0.000000 -16.787975
 -1.386294 -1.386294 -1.386294 -1.386294
 -1.386294 -1.386294 -1.386294 -1.386294
 -1.386294 -1.386294 -1.386294 -1.386294
 -16.787975 -16.787975 -16.787975 -0.000000
 -1.386294 -1.386294 -1.386294 -1.386294
 -1.386294 -1.386294 -1.386294 -1.386294
 -1.386294 -1.386294 -1.386294 -1.386294
 -1.386294 -1.386294 -1.386294 -1.386294
 -0.317814 -3.387978 -1.535001 -3.770969
 -0.000000 -16.470160 -16.470160 -16.470160
 -0.000005 -13.400002 -13.400002 -13.400002
 -0.000001 -15.252975 -15.252975 -15.252975
 -0.000007 -13.017012 -13.017012 -13.017012
 -0.636444 -1.583672 -16.787975 -1.325730
 -1.386294 -1.386294 -1.386294 -1.386294
 -1.386294 -1.386294 -1.386294 -1.386294
 -1.386294 -1.386294 -1.386294 -1.386294
 -1.163538 -1.556695 -1.688916 -1.230763
 -0.881974 -2.102140 -1.663228 -1.293481
 -1.386294 -1.386294 -1.386294 -1.386294
 -1.597943 -2.093020 -1.228023 -0.963637
 -1.068759 -1.210730 -2.124199 -1.431052
 -0.771681 -1.597425 -2.336380 -1.432670
 -1.310483 -1.383911 -2.166669 -1.007433
 -1.187712 -1.731327 -1.515619 -1.209452
 -1.110883 -1.374173 -2.104133 -1.218303
 -0.801674 -1.981548 -2.690694 -1.062089
 -1.067522 -1.389809 -2.126127 -1.245770
 -1.161713 -1.976962 -1.524978 -1.105833
 -1.147403 -1.405232 -2.075121 -1.165752
 -0.669555 -1.924911 -2.887719 -1.250114
 -1.201470 -1.072637 -2.538971 -1.279431
 -1.551291 -1.506507 -1.521214 -1.055851
 -1.084292 -1.324163 -2.066702 -1.312186
 -0.682171 -1.941504 -2.783685 -1.240695
 -1.169230 -1.271884 -2.079440 -1.258461
 -1.598083 -1.690977 -1.582083 -0.896904
 -1.311744 -1.202941 -2.004891 -1.218526
 -0.727214 -1.975038 -2.816602 -1.145133
 -1.201470 -1.252763 -1.999976 -1.279431
 -1.568616 -1.584120 -1.607836 -0.951354
 -1.274158 0.000100 0.000100 0.000100
 -1.798840 0.000100 0.000100 0.000100
 -1.900761 0.000100 0.000100 0.000100
 -0.902911 0.000100 0.000100 0.000100
 -1.241360 -1.683193 -1.623295 -1.114798
 -0.843430 -1.915372 -2.151760 -1.183512
 -1.216932 -1.867518 -1.480746 -1.133551
 -1.261504 -2.079441 -1.451677 -1.028355
 -1.078204 -1.347867 -1.474619 -1.765308
 -1.124588 -1.296438 -2.197222 -1.235814
 -1.248042 -1.402193 -1.340061 -1.584514
 -1.339601 -1.407551 -1.541082 -1.275975
 -0.000001 -15.360944 -15.360944 -15.360944
 -0.000001 -15.191755 -15.191755 -15.191755
 -0.000001 -15.015476 -15.015476 -15.015476
 -0.000001 -15.101986 -15.101986 -15.101986
 -16.562141 -16.562141 -0.000000 -16.562141
 -1.386294 -1.386294 -1.386294 -1.386294
 -1.386294 -1.386294 -1.386294 -1.386294
 -1.386294 -1.386294 -1.386294 -1.386294
 -1.386294 -1.386294 -1.386294 -1.386294
 -1.386294 -1.386294 -1.386294 -1.386294
 -16.562141 -16.562141 -0.000000 -16.562141
 -1.386294 -1.386294 -1.386294 -1.386294
 -1.386294 -1.386294 -1.386294 -1.386294
 -1.386294 -1.386294 -1.386294 -1.386294
 -16.562141 -16.562141 -16.562141 -0.000000
 -1.386294 -1.386294 -1.386294 -1.386294
 -1.386294 -1.386294 -1.386294 -1.386294
 -1.386294 -1.386294 -1.386294 -1.386294
 -1.386294 -1.386294 -1.386294 -1.386294
 -1.449167 -1.403765 -1.338085 -1.357838
 -0.000001 -15.112975 -15.112975 -15.112975
 -0.000001 -15.158377 -15.158377 -15.158377
 -0.000001 -15.224056 -15.224056 -15.224056
 -0.000001 -15.204303 -15.204303 -15.204303
 -0.701521 -1.641373 -16.562141 -1.169715
 -1.386294 -1.386294 -1.386294 -1.386294
 -1.386294 -1.386294 -1.386294 -1.386294
 -1.386294 -1.386294 -1.386294 -1.386294
 -0.990797 -1.896688 -1.646333 -1.252116
 -0.866240 -1.778601 -2.072839 -1.256080
 -1.386294 -1.386294 -1.386294 -1.386294
 -1.617736 -1.671225 -1.226258 -1.138660
 -1.146815 -1.780063 -1.406097 -1.314430
 -0.927987 -1.621134 -2.257121 -1.196251
 -1.353407 -2.011867 -1.296248 -1.095578
 -1.390633 -2.128231 -1.692913 -0.802846
 -0.980830 -1.965497 -1.544765 -1.303603
 -1.069383 -1.702631 -1.880312 -1.133099
 -1.257361 -1.819668 -1.570452 -1.062573
 -1.266008 -1.972578 -1.320817 -1.164656
 -1.193320 -1.920140 -1.335403 -1.247756
 -0.768238 -1.904236 -2.058387 -1.348712
 -1.228424 -1.972342 -1.289668 -1.228424
 -1.475387 -1.769148 -1.263213 -1.145430
 -1.024960 -1.906362 -1.409926 -1.392684
 -0.847299 -2.038282 -2.140064 -1.128466
 -1.406914 -1.528610 -0.980830 -1.812378
 -1.364695 -1.983734 -1.331079 -1.070624
 -1.125839 -1.557112 -1.763244 -1.226258
 -0.863493 -1.756252 -2.339396 -1.173648
 -1.327245 -1.661884 -1.891458 -0.930997
 -1.336931 -1.933933 -1.327798 -1.115624
