 -1.236192 0.000100 0.000100 0.000100
 -1.540731 0.000100 0.000100 0.000100
 -1.664029 0.000100 0.000100 0.000100
 -1.184456 0.000100 0.000100 0.000100
 -1.134652 -1.800648 -1.241033 -1.495267
 -0.717441 -2.024952 -2.087472 -1.362578
 -0.773191 -1.871801 -1.390830 -1.996964
 -1.377926 -1.615056 -1.025706 -1.658228
 -1.293782 -1.010420 -1.134717 -3.214154
 -0.652739 -1.224807 -2.009760 -2.965265
 -0.989413 -1.118031 -1.277095 -3.797080
 -1.711070 -0.939672 -1.053431 -2.527828
 -0.000001 -15.139931 -15.139931 -15.139931
 -0.000001 -15.216695 -15.216695 -15.216695
 -0.000001 -15.015476 -15.015476 -15.015476
 -0.000006 -13.180640 -13.180640 -13.180640
 -16.272532 -16.272532 -0.000000 -16.272532
 -1.386294 -1.386294 -1.386294 -1.386294
 -1.386294 -1.386294 -1.386294 -1.386294
 -1.386294 -1.386294 -1.386294 -1.386294
 -1.386294 -1.386294 -1.386294 -1.386294
 -1.386294 -1.386294 -1.386294 -1.386294
 -16.272532 -16.272532 -0.000000 -16.272532
 -1.386294 -1.386294 -1.386294 -1.386294
 -1.386294 -1.386294 -1.386294 -1.386294
 -1.386294 -1.386294 -1.386294 -1.386294
 -16.272532 -16.272532 -16.272532 -0.000000
 -1.386294 -1.386294 -1.386294 -1.386294
 -1.386294 -1.386294 -1.386294 -1.386294
 -1.386294 -1.386294 -1.386294 -1.386294
 -1.386294 -1.386294 -1.386294 -1.386294
 -16.272532 -16.272532 -0.000000 -16.272532
 -1.386294 -1.386294 -1.386294 -1.386294
 -1.386294 -1.386294 -1.386294 -1.386294
 -0.000000 -16.272532 -16.272532 -16.272532
 -1.386294 -1.386294 -1.386294 -1.386294
 -16.272532 -16.272532 -0.000000 -16.272532
 -1.386294 -1.386294 -1.386294 -1.386294
 -1.386294 -1.386294 -1.386294 -1.386294
 -1.386294 -1.386294 -1.386294 -1.386294
 -1.386294 -1.386294 -1.386294 -1.386294
 -1.386294 -1.386294 -1.386294 -1.386294
 -1.060777 -1.682294 -1.956246 -1.119392
 -1.386294 -1.386294 -1.386294 -1.386294
 -1.256483 -1.416447 -1.328586 -1.570598
 -0.826021 -2.084059 -2.084059 -1.160390
 -0.829280 -1.368276 -1.671957 -2.110211
 -2.010973 -1.454163 -1.163676 -1.138779
 -1.089644 -1.697268 -1.438695 -1.413693
 -0.980830 -1.537844 -2.367121 -1.150729
 -0.995014 -1.623622 -1.842311 -1.292266
 -1.945909 -1.524696 -1.524696 -0.863299
 -1.092995 -1.441301 -1.777773 -1.350329
 -0.858662 -1.852913 -2.755777 -1.033015
 -0.813292 -1.745668 -2.312061 -1.262242
 -1.889820 -1.692461 -1.322443 -0.920421
 -1.087802 -1.813738 -1.617623 -1.198553
 -0.997260 -1.832580 -2.238044 -1.009382
 -1.103808 -1.525020 -2.004592 -1.151817
 -1.548350 -1.723291 -1.476891 -0.966066
 -1.258461 -1.374995 -1.444790 -1.481604
 -0.897060 -1.664314 -2.332141 -1.184742
 -1.157453 -1.395864 -1.609437 -1.435084
 -1.712295 -1.297614 -1.383791 -1.218277
 -1.665006 0.000100 0.000100 0.000100
 -1.739113 0.000100 0.000100 0.000100
 -1.470851 0.000100 0.000100 0.000100
 -0.902870 0.000100 0.000100 0.000100
 -1.945889 -1.945889 -0.693161 -1.540440
 -0.619056 -1.871783 -2.564880 -1.466334
 -2.833137 -1.734591 -1.223779 -0.753783
 -2.014891 -1.455286 -1.455286 -0.916296
 -1.945889 -0.693161 -1.945889 -1.540440
 -1.540440 -0.336491 -11.849426 -2.638986
 -1.049828 -1.386294 -1.609433 -1.609433
 -2.159466 -1.648654 -1.060876 -1.060876
 -0.000020 -11.918417 -11.918417 -11.918417
 -0.000011 -12.506192 -12.506192 -12.506192
 -0.000020 -11.918417 -11.918417 -11.918417
 -0.000018 -12.043577 -12.043577 -12.043577
 -13.514411 -13.514411 -0.000004 -13.514411
 -1.386294 -1.386294 -1.386294 -1.386294
 -1.386294 -1.386294 -1.386294 -1.386294
 -1.386294 -1.386294 -1.386294 -1.386294
 -1.386294 -1.386294 -1.386294 -1.386294
 -1.386294 -1.386294 -1.386294 -1.386294
 -13.514411 -13.514411 -0.000004 -13.514411
 -1.386294 -1.386294 -1.386294 -1.386294
 -1.386294 -1.386294 -1.386294 -1.386294
 -1.386294 -1.386294 -1.386294 -1.386294
 -13.514411 -13.514411 -13.514411 -0.000004
 -1.386294 -1.386294 -1.386294 -1.386294
 -1.386294 -1.386294 -1.386294 -1.386294
 -1.386294 -1.386294 -1.386294 -1.386294
 -1.386294 -1.386294 -1.386294 -1.386294
 -13.514411 -13.514411 -0.000004 -13.514411
 -1.386294 -1.386294 -1.386294 -1.386294
 -1.386294 -1.386294 -1.386294 -1.386294
 -0.000004 -13.514411 -13.514411 -13.514411
 -1.386294 -1.386294 -1.386294 -1.386294
 -13.514411 -13.514411 -0.000004 -13.514411
 -1.386294 -1.386294 -1.386294 -1.386294
 -1.386294 -1.386294 -1.386294 -1.386294
 -1.386294 -1.386294 -1.386294 -1.386294
 -1.386294 -1.386294 -1.386294 -1.386294
 -1.386294 -1.386294 -1.386294 -1.386294
 -1.008230 -1.126012 -1.665006 -2.106835
 -1.386294 -1.386294 -1.386294 -1.386294
 -2.602654 -1.349927 -1.216398 -0.993257
 -0.875475 -1.568613 -1.791751 -1.568613
 -1.029628 -1.540440 -1.540440 -1.540440
 -11.407610 -1.504072 -0.810950 -1.098623
 -1.041461 -2.140040 -0.887312 -2.140040
 -1.223779 -1.446918 -2.833137 -0.887312
 -1.335002 -1.335002 -1.558141 -1.335002
 -1.252765 -12.254882 -0.965087 -1.098617
 -0.788466 -1.992415 -1.145136 -2.397863
 -1.011612 -1.704734 -1.299286 -1.704734
 -1.897107 -1.386294 -1.049828 -1.386294
 -1.252765 -1.945896 -1.252765 -1.252765
 -0.832916 -2.036866 -2.442314 -1.056058
 -1.466334 -1.466334 -1.466334 -1.178661
 -1.343735 -1.526054 -1.526054 -1.189587
 -2.014880 -1.321758 -1.609431 -0.916301
 -1.435084 -1.252765 -1.435084 -1.435084
 -0.916301 -1.321758 -2.707977 -1.321758
 -1.466334 -1.466334 -2.564880 -0.773204
 -1.427116 -1.427116 -2.120246 -0.916297
