 -1.277428 0.000100 0.000100 0.000100
 -1.658009 0.000100 0.000100 0.000100
 -2.057730 0.000100 0.000100 0.000100
 -0.908856 0.000100 0.000100 0.000100
 -1.082987 -1.641440 -2.096915 -1.064553
 -1.197847 -1.618697 -3.770450 -0.740326
 -1.342590 -1.781502 -1.761300 -0.919734
 -1.528893 -1.704203 -1.663142 -0.887303
 -1.065355 -1.677741 -2.140871 -1.046836
 -1.192277 -1.541229 -3.567175 -0.789399
 -1.254367 -1.699951 -2.079440 -0.898817
 -1.587932 -1.787421 -1.724507 -0.798508
 -0.978681 -1.747588 -2.404366 -1.022548
 -1.325951 -1.616641 -3.550567 -0.678896
 -1.174324 -1.750937 -2.197223 -0.900787
 -1.550297 -1.847929 -1.734601 -0.790140
 -1.180626 -1.463192 -2.190944 -1.050948
 -1.363537 -1.692041 -3.024264 -0.670391
 -1.172147 -1.806797 -2.035638 -0.927548
 -1.721142 -1.709842 -1.603359 -0.823200
 -1.135381 -1.653725 -2.256721 -0.960579
 -1.352847 -1.611708 -3.198668 -0.690883
 -1.266793 -1.906451 -1.906451 -0.864998
 -1.690783 -1.773183 -1.748939 -0.751041
 -1.129440 -1.722766 -2.267493 -0.929774
 -1.349927 -1.388767 -3.605984 -0.767446
 -1.355835 -1.514440 -2.377484 -0.845010
 -1.709161 -1.892564 -1.641250 -0.745368
 -1.202753 -1.639180 -2.452470 -0.868897
 -1.442751 -1.619030 -3.265277 -0.639709
 -1.589235 -1.572706 -1.970007 -0.800779
 -1.942970 -1.658719 -1.767522 -0.702019
 -1.223349 -1.618003 -2.595253 -0.837397
 -1.584965 -1.629916 -3.697921 -0.554562
 -1.735800 -1.437966 -2.072272 -0.775592
 -1.993964 -1.744153 -1.687872 -0.684902
 -1.372308 -1.684991 -3.058703 -0.665368
 -1.646825 -1.482522 -3.880407 -0.580475
 -1.880706 -1.598855 -2.145398 -0.637962
 -2.128231 -1.639879 -1.760507 -0.663606
 -1.338792 -1.723848 -3.023127 -0.671757
 -1.750849 -1.410767 -3.722394 -0.582964
 -1.885513 -1.742413 -1.811406 -0.673880
 -2.110004 -1.793433 -1.803534 -0.602103
 -1.194756 -1.666596 -3.247041 -0.756206
 -2.213990 -1.333103 -3.963180 -0.497456
 -2.064625 -1.513449 -1.927424 -0.678333
 -2.077003 -1.645896 -1.920999 -0.624751
 -1.648075 -1.710596 -3.640496 -0.509855
 -1.793867 -1.343033 -4.371540 -0.579819
 -1.988288 -1.847210 -1.901277 -0.586958
 -2.238251 -1.596398 -1.797518 -0.644318
 -1.619226 -1.759807 -3.938325 -0.493659
 -1.995974 -1.539737 -4.208934 -0.454415
 -2.314511 -1.683241 -2.314511 -0.483534
 -2.454864 -1.563173 -2.071448 -0.547055
 -1.860196 -1.617250 -4.450432 -0.455327
 -1.887069 -1.331544 -4.189641 -0.563411
 -2.500407 -1.302708 -2.633937 -0.554502
 -2.481978 -1.627190 -1.829105 -0.580919
 -14.690981 -14.690981 -14.690981 -0.000001
 -15.412877 -15.412877 -15.412877 -0.000001
 -14.703403 -14.703403 -14.703403 -0.000001
 -16.381229 -16.381229 -16.381229 -0.000000
 -1.386294 -1.386294 -1.386294 -1.386294
 -1.386294 -1.386294 -1.386294 -1.386294
 -1.386294 -1.386294 -1.386294 -1.386294
 -2.365077 -1.439484 -2.092698 -0.605770
 -1.604775 -1.964777 -14.576319 -0.417217
 -2.441420 -1.328725 -5.598372 -0.439367
 -1.809713 -1.577911 -2.380256 -0.621076
 -2.227443 -1.568455 -2.257748 -0.546032
 -1.155771 -1.555370 -14.808764 -0.746392
 -1.799956 -1.113001 -4.584948 -0.701344
 -2.118153 -1.730389 -1.730389 -0.643756
 -2.091276 -1.360168 -2.022283 -0.718465
 -1.130270 -1.535735 -5.173272 -0.785064
 -1.845266 -1.206778 -4.085967 -0.642359
 -2.142414 -1.623622 -2.103194 -0.573801
 -2.239278 -1.453881 -2.041668 -0.634895
 -0.632523 -0.776035 -4.764987 -15.073973
 -1.186767 -0.422668 -3.231519 -15.532907
 -1.598568 -0.518140 -1.598568 -14.419828
 -1.640262 -0.525834 -1.537078 -16.288683
 -15.646491 -15.646491 -15.646491 -0.000000
 -16.408524 -16.408524 -16.408524 -0.000000
 -14.969243 -14.969243 -14.969243 -0.000001
 -1.386294 -1.386294 -1.386294 -1.386294
 -1.386294 -1.386294 -1.386294 -1.386294
 -1.386294 -1.386294 -1.386294 -1.386294
 -1.386294 -1.386294 -1.386294 -1.386294
 -1.608560 -1.727166 -1.317594 -1.037730
 -2.230671 -0.617162 -15.332834 -1.041089
 -2.825830 -0.810931 -6.003788 -0.705570
 -2.675788 -0.519056 -5.314814 -1.105191
 -2.416657 -1.109828 -4.747400 -0.557759
 -0.000002 -14.441451 -14.441451 -14.441451
 -0.000000 -16.171637 -16.171637 -16.171637
 -0.000027 -11.608273 -11.608273 -11.608273
 -0.000000 -16.142788 -16.142788 -16.142788
 -16.941393 -16.941393 -0.000000 -16.941393
 -1.386294 -1.386294 -1.386294 -1.386294
 -1.386294 -1.386294 -1.386294 -1.386294
 -1.386294 -1.386294 -1.386294 -1.386294
 -1.386294 -1.386294 -1.386294 -1.386294
 -1.386294 -1.386294 -1.386294 -1.386294
 -1.269585 -2.089146 -0.763144 -2.047473
 -1.386294 -1.386294 -1.386294 -1.386294
 -1.274082 -1.950608 -1.716536 -0.920205
 -1.337842 -1.437214 -2.550862 -0.862784
 -1.136027 -1.747553 -1.899005 -1.035664
 -1.623136 -1.640528 -1.206243 -1.172721
 -1.016213 -1.709360 -1.684254 -1.303895
 -0.974185 -1.647659 -2.855967 -0.987519
 -1.214444 -1.496295 -1.633154 -1.259295
 -1.515424 -1.801306 -1.342152 -1.038687
 -1.215198 0.000100 0.000100 0.000100
 -1.722767 0.000100 0.000100 0.000100
 -1.569313 0.000100 0.000100 0.000100
 -1.150150 0.000100 0.000100 0.000100
 -1.213260 -1.864488 -1.205606 -1.393170
 -1.092129 -1.456449 -2.925114 -0.973449
 -1.333329 -1.506172 -1.280097 -1.441240
 -1.563432 -1.689277 -1.376256 -1.040130
 -1.143080 -1.837356 -1.480455 -1.222841
 -1.088094 -1.424267 -2.848945 -1.009086
 -1.463337 -1.185438 -1.531067 -1.399906
 -1.496899 -1.673230 -1.410603 -1.065544
 -1.110384 -1.883035 -1.505142 -1.215864
 -1.274298 -1.319761 -3.001518 -0.907673
 -1.193236 -1.558267 -1.542082 -1.300756
 -1.485773 -1.704127 -1.410490 -1.056363
 -1.103442 -1.838968 -1.380119 -1.355794
 -1.163738 -1.566858 -3.048930 -0.840317
 -1.281751 -1.584248 -1.417385 -1.290984
 -1.406378 -1.732167 -1.464098 -1.059054
 -1.064041 -1.956350 -1.457443 -1.270337
 -1.022472 -1.344966 -2.847021 -1.134043
 -1.196361 -1.578406 -1.440256 -1.368310
 -1.586469 -1.490762 -1.518932 -1.046381
 -1.191518 -1.868509 -1.527773 -1.124336
 -1.160872 -1.191691 -2.815313 -1.129503
 -1.210214 -1.691816 -1.451226 -1.260900
 -1.527450 -1.690140 -1.525993 -0.964923
 -1.148569 -1.883179 -1.432234 -1.230901
 -1.229311 -1.165187 -3.166976 -1.039841
 -1.251993 -1.644969 -1.378114 -1.313067
 -1.675719 -1.748040 -1.532928 -0.860835
 -1.107114 -1.829641 -1.398515 -1.339206
 -1.021003 -1.549071 -2.769191 -1.008931
 -1.189798 -1.571808 -1.437378 -1.384304
 -1.713235 -1.772786 -1.473972 -0.865491
 -1.118886 -1.770533 -1.478288 -1.290670
 -1.037149 -1.512832 -2.950798 -0.986303
 -1.115501 -1.658467 -1.526822 -1.329561
 -1.671762 -1.813681 -1.540734 -0.832851
 -1.133098 -1.961282 -1.249041 -1.384263
 -1.009199 -1.456586 -2.969879 -1.046544
 -1.278173 -1.652866 -1.348611 -1.308026
 -1.613098 -1.781692 -1.473766 -0.908034
 -1.196491 -1.931799 -1.318296 -1.254324
 -1.058317 -1.332920 -2.817439 -1.110192
 -1.293557 -1.746003 -1.538680 -1.088942
 -1.643966 -1.809480 -1.174348 -1.096531
 -1.145081 -1.748389 -1.492256 -1.262722
 -0.978662 -1.467603 -3.125242 -1.050442
 -1.339585 -1.630447 -1.611519 -1.071135
 -1.324177 -1.703842 -1.567407 -1.068830
 -1.260407 -1.854614 -1.304807 -1.242287
 -1.219745 -1.279622 -3.080497 -0.965965
 -1.364663 -1.565102 -1.418267 -1.226446
 -1.379826 -1.743391 -1.553509 -1.016258
 -1.373483 -1.680685 -1.657870 -0.994291
 -1.106069 -1.262968 -2.814567 -1.119634
 -1.492237 -1.152441 -1.630623 -1.333858
 -1.650296 -1.582623 -1.576950 -0.926424
 -17.035986 -17.035986 -17.035986 -0.000000
 -17.017036 -17.017036 -17.017036 -0.000000
 -16.689640 -16.689640 -16.689640 -0.000000
 -17.399029 -17.399029 -17.399029 -0.000000
 -1.386294 -1.386294 -1.386294 -1.386294
 -1.386294 -1.386294 -1.386294 -1.386294
 -1.386294 -1.386294 -1.386294 -1.386294
 -1.548608 -1.674105 -1.351670 -1.075365
 -1.191603 -1.794495 -1.491857 -1.187115
 -0.989645 -1.446403 -3.150054 -1.049748
 -1.351745 -1.820593 -1.114824 -1.381072
 -1.703047 -1.746013 -1.471837 -0.882129
 -1.098612 -1.878069 -1.360536 -1.357674
 -0.949750 -1.514566 -3.114317 -1.053114
 -1.205299 -1.637672 -1.229181 -1.544430
 -1.539775 -1.826563 -1.464901 -0.932664
 -1.191176 -1.745686 -1.372636 -1.316123
 -1.052092 -1.494273 -3.179696 -0.955074
 -1.089310 -1.730899 -1.401993 -1.425782
 -1.255419 -1.877750 -1.502674 -1.080059
 -1.012761 -1.168047 -1.121436 -17.292126
 -0.729292 -0.788785 -2.759027 -16.722958
 -0.968928 -1.047934 -1.309894 -16.867624
 -1.079744 -1.121735 -1.094810 -17.265499
 -17.486990 -17.486990 -17.486990 -0.000000
 -17.400696 -17.400696 -17.400696 -0.000000
 -17.145927 -17.145927 -17.145927 -0.000000
 -1.386294 -1.386294 -1.386294 -1.386294
 -1.386294 -1.386294 -1.386294 -1.386294
 -1.386294 -1.386294 -1.386294 -1.386294
 -1.386294 -1.386294 -1.386294 -1.386294
 -1.299218 -1.811109 -1.210316 -1.325465
 -1.333087 -1.360373 -1.197371 -1.727177
 -1.201411 -0.903934 -2.965983 -1.415735
 -1.348073 -1.356862 -1.211577 -1.687048
 -1.537414 -1.242975 -1.540809 -1.264673
 0.000000 -17.089252 -17.089252 -17.089252
 0.000000 -17.214037 -17.214037 -17.214037
 0.000000 -17.011322 -17.011322 -17.011322
 0.000000 -16.931688 -16.931688 -16.931688
 -18.453342 -18.453342 0.000000 -18.453342
 -1.386294 -1.386294 -1.386294 -1.386294
 -1.386294 -1.386294 -1.386294 -1.386294
 -1.386294 -1.386294 -1.386294 -1.386294
 -1.386294 -1.386294 -1.386294 -1.386294
 -1.386294 -1.386294 -1.386294 -1.386294
 -1.110588 -1.726024 -1.509318 -1.303486
 -1.386294 -1.386294 -1.386294 -1.386294
 -1.139398 -1.623644 -1.560130 -1.299381
 -1.125060 -1.245989 -3.147528 -1.064928
 -1.169828 -1.386294 -1.710236 -1.351868
 -1.498569 -1.569614 -1.391296 -1.140459
 -1.043884 -1.893377 -1.437205 -1.347990
 -1.021415 -1.617967 -2.195951 -1.107570
 -1.145357 -1.638734 -1.451918 -1.372221
 -1.526122 -1.792415 -1.240705 -1.118146
