 -1.154999 0.000100 0.000100 0.000100
 -1.660934 0.000100 0.000100 0.000100
 -2.066399 0.000100 0.000100 0.000100
 -0.998750 0.000100 0.000100 0.000100
 -1.020835 -1.950823 -2.119446 -0.974315
 -1.050985 -1.816451 -3.713557 -0.769134
 -1.208047 -1.732570 -1.880989 -0.988993
 -1.494688 -1.810807 -1.810807 -0.801541
 -1.007753 -1.974594 -2.051555 -1.000735
 -1.352718 -1.334026 -3.531236 -0.801222
 -1.255933 -1.451677 -2.760002 -0.872941
 -1.320376 -1.854458 -1.775320 -0.898947
 -1.055404 -1.794360 -2.621036 -0.884340
 -1.107346 -1.774517 -3.135486 -0.784120
 -1.212448 -1.884540 -2.172220 -0.828490
 -1.367319 -1.725068 -1.703790 -0.954363
 -1.060872 -1.703466 -2.302583 -0.989413
 -1.011601 -1.680055 -3.601853 -0.861029
 -0.974229 -1.759182 -1.972755 -1.167133
 -1.428366 -1.885946 -1.803059 -0.812336
 -1.101116 -1.771956 -2.207273 -0.948040
 -1.154966 -1.651402 -3.191838 -0.793953
 -1.029620 -1.635754 -2.146578 -1.105128
 -1.495494 -1.803320 -1.746808 -0.828322
 -0.954443 -1.813381 -2.666157 -0.961412
 -1.172040 -1.954798 -3.811079 -0.641412
 -1.398717 -1.791758 -1.996552 -0.797138
 -1.587173 -1.735226 -1.643792 -0.853572
 -1.140813 -1.851351 -2.428665 -0.831808
 -1.434150 -1.515828 -2.881063 -0.721586
 -1.412270 -1.830979 -1.958812 -0.787177
 -1.746534 -1.756791 -1.706529 -0.751772
 -1.191944 -1.586598 -2.622687 -0.869546
 -1.431551 -1.570387 -3.341083 -0.658362
 -1.386294 -1.410392 -1.905087 -1.029620
 -1.839713 -1.798470 -1.893781 -0.644198
 -1.471060 -1.656462 -2.349608 -0.725467
 -1.528469 -1.646251 -2.952497 -0.619614
 -1.718636 -1.480226 -2.143517 -0.742629
 -2.069779 -1.707989 -1.726008 -0.664437
 -1.364120 -1.941435 -2.573954 -0.644999
 -1.617568 -1.680746 -3.899932 -0.518957
 -1.507076 -1.716795 -2.284777 -0.699154
 -1.894085 -1.844814 -1.753006 -0.657323
 -1.184873 -1.878019 -3.091035 -0.701447
 -1.527945 -1.693024 -3.277134 -0.577464
 -1.734600 -1.698232 -2.727845 -0.553103
 -2.022929 -1.788856 -1.763104 -0.636635
 -1.115562 -1.834684 -2.987357 -0.771791
 -1.751485 -1.184379 -3.597297 -0.706941
 -1.899388 -1.899388 -2.157216 -0.536087
 -2.095488 -1.750648 -1.759016 -0.632778
 -1.173066 -1.693599 -4.713976 -0.697642
 -1.659240 -1.539096 -4.410744 -0.539576
 -1.741115 -2.041218 -2.041218 -0.571046
 -2.232102 -2.020132 -1.781381 -0.524833
 -0.697810 -0.735910 -3.761182 -14.580980
 -0.918758 -0.594708 -3.010613 -14.523548
 -1.343735 -0.596522 -1.669156 -14.137597
 -1.395812 -0.779298 -1.225401 -15.815639
 -15.219154 -15.219154 -15.219154 -0.000001
 -15.656061 -15.656061 -15.656061 -0.000000
 -14.763302 -14.763302 -14.763302 -0.000001
 -1.386294 -1.386294 -1.386294 -1.386294
 -1.386294 -1.386294 -1.386294 -1.386294
 -1.386294 -1.386294 -1.386294 -1.386294
 -1.386294 -1.386294 -1.386294 -1.386294
 -16.376606 -16.376606 -16.376606 -0.000000
 -1.386294 -1.386294 -1.386294 -1.386294
 -1.386294 -1.386294 -1.386294 -1.386294
 -1.386294 -1.386294 -1.386294 -1.386294
 -2.048272 -1.628932 -1.978880 -0.622354
 -1.534474 -1.939938 -14.328337 -0.445166
 -2.241495 -1.459797 -4.438690 -0.431390
 -2.242944 -1.358745 -3.241464 -0.514558
 -2.011312 -1.468738 -2.055275 -0.677444
 -1.638425 -1.638425 -14.375129 -0.491958
 -1.492039 -1.335693 -3.720504 -0.717668
 -1.887067 -1.704747 -1.761905 -0.703302
 -1.904432 -1.338285 -1.751593 -0.878753
 -14.617514 -14.617514 -14.617514 -0.000001
 -14.978662 -14.978662 -14.978662 -0.000001
 -14.227623 -14.227623 -14.227623 -0.000002
 -15.608936 -15.608936 -15.608936 -0.000001
 -1.386294 -1.386294 -1.386294 -1.386294
 -1.386294 -1.386294 -1.386294 -1.386294
 -1.386294 -1.386294 -1.386294 -1.386294
 -16.376606 -16.376606 -16.376606 -0.000000
 -1.386294 -1.386294 -1.386294 -1.386294
 -1.386294 -1.386294 -1.386294 -1.386294
 -1.386294 -1.386294 -1.386294 -1.386294
 -1.754620 -1.660934 -1.728187 -0.777705
 -1.856297 -0.658057 -14.621988 -1.121187
 -2.614956 -0.813984 -14.715673 -0.726209
 -3.040177 -0.510827 -14.648421 -1.043631
 -2.862199 -0.610909 -5.002243 -0.933241
 -0.000003 -13.795312 -13.795312 -13.795312
 -0.000001 -15.741219 -15.741219 -15.741219
 -0.000075 -10.596735 -10.596735 -10.596735
 -0.000001 -15.438852 -15.438852 -15.438852
 -16.376606 -16.376606 -0.000000 -16.376606
 -1.386294 -1.386294 -1.386294 -1.386294
 -1.386294 -1.386294 -1.386294 -1.386294
 -1.386294 -1.386294 -1.386294 -1.386294
 -1.386294 -1.386294 -1.386294 -1.386294
 -1.386294 -1.386294 -1.386294 -1.386294
 -1.137987 -2.012974 -0.902868 -1.962259
 -1.386294 -1.386294 -1.386294 -1.386294
 -1.300891 -1.885143 -1.684473 -0.940683
 -1.303144 -1.489730 -2.514229 -0.862833
 -1.350743 -1.752538 -1.752538 -0.930680
 -2.068510 -1.908168 -1.143564 -0.899942
 -0.953007 -1.833365 -1.739839 -1.276555
 -1.130948 -1.386294 -2.908714 -0.986909
 -1.149906 -1.588818 -1.630491 -1.261131
 -1.509908 -1.915373 -1.069957 -1.242161
 -1.272827 0.000100 0.000100 0.000100
 -1.729768 0.000100 0.000100 0.000100
 -1.676564 0.000100 0.000100 0.000100
 -1.033892 0.000100 0.000100 0.000100
 -1.133827 -1.977546 -1.417931 -1.212080
 -1.098613 -1.402824 -3.130034 -0.975380
 -1.237339 -1.501490 -1.549118 -1.292398
 -1.628695 -1.898028 -1.439454 -0.874924
 -1.056940 -1.928334 -1.247458 -1.514773
 -1.131949 -1.425296 -2.724573 -0.989979
 -1.320543 -1.590206 -1.233532 -1.436056
 -1.571390 -1.699223 -1.411541 -1.006076
 -1.034510 -1.898281 -1.727656 -1.148623
 -1.412543 -1.311447 -3.316768 -0.796783
 -1.325914 -1.656155 -1.477464 -1.154064
 -1.520285 -1.662255 -1.662255 -0.911480
 -0.984395 -1.809713 -1.809713 -1.207538
 -1.187444 -1.609437 -3.218865 -0.787459
 -1.158511 -1.509908 -1.563975 -1.363305
 -1.471628 -1.826662 -1.689041 -0.856132
 -1.111728 -2.037967 -1.332399 -1.284197
 -1.061473 -1.349155 -3.274434 -1.030702
 -1.123931 -1.578666 -1.817076 -1.183354
 -1.750516 -1.765784 -1.583462 -0.798508
 -1.102152 -1.931874 -1.502312 -1.202796
 -1.255455 -1.441557 -2.827844 -0.869039
 -1.306252 -1.731134 -1.473306 -1.130361
 -1.438865 -1.838664 -1.789067 -0.828606
 -1.265033 -1.921812 -1.689190 -0.949952
 -0.962277 -1.570865 -3.795466 -0.947678
 -1.555370 -1.825660 -1.455287 -0.930278
 -1.667965 -1.601716 -1.709929 -0.846437
 -1.072046 -2.005332 -1.517630 -1.191234
 -1.114873 -1.397105 -3.839429 -0.908259
 -1.178655 -1.664162 -1.441019 -1.323236
 -1.626367 -1.889951 -1.614245 -0.791340
 -1.043804 -1.935401 -1.659990 -1.160338
 -1.532897 -1.409284 -3.561028 -0.670675
 -1.120592 -1.659587 -1.577349 -1.283110
 -1.518354 -1.684339 -1.833870 -0.831107
 -0.982008 -1.816805 -1.551102 -1.382767
 -0.961815 -1.514603 -3.172822 -1.032766
 -1.197704 -1.542543 -1.736699 -1.177084
 -1.619513 -1.878087 -1.489152 -0.859063
 -1.159237 -1.939394 -1.475090 -1.159237
 -1.035100 -1.571900 -4.516291 -0.852778
 -1.200395 -1.729238 -1.729238 -1.066864
 -1.688081 -1.985915 -1.411828 -0.834311
 -1.112848 -1.931874 -1.502312 -1.191100
 -1.074515 -1.603358 -3.153944 -0.880360
 -1.287204 -1.856297 -1.428854 -1.114361
 -1.784154 -1.784154 -1.496473 -0.820518
 -1.102351 -2.189788 -1.463853 -1.125079
 -1.146815 -1.398129 -3.749481 -0.887304
 -1.489478 -1.680533 -1.629240 -0.936094
 -1.466337 -1.807263 -1.791759 -0.824484
 -0.930732 -1.224493 -1.165304 -14.841554
 -0.615762 -0.896376 -2.961822 -14.369398
 -0.982781 -1.081221 -1.249844 -14.352006
 -1.000632 -1.143733 -1.159237 -15.221608
 -15.245823 -15.245823 -15.245823 -0.000001
 -15.042224 -15.042224 -15.042224 -0.000001
 -14.819814 -14.819814 -14.819814 -0.000001
 -1.386294 -1.386294 -1.386294 -1.386294
 -1.386294 -1.386294 -1.386294 -1.386294
 -1.386294 -1.386294 -1.386294 -1.386294
 -1.386294 -1.386294 -1.386294 -1.386294
 -16.149595 -16.149595 -16.149595 -0.000000
 -1.386294 -1.386294 -1.386294 -1.386294
 -1.386294 -1.386294 -1.386294 -1.386294
 -1.386294 -1.386294 -1.386294 -1.386294
 -1.606535 -1.821260 -1.554759 -0.852479
 -1.325386 -2.074620 -1.749199 -0.832910
 -1.129010 -1.289353 -3.038542 -1.040457
 -1.210108 -1.646825 -1.534347 -1.225612
 -1.667934 -1.742969 -1.824094 -0.744441
 -1.578784 -1.911489 -1.811406 -0.728795
 -1.157929 -1.032766 -4.153630 -1.157929
 -1.504077 -1.791758 -1.424035 -0.993253
 -1.675557 -1.534146 -1.840312 -0.824650
 -14.639688 -14.639688 -14.639688 -0.000001
 -14.621988 -14.621988 -14.621988 -0.000001
 -14.227623 -14.227623 -14.227623 -0.000002
 -15.271798 -15.271798 -15.271798 -0.000001
 -1.386294 -1.386294 -1.386294 -1.386294
 -1.386294 -1.386294 -1.386294 -1.386294
 -1.386294 -1.386294 -1.386294 -1.386294
 -16.149595 -16.149595 -16.149595 -0.000000
 -1.386294 -1.386294 -1.386294 -1.386294
 -1.386294 -1.386294 -1.386294 -1.386294
 -1.386294 -1.386294 -1.386294 -1.386294
 -1.501175 -1.582668 -1.550182 -1.023052
 -1.031361 -1.526056 -1.749199 -1.377636
 -1.229452 -1.182199 -2.791631 -1.079921
 -1.126392 -1.725509 -1.497251 -1.294727
 -1.509483 -1.427566 -1.351854 -1.271811
 -0.000001 -14.904074 -14.904074 -14.904074
 -0.000001 -14.703403 -14.703403 -14.703403
 -0.000002 -14.498610 -14.498610 -14.498610
 -0.000001 -14.893922 -14.893922 -14.893922
 -16.149595 -16.149595 -0.000000 -16.149595
 -1.386294 -1.386294 -1.386294 -1.386294
 -1.386294 -1.386294 -1.386294 -1.386294
 -1.386294 -1.386294 -1.386294 -1.386294
 -1.386294 -1.386294 -1.386294 -1.386294
 -1.386294 -1.386294 -1.386294 -1.386294
 -1.067136 -1.702812 -1.692230 -1.238810
 -1.386294 -1.386294 -1.386294 -1.386294
 -1.199289 -1.728983 -1.554629 -1.171638
 -0.987947 -1.266150 -3.156990 -1.193391
 -1.152680 -1.485824 -1.636106 -1.335001
 -1.451948 -1.541560 -1.622906 -1.037005
 -1.026368 -2.013275 -1.308007 -1.436388
 -0.929836 -1.880810 -2.842216 -0.929836
 -0.938891 -2.142861 -1.426186 -1.380723
 -1.543546 -1.845826 -1.300316 -1.032721
