 -1.364519 0.000100 0.000100 0.000100
 -1.575981 0.000100 0.000100 0.000100
 -2.019248 0.000100 0.000100 0.000100
 -0.904025 0.000100 0.000100 0.000100
 -1.152245 -1.685355 -1.996790 -1.013561
 -1.225713 -1.419084 -3.539338 -0.831298
 -1.285972 -1.766943 -1.961099 -0.886586
 -1.466886 -1.754568 -1.726397 -0.871195
 -1.126011 -1.691325 -1.983461 -1.039000
 -1.335001 -1.295780 -3.706566 -0.824176
 -1.331960 -1.645617 -1.882005 -0.939399
 -1.634335 -1.617668 -1.740630 -0.841305
 -1.198696 -1.760506 -2.043073 -0.924259
 -1.336284 -1.412270 -2.970410 -0.815750
 -1.255266 -1.560647 -2.120261 -0.954513
 -1.711338 -1.624326 -1.666886 -0.835869
 -1.082219 -1.524955 -2.368041 -1.050216
 -1.636195 -1.307014 -3.315830 -0.696454
 -1.207246 -2.022281 -1.734600 -0.936094
 -1.900836 -1.584319 -1.623850 -0.802224
 -1.101584 -1.543417 -2.386094 -1.016062
 -1.415096 -1.482236 -3.273988 -0.709046
 -1.212136 -1.538820 -1.857273 -1.103503
 -1.807507 -1.657447 -1.690783 -0.774493
 -1.180770 -1.609438 -2.234530 -0.952137
 -1.488077 -1.247936 -3.097509 -0.816592
 -1.679171 -1.549118 -2.043813 -0.751832
 -1.867909 -1.683906 -1.771681 -0.713637
 -1.283485 -1.706341 -2.283655 -0.822140
 -1.707878 -1.163151 -2.995727 -0.784715
 -1.642227 -1.441557 -2.134702 -0.794931
 -2.031984 -1.653087 -1.600640 -0.742969
 -1.439539 -1.628130 -2.553896 -0.715621
 -1.597425 -1.269519 -4.415800 -0.684125
 -1.669157 -1.548529 -1.866982 -0.810931
 -2.143690 -1.662942 -1.647791 -0.691701
 -1.351066 -1.696811 -2.434407 -0.754769
 -1.801149 -1.176322 -3.574207 -0.696268
 -1.720663 -1.750516 -1.845825 -0.714426
 -2.148240 -1.478624 -1.742775 -0.733291
 -1.521027 -1.521027 -2.764215 -0.693148
 -1.785995 -1.380531 -3.649204 -0.588944
 -1.750516 -1.988926 -1.750516 -0.662058
 -2.167330 -1.462208 -1.867672 -0.694528
 -1.293401 -1.659334 -3.117942 -0.711006
 -1.979500 -1.275543 -3.728690 -0.582397
 -2.134164 -1.217876 -2.134164 -0.760452
 -2.316954 -1.477204 -1.929189 -0.638875
 -1.406097 -1.511457 -3.120886 -0.712951
 -1.959818 -1.348349 -3.406730 -0.568635
 -2.066194 -1.544899 -2.525723 -0.544729
 -2.535997 -1.515638 -1.990303 -0.571823
 -1.252763 -1.466337 -4.105363 -0.761356
 -1.987582 -1.193340 -3.129675 -0.661581
 -2.169050 -1.763587 -1.540445 -0.693149
 -2.583097 -1.578739 -1.866421 -0.573501
 -1.289963 -1.655422 -4.488588 -0.649185
 -2.073610 -1.478102 -3.888887 -0.468835
 -2.403557 -1.710413 -1.880311 -0.551178
 -2.543973 -1.781834 -1.995760 -0.482551
 -0.710848 -0.784956 -2.944430 -14.352006
 -1.340752 -0.416277 -2.540166 -14.841554
 -1.064712 -0.849601 -1.480226 -14.187077
 -1.597343 -0.750046 -1.123250 -16.017170
 -1.444358 -1.791759 -5.272951 -0.523730
 -2.067528 -1.293530 -3.530359 -0.562283
 -2.166960 -1.706145 -2.242945 -0.514558
 -1.386294 -1.386294 -1.386294 -1.386294
 -1.403994 -1.459054 -4.736150 -0.667173
 -1.925290 -1.211941 -3.252155 -0.658056
 -2.517683 -1.488076 -1.642226 -0.693150
 -2.597547 -1.624441 -1.904401 -0.545399
 -1.272966 -1.797489 -4.066143 -0.621492
 -1.855708 -1.107502 -4.034225 -0.702037
 -2.223029 -1.724040 -1.760408 -0.613596
 -2.442346 -1.376679 -2.065052 -0.627703
 -1.244941 -1.340250 -5.252175 -0.809623
 -1.840549 -1.164210 -4.143119 -0.667037
 -1.547562 -1.770705 -1.770705 -0.805626
 -2.627714 -1.206935 -2.085798 -0.684315
 -0.830932 -0.644830 -3.228816 -14.518610
 -1.305533 -0.382370 -3.063387 -15.269464
 -1.196251 -0.640306 -1.768769 -14.070156
 -1.531476 -0.607714 -1.430500 -15.816991
 -15.209278 -15.209278 -15.209278 -0.000001
 -15.977684 -15.977684 -15.977684 -0.000000
 -14.635292 -14.635292 -14.635292 -0.000001
 -1.386294 -1.386294 -1.386294 -1.386294
 -1.386294 -1.386294 -1.386294 -1.386294
 -1.386294 -1.386294 -1.386294 -1.386294
 -1.386294 -1.386294 -1.386294 -1.386294
 -1.684932 -1.632381 -1.298838 -1.060650
 -2.260323 -0.678862 -5.627522 -0.954793
 -2.735730 -0.797371 -4.581528 -0.745699
 -2.252514 -0.516547 -4.067791 -1.268783
 -2.725541 -1.036968 -4.642447 -0.561545
 -0.000002 -14.038657 -14.038657 -14.038657
 -0.000001 -15.762849 -15.762849 -15.762849
 -0.000019 -11.982954 -11.982954 -11.982954
 -0.000001 -15.698025 -15.698025 -15.698025
 -16.522894 -16.522894 -0.000000 -16.522894
 -1.386294 -1.386294 -1.386294 -1.386294
 -1.386294 -1.386294 -1.386294 -1.386294
 -1.386294 -1.386294 -1.386294 -1.386294
 -1.386294 -1.386294 -1.386294 -1.386294
 -1.386294 -1.386294 -1.386294 -1.386294
 -1.388298 -1.914391 -0.727762 -2.119596
 -1.386294 -1.386294 -1.386294 -1.386294
 -1.223776 -1.797121 -1.813381 -0.975496
 -1.287289 -1.355111 -2.564945 -0.943816
 -1.281487 -1.694442 -1.822617 -0.975320
 -1.825660 -1.727220 -1.261132 -0.973450
 -1.038135 -1.689896 -1.759854 -1.240371
 -1.105680 -1.659990 -2.604449 -0.904043
 -1.378197 -1.346449 -1.516347 -1.315677
 -1.579947 -1.717148 -1.298696 -1.074263
 -1.261419 0.000100 0.000100 0.000100
 -1.637053 0.000100 0.000100 0.000100
 -1.480509 0.000100 0.000100 0.000100
 -1.221886 0.000100 0.000100 0.000100
 -1.205451 -1.716112 -1.276453 -1.420247
 -1.104436 -1.326606 -2.799176 -1.071876
 -1.319781 -1.349822 -1.490471 -1.393307
 -1.585310 -1.581851 -1.300751 -1.148241
 -1.108874 -1.821429 -1.365022 -1.374760
 -1.157778 -1.424890 -2.644913 -0.982778
 -1.263735 -1.556312 -1.341949 -1.405864
 -1.559614 -1.528673 -1.385707 -1.130683
 -1.150257 -1.826660 -1.382589 -1.303548
 -1.101869 -1.436508 -2.626336 -1.028198
 -1.215298 -1.500569 -1.367913 -1.488384
 -1.556006 -1.490969 -1.334861 -1.201729
 -1.118247 -1.820903 -1.329742 -1.399490
 -1.117184 -1.368847 -2.697110 -1.046969
 -1.199200 -1.673657 -1.261413 -1.479501
 -1.590310 -1.526173 -1.418610 -1.088500
 -1.187141 -1.769189 -1.264908 -1.418109
 -1.039737 -1.406295 -2.533078 -1.133240
 -1.241276 -1.509490 -1.439184 -1.374995
 -1.595698 -1.678647 -1.172621 -1.200472
 -1.144199 -1.635319 -1.434372 -1.392852
 -1.094881 -1.350995 -2.689531 -1.083156
 -1.143533 -1.528615 -1.553953 -1.374118
 -1.579031 -1.541048 -1.353699 -1.135114
 -1.201815 -1.806994 -1.336442 -1.300387
 -1.152328 -1.471844 -2.880080 -0.920130
 -1.257720 -1.519649 -1.376862 -1.408374
 -1.545690 -1.561492 -1.407737 -1.101668
 -1.132755 -1.730206 -1.373617 -1.396676
 -1.027310 -1.418176 -2.602174 -1.121583
 -1.242570 -1.613824 -1.301474 -1.426685
 -1.646512 -1.425461 -1.361097 -1.169564
 -1.166747 -1.743542 -1.394188 -1.325434
 -1.079119 -1.530941 -2.576909 -1.000312
 -1.289836 -1.449941 -1.377097 -1.436368
 -1.566655 -1.662250 -1.252094 -1.153151
 -1.123368 -1.816974 -1.374290 -1.349841
 -1.115599 -1.289077 -2.694419 -1.111167
 -1.165822 -1.586777 -1.423616 -1.415072
 -1.585236 -1.713352 -1.185546 -1.173570
 -1.090197 -1.823588 -1.322375 -1.444336
 -1.121052 -1.243180 -2.585464 -1.170420
 -1.237231 -1.686875 -1.378634 -1.299039
 -1.571768 -1.584598 -1.260292 -1.191645
 -1.141039 -1.683692 -1.382948 -1.410637
 -1.003507 -1.438977 -2.755359 -1.100659
 -1.249219 -1.535421 -1.280169 -1.514508
 -1.544158 -1.542049 -1.406939 -1.115735
 -1.210824 -1.793049 -1.210824 -1.436977
 -1.159547 -1.228946 -2.636482 -1.132712
 -1.235094 -1.553962 -1.371185 -1.410679
 -1.624498 -1.554191 -1.260340 -1.177423
 -1.112894 -1.811685 -1.252070 -1.504617
 -0.979018 -1.461299 -2.651961 -1.133600
 -1.248264 -1.582397 -1.246417 -1.514208
 -1.465934 -1.589962 -1.295257 -1.233138
 -0.857421 -1.368573 -1.135457 -18.094257
 -0.717798 -0.846179 -2.487428 -17.679184
 -0.953497 -1.203501 -1.156874 -17.850458
 -1.062114 -1.210054 -1.032559 -17.953552
 -1.146499 -1.837062 -1.301512 -1.382909
 -1.202541 -1.335753 -2.901717 -0.963169
 -1.208046 -1.534810 -1.365687 -1.467428
 -1.386294 -1.386294 -1.386294 -1.386294
 -1.151930 -1.925408 -1.308960 -1.316557
 -0.916190 -1.508222 -2.709463 -1.164483
 -1.182486 -1.621664 -1.290661 -1.510383
 -1.544698 -1.836504 -1.050889 -1.281490
 -1.133981 -1.884691 -1.223028 -1.460860
 -0.977422 -1.553630 -2.596398 -1.085599
 -1.116057 -1.615944 -1.329099 -1.565362
 -1.542871 -1.582729 -1.388307 -1.104663
 -1.169566 -1.788732 -1.281209 -1.408028
 -0.980534 -1.500866 -2.782397 -1.078627
 -1.235897 -1.712753 -1.148377 -1.551610
 -1.527135 -1.588558 -1.364510 -1.129740
 -1.008959 -1.091063 -1.205499 -18.063148
 -0.838713 -0.708165 -2.587786 -17.635857
 -1.173618 -0.866697 -1.307793 -17.866077
 -1.201754 -0.995785 -1.108966 -18.005468
 -18.232302 -18.232302 -18.232302 0.000000
 -18.364004 -18.364004 -18.364004 0.000000
 -17.937632 -17.937632 -17.937632 -0.000000
 -1.386294 -1.386294 -1.386294 -1.386294
 -1.386294 -1.386294 -1.386294 -1.386294
 -1.386294 -1.386294 -1.386294 -1.386294
 -1.386294 -1.386294 -1.386294 -1.386294
 -1.535506 -1.672068 -1.080699 -1.356981
 -1.120216 -1.339792 -1.513545 -1.651499
 -1.119315 -0.888832 -2.778396 -1.608325
 -1.302947 -1.267731 -1.212765 -1.900949
 -1.594597 -1.184605 -1.349439 -1.462066
 0.000000 -18.004862 -18.004862 -18.004862
 0.000000 -18.114019 -18.114019 -18.114019
 0.000000 -17.808191 -17.808191 -17.808191
 0.000000 -17.627493 -17.627493 -17.627493
 -19.292015 -19.292015 0.000000 -19.292015
 -1.386294 -1.386294 -1.386294 -1.386294
 -1.386294 -1.386294 -1.386294 -1.386294
 -1.386294 -1.386294 -1.386294 -1.386294
 -1.386294 -1.386294 -1.386294 -1.386294
 -1.386294 -1.386294 -1.386294 -1.386294
 -1.216929 -1.570500 -1.468809 -1.325308
 -1.386294 -1.386294 -1.386294 -1.386294
 -1.060903 -1.825963 -1.376453 -1.425775
 -1.127186 -1.163875 -2.804065 -1.193299
 -1.135828 -1.529479 -1.492423 -1.438143
 -1.500776 -1.701918 -1.114323 -1.322110
 -1.081094 -1.856049 -1.321997 -1.435968
 -1.140948 -1.328123 -2.942062 -1.014033
 -1.161562 -1.490854 -1.363809 -1.579210
 -1.516724 -1.632581 -1.299176 -1.163505
