 -1.224484 0.000100 0.000100 0.000100
 -1.823417 0.000100 0.000100 0.000100
 -2.048755 0.000100 0.000100 0.000100
 -0.877738 0.000100 0.000100 0.000100
 -0.965684 -1.901143 -2.267077 -1.004398
 -1.209838 -1.691675 -3.637571 -0.710848
 -1.076873 -1.871801 -2.719094 -0.821981
 -1.522995 -1.831730 -1.759904 -0.799076
 -1.060872 -1.811177 -2.180537 -0.974440
 -1.201028 -1.636345 -3.341083 -0.757097
 -1.258955 -1.591088 -2.197222 -0.913210
 -1.419742 -2.147494 -1.691676 -0.782554
 -1.027154 -2.033594 -2.197223 -0.916291
 -1.525131 -1.280934 -4.276635 -0.711840
 -1.349155 -1.665007 -2.042300 -0.863648
 -1.486899 -1.907070 -1.715532 -0.808458
 -1.004992 -1.773362 -2.435736 -0.976418
 -1.429219 -1.501979 -3.680496 -0.668251
 -1.369856 -1.643148 -2.365280 -0.779657
 -1.741115 -1.750418 -1.778856 -0.729515
 -1.059282 -1.963251 -2.299722 -0.885259
 -1.174802 -1.567844 -4.458184 -0.752808
 -1.548813 -1.742968 -2.030649 -0.731370
 -1.794870 -1.804259 -1.663677 -0.734358
 -1.209838 -1.740466 -2.121238 -0.900337
 -1.576239 -1.683870 -3.070158 -0.577712
 -1.306677 -1.979619 -2.559435 -0.665899
 -1.761545 -1.947445 -1.864924 -0.633606
 -1.243194 -1.699951 -2.747267 -0.766270
 -1.395344 -1.552529 -3.793221 -0.657746
 -1.982498 -2.409939 -1.822156 -0.493022
 -2.055812 -1.699138 -1.787549 -0.650471
 -1.294148 -1.843255 -2.224622 -0.777705
 -1.688811 -1.390319 -3.320219 -0.634652
 -1.963608 -1.774367 -2.097139 -0.566954
 -2.064546 -1.809654 -1.826461 -0.600694
 -1.192641 -1.626679 -2.410796 -0.890974
 -1.597603 -1.339774 -3.226835 -0.701116
 -1.586965 -2.079439 -1.874646 -0.659626
 -2.225623 -1.768043 -1.643339 -0.638659
 -1.626315 -1.584643 -2.991550 -0.601267
 -2.041983 -1.457471 -3.958888 -0.480749
 -1.575536 -1.702287 -2.422831 -0.649768
 -2.231710 -1.758423 -1.937471 -0.551177
 -1.655718 -1.555635 -2.990712 -0.601958
 -1.662885 -1.375204 -3.109798 -0.667459
 -1.661883 -1.454245 -2.435069 -0.715290
 -2.011192 -1.569360 -1.833511 -0.696872
 -14.617514 -14.617514 -14.617514 -0.000001
 -14.946914 -14.946914 -14.946914 -0.000001
 -14.304093 -14.304093 -14.304093 -0.000002
 -15.784021 -15.784021 -15.784021 -0.000000
 -1.386294 -1.386294 -1.386294 -1.386294
 -1.386294 -1.386294 -1.386294 -1.386294
 -1.386294 -1.386294 -1.386294 -1.386294
 -2.282949 -1.542335 -1.920043 -0.620761
 -14.180157 -14.180157 -14.180157 -0.000002
 -14.920769 -14.920769 -14.920769 -0.000001
 -14.543061 -14.543061 -14.543061 -0.000001
 -15.842342 -15.842342 -15.842342 -0.000000
 -1.386294 -1.386294 -1.386294 -1.386294
 -1.386294 -1.386294 -1.386294 -1.386294
 -1.386294 -1.386294 -1.386294 -1.386294
 -2.499172 -1.435651 -2.093707 -0.585806
 -13.963934 -13.963934 -13.963934 -0.000003
 -15.027452 -15.027452 -15.027452 -0.000001
 -14.369398 -14.369398 -14.369398 -0.000002
 -15.877297 -15.877297 -15.877297 -0.000000
 -1.386294 -1.386294 -1.386294 -1.386294
 -1.386294 -1.386294 -1.386294 -1.386294
 -1.386294 -1.386294 -1.386294 -1.386294
 -2.473638 -1.273877 -2.190167 -0.646112
 -1.168206 -1.834683 -13.989468 -0.635991
 -2.241215 -1.225296 -3.899433 -0.545164
 -1.971551 -1.596859 -2.066860 -0.631780
 -2.358154 -1.402643 -2.447766 -0.556917
 -1.047320 -1.883566 -14.352006 -0.699013
 -2.389334 -0.972270 -5.161876 -0.645586
 -2.219198 -1.688574 -2.036878 -0.551499
 -2.353878 -1.396345 -2.230264 -0.597837
 -0.905118 -1.685275 -5.181686 -0.905118
 -2.009554 -0.931146 -4.535260 -0.774084
 -1.469676 -1.386294 -1.966110 -0.967585
 -2.059922 -1.441676 -2.429940 -0.601547
 -0.540179 -0.989129 -3.091035 -14.699280
 -1.078046 -0.456076 -3.650649 -15.163585
 -1.020362 -1.053151 -1.235472 -13.664692
 -1.340165 -0.717769 -1.384865 -15.759992
 -0.602713 -2.043073 -3.352990 -1.244566
 -1.005238 -1.337842 -3.262358 -1.098612
 -1.003714 -2.030865 -1.121497 -1.734600
 -1.386294 -1.386294 -1.386294 -1.386294
 -2.215573 -0.553026 -15.615569 -1.152955
 -2.733642 -0.787736 -14.834359 -0.733669
 -2.807669 -0.534084 -13.963934 -1.040019
 -2.560128 -0.884203 -5.332670 -0.683532
 -0.000002 -14.022528 -14.022528 -14.022528
 -0.000001 -15.779822 -15.779822 -15.779822
 -0.000150 -9.903687 -9.903687 -9.903687
 -0.000001 -15.562971 -15.562971 -15.562971
 -16.463102 -16.463102 -0.000000 -16.463102
 -1.386294 -1.386294 -1.386294 -1.386294
 -1.386294 -1.386294 -1.386294 -1.386294
 -1.386294 -1.386294 -1.386294 -1.386294
 -1.386294 -1.386294 -1.386294 -1.386294
 -1.386294 -1.386294 -1.386294 -1.386294
 -1.212508 -2.248816 -0.730670 -2.159012
 -1.386294 -1.386294 -1.386294 -1.386294
 -1.252763 -1.929380 -1.749795 -0.928267
 -1.175305 -1.602748 -3.212173 -0.799255
 -1.259403 -1.768502 -1.734601 -0.996640
 -2.002706 -1.958254 -1.033308 -0.999406
 -0.932164 -1.768412 -1.917447 -1.242319
 -1.056053 -1.506253 -2.873124 -0.983733
 -1.205271 -1.637053 -1.471539 -1.286396
 -1.554017 -1.589419 -1.301737 -1.163151
 -1.322581 0.000100 0.000100 0.000100
 -1.545725 0.000100 0.000100 0.000100
 -1.769145 0.000100 0.000100 0.000100
 -1.050058 0.000100 0.000100 0.000100
 -1.203973 -1.837016 -1.450243 -1.183534
 -1.223333 -1.234675 -2.935627 -1.016869
 -1.189782 -1.663428 -1.453511 -1.300206
 -1.595386 -1.777043 -1.582185 -0.861550
 -1.174224 -1.827930 -1.446697 -1.221292
 -0.941886 -1.535244 -2.830808 -1.091418
 -1.369911 -1.586824 -1.355022 -1.261057
 -1.590907 -1.926723 -1.624243 -0.790597
 -1.204256 -2.014478 -1.302403 -1.221399
 -1.141466 -1.423514 -2.734095 -0.981281
 -1.366782 -1.463058 -1.261421 -1.468392
 -1.697832 -2.013582 -1.513707 -0.769342
 -1.120281 -1.967578 -1.489276 -1.176095
 -1.308057 -1.498575 -3.218873 -0.763126
 -1.479673 -1.190812 -1.665775 -1.275578
 -1.627456 -1.878771 -1.711717 -0.754516
 -1.050500 -2.012536 -1.540761 -1.196105
 -1.248535 -1.726162 -3.133074 -0.710242
 -1.321756 -1.516656 -1.561971 -1.190180
 -1.483558 -1.921812 -1.615554 -0.848518
 -1.075798 -1.871802 -1.631037 -1.173115
 -1.217672 -1.513598 -3.535141 -0.787875
 -1.141466 -1.730100 -1.621691 -1.184763
 -1.419651 -1.994457 -1.719128 -0.814430
 -0.941692 -1.977972 -1.672898 -1.258850
 -1.075557 -1.554144 -3.034368 -0.917750
 -1.184834 -1.653890 -1.474097 -1.294945
 -1.599664 -2.048614 -1.575639 -0.771656
 -1.255154 -2.035821 -1.578859 -0.972373
 -0.955816 -1.491993 -3.270326 -1.042468
 -1.381045 -1.521331 -1.545722 -1.148522
 -1.762207 -1.910181 -1.784764 -0.668564
 -1.256036 -1.750601 -1.479180 -1.159237
 -1.068097 -1.541384 -3.009915 -0.934053
 -1.359849 -1.580249 -1.507610 -1.152210
 -1.804982 -2.021205 -1.684117 -0.658903
 -1.277603 -1.802613 -1.744793 -0.962998
 -1.135601 -1.386294 -3.438182 -0.924706
 -1.278047 -1.584777 -1.597681 -1.158170
 -1.862391 -1.919332 -1.855038 -0.613325
 -1.217775 -1.763087 -1.529472 -1.152178
 -1.059848 -1.353887 -3.048481 -1.056053
 -1.354944 -1.431905 -1.552191 -1.233054
 -1.920915 -1.928295 -1.780514 -0.616964
 -16.110064 -16.110064 -16.110064 -0.000000
 -15.878570 -15.878570 -15.878570 -0.000000
 -15.758560 -15.758560 -15.758560 -0.000000
 -16.685680 -16.685680 -16.685680 -0.000000
 -1.386294 -1.386294 -1.386294 -1.386294
 -1.386294 -1.386294 -1.386294 -1.386294
 -1.386294 -1.386294 -1.386294 -1.386294
 -1.654286 -1.745904 -1.420107 -0.934974
 -15.908609 -15.908609 -15.908609 -0.000000
 -15.816991 -15.816991 -15.816991 -0.000000
 -16.142788 -16.142788 -16.142788 -0.000000
 -16.627920 -16.627920 -16.627920 -0.000000
 -1.386294 -1.386294 -1.386294 -1.386294
 -1.386294 -1.386294 -1.386294 -1.386294
 -1.386294 -1.386294 -1.386294 -1.386294
 -1.451824 -1.580619 -1.741858 -0.954993
 -16.111071 -16.111071 -16.111071 -0.000000
 -15.982277 -15.982277 -15.982277 -0.000000
 -15.821037 -15.821037 -15.821037 -0.000000
 -16.607903 -16.607903 -16.607903 -0.000000
 -1.386294 -1.386294 -1.386294 -1.386294
 -1.386294 -1.386294 -1.386294 -1.386294
 -1.386294 -1.386294 -1.386294 -1.386294
 -1.589825 -1.800046 -1.447804 -0.927197
 -1.085976 -1.918542 -1.564232 -1.183000
 -1.123162 -1.422609 -3.507981 -0.907061
 -0.980495 -2.014401 -1.548164 -1.277130
 -1.860837 -1.891968 -1.891968 -0.610815
 -1.124930 -2.021417 -1.124930 -1.522426
 -1.003569 -1.371738 -3.157731 -1.086951
 -1.199485 -1.829961 -1.315404 -1.309833
 -1.720122 -2.021835 -1.417282 -0.807052
 -0.887680 -2.108894 -1.518696 -1.394241
 -0.999607 -1.453350 -3.318717 -1.016136
 -0.715303 -2.099562 -1.735597 -1.550455
 -1.576581 -1.987109 -1.679326 -0.755600
 -0.962335 -1.304407 -1.059392 -16.523561
 -0.625352 -0.921197 -2.704791 -15.628706
 -0.938115 -1.248593 -1.134052 -15.786811
 -0.757591 -1.407801 -1.249930 -16.461685
 -1.214701 -1.909678 -1.108975 -1.490871
 -0.945413 -1.558353 -2.591932 -1.120480
 -0.917127 -2.043313 -1.420311 -1.473610
 -1.386294 -1.386294 -1.386294 -1.386294
 -1.218828 -1.308936 -1.397076 -1.676661
 -1.125400 -0.928851 -3.191355 -1.429812
 -1.474135 -1.741378 -1.491993 -0.992037
 -1.526056 -1.315761 -1.305469 -1.413488
 -0.000000 -16.234100 -16.234100 -16.234100
 -0.000000 -16.244728 -16.244728 -16.244728
 -0.000000 -16.025980 -16.025980 -16.025980
 -0.000000 -16.186689 -16.186689 -16.186689
 -17.562895 -17.562895 0.000000 -17.562895
 -1.386294 -1.386294 -1.386294 -1.386294
 -1.386294 -1.386294 -1.386294 -1.386294
 -1.386294 -1.386294 -1.386294 -1.386294
 -1.386294 -1.386294 -1.386294 -1.386294
 -1.386294 -1.386294 -1.386294 -1.386294
 -1.024774 -1.843785 -1.620344 -1.255005
 -1.386294 -1.386294 -1.386294 -1.386294
 -1.205288 -2.118294 -0.899675 -1.751831
 -0.963592 -1.326986 -3.212929 -1.161662
 -1.156262 -1.650806 -1.454096 -1.347716
 -1.506562 -1.410573 -1.495430 -1.170623
 -0.990523 -2.002123 -1.491298 -1.314946
 -1.133485 -1.728905 -3.239901 -0.773394
 -0.814305 -2.210793 -1.861523 -1.230989
 -1.427429 -1.644730 -1.552071 -1.035070
