 -1.194440 0.000100 0.000100 0.000100
 -1.687089 0.000100 0.000100 0.000100
 -1.940179 0.000100 0.000100 0.000100
 -0.998611 0.000100 0.000100 0.000100
 -1.204606 -1.756341 -1.963135 -0.949081
 -1.092421 -1.600164 -3.577317 -0.832910
 -1.127012 -1.589635 -2.225622 -1.010602
 -1.514269 -1.762549 -1.587832 -0.906202
 -1.166435 -1.585145 -2.129871 -1.008532
 -1.270266 -1.569247 -3.193946 -0.754956
 -1.180732 -1.477464 -1.847210 -1.180732
 -1.518591 -1.698285 -1.659670 -0.897025
 -1.102904 -1.624540 -1.971941 -1.102904
 -1.421386 -1.495494 -3.079609 -0.716405
 -1.102771 -1.552971 -2.117499 -1.090348
 -1.579198 -1.675928 -1.630118 -0.889603
 -1.056053 -1.609438 -2.088174 -1.113947
 -1.366436 -1.460623 -3.775619 -0.713409
 -1.508184 -1.526876 -1.647020 -0.997359
 -1.796136 -1.641985 -1.680304 -0.789331
 -1.063273 -1.843431 -2.226422 -0.945490
 -1.476603 -1.476603 -3.050104 -0.701539
 -1.403101 -1.568616 -1.673976 -1.026292
 -1.748509 -1.831201 -1.672136 -0.738353
 -1.291206 -1.624144 -2.355030 -0.836810
 -1.472727 -1.472727 -3.446799 -0.674220
 -1.485728 -1.581038 -1.855474 -0.887892
 -1.796954 -1.605559 -1.751145 -0.776867
 -1.163151 -1.749199 -2.411573 -0.858227
 -1.549799 -1.316185 -3.577939 -0.710050
 -1.842814 -1.303818 -1.996964 -0.833815
 -2.090855 -1.594419 -1.755842 -0.691887
 -1.349927 -1.868720 -2.143156 -0.756864
 -1.652340 -1.399505 -3.109581 -0.659596
 -1.585907 -1.496960 -2.211611 -0.772397
 -2.100262 -1.591419 -1.724951 -0.701668
 -1.416651 -1.629573 -2.571613 -0.723504
 -2.054680 -1.229362 -3.580728 -0.595056
 -1.805182 -1.805182 -1.919592 -0.645417
 -2.145931 -1.675928 -1.788257 -0.637420
 -1.418043 -1.484734 -3.060264 -0.724897
 -1.778004 -1.345583 -3.586284 -0.610764
 -1.604664 -1.513693 -1.941135 -0.831476
 -2.099331 -1.602895 -1.820618 -0.665098
 -1.306530 -1.598665 -3.139104 -0.726178
 -1.755765 -1.141400 -3.237365 -0.758035
 -1.897119 -1.687399 -2.079440 -0.616187
 -2.156084 -1.482740 -1.913523 -0.674035
 -1.566420 -1.871801 -3.530019 -0.497485
 -2.039294 -1.443311 -4.236503 -0.479203
 -2.370790 -1.770018 -1.770018 -0.569279
 -2.399045 -1.480226 -2.006319 -0.603076
 -1.721800 -1.420696 -3.723263 -0.587788
 -2.039595 -1.378197 -4.524478 -0.499151
 -2.091861 -1.532248 -1.791758 -0.705571
 -2.782618 -1.471674 -2.173554 -0.519513
 -14.328337 -14.328337 -14.328337 -0.000002
 -15.221608 -15.221608 -15.221608 -0.000001
 -14.220979 -14.220979 -14.220979 -0.000002
 -16.132984 -16.132984 -16.132984 -0.000000
 -1.386294 -1.386294 -1.386294 -1.386294
 -1.386294 -1.386294 -1.386294 -1.386294
 -1.386294 -1.386294 -1.386294 -1.386294
 -2.491827 -1.620999 -2.114533 -0.512743
 -0.538998 -0.892277 -4.969716 -14.180157
 -1.215669 -0.424542 -3.007424 -15.050983
 -1.252763 -0.952659 -1.113002 -14.557450
 -1.497859 -0.674135 -1.321276 -16.159239
 -1.384209 -1.740883 -4.562243 -0.573279
 -2.276151 -1.264551 -4.313026 -0.508225
 -2.071255 -1.710242 -2.049749 -0.572022
 -1.386294 -1.386294 -1.386294 -1.386294
 -1.458615 -1.839387 -4.859764 -0.509535
 -1.921398 -1.162655 -3.919483 -0.651830
 -1.961654 -1.386294 -1.593932 -0.900789
 -2.400855 -1.389254 -2.086362 -0.623695
 -1.632427 -1.266493 -14.603970 -0.648696
 -1.983297 -1.100909 -3.998189 -0.670471
 -1.912902 -1.602748 -2.059505 -0.647239
 -2.681662 -1.512670 -2.374638 -0.480973
 -1.164210 -1.457557 -3.632291 -0.847299
 -2.086236 -0.957772 -3.896335 -0.751236
 -1.335001 -1.440361 -1.791758 -1.098613
 -2.571003 -1.295935 -2.316769 -0.595462
 -0.581444 -0.904992 -3.314175 -14.603970
 -1.184030 -0.414276 -3.407058 -15.450617
 -0.923955 -1.237612 -1.161626 -14.085541
 -1.395469 -0.677292 -1.409390 -15.985707
 -0.617739 -1.842190 -2.811589 -1.417749
 -0.962341 -1.363504 -2.943340 -1.172636
 -1.009817 -1.664497 -1.430097 -1.574346
 -1.386294 -1.386294 -1.386294 -1.386294
 -2.114915 -0.485676 -6.614626 -1.336611
 -2.395216 -0.633312 -5.921479 -0.979936
 -2.512300 -0.497404 -3.898569 -1.236013
 -2.548176 -0.807238 -4.549638 -0.765468
 -0.000002 -14.363634 -14.363634 -14.363634
 -0.000000 -16.075190 -16.075190 -16.075190
 -0.000030 -11.512965 -11.512965 -11.512965
 -0.000001 -15.605603 -15.605603 -15.605603
 -16.671982 -16.671982 -0.000000 -16.671982
 -1.386294 -1.386294 -1.386294 -1.386294
 -1.386294 -1.386294 -1.386294 -1.386294
 -1.386294 -1.386294 -1.386294 -1.386294
 -1.386294 -1.386294 -1.386294 -1.386294
 -1.386294 -1.386294 -1.386294 -1.386294
 -1.259105 -2.023561 -0.739011 -2.241284
 -1.386294 -1.386294 -1.386294 -1.386294
 -1.191900 -2.124997 -1.669936 -0.945040
 -1.343735 -1.467787 -2.547704 -0.842960
 -1.177452 -1.902348 -1.824790 -0.963728
 -2.001478 -2.084859 -0.986250 -1.000849
 -1.025960 -1.696634 -1.765627 -1.247684
 -1.057019 -1.429694 -2.421331 -1.126012
 -1.154273 -1.575005 -1.706341 -1.216794
 -1.518981 -1.679911 -1.178655 -1.248335
 -1.290338 0.000100 0.000100 0.000100
 -1.580651 0.000100 0.000100 0.000100
 -1.455695 0.000100 0.000100 0.000100
 -1.252663 0.000100 0.000100 0.000100
 -1.179458 -1.701105 -1.380182 -1.352704
 -0.956918 -1.446626 -2.914069 -1.119915
 -1.336242 -1.451407 -1.414593 -1.347445
 -1.358155 -1.683535 -1.409189 -1.162167
 -0.981862 -1.811471 -1.542286 -1.393996
 -0.993038 -1.560435 -2.633428 -1.056491
 -1.279227 -1.450859 -1.402345 -1.421469
 -1.526837 -1.606238 -1.363292 -1.119876
 -1.162474 -1.892529 -1.356779 -1.276152
 -1.172751 -1.482252 -2.910409 -0.894268
 -1.223459 -1.649963 -1.280815 -1.444255
 -1.563252 -1.680373 -1.278884 -1.121183
 -1.188698 -1.864470 -1.228317 -1.395864
 -1.085424 -1.397455 -2.648899 -1.066279
 -1.277266 -1.610322 -1.247301 -1.452011
 -1.638128 -1.331763 -1.412584 -1.210220
 -1.111757 -1.849643 -1.380819 -1.338063
 -1.109836 -1.197052 -2.958488 -1.150728
 -1.201756 -1.703724 -1.421922 -1.287065
 -1.533773 -1.610305 -1.447208 -1.052033
 -1.263172 -1.679931 -1.254421 -1.403984
 -1.126466 -1.216980 -2.800442 -1.142825
 -1.265105 -1.553022 -1.382711 -1.365374
 -1.559145 -1.684561 -1.264831 -1.133604
 -1.173374 -1.681311 -1.311739 -1.447329
 -0.997563 -1.518458 -2.833589 -1.040233
 -1.247909 -1.436545 -1.365994 -1.514033
 -1.573663 -1.533113 -1.331968 -1.161886
 -1.114939 -1.800030 -1.310373 -1.439478
 -1.190955 -1.497797 -2.801012 -0.887464
 -1.157020 -1.528438 -1.494424 -1.409250
 -1.566345 -1.557425 -1.407381 -1.091443
 -1.201266 -1.836479 -1.423129 -1.207812
 -1.165942 -1.187254 -2.915781 -1.111236
 -1.381289 -1.354763 -1.345086 -1.468720
 -1.543494 -1.622092 -1.232844 -1.212614
 -1.146362 -1.813266 -1.347666 -1.349991
 -0.917292 -1.588381 -2.810021 -1.090822
 -1.281403 -1.661843 -1.194337 -1.471160
 -1.592285 -1.522657 -1.354823 -1.138138
 -1.134251 -1.644510 -1.378122 -1.455952
 -0.980829 -1.496449 -2.524591 -1.136361
 -1.223704 -1.698336 -1.225528 -1.472851
 -1.482024 -1.695217 -1.339990 -1.116527
 -1.160330 -1.567944 -1.490385 -1.374927
 -1.166925 -1.443148 -2.949419 -0.915980
 -1.248335 -1.376251 -1.446919 -1.490766
 -1.559272 -1.592292 -1.456887 -1.040461
 -1.265981 -1.582390 -1.551278 -1.202051
 -1.419686 -1.104766 -2.988899 -0.976628
 -1.369037 -1.290110 -1.483203 -1.412647
 -1.742325 -1.516760 -1.574630 -0.920345
 -17.885563 -17.885563 -17.885563 -0.000000
 -17.951956 -17.951956 -17.951956 -0.000000
 -17.603556 -17.603556 -17.603556 -0.000000
 -18.241793 -18.241793 -18.241793 0.000000
 -1.386294 -1.386294 -1.386294 -1.386294
 -1.386294 -1.386294 -1.386294 -1.386294
 -1.386294 -1.386294 -1.386294 -1.386294
 -1.472718 -1.675142 -1.164316 -1.304600
 -0.899009 -1.183969 -1.248393 -17.859964
 -0.656504 -0.911369 -2.533697 -17.657539
 -0.973222 -1.486662 -0.926315 -18.168365
 -1.099501 -1.065837 -1.131580 -18.028082
 -1.118350 -1.790752 -1.324000 -1.425958
 -0.977029 -1.466250 -2.948080 -1.077802
 -1.341465 -1.747721 -1.123708 -1.430058
 -1.386294 -1.386294 -1.386294 -1.386294
 -1.143234 -1.769262 -1.206837 -1.552998
 -1.044758 -1.411072 -2.734793 -1.080476
 -1.093630 -1.584051 -1.400077 -1.545142
 -1.462834 -1.715705 -1.277530 -1.171638
 -1.136474 -1.967620 -1.099799 -1.578307
 -1.029165 -1.254625 -2.626530 -1.254625
 -1.174150 -1.760190 -1.187344 -1.542360
 -1.519564 -1.676630 -1.290151 -1.142689
 -1.033586 -1.890901 -1.354360 -1.447222
 -1.034715 -1.374196 -2.954526 -1.080205
 -1.156878 -1.733933 -1.245540 -1.508870
 -1.459902 -1.610868 -1.380438 -1.150248
 -0.899526 -1.372557 -1.079458 -18.173244
 -0.615738 -1.043863 -2.228720 -17.667572
 -1.038103 -1.099861 -1.161690 -17.842825
 -1.177473 -1.202742 -0.937580 -18.029858
 -1.163375 -1.972509 -1.207486 -1.388237
 -1.019560 -1.385896 -2.843080 -1.105936
 -1.272116 -1.831260 -1.209496 -1.342458
 -1.386294 -1.386294 -1.386294 -1.386294
 -1.150319 -1.464482 -1.283165 -1.742354
 -1.164902 -0.968422 -2.379232 -1.533665
 -1.248770 -1.377618 -1.167821 -1.897654
 -1.647473 -1.310679 -1.119367 -1.554282
 0.000000 -18.040152 -18.040152 -18.040152
 0.000000 -18.035166 -18.035166 -18.035166
 0.000000 -18.006376 -18.006376 -18.006376
 0.000000 -17.654747 -17.654747 -17.654747
 -19.332682 -19.332682 0.000000 -19.332682
 -1.386294 -1.386294 -1.386294 -1.386294
 -1.386294 -1.386294 -1.386294 -1.386294
 -1.386294 -1.386294 -1.386294 -1.386294
 -1.386294 -1.386294 -1.386294 -1.386294
 -1.386294 -1.386294 -1.386294 -1.386294
 -1.212566 -1.574038 -1.384568 -1.406790
 -1.386294 -1.386294 -1.386294 -1.386294
 -1.037320 -1.786909 -1.416458 -1.445839
 -1.113456 -1.156273 -2.871550 -1.202939
 -1.226249 -1.413943 -1.553144 -1.378943
 -1.523370 -1.755204 -1.271888 -1.112153
 -1.046236 -1.861555 -1.364071 -1.436771
 -0.836800 -1.638003 -2.562376 -1.219368
 -1.046811 -1.731089 -1.449218 -1.439276
 -1.547068 -1.631223 -1.265733 -1.173101
