 -1.355628 0.000100 0.000100 0.000100
 -1.584661 0.000100 0.000100 0.000100
 -1.805697 0.000100 0.000100 0.000100
 -0.986613 0.000100 0.000100 0.000100
 -1.112126 -1.434414 -2.200584 -1.132746
 -1.357186 -1.407617 -3.070158 -0.795232
 -1.169487 -1.396876 -2.068968 -1.152680
 -1.588771 -1.512231 -1.722302 -0.924445
 -1.118415 -1.564702 -2.197223 -1.041454
 -1.284631 -1.258314 -2.963056 -0.948159
 -1.239064 -1.609437 -1.798679 -1.064711
 -1.729239 -1.595708 -1.703596 -0.826021
 -1.240929 -1.589235 -2.020017 -0.983100
 -1.527608 -1.209154 -2.719742 -0.870829
 -1.256080 -1.256080 -1.926236 -1.256080
 -1.972757 -1.572597 -1.638555 -0.778354
 -1.218929 -1.659240 -2.043651 -0.955512
 -1.438741 -1.423473 -2.779910 -0.776847
 -1.615480 -1.448426 -1.646251 -0.984854
 -1.719786 -1.731762 -1.873936 -0.712524
 -1.278584 -1.590019 -1.803593 -1.041454
 -1.746013 -1.128853 -2.974672 -0.796147
 -1.698232 -1.392852 -1.475090 -1.079195
 -2.179832 -1.521777 -1.605547 -0.759637
 -1.262916 -1.677348 -1.822530 -0.997808
 -1.798979 -1.105833 -3.229718 -0.767809
 -1.568616 -1.325670 -1.890198 -0.980830
 -2.063180 -1.508184 -1.668527 -0.769781
 -1.310787 -1.446919 -1.916921 -1.055441
 -1.692668 -1.208613 -2.667225 -0.803149
 -1.634130 -1.544518 -2.266650 -0.717841
 -2.154164 -1.487220 -1.714798 -0.738145
 -1.396447 -1.650680 -2.197222 -0.799632
 -1.729883 -1.164571 -2.646171 -0.821626
 -1.878190 -1.688949 -1.206099 -1.013195
 -2.244570 -1.481219 -1.921170 -0.653482
 -1.397594 -1.570865 -2.616829 -0.750968
 -1.697448 -1.155125 -2.776254 -0.821981
 -1.847848 -1.417066 -1.970449 -0.775213
 -2.484905 -1.416372 -1.758969 -0.689451
 -1.579584 -1.579584 -1.927890 -0.815487
 -1.732335 -1.172721 -3.737657 -0.713767
 -1.987872 -1.651401 -1.651401 -0.735113
 -2.399710 -1.406460 -1.857387 -0.676946
 -1.288656 -1.754018 -2.564944 -0.745792
 -2.025373 -1.152101 -3.178047 -0.672529
 -2.032292 -1.263162 -1.841238 -0.849600
 -2.490210 -1.504077 -1.945910 -0.594156
 -0.947382 -1.945908 -2.687840 -0.912896
 -1.891288 -1.245770 -3.706566 -0.622052
 -1.760986 -1.241113 -1.716535 -1.023390
 -2.498419 -1.346816 -1.995791 -0.650448
 -1.134331 -1.740465 -2.839071 -0.810931
 -2.428876 -1.256159 -3.202062 -0.533685
 -1.751267 -1.704747 -1.704747 -0.770440
 -2.373587 -1.573196 -2.139187 -0.541762
 -0.673979 -0.884543 -2.558513 -14.253768
 -1.494283 -0.378280 -2.401837 -14.747676
 -1.413693 -0.880890 -1.071945 -13.919874
 -1.634917 -0.731614 -1.127323 -15.665540
 -0.635602 -0.863692 -3.020419 -14.869823
 -1.117433 -0.496801 -2.742534 -15.590464
 -1.441557 -0.886280 -1.046245 -14.841554
 -1.386294 -1.386294 -1.386294 -1.386294
 -1.403473 -1.507734 -3.821358 -0.671486
 -1.981842 -1.080294 -3.392825 -0.715238
 -1.752538 -1.297063 -1.875139 -0.916292
 -1.386294 -1.386294 -1.386294 -1.386294
 -1.391091 -1.471133 -3.956017 -0.688375
 -1.840848 -1.048967 -2.866698 -0.834408
 -1.648656 -1.118032 -1.871797 -1.118032
 -2.235375 -1.417066 -1.910880 -0.687814
 -1.527200 -1.358124 -3.373012 -0.710440
 -2.000850 -1.187341 -2.671006 -0.712196
 -2.097137 -1.558144 -1.368903 -0.886052
 -2.523907 -1.297463 -2.045418 -0.659125
 -1.567178 -1.296888 -4.241280 -0.685980
 -1.884540 -1.150572 -3.270828 -0.705887
 -1.856296 -1.023390 -1.673975 -1.214445
 -3.259839 -1.163500 -1.908234 -0.691404
 -1.313388 -1.141538 -2.987351 -1.017924
 -1.869050 -0.863965 -3.186347 -0.959929
 -1.767660 -1.410987 -1.479980 -1.027996
 -2.268682 -1.499550 -1.811925 -0.673380
 -0.755280 -0.768184 -2.714086 -14.322330
 -1.177203 -0.493535 -2.508435 -15.050983
 -1.150285 -0.760088 -1.533276 -14.144817
 -1.474921 -0.641263 -1.408229 -15.438852
 -0.664492 -1.681758 -2.705144 -1.458615
 -1.090567 -1.235149 -2.714531 -1.181081
 -1.292398 -1.599128 -1.219639 -1.478500
 -1.386294 -1.386294 -1.386294 -1.386294
 -2.111926 -0.510065 -4.695900 -1.311534
 -2.600921 -0.602023 -4.035990 -1.020475
 -2.023199 -0.413766 -3.697148 -1.704747
 -2.382095 -0.772660 -3.957618 -0.851554
 -0.000003 -13.989468 -13.989468 -13.989468
 -0.000001 -15.676486 -15.676486 -15.676486
 -0.000017 -12.100734 -12.100734 -12.100734
 -0.000001 -15.139931 -15.139931 -15.139931
 -16.263062 -16.263062 -0.000000 -16.263062
 -1.386294 -1.386294 -1.386294 -1.386294
 -1.386294 -1.386294 -1.386294 -1.386294
 -1.386294 -1.386294 -1.386294 -1.386294
 -1.386294 -1.386294 -1.386294 -1.386294
 -1.386294 -1.386294 -1.386294 -1.386294
 -1.325873 -2.015768 -0.719442 -2.169919
 -1.386294 -1.386294 -1.386294 -1.386294
 -1.284197 -1.942657 -1.599713 -0.973258
 -1.510592 -1.399366 -2.328898 -0.832261
 -1.264375 -1.855942 -1.718159 -0.962642
 -2.317848 -1.448815 -1.193923 -1.011602
 -1.078204 -1.703031 -1.355835 -1.514440
 -1.277953 -1.113651 -2.358863 -1.208961
 -1.290151 -1.377162 -1.829146 -1.164988
 -1.515351 -1.505199 -1.280038 -1.272005
 -1.241102 0.000100 0.000100 0.000100
 -1.539269 0.000100 0.000100 0.000100
 -1.471531 0.000100 0.000100 0.000100
 -1.321170 0.000100 0.000100 0.000100
 -1.161100 -1.754659 -1.224968 -1.513559
 -1.131456 -1.267919 -2.372060 -1.194908
 -1.168308 -1.534997 -1.314314 -1.584782
 -1.594259 -1.582576 -1.278139 -1.161742
 -1.145024 -1.746679 -1.279444 -1.472988
 -1.109662 -1.221405 -2.561450 -1.209584
 -1.163692 -1.494602 -1.327795 -1.618125
 -1.485734 -1.536599 -1.295141 -1.256343
 -1.187264 -1.683689 -1.345786 -1.390614
 -1.095953 -1.277420 -2.666514 -1.147185
 -1.194155 -1.520740 -1.317828 -1.556970
 -1.559010 -1.487097 -1.328438 -1.208191
 -1.136285 -1.734735 -1.278710 -1.495451
 -1.136243 -1.404012 -2.476164 -1.051816
 -1.244891 -1.506573 -1.279649 -1.550110
 -1.643669 -1.424222 -1.336818 -1.192854
 -1.152377 -1.780024 -1.244333 -1.481273
 -1.106302 -1.266159 -2.442941 -1.202631
 -1.270110 -1.462495 -1.253705 -1.599011
 -1.627340 -1.550399 -1.179791 -1.258632
 -1.109891 -1.765624 -1.277016 -1.512053
 -1.097691 -1.390187 -2.532302 -1.085139
 -1.290032 -1.565315 -1.230714 -1.497753
 -1.574021 -1.543827 -1.288620 -1.192122
 -1.155179 -1.784551 -1.201699 -1.530427
 -1.046059 -1.329599 -2.569194 -1.179280
 -1.257343 -1.551329 -1.227793 -1.557383
 -1.453269 -1.540805 -1.294347 -1.280459
 -1.093498 -1.709096 -1.267438 -1.597627
 -1.112360 -1.262484 -2.470669 -1.191586
 -1.213527 -1.463055 -1.343007 -1.559386
 -1.581359 -1.598066 -1.212403 -1.222355
 -1.138908 -1.843731 -1.275872 -1.417091
 -1.136719 -1.327721 -2.494547 -1.104081
 -1.276354 -1.504774 -1.288362 -1.499877
 -1.607172 -1.587346 -1.273897 -1.154106
 -1.123193 -1.743161 -1.280068 -1.506090
 -1.121355 -1.353055 -2.607699 -1.072920
 -1.225031 -1.501742 -1.262377 -1.606796
 -1.631901 -1.451551 -1.307703 -1.204656
 -1.096103 -1.754122 -1.281898 -1.535909
 -1.177438 -1.158818 -2.506052 -1.215754
 -1.183046 -1.496852 -1.327341 -1.586499
 -1.597313 -1.477962 -1.262509 -1.249964
 -1.113485 -1.758120 -1.296666 -1.488207
 -1.048934 -1.251100 -2.589618 -1.243231
 -1.203021 -1.638621 -1.184168 -1.612113
 -1.545331 -1.553254 -1.278060 -1.215293
 -1.103624 -1.897039 -1.122829 -1.645257
 -0.994045 -1.479072 -2.576198 -1.120822
 -1.185529 -1.660831 -1.171023 -1.637915
 -1.558288 -1.542843 -1.194267 -1.298996
 -0.853666 -1.645942 -0.964121 -19.160282
 -0.695183 -0.956989 -2.145845 -18.704128
 -0.959605 -1.294870 -1.069960 -19.017591
 -1.196361 -1.232854 -0.900791 -18.934044
 -0.867286 -1.512038 -1.023181 -19.434317
 -0.640464 -1.018817 -2.189878 -19.061745
 -1.015509 -1.256026 -1.041291 -19.234318
 -1.386294 -1.386294 -1.386294 -1.386294
 -1.113852 -1.778339 -1.228951 -1.559742
 -1.055730 -1.451295 -2.584463 -1.071898
 -1.191250 -1.509971 -1.288868 -1.611140
 -1.386294 -1.386294 -1.386294 -1.386294
 -1.106304 -1.753650 -1.267061 -1.539810
 -1.079479 -1.273109 -2.522300 -1.203997
 -1.226945 -1.444880 -1.322298 -1.587107
 -1.506837 -1.654103 -1.165905 -1.289218
 -1.081630 -1.767627 -1.335264 -1.482228
 -1.103507 -1.326855 -2.546803 -1.125000
 -1.148236 -1.642918 -1.284594 -1.548219
 -1.597840 -1.629353 -1.140390 -1.266146
 -1.149696 -1.841010 -1.161234 -1.553481
 -1.112852 -1.370425 -2.525122 -1.086687
 -1.158152 -1.564670 -1.270402 -1.629343
 -1.639527 -1.573760 -1.249316 -1.164870
 -1.071590 -1.870114 -1.208050 -1.586450
 -0.983666 -1.381238 -2.351232 -1.274599
 -1.143973 -1.649269 -1.237332 -1.613940
 -1.568683 -1.558550 -1.196002 -1.277122
 -0.924332 -1.542138 -0.943456 -19.176239
 -0.736775 -0.889247 -2.203825 -18.734030
 -1.045612 -1.208746 -1.049959 -18.992281
 -1.223629 -1.235079 -0.879410 -18.916779
 -1.117522 -1.925582 -1.138513 -1.575882
 -1.065472 -1.301822 -2.590267 -1.176360
 -1.251755 -1.678443 -1.134995 -1.580319
 -1.386294 -1.386294 -1.386294 -1.386294
 -1.049647 -1.517059 -1.234359 -1.969251
 -1.124532 -0.894195 -2.270799 -1.813827
 -1.205952 -1.326142 -1.201494 -2.007313
 -1.649235 -1.269376 -1.056045 -1.720552
 0.000000 -19.133581 -19.133581 -19.133581
 0.000000 -19.089996 -19.089996 -19.089996
 0.000000 -19.044371 -19.044371 -19.044371
 0.000000 -18.470993 -18.470993 -18.470993
 -20.353680 -20.353680 0.000000 -20.353680
 -1.386294 -1.386294 -1.386294 -1.386294
 -1.386294 -1.386294 -1.386294 -1.386294
 -1.386294 -1.386294 -1.386294 -1.386294
 -1.386294 -1.386294 -1.386294 -1.386294
 -1.386294 -1.386294 -1.386294 -1.386294
 -1.184038 -1.544205 -1.315923 -1.549984
 -1.386294 -1.386294 -1.386294 -1.386294
 -1.044137 -1.818402 -1.311781 -1.530720
 -1.144029 -1.281856 -2.528410 -1.126520
 -1.106303 -1.358573 -1.538882 -1.621651
 -1.449838 -1.674363 -1.174216 -1.313405
 -1.103228 -1.908311 -1.174553 -1.556304
 -1.089873 -1.392364 -2.420218 -1.119780
 -1.156000 -1.514565 -1.353303 -1.575190
 -1.533630 -1.572064 -1.213886 -1.274424
