 -1.220502 0.000100 0.000100 0.000100
 -1.734601 0.000100 0.000100 0.000100
 -1.946875 0.000100 0.000100 0.000100
 -0.952623 0.000100 0.000100 0.000100
 -0.927795 -1.831764 -1.985914 -1.180291
 -1.317666 -1.598568 -3.417712 -0.698628
 -1.259543 -1.531476 -2.512300 -0.870079
 -1.437588 -2.059638 -1.437588 -0.922561
 -1.008349 -1.649310 -2.359550 -1.054019
 -1.441019 -1.323236 -3.338125 -0.773191
 -1.193278 -1.711220 -2.153050 -0.916292
 -1.463058 -1.981001 -1.649644 -0.824570
 -1.026213 -1.709880 -2.246184 -1.035782
 -1.304616 -1.598855 -2.463849 -0.817602
 -1.319849 -1.579360 -2.236136 -0.867865
 -1.645370 -1.721355 -1.734601 -0.794594
 -1.143564 -1.549029 -2.431415 -0.965081
 -1.355835 -1.684339 -3.188406 -0.662689
 -1.357307 -1.821611 -1.777159 -0.887304
 -1.678595 -1.630393 -1.883389 -0.764777
 -1.033580 -1.683241 -2.201183 -1.056053
 -1.295972 -1.519115 -3.693849 -0.728595
 -1.361803 -1.751267 -1.576914 -1.011602
 -1.930872 -1.624705 -1.704748 -0.741938
 -1.334178 -1.581038 -1.966700 -0.939185
 -1.324222 -1.599633 -4.214562 -0.659247
 -1.400479 -1.400479 -2.183235 -0.930476
 -1.700303 -1.789534 -1.629686 -0.788903
 -1.285198 -1.588384 -2.324089 -0.864466
 -1.371479 -1.496642 -2.905402 -0.760011
 -1.483024 -1.953025 -1.953025 -0.714655
 -1.897119 -1.587932 -1.712386 -0.765251
 -1.354546 -1.642227 -2.894984 -0.707069
 -1.400893 -1.420696 -3.540945 -0.727550
 -1.587776 -1.701104 -2.280919 -0.671487
 -1.874958 -1.622123 -1.699509 -0.762741
 -1.089043 -1.903550 -2.698476 -0.804939
 -1.768338 -1.523216 -3.405936 -0.547838
 -1.643628 -2.006532 -2.381222 -0.545019
 -1.908540 -1.843158 -1.908540 -0.606804
 -1.093699 -1.879218 -2.479989 -0.847299
 -1.592146 -1.276294 -3.538039 -0.716679
 -1.572396 -1.618916 -1.890848 -0.813293
 -1.976962 -1.638637 -1.746057 -0.707641
 -1.644705 -1.524078 -3.005675 -0.616921
 -1.871801 -1.553348 -5.337440 -0.462342
 -1.814231 -1.537978 -1.960834 -0.730889
 -1.949983 -1.721142 -1.867745 -0.645520
 -0.687032 -0.859645 -2.608838 -14.304093
 -0.940984 -0.640880 -2.489793 -14.533353
 -1.079921 -0.834799 -1.485385 -13.873783
 -1.377453 -0.815827 -1.185785 -15.543621
 -1.609438 -1.858653 -4.219489 -0.462970
 -1.800270 -1.386294 -5.058334 -0.547508
 -2.158002 -1.504077 -2.238044 -0.587788
 -1.386294 -1.386294 -1.386294 -1.386294
 -14.357837 -14.357837 -14.357837 -0.000002
 -14.608505 -14.608505 -14.608505 -0.000001
 -12.676089 -12.676089 -12.676089 -0.000009
 -15.627073 -15.627073 -15.627073 -0.000000
 -1.386294 -1.386294 -1.386294 -1.386294
 -1.386294 -1.386294 -1.386294 -1.386294
 -1.386294 -1.386294 -1.386294 -1.386294
 -2.444277 -1.555015 -2.123805 -0.540513
 -13.710155 -13.710155 -13.710155 -0.000003
 -14.599414 -14.599414 -14.599414 -0.000001
 -14.030625 -14.030625 -14.030625 -0.000002
 -15.613915 -15.613915 -15.613915 -0.000001
 -1.386294 -1.386294 -1.386294 -1.386294
 -1.386294 -1.386294 -1.386294 -1.386294
 -1.386294 -1.386294 -1.386294 -1.386294
 -2.348967 -1.274206 -2.123805 -0.682596
 -1.504077 -1.550597 -4.595024 -0.587789
 -2.143519 -1.393215 -4.976685 -0.465875
 -2.335370 -1.354546 -2.740831 -0.543617
 -2.310247 -1.401679 -2.134356 -0.623137
 -1.232144 -1.843051 -13.997835 -0.597839
 -2.040825 -1.004735 -3.591411 -0.741544
 -1.892560 -1.457246 -1.725508 -0.824726
 -2.221239 -1.467468 -2.146015 -0.608682
 -1.071025 -1.630639 -4.962748 -0.788459
 -1.968811 -0.826140 -4.886534 -0.879250
 -1.598264 -1.397594 -2.291405 -0.799759
 -2.231125 -1.328725 -2.399748 -0.621689
 -0.523250 -0.944463 -3.988953 -14.297939
 -1.314501 -0.358064 -3.430747 -14.943683
 -1.220503 -0.892001 -1.220503 -13.321220
 -1.445435 -0.633572 -1.453874 -15.434899
 -0.643755 -1.712690 -2.983148 -1.411937
 -0.987847 -1.178655 -3.171082 -1.280235
 -1.014963 -2.113572 -1.132746 -1.636650
 -1.386294 -1.386294 -1.386294 -1.386294
 -2.357164 -0.602678 -6.070639 -1.033785
 -3.328219 -0.729663 -14.735795 -0.729663
 -2.685565 -0.257832 -13.687682 -1.838277
 -2.583994 -0.935339 -4.481086 -0.652477
 -0.000004 -13.541079 -13.541079 -13.541079
 -0.000001 -15.483218 -15.483218 -15.483218
 -0.000075 -10.596735 -10.596735 -10.596735
 -0.000001 -15.267125 -15.267125 -15.267125
 -16.154428 -16.154428 -0.000000 -16.154428
 -1.386294 -1.386294 -1.386294 -1.386294
 -1.386294 -1.386294 -1.386294 -1.386294
 -1.386294 -1.386294 -1.386294 -1.386294
 -1.386294 -1.386294 -1.386294 -1.386294
 -1.386294 -1.386294 -1.386294 -1.386294
 -1.274206 -1.967353 -0.733487 -2.299696
 -1.386294 -1.386294 -1.386294 -1.386294
 -1.495494 -1.798679 -1.662547 -0.865860
 -1.215534 -1.421386 -3.184960 -0.865861
 -1.254773 -1.710790 -1.678000 -1.057309
 -2.079438 -1.811176 -1.210404 -0.883192
 -0.862624 -1.810953 -1.858581 -1.352646
 -0.877577 -1.533452 -2.302582 -1.315199
 -1.126012 -1.636836 -1.723847 -1.195004
 -1.671473 -1.619513 -1.129149 -1.235371
 -1.168547 0.000100 0.000100 0.000100
 -1.718156 0.000100 0.000100 0.000100
 -1.616667 0.000100 0.000100 0.000100
 -1.167236 0.000100 0.000100 0.000100
 -1.242756 -1.963555 -1.066768 -1.483092
 -1.034784 -1.374246 -3.178052 -1.049822
 -1.142691 -1.714722 -1.481741 -1.295412
 -1.501896 -1.616010 -1.459664 -1.060484
 -1.048127 -1.846936 -1.501468 -1.313477
 -1.028309 -1.453312 -3.199400 -1.000195
 -0.903767 -1.731480 -1.621824 -1.512318
 -1.496060 -1.736289 -1.510538 -0.970154
 -1.258179 -1.498278 -1.502002 -1.310704
 -1.078634 -1.539449 -2.881442 -0.943181
 -1.217980 -1.560009 -1.455713 -1.343983
 -1.585938 -1.596749 -1.429026 -1.040867
 -1.176533 -1.781319 -1.380812 -1.302453
 -0.863165 -1.545777 -2.603328 -1.234426
 -1.223231 -1.571344 -1.459774 -1.325509
 -1.555779 -1.593205 -1.378572 -1.097321
 -1.237874 -1.891078 -1.286038 -1.263273
 -1.087623 -1.448993 -2.947204 -0.978989
 -1.341364 -1.755530 -1.192176 -1.338892
 -1.542449 -1.714029 -1.409187 -1.017043
 -1.195479 -1.681194 -1.364948 -1.362986
 -1.050145 -1.505207 -2.861448 -0.991673
 -1.066436 -1.818267 -1.385106 -1.414024
 -1.485350 -1.702414 -1.363614 -1.091838
 -1.275262 -1.806547 -1.188798 -1.378982
 -1.012515 -1.481312 -2.958424 -1.028743
 -1.307400 -1.665719 -1.251520 -1.369031
 -1.484515 -1.673674 -1.460752 -1.039110
 -1.108960 -1.788823 -1.496022 -1.276825
 -1.064567 -1.472126 -3.091041 -0.966977
 -1.468097 -1.728174 -1.673586 -0.905215
 -1.550983 -1.757319 -1.423827 -0.981728
 -1.110589 -1.862667 -1.408362 -1.306252
 -1.069328 -1.430341 -2.985384 -1.002357
 -1.253126 -1.496836 -1.458615 -1.354818
 -1.630654 -1.300047 -1.568311 -1.129229
 -1.139804 -1.811641 -1.424413 -1.287055
 -1.192174 -1.601623 -3.335225 -0.778131
 -1.242306 -1.476432 -1.443247 -1.399698
 -1.541337 -1.756699 -1.383622 -1.014393
 -1.072073 -1.857962 -1.408545 -1.357852
 -0.971446 -1.420972 -3.134768 -1.089229
 -1.174689 -1.784186 -1.321410 -1.361046
 -1.634684 -1.390727 -1.503474 -1.097407
 -0.779399 -1.417414 -1.207383 -16.885422
 -0.579630 -1.122001 -2.169219 -16.532850
 -0.929047 -1.234911 -1.157696 -16.522894
 -1.052238 -1.298523 -0.973100 -16.902454
 -1.340088 -1.477042 -1.653619 -1.144104
 -1.129842 -1.306139 -3.019936 -1.029327
 -1.561458 -1.189584 -1.575064 -1.277160
 -1.386294 -1.386294 -1.386294 -1.386294
 -16.781815 -16.781815 -16.781815 -0.000000
 -16.774580 -16.774580 -16.774580 -0.000000
 -16.256989 -16.256989 -16.256989 -0.000000
 -16.967819 -16.967819 -16.967819 -0.000000
 -1.386294 -1.386294 -1.386294 -1.386294
 -1.386294 -1.386294 -1.386294 -1.386294
 -1.386294 -1.386294 -1.386294 -1.386294
 -1.667204 -1.346593 -1.543440 -1.086321
 -16.446680 -16.446680 -16.446680 -0.000000
 -16.767292 -16.767292 -16.767292 -0.000000
 -16.570444 -16.570444 -16.570444 -0.000000
 -17.027563 -17.027563 -17.027563 -0.000000
 -1.386294 -1.386294 -1.386294 -1.386294
 -1.386294 -1.386294 -1.386294 -1.386294
 -1.386294 -1.386294 -1.386294 -1.386294
 -1.471651 -1.714376 -1.238259 -1.202343
 -1.191616 -1.721465 -1.526530 -1.203381
 -1.139434 -1.322700 -3.062032 -1.002959
 -1.454685 -1.706860 -1.501970 -1.015006
 -1.504756 -1.531590 -1.574331 -1.036791
 -1.070961 -1.928411 -1.299802 -1.429803
 -1.022017 -1.290984 -3.036005 -1.148522
 -1.190844 -1.787364 -1.220257 -1.454658
 -1.649443 -1.473948 -1.532114 -1.014055
 -1.036178 -1.998925 -1.323415 -1.412694
 -0.970726 -1.616082 -2.656425 -1.043222
 -1.116174 -1.711865 -1.388230 -1.417066
 -1.426430 -1.837626 -1.169208 -1.237780
 -0.883487 -1.326120 -1.135830 -16.974213
 -0.609436 -0.946818 -2.682835 -16.312017
 -0.998282 -1.096884 -1.212079 -16.668528
 -1.050656 -1.134764 -1.112325 -16.838858
 -1.099616 -1.979915 -1.321254 -1.338954
 -1.109805 -1.094341 -3.223595 -1.218056
 -1.199551 -1.764081 -1.337762 -1.328425
 -1.386294 -1.386294 -1.386294 -1.386294
 -1.203132 -1.362197 -1.393893 -1.631978
 -1.436122 -0.651885 -3.167095 -1.614636
 -1.134356 -1.315804 -1.358592 -1.876730
 -1.513812 -1.315812 -1.225565 -1.522882
 -0.000000 -16.802202 -16.802202 -16.802202
 0.000000 -16.966108 -16.966108 -16.966108
 -0.000000 -16.595572 -16.595572 -16.595572
 -0.000000 -16.475071 -16.475071 -16.475071
 -18.113884 -18.113884 0.000000 -18.113884
 -1.386294 -1.386294 -1.386294 -1.386294
 -1.386294 -1.386294 -1.386294 -1.386294
 -1.386294 -1.386294 -1.386294 -1.386294
 -1.386294 -1.386294 -1.386294 -1.386294
 -1.386294 -1.386294 -1.386294 -1.386294
 -1.230785 -1.622846 -1.323865 -1.408557
 -1.386294 -1.386294 -1.386294 -1.386294
 -0.999460 -1.876700 -1.411266 -1.448200
 -1.046287 -1.294245 -3.186351 -1.098612
 -1.291820 -1.119774 -1.724607 -1.511253
 -1.412767 -1.736084 -1.264505 -1.210852
 -1.010394 -1.901668 -1.542350 -1.299283
 -1.207743 -1.669431 -3.046306 -0.765201
 -1.070557 -1.724016 -1.546245 -1.325058
 -1.390904 -1.718382 -1.382724 -1.136628
