 -1.292054 0.000100 0.000100 0.000100
 -1.698591 0.000100 0.000100 0.000100
 -1.916922 0.000100 0.000100 0.000100
 -0.928125 0.000100 0.000100 0.000100
 -1.083734 -1.624540 -2.138995 -1.058733
 -1.308976 -1.645448 -4.130336 -0.652197
 -1.258781 -1.671313 -1.995099 -0.936494
 -1.547414 -1.722766 -1.666071 -0.868352
 -1.010505 -1.589893 -2.272344 -1.111858
 -1.346351 -1.545683 -2.992597 -0.741311
 -1.178655 -1.684590 -1.814643 -1.067430
 -1.586965 -1.769286 -1.673976 -0.826679
 -1.083542 -1.590103 -2.283249 -1.033532
 -1.210204 -1.749199 -2.884176 -0.750672
 -1.472126 -1.704747 -1.681217 -0.909819
 -1.589235 -1.625603 -1.648076 -0.899666
 -1.222877 -1.576285 -2.109089 -0.974111
 -1.395511 -1.600305 -3.081904 -0.684015
 -1.190180 -1.437588 -2.046650 -1.111192
 -1.908816 -1.650987 -1.563975 -0.797217
 -1.323696 -1.601716 -2.026598 -0.915000
 -1.479877 -1.406674 -2.958949 -0.743380
 -1.436725 -1.526876 -2.063179 -0.872196
 -1.778004 -1.619180 -1.612212 -0.835822
 -1.182114 -1.534935 -2.425906 -0.942885
 -1.476603 -1.308612 -3.398408 -0.759359
 -1.585145 -1.565342 -1.783595 -0.872196
 -1.763588 -1.589235 -1.732336 -0.803813
 -1.183409 -1.648116 -2.414287 -0.886917
 -1.560141 -1.429779 -3.221533 -0.672094
 -1.276294 -1.563975 -2.038432 -0.963919
 -2.152302 -1.494662 -1.650823 -0.760212
 -1.238079 -1.532586 -2.267696 -0.940244
 -1.452986 -1.354546 -2.974451 -0.783096
 -1.646825 -1.513294 -2.052289 -0.779326
 -1.976155 -1.586389 -1.743710 -0.730091
 -1.380324 -1.562646 -2.377152 -0.807195
 -1.783791 -1.235578 -3.287863 -0.685180
 -1.666325 -1.824548 -1.716335 -0.754925
 -1.915373 -1.674838 -1.717098 -0.721983
 -1.433761 -1.551544 -2.877209 -0.706481
 -1.708935 -1.340028 -3.318367 -0.652214
 -1.743609 -1.455928 -1.941435 -0.802002
 -2.089293 -1.598469 -1.814065 -0.671328
 -1.449630 -1.817354 -3.226115 -0.574162
 -1.883874 -1.416067 -3.729691 -0.542432
 -2.094944 -1.511799 -1.807263 -0.708652
 -2.317942 -1.751547 -1.978075 -0.528170
 -1.310945 -1.506253 -2.873124 -0.793689
 -2.152373 -1.335613 -3.305046 -0.537687
 -1.877700 -1.472237 -2.044754 -0.716959
 -2.347784 -1.547665 -1.824138 -0.634277
 -1.457246 -1.778153 -4.290428 -0.537043
 -2.186834 -1.383687 -3.550132 -0.496997
 -1.985914 -1.791759 -2.427745 -0.497840
 -2.668570 -1.720532 -2.050773 -0.473141
 -0.629969 -0.832910 -3.423162 -14.425279
 -1.089480 -0.506757 -2.794224 -15.000301
 -1.301553 -0.800779 -1.276861 -14.200776
 -1.601790 -0.672254 -1.245115 -16.159239
 -15.337211 -15.337211 -15.337211 -0.000001
 -15.984565 -15.984565 -15.984565 -0.000000
 -15.115704 -15.115704 -15.115704 -0.000001
 -1.386294 -1.386294 -1.386294 -1.386294
 -1.386294 -1.386294 -1.386294 -1.386294
 -1.386294 -1.386294 -1.386294 -1.386294
 -1.386294 -1.386294 -1.386294 -1.386294
 -2.332438 -1.383944 -1.866229 -0.697864
 -1.609437 -1.970449 -14.316288 -0.414599
 -2.084146 -1.164090 -4.108516 -0.603401
 -2.106416 -1.743512 -2.436657 -0.484559
 -2.613384 -1.570035 -2.409785 -0.463876
 -1.529395 -1.431757 -4.094314 -0.639081
 -2.128231 -1.130873 -3.369938 -0.646628
 -1.830224 -1.367602 -2.024378 -0.792240
 -2.318149 -1.287131 -1.980278 -0.718564
 -1.529016 -1.305873 -4.620011 -0.688234
 -2.109167 -1.235137 -4.223687 -0.556483
 -2.108767 -1.464412 -1.975236 -0.675956
 -2.450059 -1.369881 -2.022020 -0.640201
 -1.307823 -1.386294 -4.584919 -0.756327
 -1.887515 -1.007157 -4.027570 -0.764689
 -1.575536 -1.450373 -2.143517 -0.817852
 -2.406724 -1.222458 -2.140615 -0.697553
 -0.538385 -0.929250 -3.841582 -14.661381
 -1.240221 -0.380536 -3.605103 -15.454508
 -1.234279 -0.786967 -1.371479 -14.108183
 -1.571064 -0.602069 -1.408545 -15.917203
 -0.571324 -1.702726 -3.206799 -1.548575
 -1.010290 -1.370677 -2.947590 -1.110222
 -1.138941 -1.472946 -1.490338 -1.490338
 -1.386294 -1.386294 -1.386294 -1.386294
 -2.270570 -0.469721 -6.560931 -1.308757
 -2.633940 -0.577076 -15.176488 -1.003302
 -2.764736 -0.366852 -4.150993 -1.476891
 -2.581897 -0.794780 -6.165318 -0.753772
 -0.000002 -14.187077 -14.187077 -14.187077
 -0.000000 -16.081432 -16.081432 -16.081432
 -0.000075 -10.596735 -10.596735 -10.596735
 -0.000001 -15.585366 -15.585366 -15.585366
 -16.648724 -16.648724 -0.000000 -16.648724
 -1.386294 -1.386294 -1.386294 -1.386294
 -1.386294 -1.386294 -1.386294 -1.386294
 -1.386294 -1.386294 -1.386294 -1.386294
 -1.386294 -1.386294 -1.386294 -1.386294
 -1.386294 -1.386294 -1.386294 -1.386294
 -1.331361 -1.901049 -0.752523 -2.160269
 -1.386294 -1.386294 -1.386294 -1.386294
 -1.327899 -1.816563 -1.712573 -0.936539
 -1.288839 -1.394199 -2.592892 -0.912362
 -1.209397 -1.826048 -1.818326 -0.972128
 -1.640528 -1.781606 -1.217672 -1.073423
 -1.062781 -1.713368 -1.713368 -1.224205
 -1.014963 -1.477586 -2.701358 -1.072121
 -1.293513 -1.400281 -1.585423 -1.293513
 -1.720300 -1.553910 -1.206033 -1.170586
 -1.187819 0.000100 0.000100 0.000100
 -1.645074 0.000100 0.000100 0.000100
 -1.472093 0.000100 0.000100 0.000100
 -1.299488 0.000100 0.000100 0.000100
 -1.257965 -1.713003 -1.231297 -1.412511
 -1.049792 -1.377181 -2.718107 -1.103521
 -1.308458 -1.571485 -1.309784 -1.377735
 -1.572602 -1.619433 -1.347862 -1.094552
 -1.165896 -1.715652 -1.344262 -1.395221
 -1.103829 -1.351099 -2.658660 -1.080565
 -1.289345 -1.474724 -1.282372 -1.521755
 -1.550986 -1.670456 -1.230633 -1.178655
 -1.173617 -1.816091 -1.352226 -1.311449
 -1.130424 -1.446381 -2.855375 -0.956726
 -1.311211 -1.610665 -1.311861 -1.341576
 -1.548839 -1.671260 -1.387928 -1.050098
 -1.136851 -1.787748 -1.358256 -1.367564
 -1.099886 -1.442368 -2.658987 -1.019696
 -1.347380 -1.655479 -1.428763 -1.172881
 -1.499246 -1.704094 -1.285762 -1.144684
 -1.157373 -1.641419 -1.446772 -1.360021
 -1.067801 -1.373856 -2.734065 -1.084257
 -1.102671 -1.587763 -1.427454 -1.497379
 -1.655022 -1.473634 -1.216496 -1.260352
 -1.146878 -1.840478 -1.287477 -1.395676
 -1.003679 -1.488481 -3.028647 -1.023389
 -1.282929 -1.780746 -1.123277 -1.473809
 -1.503325 -1.616383 -1.396275 -1.104195
 -1.105924 -1.755982 -1.401825 -1.385454
 -1.104803 -1.315056 -2.680228 -1.103473
 -1.337547 -1.338229 -1.410396 -1.464667
 -1.603380 -1.469498 -1.423872 -1.114852
 -1.172162 -1.794279 -1.264752 -1.419864
 -1.111136 -1.492778 -2.444604 -1.023577
 -1.250137 -1.615297 -1.407352 -1.309658
 -1.530499 -1.655841 -1.261055 -1.173490
 -1.188402 -1.742430 -1.376750 -1.317515
 -1.131211 -1.332540 -2.866031 -1.031065
 -1.340408 -1.443043 -1.366670 -1.397967
 -1.583333 -1.415545 -1.460338 -1.140187
 -1.165872 -1.742162 -1.340483 -1.380357
 -0.903207 -1.472167 -2.582726 -1.238783
 -1.311401 -1.668493 -1.161424 -1.474092
 -1.581464 -1.587568 -1.279683 -1.165462
 -1.226643 -1.733806 -1.308403 -1.347603
 -1.001988 -1.365034 -2.741667 -1.161499
 -1.072744 -1.640308 -1.464010 -1.457986
 -1.523053 -1.626882 -1.343033 -1.125899
 -1.165408 -1.885366 -1.315452 -1.316477
 -0.984433 -1.518227 -2.398914 -1.150645
 -1.221174 -1.645379 -1.314373 -1.412498
 -1.553415 -1.690697 -1.262806 -1.135612
 -1.162448 -1.751944 -1.347560 -1.370537
 -1.172961 -1.383165 -2.737822 -0.980680
 -1.282185 -1.481674 -1.292248 -1.511133
 -1.609581 -1.559396 -1.432515 -1.046805
 -0.937950 -1.283360 -1.104231 -18.005772
 -0.939244 -0.624648 -2.608746 -17.753981
 -1.192291 -0.909357 -1.225224 -17.802641
 -1.231490 -0.950006 -1.135057 -18.093426
 -18.238199 -18.238199 -18.238199 0.000000
 -18.373379 -18.373379 -18.373379 0.000000
 -17.984808 -17.984808 -17.984808 -0.000000
 -1.386294 -1.386294 -1.386294 -1.386294
 -1.386294 -1.386294 -1.386294 -1.386294
 -1.386294 -1.386294 -1.386294 -1.386294
 -1.386294 -1.386294 -1.386294 -1.386294
 -1.560603 -1.616944 -1.168862 -1.270234
 -1.195724 -1.753563 -1.464187 -1.227264
 -1.130368 -1.200735 -2.953379 -1.127168
 -1.301887 -1.749299 -1.334499 -1.235133
 -1.583151 -1.456145 -1.569700 -1.040065
 -1.209981 -1.778446 -1.261328 -1.387819
 -1.098041 -1.425751 -2.657329 -1.032788
 -1.170232 -1.641300 -1.329159 -1.464139
 -1.283516 -1.753050 -1.361211 -1.226410
 -1.025079 -1.969486 -1.290600 -1.484579
 -1.060752 -1.399968 -2.786262 -1.062622
 -1.141307 -1.684065 -1.258804 -1.555957
 -1.600034 -1.670880 -1.211755 -1.163616
 -1.198746 -1.889648 -1.299870 -1.291946
 -0.980011 -1.477638 -2.638834 -1.123707
 -1.248794 -1.420202 -1.418103 -1.472675
 -1.439905 -1.717999 -1.301009 -1.166779
 -0.878995 -1.403485 -1.081575 -18.086327
 -0.726584 -0.819238 -2.581313 -17.674976
 -0.912874 -1.291328 -1.127859 -17.832073
 -1.276354 -0.965644 -1.078195 -18.047295
 -1.166619 -1.782982 -1.246833 -1.456578
 -1.118950 -1.248334 -2.953735 -1.095865
 -1.237003 -1.723258 -1.214862 -1.450246
 -1.386294 -1.386294 -1.386294 -1.386294
 -1.142036 -1.443780 -1.332938 -1.708727
 -1.197605 -0.773320 -2.832627 -1.727392
 -1.147287 -1.400689 -1.233635 -1.932101
 -1.596580 -1.105414 -1.334508 -1.594301
 0.000000 -18.051643 -18.051643 -18.051643
 0.000000 -18.142025 -18.142025 -18.142025
 0.000000 -17.824659 -17.824659 -17.824659
 0.000000 -17.587122 -17.587122 -17.587122
 -19.310093 -19.310093 0.000000 -19.310093
 -1.386294 -1.386294 -1.386294 -1.386294
 -1.386294 -1.386294 -1.386294 -1.386294
 -1.386294 -1.386294 -1.386294 -1.386294
 -1.386294 -1.386294 -1.386294 -1.386294
 -1.386294 -1.386294 -1.386294 -1.386294
 -1.202208 -1.452936 -1.442276 -1.473168
 -1.386294 -1.386294 -1.386294 -1.386294
 -0.977826 -1.893571 -1.362783 -1.526056
 -1.127125 -1.193835 -3.078472 -1.117948
 -1.072704 -1.503643 -1.570739 -1.479694
 -1.385936 -1.719831 -1.300778 -1.209005
 -1.147145 -1.717203 -1.426551 -1.336535
 -1.156278 -1.618096 -2.665662 -0.873433
 -1.137940 -1.567833 -1.412411 -1.480739
 -1.379161 -1.656595 -1.291635 -1.263716
