 -1.231249 0.000100 0.000100 0.000100
 -1.748852 0.000100 0.000100 0.000100
 -2.058098 0.000100 0.000100 0.000100
 -0.900412 0.000100 0.000100 0.000100
 -0.986008 -1.776383 -2.199610 -1.058888
 -1.139434 -1.639897 -3.123562 -0.816446
 -1.101341 -1.700669 -2.167691 -0.992707
 -1.479552 -1.945054 -1.642513 -0.830600
 -1.041067 -1.774488 -2.104134 -1.034510
 -1.122143 -1.563975 -3.325877 -0.845890
 -1.088223 -1.617301 -2.210364 -1.035380
 -1.320244 -1.894530 -1.701728 -0.915859
 -1.071093 -1.767502 -2.106592 -1.007980
 -1.187278 -1.550597 -3.719644 -0.779608
 -1.217396 -1.901574 -1.919592 -0.896489
 -1.415600 -1.999676 -1.692192 -0.826163
 -1.044043 -1.631152 -2.300200 -1.044043
 -1.177040 -1.618096 -3.741981 -0.755390
 -1.315199 -1.649711 -2.028147 -0.896747
 -1.553959 -1.896002 -1.569959 -0.843112
 -1.083575 -1.718734 -2.292534 -0.964135
 -1.426460 -1.468307 -3.927887 -0.673654
 -1.339081 -1.846675 -1.830674 -0.867865
 -1.576949 -2.017871 -1.593478 -0.782548
 -1.164509 -1.719786 -2.258782 -0.905495
 -1.256956 -1.615734 -3.530547 -0.718573
 -1.409461 -1.604362 -1.725314 -0.976598
 -1.787031 -1.740940 -1.772979 -0.718749
 -1.128735 -1.908059 -2.524245 -0.802803
 -1.386294 -1.506922 -3.561040 -0.693148
 -1.418730 -1.710081 -1.770706 -0.899152
 -1.791759 -1.787140 -1.737692 -0.713413
 -1.189367 -1.760296 -2.726482 -0.780574
 -1.583871 -1.431108 -4.139147 -0.616482
 -1.422970 -1.745743 -2.104687 -0.770885
 -1.912501 -1.803647 -1.755497 -0.664033
 -1.187166 -1.745393 -2.595931 -0.807969
 -1.677193 -1.524516 -3.612840 -0.564929
 -1.807073 -1.884034 -2.034857 -0.592052
 -2.065610 -1.810031 -1.760228 -0.620632
 -1.284449 -1.909542 -2.576712 -0.695099
 -1.581877 -1.356794 -4.019371 -0.655925
 -1.809151 -1.534714 -2.091001 -0.698911
 -2.012921 -1.668699 -1.836391 -0.656780
 -1.362764 -1.689976 -3.583513 -0.631590
 -1.804226 -1.388066 -3.938922 -0.568505
 -1.600442 -1.744691 -2.043934 -0.705269
 -1.915159 -1.734375 -1.814417 -0.667015
 -1.242930 -1.704748 -3.661580 -0.685273
 -1.759671 -1.379074 -4.010953 -0.583449
 -1.858898 -1.759807 -2.119180 -0.594302
 -2.194575 -1.723828 -1.731291 -0.628940
 -1.379751 -1.730234 -3.639769 -0.607231
 -1.884541 -1.487044 -3.542764 -0.522345
 -2.179041 -1.898139 -2.005769 -0.506757
 -2.410334 -1.709967 -2.111841 -0.497041
 -1.162082 -1.992429 -5.231060 -0.606136
 -1.896494 -1.358541 -3.975927 -0.554937
 -2.374903 -1.746296 -1.969439 -0.522523
 -2.261880 -1.791174 -2.014318 -0.518069
 -1.335001 -1.981627 -15.199303 -0.512498
 -2.279682 -1.807324 -4.304051 -0.328397
 -1.859200 -2.288194 -1.791759 -0.551498
 -2.590862 -2.019972 -2.223137 -0.379627
 -0.496656 -0.961647 -4.691316 -15.000301
 -1.189584 -0.451255 -2.833210 -15.179049
 -1.065137 -0.786758 -1.609438 -14.669928
 -1.356043 -0.797872 -1.230880 -16.770943
 -1.246630 -1.883051 -5.003930 -0.591148
 -1.797721 -1.471551 -3.837594 -0.539209
 -2.217942 -1.584514 -2.247355 -0.543966
 -1.386294 -1.386294 -1.386294 -1.386294
 -1.520607 -1.537414 -5.614902 -0.574758
 -1.618171 -1.384557 -3.463993 -0.653927
 -1.791758 -1.629239 -2.322381 -0.617642
 -1.881865 -1.410866 -1.910149 -0.785912
 -1.335798 -1.874794 -6.218501 -0.541847
 -1.351808 -1.558145 -3.483431 -0.693147
 -1.570077 -1.721307 -2.477631 -0.636395
 -1.940972 -1.641050 -1.897591 -0.668006
 -15.554221 -15.554221 -15.554221 -0.000001
 -15.509291 -15.509291 -15.509291 -0.000001
 -14.759418 -14.759418 -14.759418 -0.000001
 -16.526224 -16.526224 -16.526224 -0.000000
 -1.386294 -1.386294 -1.386294 -1.386294
 -1.386294 -1.386294 -1.386294 -1.386294
 -1.386294 -1.386294 -1.386294 -1.386294
 -17.173801 -17.173801 -17.173801 -0.000000
 -1.386294 -1.386294 -1.386294 -1.386294
 -1.386294 -1.386294 -1.386294 -1.386294
 -1.386294 -1.386294 -1.386294 -1.386294
 -1.628406 -1.596990 -1.603886 -0.915943
 -1.880706 -0.614743 -15.545395 -1.181763
 -2.782949 -0.756999 -15.576812 -0.756999
 -2.925584 -0.451491 -5.260929 -1.189090
 -2.770850 -0.608167 -5.101593 -0.949443
 -0.000001 -14.626443 -14.626443 -14.626443
 -0.000000 -16.570444 -16.570444 -16.570444
 -0.000030 -11.512965 -11.512965 -11.512965
 -0.000000 -16.182947 -16.182947 -16.182947
 -17.173801 -17.173801 -0.000000 -17.173801
 -1.386294 -1.386294 -1.386294 -1.386294
 -1.386294 -1.386294 -1.386294 -1.386294
 -1.386294 -1.386294 -1.386294 -1.386294
 -1.386294 -1.386294 -1.386294 -1.386294
 -1.386294 -1.386294 -1.386294 -1.386294
 -1.225308 -2.036534 -0.792572 -2.094163
 -1.386294 -1.386294 -1.386294 -1.386294
 -1.295735 -1.909838 -1.840312 -0.868856
 -1.164752 -1.394327 -3.036550 -0.936494
 -1.202181 -1.877584 -1.804912 -0.962299
 -1.937470 -1.937470 -1.065276 -1.001763
 -0.919460 -1.843719 -1.827846 -1.264861
 -1.054718 -1.403536 -3.057422 -1.024505
 -1.127721 -1.679456 -1.480785 -1.338285
 -1.463681 -1.666909 -1.358320 -1.131048
 -1.230436 0.000100 0.000100 0.000100
 -1.750338 0.000100 0.000100 0.000100
 -1.500210 0.000100 0.000100 0.000100
 -1.167846 0.000100 0.000100 0.000100
 -1.227705 -1.880345 -1.149177 -1.437163
 -1.042505 -1.461821 -2.726156 -1.049407
 -1.429511 -1.726702 -1.042084 -1.469742
 -1.636062 -1.727763 -1.354309 -0.995747
 -1.113254 -1.780199 -1.440721 -1.323696
 -1.033752 -1.421587 -2.790556 -1.074080
 -1.331738 -0.994053 -1.815427 -1.593860
 -1.602077 -1.723392 -1.243288 -1.103741
 -1.173907 -1.875890 -1.537729 -1.130858
 -1.242532 -0.944158 -3.309762 -1.252408
 -1.030206 -1.666325 -1.525889 -1.440967
 -1.480651 -1.693040 -1.439567 -1.045487
 -0.915422 -1.981291 -1.479752 -1.452147
 -1.346671 -1.483703 -3.119897 -0.757287
 -1.234833 -1.540445 -1.460402 -1.336788
 -1.602003 -1.480720 -1.483154 -1.066786
 -1.182311 -1.440589 -1.628598 -1.345391
 -0.951201 -1.453292 -2.846859 -1.133522
 -1.321305 -1.577943 -1.362691 -1.306217
 -1.737624 -1.181375 -1.568875 -1.174653
 -1.175722 -1.648535 -1.435084 -1.343323
 -1.439217 -0.786132 -3.118349 -1.335400
 -1.266375 -1.552432 -1.358276 -1.389048
 -1.563234 -1.571579 -1.456905 -1.050195
 -1.097629 -1.865262 -1.452760 -1.281722
 -1.403476 -1.030629 -3.241205 -1.026218
 -1.275742 -1.416294 -1.453336 -1.409048
 -1.504373 -1.657859 -1.410514 -1.069211
 -1.106503 -1.858375 -1.461007 -1.268127
 -0.875326 -1.777565 -2.561382 -1.087594
 -1.247306 -1.652771 -1.416382 -1.277929
 -1.584864 -1.626621 -1.484529 -0.989338
 -0.842411 -2.087796 -1.611103 -1.403637
 -1.136662 -1.343735 -2.912350 -1.010892
 -1.160744 -1.744692 -1.314895 -1.412451
 -1.460081 -1.738794 -1.336309 -1.110979
 -0.906078 -2.196186 -1.391505 -1.444064
 -1.007997 -1.483822 -2.641467 -1.087600
 -1.128687 -1.823089 -1.265630 -1.456912
 -1.539010 -1.751501 -1.282947 -1.094599
 -1.323248 -1.903275 -1.109299 -1.367036
 -1.088667 -1.477091 -2.868003 -0.972274
 -1.135824 -1.624010 -1.620347 -1.259112
 -1.536569 -1.737393 -1.490427 -0.958084
 -1.149022 -1.945605 -1.293903 -1.324431
 -1.142004 -1.293235 -2.960431 -1.036644
 -1.412368 -1.778053 -1.421599 -1.060913
 -1.431590 -1.711533 -1.591306 -0.975979
 -1.139740 -1.935283 -1.247435 -1.392418
 -1.129213 -1.422561 -3.148361 -0.934725
 -1.384646 -1.752920 -1.193304 -1.297909
 -1.659674 -1.818238 -1.238915 -1.027812
 -1.082398 -1.782190 -1.491655 -1.316960
 -1.126576 -1.258829 -3.122993 -1.055992
 -1.489642 -0.991953 -1.716967 -1.495731
 -1.664096 -1.474080 -1.492838 -1.030258
 -1.050099 -1.954013 -1.406510 -1.334098
 -1.084967 -1.657002 -2.956285 -0.869013
 -1.133902 -1.821318 -1.440927 -1.274023
 -1.556527 -1.883697 -1.432385 -0.920381
 -0.875581 -1.682812 -0.922486 -17.388418
 -0.653162 -0.921272 -2.506049 -16.766245
 -0.953407 -1.371479 -1.019313 -16.941393
 -1.230549 -1.494411 -0.726731 -17.533463
 -1.217959 -1.833404 -1.422922 -1.193068
 -1.014083 -1.612863 -2.697846 -0.992637
 -1.310982 -1.974127 -1.077402 -1.381971
 -1.386294 -1.386294 -1.386294 -1.386294
 -1.230872 -1.894895 -1.225168 -1.332110
 -1.005244 -1.529916 -2.897161 -1.015252
 -1.166095 -1.905160 -1.063385 -1.638172
 -1.231823 -1.794566 -1.523034 -1.127039
 -1.405595 -1.854879 -1.368432 -1.067692
 -1.161116 -1.307976 -3.163897 -0.982868
 -1.014707 -1.683440 -1.455484 -1.521106
 -1.576185 -1.602579 -1.651295 -0.916141
 -17.298595 -17.298595 -17.298595 -0.000000
 -16.957937 -16.957937 -16.957937 -0.000000
 -16.965250 -16.965250 -16.965250 -0.000000
 -17.495602 -17.495602 -17.495602 -0.000000
 -1.386294 -1.386294 -1.386294 -1.386294
 -1.386294 -1.386294 -1.386294 -1.386294
 -1.386294 -1.386294 -1.386294 -1.386294
 -18.592110 -18.592110 -18.592110 0.000000
 -1.386294 -1.386294 -1.386294 -1.386294
 -1.386294 -1.386294 -1.386294 -1.386294
 -1.386294 -1.386294 -1.386294 -1.386294
 -1.369751 -1.579560 -1.511986 -1.141648
 -1.299062 -0.960163 -1.811509 -1.709399
 -1.040637 -1.069999 -2.654715 -1.454820
 -1.374518 -1.181429 -1.374518 -1.675379
 -1.558013 -1.355635 -1.431082 -1.228907
 0.000000 -17.264545 -17.264545 -17.264545
 0.000000 -17.446232 -17.446232 -17.446232
 0.000000 -16.921442 -16.921442 -16.921442
 0.000000 -17.117256 -17.117256 -17.117256
 -18.592110 -18.592110 0.000000 -18.592110
 -1.386294 -1.386294 -1.386294 -1.386294
 -1.386294 -1.386294 -1.386294 -1.386294
 -1.386294 -1.386294 -1.386294 -1.386294
 -1.386294 -1.386294 -1.386294 -1.386294
 -1.386294 -1.386294 -1.386294 -1.386294
 -1.154661 -1.791928 -1.405174 -1.298750
 -1.386294 -1.386294 -1.386294 -1.386294
 -1.103436 -1.538754 -1.522694 -1.446051
 -0.953895 -1.489523 -2.853642 -1.103681
 -1.345912 -1.137119 -1.786280 -1.380815
 -1.245687 -1.878462 -1.312230 -1.237140
 -1.106769 -1.877369 -1.285657 -1.427477
 -1.010388 -1.354686 -2.261614 -1.295680
 -0.920667 -1.737370 -1.550099 -1.543945
 -1.512684 -1.735121 -1.265780 -1.135430
