 -1.134808 0.000100 0.000100 0.000100
 -1.863848 0.000100 0.000100 0.000100
 -1.972537 0.000100 0.000100 0.000100
 -0.956233 0.000100 0.000100 0.000100
 -1.089043 -1.754019 -2.216642 -0.963880
 -1.034282 -1.775284 -4.097654 -0.779857
 -1.439539 -1.471287 -2.072060 -0.897942
 -1.378284 -1.869793 -1.584288 -0.944845
 -0.867417 -2.039815 -2.249535 -1.065766
 -1.144283 -1.642724 -3.178048 -0.806476
 -1.178655 -1.571697 -2.159482 -0.996334
 -1.455655 -1.883468 -1.643517 -0.864193
 -0.992429 -1.844180 -2.203835 -1.019457
 -1.134623 -1.535100 -3.341890 -0.849444
 -1.219846 -1.873772 -2.010972 -0.873896
 -1.509292 -1.944610 -1.569917 -0.849033
 -1.077778 -1.645156 -2.356651 -0.989050
 -1.232144 -1.568616 -3.951228 -0.732369
 -1.128466 -1.942239 -1.994883 -0.923671
 -1.453292 -2.043255 -1.611982 -0.827587
 -1.086123 -1.747854 -2.515901 -0.897615
 -1.313091 -1.493062 -3.116679 -0.772136
 -1.442990 -1.926415 -1.873772 -0.766650
 -1.548669 -2.048000 -1.497954 -0.832664
 -1.145132 -1.857088 -2.256244 -0.865245
 -1.225713 -1.609438 -3.433979 -0.746140
 -1.358124 -1.664497 -1.850599 -0.925260
 -1.615373 -1.919055 -1.627349 -0.780912
 -0.978123 -1.791759 -2.391815 -1.005522
 -1.262242 -1.830225 -3.564817 -0.638088
 -1.498598 -1.759323 -1.971884 -0.765285
 -1.589818 -1.856764 -1.737324 -0.768152
 -1.192945 -1.782022 -2.158831 -0.884512
 -1.405588 -1.655048 -3.669940 -0.619495
 -1.467710 -1.601241 -2.357564 -0.748130
 -1.919905 -1.912123 -1.636137 -0.671617
 -1.132846 -1.887550 -2.447165 -0.821199
 -1.424035 -1.532248 -3.478150 -0.668756
 -1.386294 -1.732040 -2.159482 -0.781559
 -1.842997 -1.797087 -1.632007 -0.733261
 -1.210252 -1.723706 -2.758600 -0.776325
 -1.719785 -1.470325 -3.106075 -0.604645
 -1.710533 -1.897119 -1.776491 -0.693148
 -1.897120 -1.712386 -1.861529 -0.665278
 -1.165304 -1.929909 -2.700015 -0.742745
 -1.603867 -1.576468 -3.047315 -0.607534
 -1.878373 -1.720149 -1.878373 -0.663038
 -2.006789 -1.736300 -1.795841 -0.647368
 -1.297407 -1.883133 -3.099524 -0.635676
 -2.028147 -1.504077 -3.532217 -0.482953
 -2.184800 -1.869720 -1.869720 -0.546166
 -2.107726 -1.775949 -1.881309 -0.585598
 -1.068154 -1.935653 -3.727400 -0.717497
 -1.812749 -1.516018 -4.210626 -0.506878
 -1.848917 -1.637608 -2.379543 -0.587788
 -2.188150 -1.727335 -1.912738 -0.575466
 -1.147884 -1.958813 -3.797080 -0.655408
 -2.105267 -1.603788 -4.257011 -0.411148
 -2.559803 -2.132362 -1.866660 -0.431578
 -2.286086 -1.943141 -1.880621 -0.506522
 -0.617436 -0.816565 -3.977792 -14.797590
 -0.952785 -0.598769 -2.735730 -14.890514
 -1.221845 -0.727550 -1.504077 -14.543061
 -1.440551 -0.752814 -1.230442 -16.278513
 -15.600582 -15.600582 -15.600582 -0.000001
 -16.047674 -16.047674 -16.047674 -0.000000
 -15.233788 -15.233788 -15.233788 -0.000001
 -1.386294 -1.386294 -1.386294 -1.386294
 -1.386294 -1.386294 -1.386294 -1.386294
 -1.386294 -1.386294 -1.386294 -1.386294
 -1.386294 -1.386294 -1.386294 -1.386294
 -2.163787 -1.599697 -1.542680 -0.756416
 -2.188294 -1.669502 -14.617514 -0.357317
 -1.963928 -1.528610 -4.179487 -0.465931
 -2.314705 -2.057986 -2.850221 -0.334547
 -2.250194 -1.605057 -2.360195 -0.511924
 -1.529750 -1.508696 -5.379799 -0.584108
 -1.603943 -1.184873 -4.102628 -0.741112
 -1.757856 -1.757856 -1.863216 -0.693149
 -1.945107 -1.383888 -1.973599 -0.760420
 -14.972393 -14.972393 -14.972393 -0.000001
 -15.406785 -15.406785 -15.406785 -0.000001
 -14.498610 -14.498610 -14.498610 -0.000002
 -16.049818 -16.049818 -16.049818 -0.000000
 -1.386294 -1.386294 -1.386294 -1.386294
 -1.386294 -1.386294 -1.386294 -1.386294
 -1.386294 -1.386294 -1.386294 -1.386294
 -16.781300 -16.781300 -16.781300 -0.000000
 -1.386294 -1.386294 -1.386294 -1.386294
 -1.386294 -1.386294 -1.386294 -1.386294
 -1.386294 -1.386294 -1.386294 -1.386294
 -1.625538 -1.739076 -1.633422 -0.838748
 -2.231847 -0.524886 -15.155762 -1.200489
 -2.573783 -0.661399 -15.042224 -0.897409
 -2.718657 -0.465266 -4.551218 -1.219037
 -2.994539 -0.564694 -5.345892 -0.976469
 -0.000002 -14.108183 -14.108183 -14.108183
 -0.000000 -16.228743 -16.228743 -16.228743
 -0.000038 -11.289832 -11.289832 -11.289832
 -0.000001 -15.735371 -15.735371 -15.735371
 -16.781300 -16.781300 -0.000000 -16.781300
 -1.386294 -1.386294 -1.386294 -1.386294
 -1.386294 -1.386294 -1.386294 -1.386294
 -1.386294 -1.386294 -1.386294 -1.386294
 -1.386294 -1.386294 -1.386294 -1.386294
 -1.386294 -1.386294 -1.386294 -1.386294
 -1.261040 -2.057530 -0.759714 -2.111373
 -1.386294 -1.386294 -1.386294 -1.386294
 -1.419569 -1.777318 -1.844010 -0.841858
 -1.279322 -1.506095 -2.874366 -0.812949
 -1.227748 -1.754998 -1.855417 -0.973514
 -2.058387 -1.796023 -1.300703 -0.834613
 -1.057309 -1.779783 -1.791759 -1.148005
 -1.061518 -1.592146 -2.705144 -0.957840
 -1.101875 -1.683796 -1.450181 -1.396114
 -1.631136 -1.711717 -1.232144 -1.102407
 -1.321605 0.000100 0.000100 0.000100
 -1.699793 0.000100 0.000100 0.000100
 -1.598064 0.000100 0.000100 0.000100
 -1.054737 0.000100 0.000100 0.000100
 -1.130725 -1.845074 -1.468597 -1.241540
 -1.166782 -1.358673 -2.942791 -0.970450
 -1.279150 -1.590277 -1.435084 -1.273816
 -1.528133 -1.765319 -1.227586 -1.142789
 -1.011601 -1.996454 -1.548878 -1.244582
 -1.022356 -1.423425 -3.013316 -1.049143
 -1.429386 -1.326871 -1.493925 -1.306566
 -1.565361 -1.692361 -1.494535 -0.960895
 -1.142587 -1.829177 -1.456938 -1.246487
 -0.823452 -1.621578 -3.200935 -1.130799
 -1.210404 -1.508897 -1.553348 -1.312186
 -1.441389 -1.718708 -1.461113 -1.043767
 -0.998667 -1.907134 -1.564190 -1.295113
 -1.043350 -1.532898 -3.165147 -0.942608
 -1.207142 -1.589077 -1.507247 -1.289834
 -1.568809 -1.697063 -1.510365 -0.947635
 -1.131004 -1.593627 -1.555161 -1.335798
 -1.022385 -1.451053 -2.880517 -1.050294
 -1.123428 -1.680534 -1.556920 -1.280934
 -1.477612 -1.799059 -1.389937 -1.029256
 -1.172875 -1.723573 -1.538431 -1.212748
 -1.222841 -1.093950 -3.574212 -1.070961
 -1.123575 -1.432008 -1.607898 -1.444995
 -1.412624 -1.858417 -1.704267 -0.870668
 -1.032123 -1.925291 -1.588819 -1.225026
 -1.179361 -1.559909 -3.472809 -0.795535
 -1.073477 -1.627787 -1.591419 -1.354091
 -1.441269 -1.824005 -1.437444 -1.009337
 -1.157813 -1.810769 -1.664441 -1.099604
 -1.066103 -1.456530 -2.987072 -0.988394
 -1.201723 -1.621333 -1.555193 -1.236012
 -1.610311 -1.479512 -1.692175 -0.945959
 -1.160119 -1.899291 -1.469959 -1.181098
 -1.092721 -1.493791 -3.150373 -0.922960
 -1.184970 -1.809908 -1.500487 -1.179105
 -1.460073 -1.637241 -1.705605 -0.937508
 -1.111231 -1.880197 -1.535927 -1.193923
 -0.917114 -1.665243 -2.581532 -1.092055
 -1.282668 -1.657362 -1.513655 -1.164886
 -1.588473 -1.925775 -1.410309 -0.901569
 -1.175532 -1.684107 -1.523557 -1.245490
 -1.044836 -1.493088 -3.161612 -0.964391
 -1.421386 -1.160456 -1.642977 -1.378826
 -1.516733 -1.727112 -1.501046 -0.967904
 -1.154531 -1.935971 -1.540815 -1.119926
 -1.204907 -1.065552 -3.352004 -1.137161
 -1.239103 -1.638996 -1.638996 -1.133184
 -1.508218 -1.617737 -1.650681 -0.945643
 -1.131838 -1.970167 -1.433126 -1.205426
 -1.156432 -1.518222 -3.309978 -0.844493
 -1.041759 -1.782660 -1.542275 -1.327715
 -1.474815 -1.775302 -1.517707 -0.960941
 -1.080319 -1.770450 -1.569231 -1.265666
 -1.072637 -1.517322 -3.013429 -0.942959
 -1.270871 -1.823245 -1.513090 -1.085646
 -1.639083 -1.546189 -1.591557 -0.943726
 -0.795626 -1.268031 -1.319324 -16.039053
 -0.889994 -0.656220 -2.651674 -15.668679
 -0.990271 -1.093650 -1.225768 -15.612258
 -1.095161 -1.049699 -1.153688 -16.263926
 -16.372738 -16.372738 -16.372738 -0.000000
 -16.298750 -16.298750 -16.298750 -0.000000
 -15.936574 -15.936574 -15.936574 -0.000000
 -1.386294 -1.386294 -1.386294 -1.386294
 -1.386294 -1.386294 -1.386294 -1.386294
 -1.386294 -1.386294 -1.386294 -1.386294
 -1.386294 -1.386294 -1.386294 -1.386294
 -1.468446 -1.826055 -1.248707 -1.133843
 -1.316866 -1.852384 -1.596451 -0.987387
 -0.935159 -1.537334 -3.146769 -1.051158
 -1.465987 -1.661118 -1.152505 -1.334162
 -1.613187 -1.754123 -1.641760 -0.834594
 -1.405343 -1.693025 -1.661476 -0.965228
 -1.310999 -1.374714 -3.220538 -0.826441
 -1.487453 -1.839529 -1.278604 -1.088460
 -1.713208 -1.645462 -1.645462 -0.835018
 -15.815639 -15.815639 -15.815639 -0.000000
 -15.681141 -15.681141 -15.681141 -0.000000
 -15.615569 -15.615569 -15.615569 -0.000001
 -16.404778 -16.404778 -16.404778 -0.000000
 -1.386294 -1.386294 -1.386294 -1.386294
 -1.386294 -1.386294 -1.386294 -1.386294
 -1.386294 -1.386294 -1.386294 -1.386294
 -17.318663 -17.318663 -17.318663 -0.000000
 -1.386294 -1.386294 -1.386294 -1.386294
 -1.386294 -1.386294 -1.386294 -1.386294
 -1.386294 -1.386294 -1.386294 -1.386294
 -1.500322 -1.493597 -1.548707 -1.079235
 -1.161263 -1.340142 -1.710161 -1.409504
 -0.976371 -1.129929 -3.975662 -1.267618
 -1.296925 -1.465865 -1.350129 -1.441621
 -1.499658 -1.441839 -1.248344 -1.373096
 -0.000000 -16.075190 -16.075190 -16.075190
 -0.000000 -15.973070 -15.973070 -15.973070
 -0.000001 -15.694977 -15.694977 -15.694977
 -0.000000 -15.948493 -15.948493 -15.948493
 -17.318663 -17.318663 -0.000000 -17.318663
 -1.386294 -1.386294 -1.386294 -1.386294
 -1.386294 -1.386294 -1.386294 -1.386294
 -1.386294 -1.386294 -1.386294 -1.386294
 -1.386294 -1.386294 -1.386294 -1.386294
 -1.386294 -1.386294 -1.386294 -1.386294
 -1.090816 -1.694863 -1.601045 -1.277448
 -1.386294 -1.386294 -1.386294 -1.386294
 -1.036092 -1.802570 -1.508118 -1.351079
 -0.958138 -1.538262 -2.563310 -1.125192
 -1.060540 -1.530544 -1.632080 -1.419681
 -1.414774 -1.768279 -1.441803 -1.050131
 -1.064251 -1.885231 -1.465724 -1.300817
 -0.937551 -1.606207 -3.207609 -1.001539
 -0.843681 -2.001790 -1.615668 -1.443818
 -1.399745 -1.843431 -1.552508 -0.958806
