 -1.192229 0.000100 0.000100 0.000100
 -1.907618 0.000100 0.000100 0.000100
 -2.060616 0.000100 0.000100 0.000100
 -0.865961 0.000100 0.000100 0.000100
 -0.974644 -1.838521 -2.077750 -1.083499
 -1.166617 -1.715182 -4.567782 -0.696614
 -1.131402 -1.849866 -2.181222 -0.898309
 -1.332806 -2.007603 -1.773610 -0.838787
 -0.943758 -1.900958 -2.163322 -1.059960
 -1.198339 -1.609438 -3.607523 -0.752502
 -1.090449 -1.833606 -2.278290 -0.912201
 -1.415503 -2.058388 -1.686149 -0.811243
 -1.077248 -1.765528 -2.005808 -1.038965
 -1.048351 -1.959750 -3.476089 -0.738850
 -1.094637 -1.999091 -2.059716 -0.910333
 -1.410240 -2.006223 -1.798005 -0.785722
 -1.009049 -1.810676 -2.297486 -0.990530
 -1.213341 -1.743968 -3.258089 -0.714350
 -1.250804 -2.140064 -2.014902 -0.770580
 -1.445394 -2.102913 -1.677646 -0.786506
 -0.984968 -1.859488 -2.552634 -0.934149
 -1.154493 -1.882730 -3.540948 -0.685928
 -1.314970 -1.578784 -2.022714 -0.933956
 -1.471060 -1.899872 -1.788232 -0.790816
 -1.043235 -1.865593 -2.502859 -0.889084
 -1.151605 -1.824549 -3.338669 -0.719293
 -1.318472 -1.845826 -1.995357 -0.824176
 -1.594206 -1.836426 -1.666527 -0.801530
 -1.034547 -1.864269 -2.319743 -0.938270
 -1.412612 -1.687048 -3.650647 -0.606137
 -1.452986 -1.958079 -1.729239 -0.803899
 -1.768822 -2.023056 -1.715830 -0.658937
 -1.288656 -1.659832 -2.410797 -0.810931
 -1.428854 -1.791759 -3.871186 -0.557016
 -1.795627 -1.750165 -1.819158 -0.697016
 -1.939493 -1.993145 -1.701534 -0.620727
 -1.139434 -1.956633 -2.525726 -0.779432
 -1.429276 -1.655803 -4.123885 -0.591678
 -1.553348 -1.871801 -1.977161 -0.700870
 -1.792757 -1.961991 -1.940937 -0.599016
 -1.339337 -1.686880 -2.698478 -0.722418
 -1.537038 -1.569299 -3.482938 -0.605000
 -1.609437 -1.936649 -1.904901 -0.679291
 -1.893542 -2.010514 -1.946888 -0.557175
 -1.192298 -1.648116 -2.866271 -0.804852
 -1.663142 -1.564702 -3.238671 -0.576091
 -1.844276 -1.681758 -1.936649 -0.670159
 -1.986456 -1.764693 -1.827391 -0.633469
 -1.650379 -1.794628 -3.290116 -0.503214
 -1.655423 -1.444114 -3.795478 -0.596817
 -1.791759 -1.671131 -2.236443 -0.619040
 -2.025374 -1.728338 -1.689977 -0.681313
 -1.683796 -1.737863 -4.340529 -0.469353
 -1.378109 -1.609438 -3.953974 -0.637208
 -1.950229 -1.640074 -2.451002 -0.548899
 -2.008214 -1.819957 -1.602749 -0.688365
 -14.984893 -14.984893 -14.984893 -0.000001
 -15.042224 -15.042224 -15.042224 -0.000001
 -14.695139 -14.695139 -14.695139 -0.000001
 -16.160196 -16.160196 -16.160196 -0.000000
 -1.386294 -1.386294 -1.386294 -1.386294
 -1.386294 -1.386294 -1.386294 -1.386294
 -1.386294 -1.386294 -1.386294 -1.386294
 -16.784386 -16.784386 -16.784386 -0.000000
 -1.386294 -1.386294 -1.386294 -1.386294
 -1.386294 -1.386294 -1.386294 -1.386294
 -1.386294 -1.386294 -1.386294 -1.386294
 -16.784386 -16.784386 -16.784386 -0.000000
 -1.386294 -1.386294 -1.386294 -1.386294
 -1.386294 -1.386294 -1.386294 -1.386294
 -1.386294 -1.386294 -1.386294 -1.386294
 -1.840704 -1.600235 -1.716112 -0.777221
 -1.456675 -2.044461 -14.943683 -0.450138
 -2.260236 -1.409461 -4.587491 -0.444381
 -2.525726 -1.730798 -2.599834 -0.402613
 -1.884169 -1.324553 -2.264224 -0.737701
 -1.181367 -2.013098 -4.930822 -0.593580
 -1.787182 -1.273621 -4.131719 -0.622322
 -1.921810 -1.554087 -1.921810 -0.701312
 -2.064255 -1.532377 -2.217225 -0.601198
 -14.969243 -14.969243 -14.969243 -0.000001
 -15.262430 -15.262430 -15.262430 -0.000001
 -14.207556 -14.207556 -14.207556 -0.000002
 -16.173531 -16.173531 -16.173531 -0.000000
 -1.386294 -1.386294 -1.386294 -1.386294
 -1.386294 -1.386294 -1.386294 -1.386294
 -1.386294 -1.386294 -1.386294 -1.386294
 -16.784386 -16.784386 -16.784386 -0.000000
 -1.386294 -1.386294 -1.386294 -1.386294
 -1.386294 -1.386294 -1.386294 -1.386294
 -1.386294 -1.386294 -1.386294 -1.386294
 -1.768910 -1.626010 -1.811993 -0.756214
 -1.662000 -0.646080 -5.805036 -1.261840
 -2.812537 -0.701011 -15.158377 -0.812237
 -2.178531 -0.608761 -14.972393 -1.070704
 -2.192857 -0.747093 -6.817731 -0.882937
 -0.000001 -14.621988 -14.621988 -14.621988
 -0.000000 -16.087637 -16.087637 -16.087637
 -0.000150 -9.903687 -9.903687 -9.903687
 -0.000000 -15.831747 -15.831747 -15.831747
 -16.784386 -16.784386 -0.000000 -16.784386
 -1.386294 -1.386294 -1.386294 -1.386294
 -1.386294 -1.386294 -1.386294 -1.386294
 -1.386294 -1.386294 -1.386294 -1.386294
 -1.386294 -1.386294 -1.386294 -1.386294
 -1.386294 -1.386294 -1.386294 -1.386294
 -1.187166 -1.990549 -0.908361 -1.863618
 -1.386294 -1.386294 -1.386294 -1.386294
 -1.188382 -2.004852 -1.781709 -0.935841
 -1.306830 -1.540445 -2.750279 -0.796005
 -1.140231 -1.745703 -1.709857 -1.124420
 -1.949226 -1.740135 -1.267776 -0.914637
 -0.943157 -1.873631 -1.885608 -1.186455
 -1.080430 -1.499501 -2.698915 -0.994170
 -1.177203 -1.577962 -1.592146 -1.265931
 -1.504077 -1.804182 -1.193511 -1.171139
 -1.351015 0.000100 0.000100 0.000100
 -1.819340 0.000100 0.000100 0.000100
 -1.903305 0.000100 0.000100 0.000100
 -0.844401 0.000100 0.000100 0.000100
 -1.077822 -1.945909 -1.560247 -1.181812
 -1.153799 -1.538210 -3.905303 -0.799255
 -1.364633 -1.661883 -1.587776 -1.048781
 -1.490249 -1.953533 -1.789230 -0.763951
 -1.122710 -1.840549 -1.891842 -1.007641
 -1.085190 -1.386294 -3.205439 -0.989880
 -1.435084 -1.098613 -1.694595 -1.406914
 -1.628434 -1.929909 -1.948601 -0.661399
 -1.003303 -2.302583 -1.510347 -1.163151
 -1.115420 -1.455287 -3.401183 -0.902498
 -1.524444 -1.488077 -1.642227 -1.013620
 -1.622861 -1.866482 -2.035105 -0.659068
 -1.182696 -1.824548 -1.642227 -1.082612
 -1.217218 -1.656584 -3.414425 -0.733422
 -1.481604 -1.663925 -1.356441 -1.121603
 -1.753732 -2.174234 -1.880887 -0.578528
 -1.015048 -1.858133 -1.695615 -1.210108
 -1.289668 -1.493266 -3.317799 -0.768372
 -1.091787 -1.725509 -1.725509 -1.176945
 -1.702353 -2.101260 -1.676377 -0.676500
 -1.171450 -1.751267 -2.023200 -0.956339
 -1.242255 -1.777772 -3.857184 -0.651763
 -1.290375 -2.059505 -1.569959 -0.943504
 -1.912785 -1.895394 -2.064016 -0.553161
 -1.061911 -2.070137 -1.677096 -1.075517
 -1.178656 -1.918320 -3.353390 -0.672387
 -1.343735 -1.248425 -1.653889 -1.343735
 -1.883050 -2.042115 -1.912903 -0.561296
 -1.112599 -1.848917 -1.909541 -1.005831
 -1.270913 -1.715597 -3.325019 -0.685980
 -1.393842 -1.456362 -1.424613 -1.279431
 -2.005664 -2.237465 -2.352535 -0.410117
 -1.054810 -1.902106 -2.045207 -0.985817
 -1.128466 -1.654557 -4.912558 -0.738269
 -1.333185 -1.992427 -1.299283 -1.116962
 -1.967324 -2.225152 -1.998095 -0.483656
 -1.137642 -1.975037 -1.492186 -1.152680
 -1.019832 -2.164960 -3.417705 -0.709678
 -1.394593 -1.576914 -1.704747 -1.011602
 -1.842264 -2.214503 -2.176036 -0.479903
 -1.327587 -1.844276 -1.707076 -0.927987
 -1.168206 -1.446919 -4.779027 -0.808833
 -1.339774 -1.435084 -1.468986 -1.309922
 -2.300407 -2.465487 -1.880554 -0.412023
 -1.369102 -1.719303 -1.895194 -0.876626
 -1.378690 -1.319849 -3.083424 -0.832147
 -1.756419 -1.715597 -1.533276 -0.840131
 -1.847929 -2.022282 -2.404216 -0.478443
 -1.456912 -1.736496 -1.673976 -0.907805
 -1.124930 -1.901457 -3.650636 -0.693148
 -1.321756 -1.709520 -1.763587 -0.965082
 -1.864596 -2.270061 -2.174751 -0.465058
 -14.478201 -14.478201 -14.478201 -0.000002
 -14.022528 -14.022528 -14.022528 -0.000002
 -13.910825 -13.910825 -13.910825 -0.000003
 -15.408820 -15.408820 -15.408820 -0.000001
 -1.386294 -1.386294 -1.386294 -1.386294
 -1.386294 -1.386294 -1.386294 -1.386294
 -1.386294 -1.386294 -1.386294 -1.386294
 -16.033627 -16.033627 -16.033627 -0.000000
 -1.386294 -1.386294 -1.386294 -1.386294
 -1.386294 -1.386294 -1.386294 -1.386294
 -1.386294 -1.386294 -1.386294 -1.386294
 -16.033627 -16.033627 -16.033627 -0.000000
 -1.386294 -1.386294 -1.386294 -1.386294
 -1.386294 -1.386294 -1.386294 -1.386294
 -1.386294 -1.386294 -1.386294 -1.386294
 -1.652802 -2.019265 -1.888812 -0.645342
 -1.163151 -1.874646 -2.174749 -0.866420
 -1.436725 -1.370034 -3.012248 -0.778671
 -1.408113 -1.843430 -2.161882 -0.729783
 -1.929448 -2.188959 -2.286123 -0.444603
 -1.304616 -1.739933 -1.475242 -1.125569
 -1.091178 -1.639742 -3.106067 -0.854790
 -1.620487 -1.419817 -1.620487 -1.014353
 -2.021843 -2.201184 -2.537656 -0.388807
 -14.408839 -14.408839 -14.408839 -0.000002
 -14.130324 -14.130324 -14.130324 -0.000002
 -13.883173 -13.883173 -13.883173 -0.000003
 -15.412877 -15.412877 -15.412877 -0.000001
 -1.386294 -1.386294 -1.386294 -1.386294
 -1.386294 -1.386294 -1.386294 -1.386294
 -1.386294 -1.386294 -1.386294 -1.386294
 -16.033627 -16.033627 -16.033627 -0.000000
 -1.386294 -1.386294 -1.386294 -1.386294
 -1.386294 -1.386294 -1.386294 -1.386294
 -1.386294 -1.386294 -1.386294 -1.386294
 -1.729536 -1.940484 -1.826074 -0.657868
 -1.033308 -1.538402 -1.356081 -1.761545
 -1.356441 -0.990983 -3.273347 -1.098613
 -1.500704 -1.629916 -1.065387 -1.441864
 -1.746577 -2.054543 -0.842408 -1.321231
 -0.000002 -14.547880 -14.547880 -14.547880
 -0.000002 -14.369398 -14.369398 -14.369398
 -0.000001 -14.924074 -14.924074 -14.924074
 -0.000001 -14.665664 -14.665664 -14.665664
 -16.033627 -16.033627 -0.000000 -16.033627
 -1.386294 -1.386294 -1.386294 -1.386294
 -1.386294 -1.386294 -1.386294 -1.386294
 -1.386294 -1.386294 -1.386294 -1.386294
 -1.386294 -1.386294 -1.386294 -1.386294
 -1.386294 -1.386294 -1.386294 -1.386294
 -0.790200 -2.122805 -1.754382 -1.372248
 -1.386294 -1.386294 -1.386294 -1.386294
 -1.756420 -0.945490 -1.828393 -1.279496
 -1.116962 -1.266494 -2.621030 -1.145133
 -1.542543 -1.603168 -1.405342 -1.079921
 -1.261384 -1.407987 -1.924677 -1.120306
 -1.089043 -1.841029 -1.553348 -1.226665
 -0.658301 -2.346068 -1.835244 -1.483024
 -0.838330 -1.952688 -1.861716 -1.308333
 -1.463967 -2.027436 -1.023235 -1.281646
