 -1.023040 0.000100 0.000100 0.000100
 -1.728671 0.000100 0.000100 0.000100
 -1.934380 0.000100 0.000100 0.000100
 -1.144241 0.000100 0.000100 0.000100
 -0.834151 -1.855801 -1.694871 -1.488077
 -0.782446 -1.401484 -3.213853 -1.361479
 -0.868090 -1.653608 -1.653608 -1.621860
 -1.334441 -1.587276 -1.195605 -1.471016
 -0.781009 -1.183926 -1.677096 -3.014597
 -0.790312 -0.750307 -3.988961 -2.890365
 -0.725335 -1.028715 -1.932426 -4.299519
 -1.241113 -0.791588 -1.673976 -2.654802
 -0.000001 -15.373656 -15.373656 -15.373656
 -0.000001 -15.269464 -15.269464 -15.269464
 -0.000002 -14.310209 -14.310209 -14.310209
 -0.000006 -13.199332 -13.199332 -13.199332
 -16.232317 -16.232317 -0.000000 -16.232317
 -1.386294 -1.386294 -1.386294 -1.386294
 -1.386294 -1.386294 -1.386294 -1.386294
 -1.386294 -1.386294 -1.386294 -1.386294
 -1.386294 -1.386294 -1.386294 -1.386294
 -1.386294 -1.386294 -1.386294 -1.386294
 -16.232317 -16.232317 -0.000000 -16.232317
 -1.386294 -1.386294 -1.386294 -1.386294
 -1.386294 -1.386294 -1.386294 -1.386294
 -1.386294 -1.386294 -1.386294 -1.386294
 -16.232317 -16.232317 -16.232317 -0.000000
 -1.386294 -1.386294 -1.386294 -1.386294
 -1.386294 -1.386294 -1.386294 -1.386294
 -1.386294 -1.386294 -1.386294 -1.386294
 -1.386294 -1.386294 -1.386294 -1.386294
 -0.000000 -16.232317 -16.232317 -16.232317
 -0.000000 -16.232317 -16.232317 -16.232317
 -1.386294 -1.386294 -1.386294 -1.386294
 -1.386294 -1.386294 -1.386294 -1.386294
 -1.386294 -1.386294 -1.386294 -1.386294
 -0.000000 -16.232317 -16.232317 -16.232317
 -1.386294 -1.386294 -1.386294 -1.386294
 -1.386294 -1.386294 -1.386294 -1.386294
 -1.386294 -1.386294 -1.386294 -1.386294
 -1.020562 -1.946802 -1.660684 -1.181335
 -1.386294 -1.386294 -1.386294 -1.386294
 -1.386294 -1.386294 -1.386294 -1.386294
 -1.386294 -1.386294 -1.386294 -1.386294
 -1.024681 -1.890540 -1.767308 -1.141603
 -0.841068 -1.707877 -2.510219 -1.183354
 -1.202409 -1.600092 -1.750373 -1.127186
 -1.095710 -1.928618 -1.421801 -1.276294
 -1.161626 -1.814926 -1.554969 -1.161626
 -0.891999 -1.775498 -3.012253 -0.989979
 -1.031602 -1.479626 -1.644705 -1.501605
 -1.326871 -1.886486 -1.561064 -0.985701
 -0.912145 -1.881544 -1.918585 -1.206747
 -0.931958 -1.625103 -2.697735 -1.073036
 -1.138819 -1.786844 -1.484564 -1.252763
 -1.408517 -1.802809 -1.431246 -1.045124
 -0.964082 -1.901574 -1.816051 -1.181994
 -0.900376 -1.898903 -2.666154 -0.982614
 -1.198961 -1.579732 -1.486642 -1.323013
 -1.609438 -1.651997 -1.491655 -0.958851
 -0.779382 -2.054123 -1.717651 -1.454067
 -0.977399 -1.656940 -3.188406 -0.937126
 -1.139435 -1.491655 -1.634755 -1.347074
 -1.510748 -1.710081 -1.818715 -0.829723
 -1.106160 0.000100 0.000100 0.000100
 -1.845826 0.000100 0.000100 0.000100
 -1.540445 0.000100 0.000100 0.000100
 -1.214049 0.000100 0.000100 0.000100
 -0.788459 -2.397887 -1.181501 -1.912384
 -0.793235 -1.945903 -3.737579 -0.965084
 -0.784958 -2.251282 -1.209839 -1.963604
 -1.425009 -1.730388 -1.037245 -1.479076
 -1.178656 -1.508896 -1.425515 -1.466337
 -0.753777 -1.128468 -3.526272 -1.734596
 -1.245938 -1.517870 -1.457246 -1.346021
 -1.011603 -1.704745 -1.299284 -1.704745
 -0.000003 -13.698981 -13.698981 -13.698981
 -0.000005 -13.304691 -13.304691 -13.304691
 -0.000005 -13.270790 -13.270790 -13.270790
 -0.000005 -13.287885 -13.287885 -13.287885
 -14.793839 -14.793839 -0.000001 -14.793839
 -1.386294 -1.386294 -1.386294 -1.386294
 -1.386294 -1.386294 -1.386294 -1.386294
 -1.386294 -1.386294 -1.386294 -1.386294
 -1.386294 -1.386294 -1.386294 -1.386294
 -1.386294 -1.386294 -1.386294 -1.386294
 -14.793839 -14.793839 -0.000001 -14.793839
 -1.386294 -1.386294 -1.386294 -1.386294
 -1.386294 -1.386294 -1.386294 -1.386294
 -1.386294 -1.386294 -1.386294 -1.386294
 -14.793839 -14.793839 -14.793839 -0.000001
 -1.386294 -1.386294 -1.386294 -1.386294
 -1.386294 -1.386294 -1.386294 -1.386294
 -1.386294 -1.386294 -1.386294 -1.386294
 -1.386294 -1.386294 -1.386294 -1.386294
 -0.000001 -14.793839 -14.793839 -14.793839
 -0.000001 -14.793839 -14.793839 -14.793839
 -1.386294 -1.386294 -1.386294 -1.386294
 -1.386294 -1.386294 -1.386294 -1.386294
 -1.386294 -1.386294 -1.386294 -1.386294
 -0.000001 -14.793839 -14.793839 -14.793839
 -1.386294 -1.386294 -1.386294 -1.386294
 -1.386294 -1.386294 -1.386294 -1.386294
 -1.386294 -1.386294 -1.386294 -1.386294
 -0.929537 -2.149507 -1.523053 -1.306830
 -1.386294 -1.386294 -1.386294 -1.386294
 -1.386294 -1.386294 -1.386294 -1.386294
 -1.386294 -1.386294 -1.386294 -1.386294
 -1.043043 -1.820745 -1.658227 -1.219974
 -0.600781 -2.335354 -12.644341 -1.036096
 -1.116006 -1.863214 -1.287855 -1.421385
 -1.332227 -1.878767 -1.141173 -1.332227
 -0.966442 -2.730017 -1.430746 -1.154494
 -0.916294 -1.491654 -12.899230 -0.980833
 -0.942046 -1.998090 -1.512587 -1.369487
 -1.678429 -1.484274 -1.272966 -1.181995
 -0.716139 -2.685565 -1.704746 -1.341843
 -0.916294 -2.079432 -3.688789 -0.798512
 -1.192140 -1.828123 -1.192140 -1.460402
 -1.362197 -1.841767 -1.148624 -1.315677
 -0.885833 -2.495261 -1.439216 -1.316615
 -1.011605 -1.098615 -2.803323 -1.417066
 -1.049824 -1.696447 -1.791756 -1.203974
 -1.111859 -2.028143 -1.622682 -1.072638
 -0.847300 -1.751752 -1.751752 -1.493925
 -1.386294 -1.049825 -12.899230 -0.916294
 -1.139436 -1.427116 -1.514127 -1.514127
 -1.024506 -1.958809 -1.791757 -1.098614
