 -1.059555 0.000100 0.000100 0.000100
 -1.512588 0.000100 0.000100 0.000100
 -1.985673 0.000100 0.000100 0.000100
 -1.218198 0.000100 0.000100 0.000100
 -0.901728 -1.902841 -1.594874 -1.418595
 -0.815750 -1.284016 -3.162779 -1.433547
 -0.756864 -1.532248 -1.653608 -2.091861
 -1.400725 -1.620965 -1.270105 -1.290724
 -0.923086 -1.030975 -1.571781 -3.260351
 -0.740673 -0.804622 -3.388608 -3.165467
 -0.782200 -1.144492 -1.578530 -4.020854
 -1.375522 -0.803737 -1.434363 -2.790800
 -0.000001 -15.343740 -15.343740 -15.343740
 -0.000001 -15.339392 -15.339392 -15.339392
 -0.000002 -14.566929 -14.566929 -14.566929
 -0.000006 -13.081550 -13.081550 -13.081550
 -16.283611 -16.283611 -0.000000 -16.283611
 -1.386294 -1.386294 -1.386294 -1.386294
 -1.386294 -1.386294 -1.386294 -1.386294
 -1.386294 -1.386294 -1.386294 -1.386294
 -1.386294 -1.386294 -1.386294 -1.386294
 -1.386294 -1.386294 -1.386294 -1.386294
 -16.283611 -16.283611 -0.000000 -16.283611
 -1.386294 -1.386294 -1.386294 -1.386294
 -1.386294 -1.386294 -1.386294 -1.386294
 -1.386294 -1.386294 -1.386294 -1.386294
 -16.283611 -16.283611 -16.283611 -0.000000
 -1.386294 -1.386294 -1.386294 -1.386294
 -1.386294 -1.386294 -1.386294 -1.386294
 -1.386294 -1.386294 -1.386294 -1.386294
 -1.386294 -1.386294 -1.386294 -1.386294
 -0.000000 -16.283611 -16.283611 -16.283611
 -0.000000 -16.283611 -16.283611 -16.283611
 -1.386294 -1.386294 -1.386294 -1.386294
 -1.386294 -1.386294 -1.386294 -1.386294
 -1.386294 -1.386294 -1.386294 -1.386294
 -16.283611 -1.054677 -16.283611 -0.428179
 -1.386294 -1.386294 -1.386294 -1.386294
 -1.386294 -1.386294 -1.386294 -1.386294
 -1.386294 -1.386294 -1.386294 -1.386294
 -1.386294 -1.386294 -1.386294 -1.386294
 -1.021381 -1.828938 -2.686386 -0.888695
 -1.386294 -1.386294 -1.386294 -1.386294
 -1.463307 -2.263064 -1.260596 -0.964919
 -1.152169 -1.855071 -1.676023 -1.077368
 -0.840473 -1.725509 -3.037685 -1.071584
 -1.410987 -1.655183 -1.791759 -0.920365
 -1.275753 -2.008430 -1.704748 -0.904457
 -1.101433 -1.829066 -1.794580 -1.076328
 -0.991641 -1.512174 -2.740834 -1.066864
 -1.185153 -1.599128 -1.796953 -1.119556
 -1.485198 -1.718292 -1.634411 -0.918536
 -1.095735 -1.806273 -1.690441 -1.148845
 -1.049165 -1.508696 -3.077304 -0.961057
 -1.315199 -1.609437 -1.583462 -1.119890
 -1.554630 -1.777773 -1.439319 -0.960690
 -1.135314 -1.819158 -1.574036 -1.173414
 -1.151131 -1.499437 -2.885725 -0.904731
 -1.131870 -1.728389 -1.414732 -1.358643
 -1.410509 -1.845826 -1.628762 -0.911518
 -1.034255 -1.785995 -1.839105 -1.145959
 -1.138222 -1.396051 -3.536102 -0.909036
 -1.196251 -1.759719 -1.563975 -1.151131
 -1.469571 -1.774952 -1.803939 -0.830491
 -1.259543 0.000100 0.000100 0.000100
 -1.556794 0.000100 0.000100 0.000100
 -1.482686 0.000100 0.000100 0.000100
 -1.278774 0.000100 0.000100 0.000100
 -1.043043 -2.456728 -1.188225 -1.358124
 -0.922724 -1.360977 -3.258068 -1.178656
 -0.996831 -2.032917 -1.063522 -1.865865
 -1.302525 -1.862138 -1.338892 -1.168994
 -0.912363 -1.410200 -1.625310 -1.848453
 -1.252764 -0.847301 -2.926713 -1.460402
 -1.143565 -1.738269 -1.466337 -1.291984
 -1.519825 -1.306252 -1.568615 -1.197053
 -0.000003 -13.972518 -13.972518 -13.972518
 -0.000003 -13.785055 -13.785055 -13.785055
 -0.000004 -13.444452 -13.444452 -13.444452
 -0.000003 -13.676253 -13.676253 -13.676253
 -15.123844 -15.123844 -0.000001 -15.123844
 -1.386294 -1.386294 -1.386294 -1.386294
 -1.386294 -1.386294 -1.386294 -1.386294
 -1.386294 -1.386294 -1.386294 -1.386294
 -1.386294 -1.386294 -1.386294 -1.386294
 -1.386294 -1.386294 -1.386294 -1.386294
 -15.123844 -15.123844 -0.000001 -15.123844
 -1.386294 -1.386294 -1.386294 -1.386294
 -1.386294 -1.386294 -1.386294 -1.386294
 -1.386294 -1.386294 -1.386294 -1.386294
 -15.123844 -15.123844 -15.123844 -0.000001
 -1.386294 -1.386294 -1.386294 -1.386294
 -1.386294 -1.386294 -1.386294 -1.386294
 -1.386294 -1.386294 -1.386294 -1.386294
 -1.386294 -1.386294 -1.386294 -1.386294
 -0.000001 -15.123844 -15.123844 -15.123844
 -0.000001 -15.123844 -15.123844 -15.123844
 -1.386294 -1.386294 -1.386294 -1.386294
 -1.386294 -1.386294 -1.386294 -1.386294
 -1.386294 -1.386294 -1.386294 -1.386294
 -15.123844 -1.117713 -15.123844 -0.396051
 -1.386294 -1.386294 -1.386294 -1.386294
 -1.386294 -1.386294 -1.386294 -1.386294
 -1.386294 -1.386294 -1.386294 -1.386294
 -1.386294 -1.386294 -1.386294 -1.386294
 -1.082219 -1.660295 -3.004018 -0.863966
 -1.386294 -1.386294 -1.386294 -1.386294
 -1.312760 -2.083464 -1.283347 -1.110734
 -1.637608 -1.504077 -1.686398 -0.920932
 -1.044547 -1.349927 -3.988891 -0.993254
 -1.373049 -2.238039 -1.226446 -1.059393
 -1.594512 -1.945908 -1.594512 -0.796006
 -1.087053 -1.681757 -1.458615 -1.409825
 -0.708654 -1.609436 -3.075748 -1.341174
 -0.990401 -1.945906 -1.415282 -1.415282
 -1.315067 -1.785069 -1.507438 -1.072121
 -1.059998 -2.010971 -1.260669 -1.442989
 -0.900789 -1.450832 -4.158789 -1.067842
 -1.457246 -1.457246 -1.517870 -1.154966
 -1.296144 -1.773066 -1.331235 -1.229452
 -1.170072 -2.188637 -1.287855 -1.198243
 -0.946598 -1.160171 -3.106053 -1.371479
 -1.136354 -1.996550 -1.349927 -1.258955
 -1.137079 -2.178528 -1.405342 -1.137079
 -1.220503 -1.545924 -1.970805 -1.042822
 -1.645154 -1.047321 -4.042958 -0.824178
 -1.410987 -1.767660 -1.462280 -1.039425
 -1.433251 -1.695614 -1.918757 -0.841202
