 -1.125623 0.000100 0.000100 0.000100
 -1.580546 0.000100 0.000100 0.000100
 -1.719175 0.000100 0.000100 0.000100
 -1.236245 0.000100 0.000100 0.000100
 -1.070271 -1.699627 -1.384243 -1.496916
 -0.921157 -1.290690 -2.788898 -1.326622
 -0.894232 -1.605727 -1.483837 -1.810521
 -1.332710 -1.566783 -1.386294 -1.281852
 -0.926047 -1.018420 -1.722378 -2.747657
 -0.774759 -0.867352 -3.126128 -2.587134
 -1.057662 -0.969109 -1.449333 -3.254879
 -1.342331 -0.793527 -1.492904 -2.783885
 -0.000001 -15.523890 -15.523890 -15.523890
 -0.000001 -15.605603 -15.605603 -15.605603
 -0.000001 -14.767170 -14.767170 -14.767170
 -0.000003 -13.721204 -13.721204 -13.721204
 -16.524227 -16.524227 -0.000000 -16.524227
 -1.386294 -1.386294 -1.386294 -1.386294
 -1.386294 -1.386294 -1.386294 -1.386294
 -1.386294 -1.386294 -1.386294 -1.386294
 -1.386294 -1.386294 -1.386294 -1.386294
 -1.386294 -1.386294 -1.386294 -1.386294
 -16.524227 -16.524227 -0.000000 -16.524227
 -1.386294 -1.386294 -1.386294 -1.386294
 -1.386294 -1.386294 -1.386294 -1.386294
 -1.386294 -1.386294 -1.386294 -1.386294
 -16.524227 -16.524227 -16.524227 -0.000000
 -1.386294 -1.386294 -1.386294 -1.386294
 -1.386294 -1.386294 -1.386294 -1.386294
 -1.386294 -1.386294 -1.386294 -1.386294
 -1.386294 -1.386294 -1.386294 -1.386294
 -0.000000 -16.524227 -16.524227 -16.524227
 -16.524227 -2.641057 -0.890640 -0.657160
 -1.386294 -1.386294 -1.386294 -1.386294
 -1.386294 -1.386294 -1.386294 -1.386294
 -1.386294 -1.386294 -1.386294 -1.386294
 -1.386294 -1.386294 -1.386294 -1.386294
 -13.883173 -13.883173 -0.000003 -13.883173
 -15.633588 -15.633588 -0.000000 -15.633588
 -15.867067 -15.867067 -0.000000 -15.867067
 -1.386294 -1.386294 -1.386294 -1.386294
 -1.386294 -1.386294 -1.386294 -1.386294
 -1.350307 -2.120930 -1.804498 -0.784468
 -1.386294 -1.386294 -1.386294 -1.386294
 -1.127298 -1.673120 -1.509232 -1.319188
 -1.018570 -1.758969 -2.248515 -1.018570
 -0.998529 -1.638187 -1.577562 -1.466337
 -1.292977 -2.018559 -1.211299 -1.221151
 -1.071329 -1.904237 -1.598855 -1.182920
 -1.111035 -1.581038 -2.853999 -0.897942
 -1.420196 -1.280934 -1.420196 -1.431757
 -1.548264 -1.825016 -1.505246 -0.905832
 -1.103397 -1.894735 -1.619030 -1.140031
 -1.144638 -1.476772 -2.370588 -1.022036
 -1.184687 -1.722079 -1.355835 -1.355835
 -1.518120 -1.675305 -1.536469 -0.971576
 -1.013929 -1.904901 -1.541996 -1.293101
 -1.031804 -1.609438 -2.844178 -0.953332
 -1.191536 -1.602635 -1.460665 -1.336367
 -1.511060 -1.615420 -1.547761 -1.000235
 -1.322307 -1.827637 -1.322307 -1.183623
 -0.983231 -1.602269 -2.737245 -1.022451
 -1.301642 -1.440754 -1.396952 -1.411340
 -1.398717 -1.686399 -1.504077 -1.062245
 -1.354175 0.000100 0.000100 0.000100
 -1.365736 0.000100 0.000100 0.000100
 -1.600575 0.000100 0.000100 0.000100
 -1.255735 0.000100 0.000100 0.000100
 -1.287855 -1.757856 -1.064712 -1.575535
 -1.158511 -1.681757 -3.068033 -0.790788
 -1.000634 -1.821609 -1.386294 -1.511457
 -1.232144 -1.473305 -1.673975 -1.232144
 -1.425515 -1.147884 -1.348554 -1.699950
 -1.214445 -1.067842 -1.961654 -1.519825
 -1.595048 -1.595048 -1.669155 -0.901904
 -1.272966 -2.040217 -0.843972 -1.832579
 -0.000003 -13.664692 -13.664692 -13.664692
 -0.000004 -13.617064 -13.617064 -13.617064
 -0.000003 -13.732133 -13.732133 -13.732133
 -0.000004 -13.554151 -13.554151 -13.554151
 -15.030424 -15.030424 -0.000001 -15.030424
 -1.386294 -1.386294 -1.386294 -1.386294
 -1.386294 -1.386294 -1.386294 -1.386294
 -1.386294 -1.386294 -1.386294 -1.386294
 -1.386294 -1.386294 -1.386294 -1.386294
 -1.386294 -1.386294 -1.386294 -1.386294
 -15.030424 -15.030424 -0.000001 -15.030424
 -1.386294 -1.386294 -1.386294 -1.386294
 -1.386294 -1.386294 -1.386294 -1.386294
 -1.386294 -1.386294 -1.386294 -1.386294
 -15.030424 -15.030424 -15.030424 -0.000001
 -1.386294 -1.386294 -1.386294 -1.386294
 -1.386294 -1.386294 -1.386294 -1.386294
 -1.386294 -1.386294 -1.386294 -1.386294
 -1.386294 -1.386294 -1.386294 -1.386294
 -0.000001 -15.030424 -15.030424 -15.030424
 -15.030424 -2.729037 -0.726333 -0.796203
 -1.386294 -1.386294 -1.386294 -1.386294
 -1.386294 -1.386294 -1.386294 -1.386294
 -1.386294 -1.386294 -1.386294 -1.386294
 -1.386294 -1.386294 -1.386294 -1.386294
 -12.301401 -12.301401 -0.000014 -12.301401
 -14.304093 -14.304093 -0.000002 -14.304093
 -14.234223 -14.234223 -0.000002 -14.234223
 -1.386294 -1.386294 -1.386294 -1.386294
 -1.386294 -1.386294 -1.386294 -1.386294
 -1.016062 -1.742545 -1.615390 -1.331447
 -1.386294 -1.386294 -1.386294 -1.386294
 -1.370034 -2.239067 -0.743580 -1.808287
 -1.187167 -1.369487 -2.285768 -1.081807
 -0.985819 -1.639742 -1.371479 -1.719784
 -1.156433 -2.186046 -0.962277 -1.655422
 -1.406097 -1.734599 -1.190986 -1.292769
 -1.098614 -2.140057 -3.238636 -0.673733
 -1.343735 -1.609437 -1.081371 -1.609437
 -1.461517 -1.526055 -1.400893 -1.189585
 -0.950978 -1.838277 -1.532897 -1.432814
 -1.182697 -1.036094 -3.028495 -1.236763
 -0.775066 -1.716046 -1.310583 -2.409187
 -1.812377 -1.694594 -1.119233 -1.119233
 -1.609437 -1.927889 -1.655957 -0.768656
 -0.990401 -1.203974 -3.149855 -1.252764
 -1.466337 -1.265667 -1.412270 -1.412270
 -1.730388 -1.536234 -1.536234 -0.935462
 -1.086191 -1.817075 -1.386294 -1.386294
 -0.865000 -1.691674 -3.232093 -1.034898
 -1.529394 -1.609436 -0.958853 -1.609436
 -1.537694 -1.299283 -1.851350 -1.034591
