 -1.059830 0.000100 0.000100 0.000100
 -1.568080 0.000100 0.000100 0.000100
 -1.831409 0.000100 0.000100 0.000100
 -1.255784 0.000100 0.000100 0.000100
 -0.877405 -1.594082 -1.575214 -1.748233
 -0.911480 -1.505686 -2.407586 -1.251157
 -0.775984 -1.564440 -1.544638 -2.144257
 -1.508794 -1.498212 -1.333590 -1.231808
 -0.826679 -0.947091 -1.929501 -3.526355
 -0.683787 -0.859917 -3.057135 -3.685738
 -0.791819 -0.829560 -2.364887 -4.087637
 -1.445409 -0.581763 -1.870292 -2.968900
 -0.000001 -15.627073 -15.627073 -15.627073
 -0.000001 -15.704095 -15.704095 -15.704095
 -0.000002 -14.363634 -14.363634 -14.363634
 -0.000006 -13.038990 -13.038990 -13.038990
 -16.518213 -16.518213 -0.000000 -16.518213
 -1.386294 -1.386294 -1.386294 -1.386294
 -1.386294 -1.386294 -1.386294 -1.386294
 -1.386294 -1.386294 -1.386294 -1.386294
 -1.386294 -1.386294 -1.386294 -1.386294
 -1.386294 -1.386294 -1.386294 -1.386294
 -16.518213 -16.518213 -0.000000 -16.518213
 -1.386294 -1.386294 -1.386294 -1.386294
 -1.386294 -1.386294 -1.386294 -1.386294
 -1.386294 -1.386294 -1.386294 -1.386294
 -16.518213 -16.518213 -16.518213 -0.000000
 -1.386294 -1.386294 -1.386294 -1.386294
 -1.386294 -1.386294 -1.386294 -1.386294
 -1.386294 -1.386294 -1.386294 -1.386294
 -1.386294 -1.386294 -1.386294 -1.386294
 -0.000000 -16.518213 -16.518213 -16.518213
 -16.518213 -0.915956 -1.770538 -0.844843
 -1.386294 -1.386294 -1.386294 -1.386294
 -1.386294 -1.386294 -1.386294 -1.386294
 -1.386294 -1.386294 -1.386294 -1.386294
 -1.386294 -1.386294 -1.386294 -1.386294
 -0.936596 -1.596126 -15.602258 -0.902980
 -0.725151 -1.687186 -14.747676 -1.106518
 -1.190030 -1.762549 -15.673370 -0.645919
 -1.393567 -2.154664 -1.120591 -1.171885
 -1.138985 -1.533276 -2.260323 -1.022451
 -1.386294 -1.386294 -1.386294 -1.386294
 -1.699475 -2.151459 -1.274910 -0.864054
 -1.130826 -1.771787 -1.788881 -1.078640
 -0.959500 -1.902106 -3.357383 -0.837398
 -1.594324 -1.771658 -1.801963 -0.772345
 -1.319486 -1.915469 -1.609438 -0.953332
 -1.132846 -1.611844 -1.768005 -1.178655
 -1.025409 -1.706859 -2.760005 -0.924766
 -1.163151 -1.491655 -1.719438 -1.261131
 -1.283274 -1.952610 -1.641671 -0.948524
 -1.182467 -1.813738 -1.712386 -1.049822
 -1.223021 -1.375037 -3.094816 -0.897599
 -1.281751 -1.550014 -1.530966 -1.224592
 -1.603707 -1.613276 -1.693319 -0.877771
 -1.044008 -1.796874 -1.722766 -1.192138
 -1.153799 -1.507439 -3.132138 -0.868780
 -1.140460 -1.783595 -1.647020 -1.140460
 -1.520338 -1.917639 -1.633011 -0.823101
 -1.025001 -2.156401 -1.661706 -1.091692
 -1.118494 -1.303228 -3.745560 -0.972987
 -1.469130 -1.626315 -1.506171 -1.045647
 -1.621860 -1.840549 -1.725238 -0.764410
 -1.214827 0.000100 0.000100 0.000100
 -1.519731 0.000100 0.000100 0.000100
 -1.575647 0.000100 0.000100 0.000100
 -1.281595 0.000100 0.000100 0.000100
 -1.130289 -1.963887 -1.362091 -1.270741
 -1.039945 -1.167390 -2.857675 -1.280330
 -1.291856 -2.032630 -1.161236 -1.268867
 -1.455287 -1.574346 -1.445135 -1.127600
 -1.089684 -1.399838 -1.622982 -1.515351
 -1.264739 -0.816046 -3.486346 -1.406914
 -1.248242 -1.471385 -1.511659 -1.336210
 -1.684590 -1.262996 -1.548015 -1.142550
 -0.000001 -15.226499 -15.226499 -15.226499
 -0.000001 -15.299386 -15.299386 -15.299386
 -0.000001 -14.786291 -14.786291 -14.786291
 -0.000001 -15.196794 -15.196794 -15.196794
 -16.532190 -16.532190 -0.000000 -16.532190
 -1.386294 -1.386294 -1.386294 -1.386294
 -1.386294 -1.386294 -1.386294 -1.386294
 -1.386294 -1.386294 -1.386294 -1.386294
 -1.386294 -1.386294 -1.386294 -1.386294
 -1.386294 -1.386294 -1.386294 -1.386294
 -16.532190 -16.532190 -0.000000 -16.532190
 -1.386294 -1.386294 -1.386294 -1.386294
 -1.386294 -1.386294 -1.386294 -1.386294
 -1.386294 -1.386294 -1.386294 -1.386294
 -16.532190 -16.532190 -16.532190 -0.000000
 -1.386294 -1.386294 -1.386294 -1.386294
 -1.386294 -1.386294 -1.386294 -1.386294
 -1.386294 -1.386294 -1.386294 -1.386294
 -1.386294 -1.386294 -1.386294 -1.386294
 -0.000000 -16.532190 -16.532190 -16.532190
 -16.532190 -1.210382 -1.181965 -0.928259
 -1.386294 -1.386294 -1.386294 -1.386294
 -1.386294 -1.386294 -1.386294 -1.386294
 -1.386294 -1.386294 -1.386294 -1.386294
 -1.386294 -1.386294 -1.386294 -1.386294
 -0.853972 -1.568172 -15.321809 -1.005522
 -0.807166 -1.403686 -15.350225 -1.177040
 -1.013694 -1.693110 -15.603931 -0.791472
 -1.145132 -1.788518 -1.412612 -1.305253
 -1.017120 -1.572396 -2.466212 -1.061571
 -1.386294 -1.386294 -1.386294 -1.386294
 -1.501490 -1.930485 -1.412543 -0.945202
 -1.116962 -1.992429 -1.432814 -1.211578
 -0.888999 -1.683241 -2.968434 -1.044754
 -1.218757 -1.850028 -1.262242 -1.331235
 -1.500101 -1.545771 -1.335798 -1.201320
 -1.242900 -1.913404 -1.212823 -1.322307
 -1.193923 -1.568616 -2.685573 -0.866419
 -1.340309 -1.803593 -1.275069 -1.223776
 -1.525177 -1.677646 -1.392910 -1.057703
 -1.106160 -2.160319 -1.403994 -1.176777
 -1.018278 -1.494616 -2.799561 -1.039555
 -1.263905 -1.558144 -1.434531 -1.314167
 -1.493925 -1.728497 -1.342375 -1.088460
 -1.224687 -1.957364 -1.449770 -1.107766
 -1.058388 -1.172147 -2.882931 -1.247182
 -1.120185 -1.767661 -1.558907 -1.228666
 -1.442223 -1.950102 -1.286809 -1.063666
 -1.003714 -1.886617 -1.466337 -1.381780
 -1.062112 -1.318045 -3.029756 -1.083852
 -1.232592 -1.654317 -1.322540 -1.383165
 -1.452629 -1.615668 -1.327986 -1.196410
