 -1.105745 0.000100 0.000100 0.000100
 -1.595557 0.000100 0.000100 0.000100
 -1.592058 0.000100 0.000100 0.000100
 -1.336613 0.000100 0.000100 0.000100
 -0.917724 -1.636280 -1.724629 -1.480031
 -0.880153 -1.494775 -2.801025 -1.203194
 -0.864125 -1.366697 -1.976645 -1.686865
 -1.420227 -1.497785 -1.376424 -1.265011
 -0.873785 -1.512538 -1.647752 -1.773139
 -0.815236 -1.389522 -2.828925 -1.389522
 -0.847298 -1.257776 -1.623827 -2.407944
 -1.515605 -1.259952 -1.270105 -1.533149
 -0.704562 -1.482866 -1.831636 -2.132528
 -0.526237 -1.476375 -3.061518 -2.010698
 -0.690600 -1.252763 -2.049288 -2.474753
 -1.379929 -1.046362 -1.470176 -1.787935
 -0.519173 -2.237423 -16.813740 -1.209809
 -0.779253 -2.130591 -16.216129 -0.861603
 -0.667830 -1.917264 -15.581953 -1.078307
 -1.133298 -1.747307 -15.479438 -0.685600
 -16.892363 -16.892363 -0.000000 -16.892363
 -15.469923 -15.469923 -0.000001 -15.469923
 -1.386294 -1.386294 -1.386294 -1.386294
 -16.542709 -16.542709 -0.000000 -16.542709
 -1.386294 -1.386294 -1.386294 -1.386294
 -1.386294 -1.386294 -1.386294 -1.386294
 -17.558168 -17.558168 -17.558168 -0.000000
 -1.386294 -1.386294 -1.386294 -1.386294
 -1.386294 -1.386294 -1.386294 -1.386294
 -1.386294 -1.386294 -1.386294 -1.386294
 -1.386294 -1.386294 -1.386294 -1.386294
 -0.303522 -4.610156 -1.471563 -3.804532
 -0.182964 -3.522516 -3.169107 -2.347212
 -0.303689 -1.791755 -3.737579 -2.639033
 -0.107772 -3.238676 -3.138593 -3.931821
 -1.046788 -2.240704 -1.211091 -1.407800
 -3.774319 -4.734779 -0.051159 -4.009885
 -1.658227 -2.100058 -0.571593 -2.100058
 -2.475050 -2.823355 -0.208403 -3.111034
 -3.129675 -1.925707 -0.277050 -2.947354
 -1.452252 -1.857716 -1.142098 -1.235188
 -2.001477 -0.758288 -2.763609 -1.098613
 -2.403350 -2.663711 -3.087938 -0.230293
 -1.646824 -1.983295 -1.194841 -1.002470
 -0.831475 -2.103655 -1.604664 -1.420361
 -0.903800 -1.661025 -2.789487 -1.068349
 -1.075884 -1.421386 -1.575536 -1.557187
 -0.812423 -2.179789 -1.511960 -1.502038
 -1.373798 -1.673794 -1.994072 -0.859953
 -1.091259 -1.427732 -2.963059 -0.986998
 -1.343155 -1.501760 -1.611761 -1.149784
 -1.597365 -1.808086 -1.597365 -0.841244
 -1.070052 -1.581786 -2.012569 -1.146468
 -1.157123 -1.419487 -2.710470 -0.974802
 -1.137895 -1.485000 -1.607898 -1.375566
 -1.591686 -1.624476 -1.606457 -0.919280
 -1.132338 -1.761606 -1.751754 -1.101167
 -1.146567 -1.442470 -2.791721 -0.955512
 -1.204977 -1.615480 -1.374318 -1.392337
 -1.667707 -1.646505 -1.646505 -0.853607
 -1.149768 -1.699077 -1.733144 -1.127909
 -1.118030 -1.367246 -2.852630 -1.020050
 -1.404695 -1.404695 -1.338373 -1.398997
 -1.563541 -1.721854 -1.585589 -0.898832
 -1.281550 0.000100 0.000100 0.000100
 -1.569311 0.000100 0.000100 0.000100
 -1.626779 0.000100 0.000100 0.000100
 -1.146827 0.000100 0.000100 0.000100
 -1.202034 -1.587887 -1.492319 -1.308554
 -1.090218 -1.337688 -2.813528 -1.074665
 -1.321477 -1.475581 -1.442613 -1.315636
 -1.563830 -1.649552 -1.342029 -1.087031
 -1.162614 -1.824066 -1.374550 -1.298245
 -1.073724 -1.387708 -2.824871 -1.051814
 -1.323036 -1.604156 -1.443846 -1.215381
 -1.572783 -1.730030 -1.303267 -1.068245
 -1.124792 -1.450121 -1.509047 -1.515867
 -1.087341 -1.071440 -2.668272 -1.382297
 -1.354584 -1.265592 -1.355382 -1.599367
 -1.593711 -1.355735 -1.393237 -1.235113
 -0.819753 -2.591458 -19.743450 -0.724537
 -0.870145 -2.610113 -19.737625 -0.678095
 -0.858982 -2.382487 -19.466806 -0.725492
 -1.089707 -2.597885 -19.627460 -0.528898
 -20.133938 -20.133938 0.000000 -20.133938
 -18.485720 -18.485720 0.000000 -18.485720
 -1.386294 -1.386294 -1.386294 -1.386294
 -20.375254 -20.375254 0.000000 -20.375254
 -1.386294 -1.386294 -1.386294 -1.386294
 -1.386294 -1.386294 -1.386294 -1.386294
 -21.036257 -21.036257 -21.036257 0.000000
 -1.386294 -1.386294 -1.386294 -1.386294
 -1.386294 -1.386294 -1.386294 -1.386294
 -1.386294 -1.386294 -1.386294 -1.386294
 -1.386294 -1.386294 -1.386294 -1.386294
 -1.494909 -1.662645 -1.231710 -1.223151
 -1.213441 -1.822250 -1.421502 -1.204592
 -1.146516 -1.397033 -2.962101 -0.959150
 -1.296314 -1.618829 -1.357224 -1.305795
 -1.603641 -1.620707 -1.539071 -0.950629
 -1.238145 -1.697187 -1.451190 -1.228986
 -1.116280 -1.368572 -2.933013 -1.008412
 -1.320816 -1.447787 -1.471923 -1.314872
 -1.614616 -1.577535 -1.396278 -1.058336
 -1.202562 -1.787700 -1.397162 -1.255497
 -1.154937 -1.379265 -2.897245 -0.972903
 -1.325007 -1.540506 -1.510991 -1.206527
 -1.633591 -1.550790 -1.432134 -1.038759
 -1.190272 -1.749179 -1.372319 -1.315179
 -1.131566 -1.224216 -2.870074 -1.118439
 -1.246148 -1.625163 -1.344974 -1.366635
 -1.536339 -1.695187 -1.305500 -1.107964
 -1.167622 -1.738548 -1.489132 -1.246357
 -1.018975 -1.422336 -2.814956 -1.084775
 -1.321256 -1.618979 -1.388663 -1.252846
 -1.560371 -1.669746 -1.390986 -1.041805
 -1.157561 -1.746340 -1.392469 -1.336072
 -1.060482 -1.438274 -2.744430 -1.043871
 -1.213010 -1.627277 -1.387697 -1.360294
 -1.551764 -1.657899 -1.343493 -1.088698
 -1.201092 -1.837242 -1.340090 -1.279933
 -1.098798 -1.341851 -2.799868 -1.065519
 -1.309687 -1.623265 -1.328279 -1.317108
 -1.500399 -1.665643 -1.382027 -1.088204
 -1.170858 -1.695485 -1.488088 -1.270878
 -1.056932 -1.401854 -2.732873 -1.074972
 -1.316603 -1.417490 -1.464586 -1.353012
 -1.569432 -1.685269 -1.334153 -1.069848
