 -1.159917 0.000100 0.000100 0.000100
 -1.430792 0.000100 0.000100 0.000100
 -1.723779 0.000100 0.000100 0.000100
 -1.313127 0.000100 0.000100 0.000100
 -1.072327 -1.641421 -1.269857 -1.697110
 -0.962307 -1.275236 -2.520451 -1.354017
 -0.963487 -1.458331 -1.476793 -1.848667
 -1.539505 -1.400506 -1.142850 -1.513529
 -1.011991 -1.137583 -1.546705 -2.273374
 -0.916291 -0.954652 -2.404367 -2.081594
 -1.011601 -1.035699 -1.663926 -2.386060
 -1.687134 -0.826679 -1.462667 -1.925290
 -0.334813 -3.111629 -2.497819 -1.846833
 -0.235427 -3.154938 -3.221629 -2.061718
 -0.370039 -2.573305 -2.361130 -1.975469
 -1.309661 -2.221861 -1.186429 -1.150838
 -17.117624 -17.117624 -0.000000 -17.117624
 -14.626443 -14.626443 -0.000001 -14.626443
 -15.131920 -15.131920 -0.000001 -15.131920
 -15.667110 -15.667110 -0.000000 -15.667110
 -1.386294 -1.386294 -1.386294 -1.386294
 -1.386294 -1.386294 -1.386294 -1.386294
 -17.492317 -17.492317 -0.000000 -17.492317
 -1.386294 -1.386294 -1.386294 -1.386294
 -1.386294 -1.386294 -1.386294 -1.386294
 -1.386294 -1.386294 -1.386294 -1.386294
 -17.492317 -17.492317 -17.492317 -0.000000
 -1.386294 -1.386294 -1.386294 -1.386294
 -1.386294 -1.386294 -1.386294 -1.386294
 -1.386294 -1.386294 -1.386294 -1.386294
 -1.386294 -1.386294 -1.386294 -1.386294
 -17.492317 -2.485919 -0.274277 -1.853872
 -1.386294 -1.386294 -1.386294 -1.386294
 -0.366713 -2.962840 -2.800322 -1.637174
 -0.201818 -3.117350 -2.412988 -3.017267
 -0.977067 -3.132265 -1.328239 -1.155106
 -3.182177 -3.701301 -0.102089 -3.478158
 -1.462577 -2.537087 -0.676341 -1.710413
 -2.857793 -3.630978 -0.134479 -3.171449
 -3.298297 -3.010617 -0.180354 -2.540615
 -1.729686 -1.847469 -1.252763 -0.969401
 -1.474847 -1.551808 -1.998093 -0.858663
 -1.783695 -2.043652 -2.048127 -0.556080
 -1.687555 -1.975236 -1.324650 -0.890613
 -1.065155 -1.771261 -1.374529 -1.459947
 -0.997989 -1.466967 -2.051480 -1.301175
 -1.045289 -1.518312 -1.486564 -1.593662
 -1.163977 -1.960691 -1.169868 -1.441432
 -1.298519 -1.691458 -1.570452 -1.094036
 -1.257264 -1.236430 -2.675645 -1.032018
 -1.330414 -1.425362 -1.397855 -1.393987
 -1.707434 -1.655549 -1.360869 -0.990894
 -1.163151 -1.752228 -1.440138 -1.282952
 -1.166861 -1.327851 -2.307225 -1.126783
 -1.461441 -1.399883 -1.273843 -1.419984
 -1.726051 -1.670599 -1.314755 -1.006928
 -1.240787 -1.756253 -1.414809 -1.220168
 -1.187891 -1.375675 -2.354939 -1.056795
 -1.486319 -1.400959 -1.152680 -1.552840
 -1.745314 -1.659869 -1.376506 -0.960277
 -1.193610 -1.679547 -1.369765 -1.361602
 -1.278786 -1.322652 -2.104851 -1.098612
 -1.335001 -1.482921 -1.254958 -1.492630
 -1.619951 -1.682865 -1.458856 -0.957767
 -1.382593 0.000100 0.000100 0.000100
 -1.467838 0.000100 0.000100 0.000100
 -1.438030 0.000100 0.000100 0.000100
 -1.268494 0.000100 0.000100 0.000100
 -1.414213 -1.402849 -1.330063 -1.400284
 -1.280796 -1.160157 -2.574484 -1.100953
 -1.610239 -1.288088 -1.161417 -1.554380
 -1.686106 -1.540332 -1.173093 -1.234287
 -1.305275 -1.623794 -1.183394 -1.489368
 -1.103506 -1.342596 -2.056519 -1.275724
 -1.428927 -1.384100 -1.213798 -1.547317
 -1.796456 -1.634467 -1.027840 -1.268407
 -1.166621 -2.818778 -1.307663 -1.025959
 -0.885065 -2.759926 -2.367824 -0.843199
 -1.079888 -2.597801 -1.449752 -1.046112
 -1.524193 -2.965197 -1.017542 -0.996496
 -18.425570 -18.425570 0.000000 -18.425570
 -16.796637 -16.796637 -0.000000 -16.796637
 -18.157627 -18.157627 0.000000 -18.157627
 -18.590254 -18.590254 0.000000 -18.590254
 -1.386294 -1.386294 -1.386294 -1.386294
 -1.386294 -1.386294 -1.386294 -1.386294
 -19.569828 -19.569828 0.000000 -19.569828
 -1.386294 -1.386294 -1.386294 -1.386294
 -1.386294 -1.386294 -1.386294 -1.386294
 -1.386294 -1.386294 -1.386294 -1.386294
 -19.569828 -19.569828 -19.569828 0.000000
 -1.386294 -1.386294 -1.386294 -1.386294
 -1.386294 -1.386294 -1.386294 -1.386294
 -1.386294 -1.386294 -1.386294 -1.386294
 -1.386294 -1.386294 -1.386294 -1.386294
 -19.569828 -1.412722 -0.884708 -1.068028
 -1.386294 -1.386294 -1.386294 -1.386294
 -1.071646 -1.511327 -2.798297 -0.978100
 -1.351222 -1.705401 -1.094781 -1.492705
 -1.732421 -1.545591 -1.449574 -0.980061
 -1.310709 -1.646994 -1.319644 -1.307437
 -1.076579 -1.355703 -2.620098 -1.112674
 -1.458859 -1.292119 -1.303542 -1.508496
 -1.865953 -1.345371 -1.341882 -1.128695
 -1.126541 -1.802677 -1.290888 -1.444076
 -0.974457 -1.536121 -2.382821 -1.154870
 -1.337684 -1.671607 -1.121047 -1.497610
 -1.649608 -1.539379 -1.180394 -1.251055
 -1.337626 -1.627709 -1.130780 -1.521557
 -1.086446 -1.425882 -2.247594 -1.149999
 -1.220320 -1.625357 -1.232378 -1.530513
 -1.708254 -1.505621 -1.212872 -1.205318
 -1.162887 -1.790918 -1.268631 -1.429643
 -1.080976 -1.282969 -2.546578 -1.186875
 -1.429726 -1.422768 -1.352950 -1.342840
 -1.755462 -1.582271 -1.235893 -1.105367
 -1.343654 -1.462363 -1.320791 -1.425047
 -1.157518 -1.167194 -2.461550 -1.240661
 -1.280637 -1.581860 -1.293849 -1.417437
 -1.715732 -1.611120 -1.120360 -1.223014
 -1.274931 -1.834770 -1.363691 -1.186840
 -1.111424 -1.414868 -2.379113 -1.092671
 -1.247291 -1.560924 -1.302732 -1.465391
 -1.648302 -1.673937 -1.211642 -1.131937
 -1.339924 -1.584722 -1.369981 -1.276479
 -1.223329 -1.387729 -2.400767 -1.006595
 -1.399316 -1.292136 -1.415450 -1.445048
 -1.779419 -1.415913 -1.229010 -1.217470
