 -1.082441 0.000100 0.000100 0.000100
 -1.571685 0.000100 0.000100 0.000100
 -1.768874 0.000100 0.000100 0.000100
 -1.262263 0.000100 0.000100 0.000100
 -0.939661 -1.627894 -1.688519 -1.477954
 -0.959602 -1.473163 -2.767888 -1.124051
 -1.039226 -1.407551 -1.695233 -1.523383
 -1.513918 -1.540445 -1.354546 -1.178943
 -0.944462 -1.740466 -1.896470 -1.253250
 -0.941454 -1.593007 -2.971919 -1.034451
 -0.933651 -1.453736 -1.894707 -1.501364
 -1.495028 -1.544899 -1.308212 -1.230587
 -16.176365 -2.129742 -1.235925 -0.526674
 -15.640060 -2.060271 -1.897120 -0.324927
 -15.412877 -1.898470 -1.102669 -0.657358
 -16.004927 -2.199466 -0.959776 -0.680905
 -1.386294 -1.386294 -1.386294 -1.386294
 -15.145236 -15.145236 -0.000001 -15.145236
 -16.020483 -16.020483 -0.000000 -16.020483
 -16.695833 -16.695833 -0.000000 -16.695833
 -1.386294 -1.386294 -1.386294 -1.386294
 -1.386294 -1.386294 -1.386294 -1.386294
 -17.238796 -17.238796 -0.000000 -17.238796
 -1.386294 -1.386294 -1.386294 -1.386294
 -1.386294 -1.386294 -1.386294 -1.386294
 -1.386294 -1.386294 -1.386294 -1.386294
 -17.238796 -17.238796 -17.238796 -0.000000
 -1.386294 -1.386294 -1.386294 -1.386294
 -1.386294 -1.386294 -1.386294 -1.386294
 -1.386294 -1.386294 -1.386294 -1.386294
 -1.386294 -1.386294 -1.386294 -1.386294
 0.000000 -17.238796 -17.238796 -17.238796
 -0.305778 -3.145653 -2.400834 -2.042003
 -1.386294 -1.386294 -1.386294 -1.386294
 -1.386294 -1.386294 -1.386294 -1.386294
 -1.386294 -1.386294 -1.386294 -1.386294
 -2.275940 -3.715343 -0.219939 -2.653773
 -1.327454 -2.484900 -0.805266 -1.586964
 -3.229718 -3.835846 -0.102169 -3.325027
 -3.042009 -3.789217 -0.160453 -2.552463
 -1.650680 -2.056145 -1.459625 -0.803384
 -1.258955 -2.091859 -2.197218 -0.730890
 -1.464849 -2.332266 -2.135406 -0.591286
 -1.512927 -2.206072 -1.148284 -1.042924
 -0.876328 -1.840120 -1.689838 -1.425687
 -0.922722 -1.568616 -2.484904 -1.168292
 -1.058607 -1.670204 -1.732336 -1.244858
 -1.062731 -2.172154 -1.415828 -1.211223
 -1.107533 -1.718159 -1.795318 -1.126530
 -0.987625 -1.762836 -2.874691 -0.917420
 -1.239255 -1.593564 -1.684161 -1.134447
 -1.458730 -1.722079 -1.483668 -1.016194
 -1.125017 -1.701496 -1.756556 -1.138485
 -1.021453 -1.431881 -3.151664 -1.026416
 -1.177705 -1.511711 -1.511711 -1.382499
 -1.553434 -1.739334 -1.492810 -0.946487
 -1.057745 -1.825000 -1.640350 -1.211896
 -1.130575 -1.543762 -2.792654 -0.910513
 -1.309264 -1.403196 -1.490207 -1.351524
 -1.477954 -1.747517 -1.594156 -0.929857
 -1.085144 -1.887748 -1.716683 -1.105415
 -1.103754 -1.429969 -2.937622 -0.977984
 -1.256467 -1.505927 -1.388144 -1.410617
 -1.694385 -1.808952 -1.568616 -0.811641
 -1.203907 0.000100 0.000100 0.000100
 -1.622987 0.000100 0.000100 0.000100
 -1.592367 0.000100 0.000100 0.000100
 -1.206549 0.000100 0.000100 0.000100
 -1.267047 -1.620048 -1.460199 -1.243897
 -1.055426 -1.411689 -2.879398 -1.043965
 -1.268944 -1.450573 -1.434112 -1.401981
 -1.682834 -1.693567 -1.305031 -1.024079
 -1.112096 -1.945910 -1.334109 -1.328475
 -1.076265 -1.659641 -2.561189 -0.937224
 -1.188107 -1.727103 -1.427587 -1.281875
 -1.478831 -1.878771 -1.258461 -1.092947
 -16.516201 -2.911410 -1.019862 -0.536218
 -15.925724 -2.525728 -2.172088 -0.215597
 -16.250002 -2.682951 -1.145258 -0.488580
 -16.586849 -3.171814 -0.755103 -0.717214
 -1.386294 -1.386294 -1.386294 -1.386294
 -14.887095 -14.887095 -0.000001 -14.887095
 -16.674850 -16.674850 -0.000000 -16.674850
 -17.222027 -17.222027 -0.000000 -17.222027
 -1.386294 -1.386294 -1.386294 -1.386294
 -1.386294 -1.386294 -1.386294 -1.386294
 -17.738077 -17.738077 0.000000 -17.738077
 -1.386294 -1.386294 -1.386294 -1.386294
 -1.386294 -1.386294 -1.386294 -1.386294
 -1.386294 -1.386294 -1.386294 -1.386294
 -17.738077 -17.738077 -17.738077 -0.000000
 -1.386294 -1.386294 -1.386294 -1.386294
 -1.386294 -1.386294 -1.386294 -1.386294
 -1.386294 -1.386294 -1.386294 -1.386294
 -1.386294 -1.386294 -1.386294 -1.386294
 0.000000 -17.738077 -17.738077 -17.738077
 -1.287088 -1.739892 -1.359158 -1.232681
 -1.386294 -1.386294 -1.386294 -1.386294
 -1.386294 -1.386294 -1.386294 -1.386294
 -1.386294 -1.386294 -1.386294 -1.386294
 -1.054441 -1.798232 -1.595203 -1.261764
 -0.964799 -1.332524 -2.896023 -1.204349
 -1.192229 -1.592631 -1.363445 -1.438480
 -1.469056 -1.678285 -1.386974 -1.098612
 -1.217118 -1.929981 -1.384369 -1.176730
 -0.968948 -1.608442 -2.752863 -1.031214
 -1.238810 -1.791759 -1.370909 -1.238810
 -1.457246 -1.920215 -1.320045 -1.040085
 -1.227428 -1.799214 -1.408829 -1.213698
 -0.901639 -1.703519 -2.410271 -1.132387
 -1.167864 -1.720238 -1.321530 -1.413794
 -1.394190 -1.699920 -1.355908 -1.166180
 -1.204852 -1.704748 -1.425252 -1.280144
 -1.010761 -1.476467 -2.787252 -1.061245
 -1.306518 -1.584661 -1.352278 -1.325873
 -1.554450 -1.658396 -1.340264 -1.089235
 -1.213734 -1.931095 -1.327637 -1.228192
 -1.041287 -1.469676 -2.603689 -1.070025
 -1.211219 -1.727108 -1.368405 -1.309868
 -1.536120 -1.664915 -1.281454 -1.145876
 -1.196090 -1.886930 -1.293018 -1.303248
 -1.048893 -1.414899 -2.766101 -1.067644
 -1.232638 -1.627771 -1.362362 -1.362362
 -1.486412 -1.773139 -1.360070 -1.057350
 -1.112579 -1.805726 -1.450740 -1.299977
 -1.051360 -1.419084 -2.943363 -1.033066
 -1.279360 -1.540153 -1.292019 -1.457915
 -1.486036 -1.853441 -1.302757 -1.063476
