 -1.183088 0.000100 0.000100 0.000100
 -1.620203 0.000100 0.000100 0.000100
 -1.706146 0.000100 0.000100 0.000100
 -1.157580 0.000100 0.000100 0.000100
 -1.082033 -1.797857 -1.274269 -1.533378
 -0.848083 -1.360741 -2.833210 -1.360741
 -0.955512 -1.523495 -1.433547 -1.839012
 -1.378914 -1.631911 -1.283604 -1.288966
 -1.060719 -1.234314 -1.365816 -2.229462
 -0.882389 -0.876849 -2.779506 -2.225197
 -0.929673 -1.250720 -1.413239 -2.581443
 -1.408585 -0.939607 -1.450432 -2.038218
 -0.000000 -15.825067 -15.825067 -15.825067
 -0.000001 -15.799268 -15.799268 -15.799268
 -0.000001 -15.315134 -15.315134 -15.315134
 -0.000001 -14.635292 -14.635292 -14.635292
 -16.882633 -16.882633 -0.000000 -16.882633
 -1.386294 -1.386294 -1.386294 -1.386294
 -1.386294 -1.386294 -1.386294 -1.386294
 -1.386294 -1.386294 -1.386294 -1.386294
 -1.386294 -1.386294 -1.386294 -1.386294
 -1.386294 -1.386294 -1.386294 -1.386294
 -16.882633 -16.882633 -0.000000 -16.882633
 -1.386294 -1.386294 -1.386294 -1.386294
 -1.386294 -1.386294 -1.386294 -1.386294
 -1.386294 -1.386294 -1.386294 -1.386294
 -16.882633 -16.882633 -16.882633 -0.000000
 -1.386294 -1.386294 -1.386294 -1.386294
 -1.386294 -1.386294 -1.386294 -1.386294
 -1.386294 -1.386294 -1.386294 -1.386294
 -1.386294 -1.386294 -1.386294 -1.386294
 0.000000 -16.882633 -16.882633 -16.882633
 0.000000 -16.882633 -16.882633 -16.882633
 -1.386294 -1.386294 -1.386294 -1.386294
 -1.386294 -1.386294 -1.386294 -1.386294
 -1.386294 -1.386294 -1.386294 -1.386294
 -16.882633 -16.882633 -0.000000 -16.882633
 -1.386294 -1.386294 -1.386294 -1.386294
 -1.386294 -1.386294 -1.386294 -1.386294
 -1.386294 -1.386294 -1.386294 -1.386294
 -1.386294 -1.386294 -1.386294 -1.386294
 -1.386294 -1.386294 -1.386294 -1.386294
 -1.075147 -1.846292 -1.590074 -1.213954
 -1.386294 -1.386294 -1.386294 -1.386294
 -0.890036 -1.952754 -1.415362 -1.586510
 -0.906020 -1.521935 -2.567901 -1.201027
 -0.988469 -1.517871 -1.507508 -1.675499
 -1.434458 -1.757858 -1.232592 -1.211314
 -1.033078 -1.887866 -1.470774 -1.335798
 -1.122329 -1.496295 -2.618436 -0.973909
 -1.218451 -1.655664 -1.344077 -1.376080
 -1.482368 -1.998811 -1.525293 -0.867864
 -1.074515 -1.665879 -1.641973 -1.287664
 -1.109662 -1.566420 -2.678275 -0.934310
 -1.156836 -1.496190 -1.548015 -1.390829
 -1.568033 -1.886486 -1.418890 -0.921406
 -1.036673 -1.854383 -1.534075 -1.297687
 -1.064463 -1.544589 -2.666729 -0.988302
 -1.293636 -1.510164 -1.543686 -1.233532
 -1.537150 -1.878899 -1.473434 -0.908542
 -1.176660 -1.824229 -1.351754 -1.303552
 -1.103848 -1.482127 -2.769978 -0.971302
 -1.235956 -1.546111 -1.546111 -1.261274
 -1.400164 -1.791759 -1.583604 -0.963533
 -1.139435 0.000100 0.000100 0.000100
 -1.730798 0.000100 0.000100 0.000100
 -1.638425 0.000100 0.000100 0.000100
 -1.175802 0.000100 0.000100 0.000100
 -0.889860 -1.722764 -1.945905 -1.317302
 -1.036096 -2.047681 -2.740803 -0.794936
 -1.041457 -2.427727 -1.329137 -1.223777
 -1.424034 -1.791756 -0.993254 -1.504076
 -1.133100 -1.774949 -1.369487 -1.369487
 -1.466336 -0.693155 -12.468452 -1.312187
 -1.717647 -1.466336 -0.890977 -1.717647
 -1.852379 -1.366876 -1.041456 -1.446918
 -0.000007 -12.899230 -12.899230 -12.899230
 -0.000007 -13.017012 -13.017012 -13.017012
 -0.000006 -13.102169 -13.102169 -13.102169
 -0.000007 -12.923923 -12.923923 -12.923923
 -14.375129 -14.375129 -0.000002 -14.375129
 -1.386294 -1.386294 -1.386294 -1.386294
 -1.386294 -1.386294 -1.386294 -1.386294
 -1.386294 -1.386294 -1.386294 -1.386294
 -1.386294 -1.386294 -1.386294 -1.386294
 -1.386294 -1.386294 -1.386294 -1.386294
 -14.375129 -14.375129 -0.000002 -14.375129
 -1.386294 -1.386294 -1.386294 -1.386294
 -1.386294 -1.386294 -1.386294 -1.386294
 -1.386294 -1.386294 -1.386294 -1.386294
 -14.375129 -14.375129 -14.375129 -0.000002
 -1.386294 -1.386294 -1.386294 -1.386294
 -1.386294 -1.386294 -1.386294 -1.386294
 -1.386294 -1.386294 -1.386294 -1.386294
 -1.386294 -1.386294 -1.386294 -1.386294
 -0.000002 -14.375129 -14.375129 -14.375129
 -0.000002 -14.375129 -14.375129 -14.375129
 -1.386294 -1.386294 -1.386294 -1.386294
 -1.386294 -1.386294 -1.386294 -1.386294
 -1.386294 -1.386294 -1.386294 -1.386294
 -14.375129 -14.375129 -0.000002 -14.375129
 -1.386294 -1.386294 -1.386294 -1.386294
 -1.386294 -1.386294 -1.386294 -1.386294
 -1.386294 -1.386294 -1.386294 -1.386294
 -1.386294 -1.386294 -1.386294 -1.386294
 -1.386294 -1.386294 -1.386294 -1.386294
 -1.087249 -1.906688 -1.358124 -1.358124
 -1.386294 -1.386294 -1.386294 -1.386294
 -0.986497 -2.285768 -1.244325 -1.438480
 -0.860208 -1.648654 -3.258012 -1.060876
 -1.167607 -2.420352 -1.321756 -1.098615
 -1.408767 -1.609436 -1.408767 -1.167607
 -1.064713 -1.863214 -1.495493 -1.287855
 -0.875475 -2.079425 -12.388411 -0.780166
 -1.315677 -2.104124 -1.410987 -1.005525
 -1.386294 -1.648656 -1.648656 -1.006807
 -0.810933 -2.602672 -1.591087 -1.280935
 -0.897947 -1.909532 -3.295752 -0.897947
 -1.299284 -1.417066 -1.098615 -1.887062
 -1.625965 -1.712976 -1.402824 -0.975382
 -1.386294 -1.828123 -1.386294 -1.080915
 -1.504076 -1.216398 -3.295752 -0.810937
 -2.251277 -1.335002 -1.152682 -1.152682
 -1.280935 -2.379534 -1.791756 -0.770112
 -1.871796 -2.054114 -1.098615 -0.955515
 -0.980833 -1.386294 -12.676089 -0.980833
 -0.750311 -1.791754 -1.791754 -1.637606
 -1.275069 -2.140059 -1.223776 -1.174986
