 -2.953281 0.000100 0.000100 0.000100
 -2.985030 0.000100 0.000100 0.000100
 -3.216270 0.000100 0.000100 0.000100
 -2.841069 0.000100 0.000100 0.000100
 -2.875163 0.000100 0.000100 0.000100
 -2.395453 0.000100 0.000100 0.000100
 -2.988261 0.000100 0.000100 0.000100
 -2.293497 0.000100 0.000100 0.000100
 -2.953281 0.000100 0.000100 0.000100
 -2.985030 0.000100 0.000100 0.000100
 -3.216270 0.000100 0.000100 0.000100
 -2.841069 0.000100 0.000100 0.000100
 -2.875163 0.000100 0.000100 0.000100
 -2.395453 0.000100 0.000100 0.000100
 -2.988261 0.000100 0.000100 0.000100
 -2.293497 0.000100 0.000100 0.000100
 -1.361602 -1.491655 -1.548813 -1.183354
 -1.317732 -1.073134 -2.792129 -1.111600
 -1.613511 -1.135884 -1.721141 -1.201267
 -1.837481 -1.369673 -1.236142 -1.217094
 -1.231318 -1.313839 -1.752094 -1.324650
 -1.269904 -1.335717 -2.924949 -0.910049
 -0.962657 -1.513833 -1.841520 -1.429276
 -1.874228 -1.391153 -1.340509 -1.090567
 -1.361602 -1.491655 -1.548813 -1.183354
 -1.317732 -1.073134 -2.792129 -1.111600
 -1.613511 -1.135884 -1.721141 -1.201267
 -1.837481 -1.369673 -1.236142 -1.217094
 -1.231318 -1.313839 -1.752094 -1.324650
 -1.269904 -1.335717 -2.924949 -0.910049
 -0.962657 -1.513833 -1.841520 -1.429276
 -1.874228 -1.391153 -1.340509 -1.090567
 -1.272966 -1.304056 -1.699050 -1.325334
 -1.553348 -1.089043 -2.564946 -0.980830
 -1.760576 -1.080675 -1.684590 -1.193470
 -1.779994 -1.560366 -1.095658 -1.248335
 -1.336533 -1.326871 -1.601814 -1.307823
 -1.457010 -1.186720 -3.032543 -0.882724
 -1.070442 -1.562918 -1.709521 -1.321756
 -1.867909 -1.210756 -1.419604 -1.184915
 -1.272966 -1.304056 -1.699050 -1.325334
 -1.553348 -1.089043 -2.564946 -0.980830
 -1.760576 -1.080675 -1.684590 -1.193470
 -1.779994 -1.560366 -1.095658 -1.248335
 -1.336533 -1.326871 -1.601814 -1.307823
 -1.457010 -1.186720 -3.032543 -0.882724
 -1.070442 -1.562918 -1.709521 -1.321756
 -1.867909 -1.210756 -1.419604 -1.184915
 -1.600829 -1.185886 -1.806273 -1.113127
 -1.511457 -1.128466 -2.938570 -0.908965
 -1.390452 -1.310410 -1.700607 -1.208131
 -1.699050 -1.653240 -1.148403 -1.175802
 -1.301257 -1.380395 -1.815712 -1.159607
 -1.399874 -1.268297 -3.479310 -0.818182
 -1.055262 -1.521636 -1.804498 -1.313091
 -2.105758 -1.252763 -1.460402 -1.020570
 -1.600829 -1.185886 -1.806273 -1.113127
 -1.511457 -1.128466 -2.938570 -0.908965
 -1.390452 -1.310410 -1.700607 -1.208131
 -1.699050 -1.653240 -1.148403 -1.175802
 -1.301257 -1.380395 -1.815712 -1.159607
 -1.399874 -1.268297 -3.479310 -0.818182
 -1.055262 -1.521636 -1.804498 -1.313091
 -2.105758 -1.252763 -1.460402 -1.020570
 -1.423108 -1.220168 -1.710790 -1.261840
 -1.440020 -1.038893 -2.788089 -1.056438
 -1.903550 -1.020051 -1.599868 -1.243194
 -1.712737 -1.443609 -1.222715 -1.240897
 -1.219690 -1.249843 -1.740466 -1.415970
 -1.229000 -1.263846 -3.168080 -0.960333
 -1.109084 -1.488573 -1.637608 -1.386294
 -2.254889 -1.277492 -1.397855 -0.996274
 -1.423108 -1.220168 -1.710790 -1.261840
 -1.440020 -1.038893 -2.788089 -1.056438
 -1.903550 -1.020051 -1.599868 -1.243194
 -1.712737 -1.443609 -1.222715 -1.240897
 -1.219690 -1.249843 -1.740466 -1.415970
 -1.229000 -1.263846 -3.168080 -0.960333
 -1.109084 -1.488573 -1.637608 -1.386294
 -2.254889 -1.277492 -1.397855 -0.996274
 -1.436388 -1.092119 -1.942657 -1.260940
 -1.473306 -0.996830 -2.559012 -1.125764
 -1.858133 -0.965655 -1.670922 -1.290151
 -1.606207 -1.499235 -1.222482 -1.267433
 -1.502705 -1.312186 -1.770019 -1.084970
 -1.607584 -1.208311 -3.031616 -0.792548
 -1.361903 -1.606356 -1.974080 -0.905547
 -2.163471 -1.136640 -1.594623 -1.018340
 -1.436388 -1.092119 -1.942657 -1.260940
 -1.473306 -0.996830 -2.559012 -1.125764
 -1.858133 -0.965655 -1.670922 -1.290151
 -1.606207 -1.499235 -1.222482 -1.267433
 -1.502705 -1.312186 -1.770019 -1.084970
 -1.607584 -1.208311 -3.031616 -0.792548
 -1.361903 -1.606356 -1.974080 -0.905547
 -2.163471 -1.136640 -1.594623 -1.018340
 -1.507774 -1.232671 -1.864448 -1.102309
 -1.620965 -0.964723 -2.764026 -1.026758
 -1.823507 -1.146622 -1.250162 -1.450833
 -2.023669 -1.368989 -1.321133 -1.059488
 -1.424035 -1.338092 -1.810451 -1.098613
 -1.652532 -1.076023 -3.208383 -0.850819
 -1.570768 -1.411704 -1.781063 -0.967773
 -2.335374 -1.182696 -1.555216 -0.952876
 -1.507774 -1.232671 -1.864448 -1.102309
 -1.620965 -0.964723 -2.764026 -1.026758
 -1.823507 -1.146622 -1.250162 -1.450833
 -2.023669 -1.368989 -1.321133 -1.059488
 -1.424035 -1.338092 -1.810451 -1.098613
 -1.652532 -1.076023 -3.208383 -0.850819
 -1.570768 -1.411704 -1.781063 -0.967773
 -2.335374 -1.182696 -1.555216 -0.952876
 -1.663749 -1.220258 -1.736070 -1.081145
 -1.619729 -0.935241 -2.789797 -1.055200
 -1.950998 -1.172330 -1.433056 -1.172330
 -1.794628 -1.578406 -1.333283 -1.010885
 -1.932531 -1.324284 -1.781708 -0.865419
 -1.748808 -1.125620 -3.091040 -0.785015
 -2.001479 -1.236012 -1.563225 -1.008229
 -2.472002 -1.275753 -1.577486 -0.844272
 -1.663749 -1.220258 -1.736070 -1.081145
 -1.619729 -0.935241 -2.789797 -1.055200
 -1.950998 -1.172330 -1.433056 -1.172330
 -1.794628 -1.578406 -1.333283 -1.010885
 -1.932531 -1.324284 -1.781708 -0.865419
 -1.748808 -1.125620 -3.091040 -0.785015
 -2.001479 -1.236012 -1.563225 -1.008229
 -2.472002 -1.275753 -1.577486 -0.844272
 -1.230291 -1.323381 -1.858897 -1.252763
 -1.918972 -0.859892 -3.041110 -0.961674
 -1.629743 -1.182431 -1.655718 -1.182431
 -2.305283 -1.291229 -1.405343 -0.967443
 -1.687769 -1.320045 -1.939083 -0.906070
 -2.121358 -1.154323 -3.153718 -0.649767
 -1.935892 -1.143217 -1.671741 -1.052703
 -2.668874 -1.115200 -1.696556 -0.868677
 -1.230291 -1.323381 -1.858897 -1.252763
 -1.918972 -0.859892 -3.041110 -0.961674
 -1.629743 -1.182431 -1.655718 -1.182431
 -2.305283 -1.291229 -1.405343 -0.967443
 -1.687769 -1.320045 -1.939083 -0.906070
 -2.121358 -1.154323 -3.153718 -0.649767
 -1.935892 -1.143217 -1.671741 -1.052703
 -2.668874 -1.115200 -1.696556 -0.868677
 -1.534935 -1.247254 -2.202762 -0.950003
 -1.927891 -1.011601 -2.481274 -0.898273
 -1.856297 -0.980830 -1.578666 -1.337504
 -2.179041 -1.312624 -1.268172 -1.089480
 -1.922598 -1.313535 -2.221090 -0.741467
 -2.003490 -1.087200 -3.551049 -0.694583
 -2.021895 -1.315677 -1.708238 -0.871991
 -2.643376 -1.295697 -1.539727 -0.819317
 -1.534935 -1.247254 -2.202762 -0.950003
 -1.927891 -1.011601 -2.481274 -0.898273
 -1.856297 -0.980830 -1.578666 -1.337504
 -2.179041 -1.312624 -1.268172 -1.089480
 -1.922598 -1.313535 -2.221090 -0.741467
 -2.003490 -1.087200 -3.551049 -0.694583
 -2.021895 -1.315677 -1.708238 -0.871991
 -2.643376 -1.295697 -1.539727 -0.819317
 -1.083687 -1.424613 -2.251288 -1.152680
 -1.744131 -0.930621 -2.866269 -0.983544
 -2.018814 -1.114361 -1.325670 -1.296682
 -2.252793 -1.389302 -1.377326 -0.932946
 -1.884540 -1.233954 -2.034071 -0.852940
 -2.063323 -0.980337 -2.962321 -0.807244
 -2.147578 -1.246793 -1.548461 -0.959111
 -2.638035 -1.133959 -1.511253 -0.951638
 -1.083687 -1.424613 -2.251288 -1.152680
 -1.744131 -0.930621 -2.866269 -0.983544
 -2.018814 -1.114361 -1.325670 -1.296682
 -2.252793 -1.389302 -1.377326 -0.932946
 -1.884540 -1.233954 -2.034071 -0.852940
 -2.063323 -0.980337 -2.962321 -0.807244
 -2.147578 -1.246793 -1.548461 -0.959111
 -2.638035 -1.133959 -1.511253 -0.951638
 -1.518783 -1.624143 -2.840530 -0.643316
 -2.768408 -0.943865 -3.279229 -0.672443
 -2.371573 -1.003303 -1.966111 -0.916292
 -2.632540 -1.292768 -1.460905 -0.863773
 -1.844402 -1.250629 -2.816258 -0.701732
 -2.611404 -1.093286 -3.574212 -0.573734
 -2.522865 -1.448353 -2.141499 -0.566806
 -2.694848 -1.245041 -1.871248 -0.712153
 -1.518783 -1.624143 -2.840530 -0.643316
 -2.768408 -0.943865 -3.279229 -0.672443
 -2.371573 -1.003303 -1.966111 -0.916292
 -2.632540 -1.292768 -1.460905 -0.863773
 -1.844402 -1.250629 -2.816258 -0.701732
 -2.611404 -1.093286 -3.574212 -0.573734
 -2.522865 -1.448353 -2.141499 -0.566806
 -2.694848 -1.245041 -1.871248 -0.712153
 -1.290151 -1.053763 -3.081894 -1.107830
 -1.916056 -0.827298 -3.496495 -0.953782
 -2.233586 -0.996831 -1.597602 -1.134981
 -2.768112 -1.116713 -1.525608 -0.935533
 -1.811561 -1.292768 -3.420983 -0.635990
 -1.959077 -0.976961 -3.099799 -0.826679
 -2.841576 -0.895672 -2.148432 -0.875469
 -3.256304 -1.011153 -1.875842 -0.810930
 -1.290151 -1.053763 -3.081894 -1.107830
 -1.916056 -0.827298 -3.496495 -0.953782
 -2.233586 -0.996831 -1.597602 -1.134981
 -2.768112 -1.116713 -1.525608 -0.935533
 -1.811561 -1.292768 -3.420983 -0.635990
 -1.959077 -0.976961 -3.099799 -0.826679
 -2.841576 -0.895672 -2.148432 -0.875469
 -3.256304 -1.011153 -1.875842 -0.810930
 -13.567055 -13.567055 -13.567055 -0.000004
 -14.552676 -14.552676 -14.552676 -0.000001
 -13.217681 -13.217681 -13.217681 -0.000005
 -14.707510 -14.707510 -14.707510 -0.000001
 -14.518610 -14.518610 -14.518610 -0.000002
 -16.025980 -16.025980 -16.025980 -0.000000
 -14.933927 -14.933927 -14.933927 -0.000001
 -16.177307 -16.177307 -16.177307 -0.000000
 -13.567055 -13.567055 -13.567055 -0.000004
 -14.552676 -14.552676 -14.552676 -0.000001
 -13.217681 -13.217681 -13.217681 -0.000005
 -14.707510 -14.707510 -14.707510 -0.000001
 -14.518610 -14.518610 -14.518610 -0.000002
 -16.025980 -16.025980 -16.025980 -0.000000
 -14.933927 -14.933927 -14.933927 -0.000001
 -16.177307 -16.177307 -16.177307 -0.000000
 -1.386294 -1.386294 -1.386294 -1.386294
 -1.386294 -1.386294 -1.386294 -1.386294
 -1.386294 -1.386294 -1.386294 -1.386294
 -15.673370 -0.000001 -15.673370 -15.673370
 -1.386294 -1.386294 -1.386294 -1.386294
 -1.386294 -1.386294 -1.386294 -1.386294
 -1.386294 -1.386294 -1.386294 -1.386294
 -17.004339 0.000000 -17.004339 -17.004339
 -1.386294 -1.386294 -1.386294 -1.386294
 -1.386294 -1.386294 -1.386294 -1.386294
 -1.386294 -1.386294 -1.386294 -1.386294
 -15.673370 -0.000001 -15.673370 -15.673370
 -1.386294 -1.386294 -1.386294 -1.386294
 -1.386294 -1.386294 -1.386294 -1.386294
 -1.386294 -1.386294 -1.386294 -1.386294
 -17.004339 0.000000 -17.004339 -17.004339
 -1.386294 -1.386294 -1.386294 -1.386294
 -1.386294 -1.386294 -1.386294 -1.386294
 -1.386294 -1.386294 -1.386294 -1.386294
 -1.386294 -1.386294 -1.386294 -1.386294
 -1.386294 -1.386294 -1.386294 -1.386294
 -17.238796 -17.238796 -17.238796 -0.000000
 -1.386294 -1.386294 -1.386294 -1.386294
 -1.386294 -1.386294 -1.386294 -1.386294
 -1.386294 -1.386294 -1.386294 -1.386294
 -1.386294 -1.386294 -1.386294 -1.386294
 -1.386294 -1.386294 -1.386294 -1.386294
 -1.386294 -1.386294 -1.386294 -1.386294
 -1.386294 -1.386294 -1.386294 -1.386294
 -17.238796 -17.238796 -17.238796 -0.000000
 -1.386294 -1.386294 -1.386294 -1.386294
 -1.386294 -1.386294 -1.386294 -1.386294
 -1.386294 -1.386294 -1.386294 -1.386294
 -1.386294 -1.386294 -1.386294 -1.386294
 -1.386294 -1.386294 -1.386294 -1.386294
 -1.386294 -1.386294 -1.386294 -1.386294
 -1.386294 -1.386294 -1.386294 -1.386294
 -1.386294 -1.386294 -1.386294 -1.386294
 -1.386294 -1.386294 -1.386294 -1.386294
 -3.160920 -1.025390 -1.439529 -1.016340
 -1.386294 -1.386294 -1.386294 -1.386294
 -1.386294 -1.386294 -1.386294 -1.386294
 -1.386294 -1.386294 -1.386294 -1.386294
 -1.386294 -1.386294 -1.386294 -1.386294
 -1.386294 -1.386294 -1.386294 -1.386294
 -1.386294 -1.386294 -1.386294 -1.386294
 -1.386294 -1.386294 -1.386294 -1.386294
 -3.160920 -1.025390 -1.439529 -1.016340
 -1.386294 -1.386294 -1.386294 -1.386294
 -1.386294 -1.386294 -1.386294 -1.386294
 -1.386294 -1.386294 -1.386294 -1.386294
 -1.386294 -1.386294 -1.386294 -1.386294
 -1.823010 -0.975715 -4.867437 -0.789998
 -2.182784 -1.034358 -3.419544 -0.694967
 -2.445791 -1.204432 -2.035049 -0.728140
 -2.721655 -1.117712 -1.830332 -0.805539
 -1.386294 -1.386294 -1.386294 -1.386294
 -1.386294 -1.386294 -1.386294 -1.386294
 -1.386294 -1.386294 -1.386294 -1.386294
 -1.386294 -1.386294 -1.386294 -1.386294
 -1.823010 -0.975715 -4.867437 -0.789998
 -2.182784 -1.034358 -3.419544 -0.694967
 -2.445791 -1.204432 -2.035049 -0.728140
 -2.721655 -1.117712 -1.830332 -0.805539
 -1.597602 -0.819901 -2.821364 -1.211942
 -2.542723 -0.696900 -3.641326 -0.923810
 -2.618428 -1.067842 -1.009001 -1.519825
 -2.460807 -1.053313 -1.527521 -1.053313
 -1.882005 -1.240153 -14.493546 -0.582724
 -2.255944 -0.776068 -4.140478 -0.869650
 -2.321451 -1.117481 -1.810627 -0.888640
 -2.485863 -0.938057 -1.658467 -1.093839
 -1.597602 -0.819901 -2.821364 -1.211942
 -2.542723 -0.696900 -3.641326 -0.923810
 -2.618428 -1.067842 -1.009001 -1.519825
 -2.460807 -1.053313 -1.527521 -1.053313
 -1.882005 -1.240153 -14.493546 -0.582724
 -2.255944 -0.776068 -4.140478 -0.869650
 -2.321451 -1.117481 -1.810627 -0.888640
 -2.485863 -0.938057 -1.658467 -1.093839
 -1.919589 -1.752536 -3.218848 -0.446290
 -2.644141 -0.547006 -3.673748 -1.124321
 -2.371569 -0.883503 -1.919589 -1.059393
 -3.012255 -1.078328 -2.129871 -0.709677
 -2.001478 -1.325140 -5.402579 -0.519877
 -2.662587 -0.761310 -4.106035 -0.805856
 -2.836472 -1.332399 -2.230339 -0.562063
 -2.793571 -1.072721 -2.286324 -0.703032
 -1.919589 -1.752536 -3.218848 -0.446290
 -2.644141 -0.547006 -3.673748 -1.124321
 -2.371569 -0.883503 -1.919589 -1.059393
 -3.012255 -1.078328 -2.129871 -0.709677
 -2.001478 -1.325140 -5.402579 -0.519877
 -2.662587 -0.761310 -4.106035 -0.805856
 -2.836472 -1.332399 -2.230339 -0.562063
 -2.793571 -1.072721 -2.286324 -0.703032
 -1.356442 -1.098614 -2.803341 -1.054162
 -2.730023 -0.871131 -3.135484 -0.749029
 -1.925285 -1.037990 -1.386294 -1.386294
 -3.640205 -1.953815 -2.508810 -0.286808
 -1.453434 -0.909819 -4.343758 -1.047969
 -2.335374 -0.764158 -3.403213 -0.905762
 -1.878769 -1.386294 -1.535826 -0.962481
 -3.030952 -1.388118 -2.081264 -0.549197
 -1.356442 -1.098614 -2.803341 -1.054162
 -2.730023 -0.871131 -3.135484 -0.749029
 -1.925285 -1.037990 -1.386294 -1.386294
 -3.640205 -1.953815 -2.508810 -0.286808
 -1.453434 -0.909819 -4.343758 -1.047969
 -2.335374 -0.764158 -3.403213 -0.905762
 -1.878769 -1.386294 -1.535826 -0.962481
 -3.030952 -1.388118 -2.081264 -0.549197
 -0.600059 -1.841767 -1.921809 -1.921809
 -1.231102 -0.988156 -2.840530 -1.282395
 -1.694593 -1.589233 -0.672949 -2.282371
 -1.535826 -1.750936 -1.057791 -1.332227
 -0.687317 -1.478102 -2.308447 -1.774367
 -1.166617 -1.022036 -2.358319 -1.451833
 -1.353350 -1.513693 -0.947886 -2.010128
 -1.982067 -1.394854 -1.154101 -1.207293
 -0.600059 -1.841767 -1.921809 -1.921809
 -1.231102 -0.988156 -2.840530 -1.282395
 -1.694593 -1.589233 -0.672949 -2.282371
 -1.535826 -1.750936 -1.057791 -1.332227
 -0.687317 -1.478102 -2.308447 -1.774367
 -1.166617 -1.022036 -2.358319 -1.451833
 -1.353350 -1.513693 -0.947886 -2.010128
 -1.982067 -1.394854 -1.154101 -1.207293
 -14.478201 -0.000002 -14.478201 -14.478201
 -13.892475 -0.000003 -13.892475 -13.892475
 -14.115618 -0.000002 -14.115618 -14.115618
 -13.514411 -0.000004 -13.514411 -13.514411
 -15.492608 -0.000001 -15.492608 -15.492608
 -15.812929 -0.000000 -15.812929 -15.812929
 -15.580242 -0.000001 -15.580242 -15.580242
 -15.761421 -0.000001 -15.761421 -15.761421
 -14.478201 -0.000002 -14.478201 -14.478201
 -13.892475 -0.000003 -13.892475 -13.892475
 -14.115618 -0.000002 -14.115618 -14.115618
 -13.514411 -0.000004 -13.514411 -13.514411
 -15.492608 -0.000001 -15.492608 -15.492608
 -15.812929 -0.000000 -15.812929 -15.812929
 -15.580242 -0.000001 -15.580242 -15.580242
 -15.761421 -0.000001 -15.761421 -15.761421
 -1.386294 -1.386294 -1.386294 -1.386294
 -0.000000 -16.488279 -16.488279 -16.488279
 -1.386294 -1.386294 -1.386294 -1.386294
 -1.386294 -1.386294 -1.386294 -1.386294
 -1.386294 -1.386294 -1.386294 -1.386294
 -0.000000 -16.599905 -16.599905 -16.599905
 -1.386294 -1.386294 -1.386294 -1.386294
 -1.386294 -1.386294 -1.386294 -1.386294
 -1.386294 -1.386294 -1.386294 -1.386294
 -0.000000 -16.488279 -16.488279 -16.488279
 -1.386294 -1.386294 -1.386294 -1.386294
 -1.386294 -1.386294 -1.386294 -1.386294
 -1.386294 -1.386294 -1.386294 -1.386294
 -0.000000 -16.599905 -16.599905 -16.599905
 -1.386294 -1.386294 -1.386294 -1.386294
 -1.386294 -1.386294 -1.386294 -1.386294
 -1.386294 -1.386294 -1.386294 -1.386294
 -1.386294 -1.386294 -1.386294 -1.386294
 -1.386294 -1.386294 -1.386294 -1.386294
 -1.386294 -1.386294 -1.386294 -1.386294
 -17.238796 -17.238796 -0.000000 -17.238796
 -1.386294 -1.386294 -1.386294 -1.386294
 -1.386294 -1.386294 -1.386294 -1.386294
 -1.386294 -1.386294 -1.386294 -1.386294
 -1.386294 -1.386294 -1.386294 -1.386294
 -1.386294 -1.386294 -1.386294 -1.386294
 -1.386294 -1.386294 -1.386294 -1.386294
 -1.386294 -1.386294 -1.386294 -1.386294
 -17.238796 -17.238796 -0.000000 -17.238796
 -1.386294 -1.386294 -1.386294 -1.386294
 -1.386294 -1.386294 -1.386294 -1.386294
 -1.386294 -1.386294 -1.386294 -1.386294
 -1.386294 -1.386294 -1.386294 -1.386294
 -1.386294 -1.386294 -1.386294 -1.386294
 -1.366600 -1.865140 -0.738845 -2.184911
 -1.386294 -1.386294 -1.386294 -1.386294
 -1.386294 -1.386294 -1.386294 -1.386294
 -1.386294 -1.386294 -1.386294 -1.386294
 -1.386294 -1.386294 -1.386294 -1.386294
 -1.386294 -1.386294 -1.386294 -1.386294
 -1.386294 -1.386294 -1.386294 -1.386294
 -1.386294 -1.386294 -1.386294 -1.386294
 -1.366600 -1.865140 -0.738845 -2.184911
 -1.386294 -1.386294 -1.386294 -1.386294
 -1.386294 -1.386294 -1.386294 -1.386294
 -1.386294 -1.386294 -1.386294 -1.386294
 -1.386294 -1.386294 -1.386294 -1.386294
 -1.386294 -1.386294 -1.386294 -1.386294
 -1.393997 -1.817667 -1.514360 -0.995428
 -1.367524 -1.258040 -2.666805 -0.937568
 -1.384249 -1.562763 -1.589167 -1.091132
 -2.179981 -1.624036 -1.031360 -1.098613
 -1.386294 -1.386294 -1.386294 -1.386294
 -1.386294 -1.386294 -1.386294 -1.386294
 -1.386294 -1.386294 -1.386294 -1.386294
 -1.386294 -1.386294 -1.386294 -1.386294
 -1.393997 -1.817667 -1.514360 -0.995428
 -1.367524 -1.258040 -2.666805 -0.937568
 -1.384249 -1.562763 -1.589167 -1.091132
 -2.179981 -1.624036 -1.031360 -1.098613
 -1.386294 -1.386294 -1.386294 -1.386294
 -1.386294 -1.386294 -1.386294 -1.386294
 -1.386294 -1.386294 -1.386294 -1.386294
 -1.386294 -1.386294 -1.386294 -1.386294
 -1.031404 -1.629240 -1.509439 -1.485534
 -1.336846 -1.205510 -2.288853 -1.089438
 -1.287324 -1.367366 -1.463510 -1.436359
 -1.824293 -1.518911 -1.077079 -1.276080
 -1.104882 -1.337504 -2.184799 -1.225027
 -1.235669 -1.202332 -2.177709 -1.218862
 -1.312187 -1.615868 -1.118031 -1.584120
 -2.374903 -1.132400 -1.142762 -1.325084
 -1.031404 -1.629240 -1.509439 -1.485534
 -1.336846 -1.205510 -2.288853 -1.089438
 -1.287324 -1.367366 -1.463510 -1.436359
 -1.824293 -1.518911 -1.077079 -1.276080
 -1.104882 -1.337504 -2.184799 -1.225027
 -1.235669 -1.202332 -2.177709 -1.218862
 -1.312187 -1.615868 -1.118031 -1.584120
 -2.374903 -1.132400 -1.142762 -1.325084
 -2.870508 0.000100 0.000100 0.000100
 -3.262274 0.000100 0.000100 0.000100
 -1.914113 0.000100 0.000100 0.000100
 -3.225542 0.000100 0.000100 0.000100
 -3.073736 0.000100 0.000100 0.000100
 -2.868212 0.000100 0.000100 0.000100
 -3.090782 0.000100 0.000100 0.000100
 -2.669210 0.000100 0.000100 0.000100
 -2.870508 0.000100 0.000100 0.000100
 -3.262274 0.000100 0.000100 0.000100
 -1.914113 0.000100 0.000100 0.000100
 -3.225542 0.000100 0.000100 0.000100
 -3.073736 0.000100 0.000100 0.000100
 -2.868212 0.000100 0.000100 0.000100
 -3.090782 0.000100 0.000100 0.000100
 -2.669210 0.000100 0.000100 0.000100
 -1.200149 -1.553557 -1.287854 -1.553557
 -1.058607 -1.420900 -3.044517 -1.010751
 -0.525957 -1.629064 -2.119086 -2.377780
 -1.788486 -1.363603 -1.135345 -1.363603
 -1.682463 -1.477669 -1.109944 -1.361258
 -1.217830 -1.350254 -2.745435 -0.965655
 -1.026759 -1.903827 -1.092898 -1.847738
 -1.869924 -1.349390 -1.363989 -1.106160
 -1.200149 -1.553557 -1.287854 -1.553557
 -1.058607 -1.420900 -3.044517 -1.010751
 -0.525957 -1.629064 -2.119086 -2.377780
 -1.788486 -1.363603 -1.135345 -1.363603
 -1.682463 -1.477669 -1.109944 -1.361258
 -1.217830 -1.350254 -2.745435 -0.965655
 -1.026759 -1.903827 -1.092898 -1.847738
 -1.869924 -1.349390 -1.363989 -1.106160
 -2.293544 -0.722847 -1.836119 -1.369285
 -1.527848 -1.559264 -2.413677 -0.727281
 -1.467017 -1.259932 -1.334593 -1.503057
 -1.987582 -1.443281 -1.058607 -1.273382
 -1.540445 -1.196674 -1.282033 -1.579666
 -1.255266 -1.246533 -2.590265 -1.042705
 -1.329942 -1.371906 -1.316336 -1.542863
 -1.963135 -1.243320 -1.318441 -1.192027
 -2.293544 -0.722847 -1.836119 -1.369285
 -1.527848 -1.559264 -2.413677 -0.727281
 -1.467017 -1.259932 -1.334593 -1.503057
 -1.987582 -1.443281 -1.058607 -1.273382
 -1.540445 -1.196674 -1.282033 -1.579666
 -1.255266 -1.246533 -2.590265 -1.042705
 -1.329942 -1.371906 -1.316336 -1.542863
 -1.963135 -1.243320 -1.318441 -1.192027
 -1.215023 -1.770019 -1.160956 -1.515127
 -0.634879 -2.089491 -1.832581 -1.680665
 -1.041815 -1.510592 -1.520444 -1.571216
 -1.900492 -1.860752 -0.667224 -1.704748
 -1.423108 -1.615480 -1.199965 -1.350788
 -1.239280 -1.295519 -2.507789 -1.035064
 -1.277304 -1.536413 -1.310456 -1.442384
 -1.987548 -1.020202 -1.434758 -1.330769
 -1.215023 -1.770019 -1.160956 -1.515127
 -0.634879 -2.089491 -1.832581 -1.680665
 -1.041815 -1.510592 -1.520444 -1.571216
 -1.900492 -1.860752 -0.667224 -1.704748
 -1.423108 -1.615480 -1.199965 -1.350788
 -1.239280 -1.295519 -2.507789 -1.035064
 -1.277304 -1.536413 -1.310456 -1.442384
 -1.987548 -1.020202 -1.434758 -1.330769
 -1.478449 -1.449179 -1.166316 -1.488400
 -0.927987 -1.416651 -2.411271 -1.300391
 -1.265217 -1.501605 -1.247825 -1.570598
 -1.957744 -1.511457 -1.146815 -1.137598
 -1.761244 -2.099356 -0.581329 -1.920874
 -0.769337 -1.470852 -2.753465 -1.413693
 -2.086558 -2.145399 -0.448951 -2.115546
 -1.893542 -1.397105 -1.016091 -1.426519
 -1.478449 -1.449179 -1.166316 -1.488400
 -0.927987 -1.416651 -2.411271 -1.300391
 -1.265217 -1.501605 -1.247825 -1.570598
 -1.957744 -1.511457 -1.146815 -1.137598
 -1.761244 -2.099356 -0.581329 -1.920874
 -0.769337 -1.470852 -2.753465 -1.413693
 -2.086558 -2.145399 -0.448951 -2.115546
 -1.893542 -1.397105 -1.016091 -1.426519
 -1.149001 -1.602094 -1.213023 -1.691325
 -0.944050 -1.360688 -2.553485 -1.284977
 -0.578336 -2.191307 -1.534200 -2.191307
 -1.983109 -1.202102 -1.364071 -1.183583
 -1.789724 -0.992438 -1.291169 -1.674655
 -1.359496 -1.199866 -2.825830 -0.960462
 -1.459156 -1.349155 -1.298383 -1.447595
 -2.068415 -1.243933 -1.486494 -1.023871
 -1.149001 -1.602094 -1.213023 -1.691325
 -0.944050 -1.360688 -2.553485 -1.284977
 -0.578336 -2.191307 -1.534200 -2.191307
 -1.983109 -1.202102 -1.364071 -1.183583
 -1.789724 -0.992438 -1.291169 -1.674655
 -1.359496 -1.199866 -2.825830 -0.960462
 -1.459156 -1.349155 -1.298383 -1.447595
 -2.068415 -1.243933 -1.486494 -1.023871
 -2.088743 -2.354853 -0.384846 -2.295664
 -1.338814 -1.431708 -2.757895 -0.831220
 -1.663022 -1.558579 -0.832910 -1.800493
 -1.827824 -1.383573 -1.204882 -1.241923
 -1.474096 -1.684661 -1.047754 -1.449095
 -1.221991 -1.268511 -3.332199 -0.945738
 -1.471816 -1.545924 -1.166435 -1.402824
 -2.130532 -1.421386 -1.287854 -1.010644
 -2.088743 -2.354853 -0.384846 -2.295664
 -1.338814 -1.431708 -2.757895 -0.831220
 -1.663022 -1.558579 -0.832910 -1.800493
 -1.827824 -1.383573 -1.204882 -1.241923
 -1.474096 -1.684661 -1.047754 -1.449095
 -1.221991 -1.268511 -3.332199 -0.945738
 -1.471816 -1.545924 -1.166435 -1.402824
 -2.130532 -1.421386 -1.287854 -1.010644
 -1.265666 -1.766441 -1.372150 -1.226057
 -1.254332 -1.265382 -2.432984 -1.064711
 -2.121875 -2.205958 -2.278717 -0.404017
 -1.666778 -1.487193 -1.266793 -1.192685
 -1.421386 -1.307272 -1.388950 -1.432436
 -1.212029 -1.320662 -2.274534 -1.100803
 -1.811962 -1.088662 -1.455287 -1.321756
 -1.911022 -1.546380 -0.998740 -1.306707
 -1.265666 -1.766441 -1.372150 -1.226057
 -1.254332 -1.265382 -2.432984 -1.064711
 -2.121875 -2.205958 -2.278717 -0.404017
 -1.666778 -1.487193 -1.266793 -1.192685
 -1.421386 -1.307272 -1.388950 -1.432436
 -1.212029 -1.320662 -2.274534 -1.100803
 -1.811962 -1.088662 -1.455287 -1.321756
 -1.911022 -1.546380 -0.998740 -1.306707
 -1.351108 -1.735519 -1.149471 -1.394593
 -1.250114 -1.240897 -2.636406 -1.041896
 -1.592863 -1.329446 -1.164824 -1.513874
 -2.900798 -0.301610 -2.476641 -2.108917
 -1.417711 -1.450146 -1.242507 -1.450146
 -1.334069 -1.257436 -2.595719 -0.973861
 -2.039294 -0.776006 -1.355450 -1.885143
 -2.092416 -1.126626 -1.348349 -1.228205
 -1.351108 -1.735519 -1.149471 -1.394593
 -1.250114 -1.240897 -2.636406 -1.041896
 -1.592863 -1.329446 -1.164824 -1.513874
 -2.900798 -0.301610 -2.476641 -2.108917
 -1.417711 -1.450146 -1.242507 -1.450146
 -1.334069 -1.257436 -2.595719 -0.973861
 -2.039294 -0.776006 -1.355450 -1.885143
 -2.092416 -1.126626 -1.348349 -1.228205
 -1.275236 -1.547880 -1.298225 -1.448507
 -0.775839 -1.435084 -2.953547 -1.388564
 -1.304528 -1.436880 -1.304528 -1.515351
 -1.700114 -1.473587 -1.152680 -1.300316
 -1.842898 -1.541423 -1.159054 -1.159054
 -2.200802 -1.964838 -3.555345 -0.327760
 -1.809713 -1.527481 -1.268907 -1.084478
 -1.916572 -1.343443 -1.336754 -1.110947
 -1.275236 -1.547880 -1.298225 -1.448507
 -0.775839 -1.435084 -2.953547 -1.388564
 -1.304528 -1.436880 -1.304528 -1.515351
 -1.700114 -1.473587 -1.152680 -1.300316
 -1.842898 -1.541423 -1.159054 -1.159054
 -2.200802 -1.964838 -3.555345 -0.327760
 -1.809713 -1.527481 -1.268907 -1.084478
 -1.916572 -1.343443 -1.336754 -1.110947
 -1.118221 -1.949151 -1.211553 -1.456675
 -1.063409 -1.194248 -2.468749 -1.320129
 -1.203125 -1.358689 -1.399099 -1.630004
 -1.661576 -1.391656 -1.329136 -1.214726
 -0.959776 -1.698385 -1.425345 -1.641873
 -1.264168 -1.096553 -2.888309 -1.115245
 -1.464168 -1.450181 -1.194248 -1.464168
 -2.740420 -0.738590 -1.996630 -1.133584
 -1.118221 -1.949151 -1.211553 -1.456675
 -1.063409 -1.194248 -2.468749 -1.320129
 -1.203125 -1.358689 -1.399099 -1.630004
 -1.661576 -1.391656 -1.329136 -1.214726
 -0.959776 -1.698385 -1.425345 -1.641873
 -1.264168 -1.096553 -2.888309 -1.115245
 -1.464168 -1.450181 -1.194248 -1.464168
 -2.740420 -0.738590 -1.996630 -1.133584
 -1.443202 -1.090138 -1.664096 -1.434234
 -1.319284 -1.149385 -3.228819 -0.977535
 -1.560045 -1.306057 -1.414538 -1.287538
 -1.955602 -1.505686 -1.218005 -1.076354
 -1.393997 -1.794320 -1.286576 -1.172917
 -0.871555 -1.778772 -1.607262 -1.549198
 -1.688950 -1.379945 -1.260757 -1.272056
 -2.123893 -1.710881 -0.817405 -1.354206
 -1.443202 -1.090138 -1.664096 -1.434234
 -1.319284 -1.149385 -3.228819 -0.977535
 -1.560045 -1.306057 -1.414538 -1.287538
 -1.955602 -1.505686 -1.218005 -1.076354
 -1.393997 -1.794320 -1.286576 -1.172917
 -0.871555 -1.778772 -1.607262 -1.549198
 -1.688950 -1.379945 -1.260757 -1.272056
 -2.123893 -1.710881 -0.817405 -1.354206
 -1.448353 -1.322472 -1.400725 -1.377735
 -1.765219 -0.629221 -2.969189 -1.408545
 -1.818286 -0.864017 -1.641355 -1.502769
 -2.093492 -1.039905 -1.478818 -1.219598
 -2.703036 -0.598904 -1.563603 -1.747526
 -1.481163 -0.863619 -2.937835 -1.210617
 -3.086158 -0.345321 -2.324019 -1.907505
 -2.379876 -0.891800 -1.576915 -1.234745
 -1.448353 -1.322472 -1.400725 -1.377735
 -1.765219 -0.629221 -2.969189 -1.408545
 -1.818286 -0.864017 -1.641355 -1.502769
 -2.093492 -1.039905 -1.478818 -1.219598
 -2.703036 -0.598904 -1.563603 -1.747526
 -1.481163 -0.863619 -2.937835 -1.210617
 -3.086158 -0.345321 -2.324019 -1.907505
 -2.379876 -0.891800 -1.576915 -1.234745
 -14.566929 -14.566929 -14.566929 -0.000001
 -16.133970 -16.133970 -16.133970 -0.000000
 -15.053886 -15.053886 -15.053886 -0.000001
 -15.118424 -15.118424 -15.118424 -0.000001
 -14.852249 -14.852249 -14.852249 -0.000001
 -15.906139 -15.906139 -15.906139 -0.000000
 -14.801329 -14.801329 -14.801329 -0.000001
 -15.498199 -15.498199 -15.498199 -0.000001
 -14.566929 -14.566929 -14.566929 -0.000001
 -16.133970 -16.133970 -16.133970 -0.000000
 -15.053886 -15.053886 -15.053886 -0.000001
 -15.118424 -15.118424 -15.118424 -0.000001
 -14.852249 -14.852249 -14.852249 -0.000001
 -15.906139 -15.906139 -15.906139 -0.000000
 -14.801329 -14.801329 -14.801329 -0.000001
 -15.498199 -15.498199 -15.498199 -0.000001
 -1.386294 -1.386294 -1.386294 -1.386294
 -1.386294 -1.386294 -1.386294 -1.386294
 -1.386294 -1.386294 -1.386294 -1.386294
 -16.219749 -0.000000 -16.219749 -16.219749
 -1.386294 -1.386294 -1.386294 -1.386294
 -1.386294 -1.386294 -1.386294 -1.386294
 -1.386294 -1.386294 -1.386294 -1.386294
 -17.122763 0.000000 -17.122763 -17.122763
 -1.386294 -1.386294 -1.386294 -1.386294
 -1.386294 -1.386294 -1.386294 -1.386294
 -1.386294 -1.386294 -1.386294 -1.386294
 -16.219749 -0.000000 -16.219749 -16.219749
 -1.386294 -1.386294 -1.386294 -1.386294
 -1.386294 -1.386294 -1.386294 -1.386294
 -1.386294 -1.386294 -1.386294 -1.386294
 -17.122763 0.000000 -17.122763 -17.122763
 -1.386294 -1.386294 -1.386294 -1.386294
 -1.386294 -1.386294 -1.386294 -1.386294
 -1.386294 -1.386294 -1.386294 -1.386294
 -1.386294 -1.386294 -1.386294 -1.386294
 -1.386294 -1.386294 -1.386294 -1.386294
 -17.463047 -17.463047 -17.463047 -0.000000
 -1.386294 -1.386294 -1.386294 -1.386294
 -1.386294 -1.386294 -1.386294 -1.386294
 -1.386294 -1.386294 -1.386294 -1.386294
 -1.386294 -1.386294 -1.386294 -1.386294
 -1.386294 -1.386294 -1.386294 -1.386294
 -1.386294 -1.386294 -1.386294 -1.386294
 -1.386294 -1.386294 -1.386294 -1.386294
 -17.463047 -17.463047 -17.463047 -0.000000
 -1.386294 -1.386294 -1.386294 -1.386294
 -1.386294 -1.386294 -1.386294 -1.386294
 -1.386294 -1.386294 -1.386294 -1.386294
 -1.386294 -1.386294 -1.386294 -1.386294
 -1.386294 -1.386294 -1.386294 -1.386294
 -1.386294 -1.386294 -1.386294 -1.386294
 -1.386294 -1.386294 -1.386294 -1.386294
 -1.386294 -1.386294 -1.386294 -1.386294
 -1.386294 -1.386294 -1.386294 -1.386294
 -2.091499 -1.742448 -0.692626 -1.603722
 -1.386294 -1.386294 -1.386294 -1.386294
 -1.386294 -1.386294 -1.386294 -1.386294
 -1.386294 -1.386294 -1.386294 -1.386294
 -1.386294 -1.386294 -1.386294 -1.386294
 -1.386294 -1.386294 -1.386294 -1.386294
 -1.386294 -1.386294 -1.386294 -1.386294
 -1.386294 -1.386294 -1.386294 -1.386294
 -2.091499 -1.742448 -0.692626 -1.603722
 -1.386294 -1.386294 -1.386294 -1.386294
 -1.386294 -1.386294 -1.386294 -1.386294
 -1.386294 -1.386294 -1.386294 -1.386294
 -1.386294 -1.386294 -1.386294 -1.386294
 -1.270858 -1.425009 -1.469859 -1.390523
 -1.317302 -1.050673 -2.926737 -1.112096
 -1.943309 -1.779337 -1.685150 -0.687952
 -1.796954 -1.375985 -1.472835 -1.043183
 -1.386294 -1.386294 -1.386294 -1.386294
 -1.386294 -1.386294 -1.386294 -1.386294
 -1.386294 -1.386294 -1.386294 -1.386294
 -1.386294 -1.386294 -1.386294 -1.386294
 -1.270858 -1.425009 -1.469859 -1.390523
 -1.317302 -1.050673 -2.926737 -1.112096
 -1.943309 -1.779337 -1.685150 -0.687952
 -1.796954 -1.375985 -1.472835 -1.043183
 -1.257677 -1.884132 -1.020835 -1.592426
 -1.457246 -0.679542 -2.946721 -1.571359
 -1.397105 -1.865371 -0.863923 -1.735318
 -2.753383 -0.677572 -2.060236 -1.200593
 -1.275753 -1.652562 -1.275753 -1.386294
 -1.143804 -1.196251 -2.928288 -1.122143
 -0.966844 -1.623622 -1.202409 -2.103194
 -1.527680 -1.490979 -1.266035 -1.287854
 -1.257677 -1.884132 -1.020835 -1.592426
 -1.457246 -0.679542 -2.946721 -1.571359
 -1.397105 -1.865371 -0.863923 -1.735318
 -2.753383 -0.677572 -2.060236 -1.200593
 -1.275753 -1.652562 -1.275753 -1.386294
 -1.143804 -1.196251 -2.928288 -1.122143
 -0.966844 -1.623622 -1.202409 -2.103194
 -1.527680 -1.490979 -1.266035 -1.287854
 -1.313623 -1.567611 -1.044810 -1.766944
 -1.142098 -1.196906 -2.894630 -1.128853
 -1.537070 -0.985574 -1.556118 -1.605389
 -1.902107 -1.356881 -1.069199 -1.386294
 -1.393550 -1.484984 -1.249155 -1.433159
 -0.870938 -1.896791 -1.820805 -1.311200
 -1.446919 -1.395626 -1.223776 -1.500986
 -2.063693 -1.621049 -0.741938 -1.613776
 -1.313623 -1.567611 -1.044810 -1.766944
 -1.142098 -1.196906 -2.894630 -1.128853
 -1.537070 -0.985574 -1.556118 -1.605389
 -1.902107 -1.356881 -1.069199 -1.386294
 -1.393550 -1.484984 -1.249155 -1.433159
 -0.870938 -1.896791 -1.820805 -1.311200
 -1.446919 -1.395626 -1.223776 -1.500986
 -2.063693 -1.621049 -0.741938 -1.613776
 -1.326871 -1.386294 -1.080913 -1.928210
 -1.524696 -0.874109 -2.655055 -1.221511
 -1.616009 -1.129657 -1.314685 -1.562521
 -1.603538 -1.323236 -1.169086 -1.505558
 -2.313811 -0.500776 -1.897651 -1.930087
 -1.351927 -0.998862 -3.065721 -1.119815
 -2.524059 -0.421452 -2.013234 -2.038552
 -2.274112 -0.661173 -2.013099 -1.397184
 -1.326871 -1.386294 -1.080913 -1.928210
 -1.524696 -0.874109 -2.655055 -1.221511
 -1.616009 -1.129657 -1.314685 -1.562521
 -1.603538 -1.323236 -1.169086 -1.505558
 -2.313811 -0.500776 -1.897651 -1.930087
 -1.351927 -0.998862 -3.065721 -1.119815
 -2.524059 -0.421452 -2.013234 -2.038552
 -2.274112 -0.661173 -2.013099 -1.397184
 -1.338285 -1.429852 -1.155964 -1.694960
 -2.244445 -0.282788 -4.036200 -2.098263
 -1.531186 -1.203973 -1.318853 -1.531186
 -1.823307 -1.074072 -1.274742 -1.526056
 -1.501070 -1.487647 -1.199965 -1.386294
 -1.849081 -0.738739 -3.440972 -1.100006
 -1.412728 -1.279196 -1.134015 -1.854559
 -2.067069 -1.140992 -1.495813 -1.109040
 -1.338285 -1.429852 -1.155964 -1.694960
 -2.244445 -0.282788 -4.036200 -2.098263
 -1.531186 -1.203973 -1.318853 -1.531186
 -1.823307 -1.074072 -1.274742 -1.526056
 -1.501070 -1.487647 -1.199965 -1.386294
 -1.849081 -0.738739 -3.440972 -1.100006
 -1.412728 -1.279196 -1.134015 -1.854559
 -2.067069 -1.140992 -1.495813 -1.109040
 -14.924074 -0.000001 -14.924074 -14.924074
 -15.042224 -0.000001 -15.042224 -15.042224
 -15.163585 -0.000001 -15.163585 -15.163585
 -14.801329 -0.000001 -14.801329 -14.801329
 -15.021482 -0.000001 -15.021482 -15.021482
 -16.436550 -0.000000 -16.436550 -16.436550
 -14.686806 -0.000001 -14.686806 -14.686806
 -15.595535 -0.000001 -15.595535 -15.595535
 -14.924074 -0.000001 -14.924074 -14.924074
 -15.042224 -0.000001 -15.042224 -15.042224
 -15.163585 -0.000001 -15.163585 -15.163585
 -14.801329 -0.000001 -14.801329 -14.801329
 -15.021482 -0.000001 -15.021482 -15.021482
 -16.436550 -0.000000 -16.436550 -16.436550
 -14.686806 -0.000001 -14.686806 -14.686806
 -15.595535 -0.000001 -15.595535 -15.595535
 -1.386294 -1.386294 -1.386294 -1.386294
 -0.000000 -16.350000 -16.350000 -16.350000
 -1.386294 -1.386294 -1.386294 -1.386294
 -1.386294 -1.386294 -1.386294 -1.386294
 -1.386294 -1.386294 -1.386294 -1.386294
 0.000000 -17.064722 -17.064722 -17.064722
 -1.386294 -1.386294 -1.386294 -1.386294
 -1.386294 -1.386294 -1.386294 -1.386294
 -1.386294 -1.386294 -1.386294 -1.386294
 -0.000000 -16.350000 -16.350000 -16.350000
 -1.386294 -1.386294 -1.386294 -1.386294
 -1.386294 -1.386294 -1.386294 -1.386294
 -1.386294 -1.386294 -1.386294 -1.386294
 0.000000 -17.064722 -17.064722 -17.064722
 -1.386294 -1.386294 -1.386294 -1.386294
 -1.386294 -1.386294 -1.386294 -1.386294
 -1.386294 -1.386294 -1.386294 -1.386294
 -1.386294 -1.386294 -1.386294 -1.386294
 -1.386294 -1.386294 -1.386294 -1.386294
 -1.386294 -1.386294 -1.386294 -1.386294
 -17.463047 -17.463047 -0.000000 -17.463047
 -1.386294 -1.386294 -1.386294 -1.386294
 -1.386294 -1.386294 -1.386294 -1.386294
 -1.386294 -1.386294 -1.386294 -1.386294
 -1.386294 -1.386294 -1.386294 -1.386294
 -1.386294 -1.386294 -1.386294 -1.386294
 -1.386294 -1.386294 -1.386294 -1.386294
 -1.386294 -1.386294 -1.386294 -1.386294
 -17.463047 -17.463047 -0.000000 -17.463047
 -1.386294 -1.386294 -1.386294 -1.386294
 -1.386294 -1.386294 -1.386294 -1.386294
 -1.386294 -1.386294 -1.386294 -1.386294
 -1.386294 -1.386294 -1.386294 -1.386294
 -1.386294 -1.386294 -1.386294 -1.386294
 -1.658293 -1.670681 -0.856985 -1.624665
 -1.386294 -1.386294 -1.386294 -1.386294
 -1.386294 -1.386294 -1.386294 -1.386294
 -1.386294 -1.386294 -1.386294 -1.386294
 -1.386294 -1.386294 -1.386294 -1.386294
 -1.386294 -1.386294 -1.386294 -1.386294
 -1.386294 -1.386294 -1.386294 -1.386294
 -1.386294 -1.386294 -1.386294 -1.386294
 -1.658293 -1.670681 -0.856985 -1.624665
 -1.386294 -1.386294 -1.386294 -1.386294
 -1.386294 -1.386294 -1.386294 -1.386294
 -1.386294 -1.386294 -1.386294 -1.386294
 -1.386294 -1.386294 -1.386294 -1.386294
 -1.386294 -1.386294 -1.386294 -1.386294
 -1.321414 -1.597201 -1.187242 -1.488468
 -1.192953 -1.036848 -2.487679 -1.350917
 -1.936136 -0.615800 -2.063003 -1.668874
 -1.964602 -1.630829 -1.059697 -1.147403
 -1.386294 -1.386294 -1.386294 -1.386294
 -1.386294 -1.386294 -1.386294 -1.386294
 -1.386294 -1.386294 -1.386294 -1.386294
 -1.386294 -1.386294 -1.386294 -1.386294
 -1.321414 -1.597201 -1.187242 -1.488468
 -1.192953 -1.036848 -2.487679 -1.350917
 -1.936136 -0.615800 -2.063003 -1.668874
 -1.964602 -1.630829 -1.059697 -1.147403
 -1.386294 -1.386294 -1.386294 -1.386294
 -1.386294 -1.386294 -1.386294 -1.386294
 -1.386294 -1.386294 -1.386294 -1.386294
 -1.386294 -1.386294 -1.386294 -1.386294
 -1.211755 -1.801105 -1.066573 -1.644944
 -2.156247 -2.446733 -3.534170 -0.263338
 -1.235472 -1.372437 -1.478818 -1.478818
 -1.880312 -2.029844 -1.412047 -0.749808
 -1.427116 -1.723382 -1.101694 -1.389376
 -1.300935 -1.406295 -3.005679 -0.836629
 -1.169382 -1.569859 -1.252763 -1.631416
 -2.049450 -1.482073 -1.441663 -0.897729
 -1.211755 -1.801105 -1.066573 -1.644944
 -2.156247 -2.446733 -3.534170 -0.263338
 -1.235472 -1.372437 -1.478818 -1.478818
 -1.880312 -2.029844 -1.412047 -0.749808
 -1.427116 -1.723382 -1.101694 -1.389376
 -1.300935 -1.406295 -3.005679 -0.836629
 -1.169382 -1.569859 -1.252763 -1.631416
 -2.049450 -1.482073 -1.441663 -0.897729
