 -2.699902 0.000100 0.000100 0.000100
 -3.154277 0.000100 0.000100 0.000100
 -3.464773 0.000100 0.000100 0.000100
 -2.813518 0.000100 0.000100 0.000100
 -2.741321 0.000100 0.000100 0.000100
 -2.559829 0.000100 0.000100 0.000100
 -3.085284 0.000100 0.000100 0.000100
 -2.195301 0.000100 0.000100 0.000100
 -2.699902 0.000100 0.000100 0.000100
 -3.154277 0.000100 0.000100 0.000100
 -3.464773 0.000100 0.000100 0.000100
 -2.813518 0.000100 0.000100 0.000100
 -2.741321 0.000100 0.000100 0.000100
 -2.559829 0.000100 0.000100 0.000100
 -3.085284 0.000100 0.000100 0.000100
 -2.195301 0.000100 0.000100 0.000100
 -1.155069 -1.473523 -1.977427 -1.147522
 -1.671473 -1.083687 -3.185593 -0.838565
 -1.635413 -1.083345 -1.559427 -1.360977
 -1.567547 -1.765372 -1.469908 -0.940650
 -1.144422 -1.553801 -1.869317 -1.152265
 -1.495813 -1.134519 -3.233501 -0.879627
 -1.209838 -1.462834 -1.891288 -1.141630
 -1.797539 -1.338465 -1.461068 -1.078640
 -1.155069 -1.473523 -1.977427 -1.147522
 -1.671473 -1.083687 -3.185593 -0.838565
 -1.635413 -1.083345 -1.559427 -1.360977
 -1.567547 -1.765372 -1.469908 -0.940650
 -1.144422 -1.553801 -1.869317 -1.152265
 -1.495813 -1.134519 -3.233501 -0.879627
 -1.209838 -1.462834 -1.891288 -1.141630
 -1.797539 -1.338465 -1.461068 -1.078640
 -1.303644 -1.493688 -1.887591 -1.042761
 -1.483523 -1.111475 -2.655158 -0.984030
 -1.533930 -1.223776 -1.707201 -1.174986
 -1.650156 -1.624513 -1.330522 -1.059488
 -1.098613 -1.686399 -2.249867 -0.977985
 -1.283789 -1.313642 -3.060946 -0.898127
 -1.070141 -1.616684 -2.013098 -1.124208
 -1.776101 -1.428792 -1.556353 -0.967056
 -1.303644 -1.493688 -1.887591 -1.042761
 -1.483523 -1.111475 -2.655158 -0.984030
 -1.533930 -1.223776 -1.707201 -1.174986
 -1.650156 -1.624513 -1.330522 -1.059488
 -1.098613 -1.686399 -2.249867 -0.977985
 -1.283789 -1.313642 -3.060946 -0.898127
 -1.070141 -1.616684 -2.013098 -1.124208
 -1.776101 -1.428792 -1.556353 -0.967056
 -1.321756 -1.311393 -2.057462 -1.090314
 -1.505959 -1.050897 -3.018541 -0.968376
 -1.797693 -1.238079 -1.441019 -1.178655
 -1.791759 -1.658228 -1.465544 -0.886964
 -1.323623 -1.485592 -1.885578 -1.033608
 -1.503038 -1.285518 -3.285491 -0.768696
 -1.143217 -1.586219 -2.086174 -1.043133
 -1.853251 -1.563359 -1.530783 -0.873529
 -1.321756 -1.311393 -2.057462 -1.090314
 -1.505959 -1.050897 -3.018541 -0.968376
 -1.797693 -1.238079 -1.441019 -1.178655
 -1.791759 -1.658228 -1.465544 -0.886964
 -1.323623 -1.485592 -1.885578 -1.033608
 -1.503038 -1.285518 -3.285491 -0.768696
 -1.143217 -1.586219 -2.086174 -1.043133
 -1.853251 -1.563359 -1.530783 -0.873529
 -1.482832 -1.368057 -1.874874 -1.007774
 -1.586219 -1.538210 -2.924500 -0.640848
 -1.813737 -1.207603 -1.688574 -1.040549
 -1.711899 -1.542823 -1.324134 -1.079788
 -1.191633 -1.389164 -2.299722 -1.059282
 -1.613824 -1.114048 -3.485620 -0.816416
 -1.254525 -1.623622 -1.960094 -0.976146
 -2.138813 -1.456362 -1.552210 -0.827037
 -1.482832 -1.368057 -1.874874 -1.007774
 -1.586219 -1.538210 -2.924500 -0.640848
 -1.813737 -1.207603 -1.688574 -1.040549
 -1.711899 -1.542823 -1.324134 -1.079788
 -1.191633 -1.389164 -2.299722 -1.059282
 -1.613824 -1.114048 -3.485620 -0.816416
 -1.254525 -1.623622 -1.960094 -0.976146
 -2.138813 -1.456362 -1.552210 -0.827037
 -1.439217 -1.254483 -1.935653 -1.098613
 -1.479471 -1.161018 -2.693912 -0.937875
 -1.457986 -1.331235 -1.736699 -1.117661
 -1.477728 -1.638996 -1.425903 -1.086550
 -1.320204 -1.417843 -2.478712 -0.899355
 -1.630057 -1.106809 -3.058908 -0.852071
 -1.422305 -1.662255 -1.750808 -0.927609
 -2.055064 -1.339240 -1.628418 -0.882781
 -1.439217 -1.254483 -1.935653 -1.098613
 -1.479471 -1.161018 -2.693912 -0.937875
 -1.457986 -1.331235 -1.736699 -1.117661
 -1.477728 -1.638996 -1.425903 -1.086550
 -1.320204 -1.417843 -2.478712 -0.899355
 -1.630057 -1.106809 -3.058908 -0.852071
 -1.422305 -1.662255 -1.750808 -0.927609
 -2.055064 -1.339240 -1.628418 -0.882781
 -1.283184 -1.367741 -1.849578 -1.168408
 -1.656321 -1.102437 -3.083431 -0.840957
 -1.839224 -1.028297 -1.798403 -1.146079
 -1.544589 -1.694871 -1.445060 -1.001725
 -1.221574 -1.590338 -2.283483 -0.917670
 -1.740647 -1.042359 -3.019518 -0.860037
 -1.348073 -1.741115 -1.923436 -0.870288
 -2.101914 -1.321756 -1.814232 -0.802632
 -1.283184 -1.367741 -1.849578 -1.168408
 -1.656321 -1.102437 -3.083431 -0.840957
 -1.839224 -1.028297 -1.798403 -1.146079
 -1.544589 -1.694871 -1.445060 -1.001725
 -1.221574 -1.590338 -2.283483 -0.917670
 -1.740647 -1.042359 -3.019518 -0.860037
 -1.348073 -1.741115 -1.923436 -0.870288
 -2.101914 -1.321756 -1.814232 -0.802632
 -1.308684 -1.389809 -2.186752 -0.998529
 -1.629640 -1.090644 -2.688243 -0.916291
 -1.602748 -1.315067 -1.671741 -1.072121
 -1.876752 -1.769780 -1.340448 -0.879924
 -1.487647 -1.474401 -2.141572 -0.849308
 -1.774428 -1.031019 -3.304612 -0.827678
 -1.540445 -1.363989 -1.972577 -0.939106
 -2.159484 -1.379326 -1.624705 -0.830348
 -1.308684 -1.389809 -2.186752 -0.998529
 -1.629640 -1.090644 -2.688243 -0.916291
 -1.602748 -1.315067 -1.671741 -1.072121
 -1.876752 -1.769780 -1.340448 -0.879924
 -1.487647 -1.474401 -2.141572 -0.849308
 -1.774428 -1.031019 -3.304612 -0.827678
 -1.540445 -1.363989 -1.972577 -0.939106
 -2.159484 -1.379326 -1.624705 -0.830348
 -1.286809 -1.626315 -2.010726 -0.933169
 -1.803593 -1.008664 -2.708046 -0.906535
 -1.416147 -1.275069 -1.777159 -1.174986
 -1.733772 -1.614425 -1.342492 -1.012846
 -1.507340 -1.409360 -2.507969 -0.792374
 -1.818286 -1.083028 -3.355149 -0.767390
 -1.917561 -1.455744 -2.008533 -0.722323
 -2.092985 -1.418188 -1.687521 -0.799505
 -1.286809 -1.626315 -2.010726 -0.933169
 -1.803593 -1.008664 -2.708046 -0.906535
 -1.416147 -1.275069 -1.777159 -1.174986
 -1.733772 -1.614425 -1.342492 -1.012846
 -1.507340 -1.409360 -2.507969 -0.792374
 -1.818286 -1.083028 -3.355149 -0.767390
 -1.917561 -1.455744 -2.008533 -0.722323
 -2.092985 -1.418188 -1.687521 -0.799505
 -1.283755 -1.300849 -2.470917 -1.004584
 -1.519213 -0.973702 -3.253804 -1.008388
 -1.625966 -1.471816 -1.712977 -0.932821
 -1.822677 -1.545924 -1.602437 -0.858287
 -1.661397 -1.493062 -2.664696 -0.661993
 -1.961467 -1.030649 -3.323661 -0.762385
 -1.898206 -1.344821 -2.089260 -0.764004
 -2.119535 -1.482478 -1.708028 -0.751591
 -1.283755 -1.300849 -2.470917 -1.004584
 -1.519213 -0.973702 -3.253804 -1.008388
 -1.625966 -1.471816 -1.712977 -0.932821
 -1.822677 -1.545924 -1.602437 -0.858287
 -1.661397 -1.493062 -2.664696 -0.661993
 -1.961467 -1.030649 -3.323661 -0.762385
 -1.898206 -1.344821 -2.089260 -0.764004
 -2.119535 -1.482478 -1.708028 -0.751591
 -1.198696 -1.578185 -2.533692 -0.885039
 -1.941698 -1.025409 -2.983147 -0.804622
 -1.660730 -1.021652 -1.660730 -1.347074
 -2.098133 -1.535826 -1.625774 -0.765121
 -1.648658 -1.277095 -3.034948 -0.732369
 -2.044755 -1.022586 -3.297515 -0.746655
 -2.176169 -1.285198 -1.880706 -0.782095
 -2.434644 -1.371965 -1.866661 -0.684934
 -1.198696 -1.578185 -2.533692 -0.885039
 -1.941698 -1.025409 -2.983147 -0.804622
 -1.660730 -1.021652 -1.660730 -1.347074
 -2.098133 -1.535826 -1.625774 -0.765121
 -1.648658 -1.277095 -3.034948 -0.732369
 -2.044755 -1.022586 -3.297515 -0.746655
 -2.176169 -1.285198 -1.880706 -0.782095
 -2.434644 -1.371965 -1.866661 -0.684934
 -1.013091 -1.988468 -2.726062 -0.833506
 -2.536196 -0.885520 -2.915684 -0.789292
 -2.219198 -1.631416 -1.225952 -0.910872
 -2.310447 -1.604229 -1.459399 -0.760650
 -1.406579 -1.492101 -3.119550 -0.721663
 -2.315202 -0.905379 -3.126131 -0.791912
 -2.098202 -1.277223 -1.983792 -0.774431
 -2.300731 -1.285769 -1.818077 -0.774273
 -1.013091 -1.988468 -2.726062 -0.833506
 -2.536196 -0.885520 -2.915684 -0.789292
 -2.219198 -1.631416 -1.225952 -0.910872
 -2.310447 -1.604229 -1.459399 -0.760650
 -1.406579 -1.492101 -3.119550 -0.721663
 -2.315202 -0.905379 -3.126131 -0.791912
 -2.098202 -1.277223 -1.983792 -0.774431
 -2.300731 -1.285769 -1.818077 -0.774273
 -0.871840 -1.927890 -2.803353 -0.978812
 -1.746296 -0.816762 -3.201572 -1.069958
 -2.508427 -1.235472 -1.409825 -0.957841
 -1.901825 -1.515409 -1.761243 -0.778368
 -1.318472 -1.715773 -3.031443 -0.684414
 -2.291715 -0.885354 -3.600044 -0.778670
 -1.849110 -1.500804 -1.849110 -0.771553
 -2.435850 -1.498506 -1.732121 -0.669227
 -0.871840 -1.927890 -2.803353 -0.978812
 -1.746296 -0.816762 -3.201572 -1.069958
 -2.508427 -1.235472 -1.409825 -0.957841
 -1.901825 -1.515409 -1.761243 -0.778368
 -1.318472 -1.715773 -3.031443 -0.684414
 -2.291715 -0.885354 -3.600044 -0.778670
 -1.849110 -1.500804 -1.849110 -0.771553
 -2.435850 -1.498506 -1.732121 -0.669227
 -0.709497 -1.819157 -3.610900 -1.142819
 -1.884540 -0.643756 -2.983144 -1.301395
 -1.555370 -1.132515 -1.455287 -1.455287
 -2.010638 -1.429969 -1.504077 -0.904960
 -1.094637 -1.262773 -3.733678 -1.025644
 -1.970638 -0.505095 -3.906286 -1.439404
 -1.889951 -1.173274 -1.843431 -0.964182
 -1.947717 -1.309868 -1.834162 -0.849105
 -0.709497 -1.819157 -3.610900 -1.142819
 -1.884540 -0.643756 -2.983144 -1.301395
 -1.555370 -1.132515 -1.455287 -1.455287
 -2.010638 -1.429969 -1.504077 -0.904960
 -1.094637 -1.262773 -3.733678 -1.025644
 -1.970638 -0.505095 -3.906286 -1.439404
 -1.889951 -1.173274 -1.843431 -0.964182
 -1.947717 -1.309868 -1.834162 -0.849105
 -0.000001 -14.674174 -14.674174 -14.674174
 -0.000001 -14.585621 -14.585621 -14.585621
 -0.000004 -13.541079 -13.541079 -13.541079
 -0.000001 -14.830743 -14.830743 -14.830743
 -0.000001 -14.997239 -14.997239 -14.997239
 -0.000000 -15.997058 -15.997058 -15.997058
 -0.000001 -14.834359 -14.834359 -14.834359
 -0.000000 -15.924512 -15.924512 -15.924512
 -0.000001 -14.674174 -14.674174 -14.674174
 -0.000001 -14.585621 -14.585621 -14.585621
 -0.000004 -13.541079 -13.541079 -13.541079
 -0.000001 -14.830743 -14.830743 -14.830743
 -0.000001 -14.997239 -14.997239 -14.997239
 -0.000000 -15.997058 -15.997058 -15.997058
 -0.000001 -14.834359 -14.834359 -14.834359
 -0.000000 -15.924512 -15.924512 -15.924512
 -1.425297 -1.411752 -3.727878 -0.709677
 -1.386294 -1.386294 -1.386294 -1.386294
 -1.386294 -1.386294 -1.386294 -1.386294
 -1.386294 -1.386294 -1.386294 -1.386294
 -1.856480 -1.221689 -4.652595 -0.617095
 -1.386294 -1.386294 -1.386294 -1.386294
 -1.386294 -1.386294 -1.386294 -1.386294
 -1.386294 -1.386294 -1.386294 -1.386294
 -1.425297 -1.411752 -3.727878 -0.709677
 -1.386294 -1.386294 -1.386294 -1.386294
 -1.386294 -1.386294 -1.386294 -1.386294
 -1.386294 -1.386294 -1.386294 -1.386294
 -1.856480 -1.221689 -4.652595 -0.617095
 -1.386294 -1.386294 -1.386294 -1.386294
 -1.386294 -1.386294 -1.386294 -1.386294
 -1.386294 -1.386294 -1.386294 -1.386294
 -1.298102 -1.437214 -4.255601 -0.744068
 -2.088658 -0.820147 -3.107226 -0.938907
 -1.815285 -1.363305 -2.151752 -0.765472
 -2.202734 -1.389964 -1.734805 -0.767913
 -1.386294 -1.386294 -1.386294 -1.386294
 -1.386294 -1.386294 -1.386294 -1.386294
 -1.386294 -1.386294 -1.386294 -1.386294
 -1.386294 -1.386294 -1.386294 -1.386294
 -1.298102 -1.437214 -4.255601 -0.744068
 -2.088658 -0.820147 -3.107226 -0.938907
 -1.815285 -1.363305 -2.151752 -0.765472
 -2.202734 -1.389964 -1.734805 -0.767913
 -1.386294 -1.386294 -1.386294 -1.386294
 -1.386294 -1.386294 -1.386294 -1.386294
 -1.386294 -1.386294 -1.386294 -1.386294
 -1.386294 -1.386294 -1.386294 -1.386294
 -1.056053 -1.615668 -4.388210 -0.818726
 -1.510998 -1.044909 -3.184960 -0.951383
 -1.871783 -1.466334 -1.871783 -0.773204
 -1.878770 -1.280934 -1.834318 -0.892276
 -1.977546 -1.348939 -14.876768 -0.507372
 -2.089593 -0.928358 -3.148198 -0.825237
 -2.266651 -1.634130 -2.237664 -0.520015
 -2.673240 -1.254581 -2.000028 -0.672472
 -1.056053 -1.615668 -4.388210 -0.818726
 -1.510998 -1.044909 -3.184960 -0.951383
 -1.871783 -1.466334 -1.871783 -0.773204
 -1.878770 -1.280934 -1.834318 -0.892276
 -1.977546 -1.348939 -14.876768 -0.507372
 -2.089593 -0.928358 -3.148198 -0.825237
 -2.266651 -1.634130 -2.237664 -0.520015
 -2.673240 -1.254581 -2.000028 -0.672472
 -1.032655 -1.481604 -3.273347 -0.970780
 -1.693319 -0.828323 -3.772738 -1.031922
 -1.871796 -1.265668 -1.360977 -1.178657
 -2.250170 -1.485198 -1.730871 -0.711248
 -2.120262 -1.090644 -5.521362 -0.616187
 -1.877093 -0.897342 -3.686240 -0.881291
 -1.963077 -1.285198 -2.025597 -0.796147
 -2.465701 -1.082129 -2.031663 -0.809546
 -1.032655 -1.481604 -3.273347 -0.970780
 -1.693319 -0.828323 -3.772738 -1.031922
 -1.871796 -1.265668 -1.360977 -1.178657
 -2.250170 -1.485198 -1.730871 -0.711248
 -2.120262 -1.090644 -5.521362 -0.616187
 -1.877093 -0.897342 -3.686240 -0.881291
 -1.963077 -1.285198 -2.025597 -0.796147
 -2.465701 -1.082129 -2.031663 -0.809546
 -1.863216 -1.352393 -4.753494 -0.548900
 -2.356649 -0.631905 -3.637568 -1.057370
 -1.652920 -1.077561 -1.770702 -1.211092
 -2.717997 -1.307014 -2.312533 -0.572070
 -2.258283 -1.396802 -4.560838 -0.449997
 -2.294411 -0.899435 -3.657713 -0.762308
 -2.000659 -1.647020 -2.031431 -0.614367
 -2.792279 -1.315508 -2.471074 -0.534629
 -1.863216 -1.352393 -4.753494 -0.548900
 -2.356649 -0.631905 -3.637568 -1.057370
 -1.652920 -1.077561 -1.770702 -1.211092
 -2.717997 -1.307014 -2.312533 -0.572070
 -2.258283 -1.396802 -4.560838 -0.449997
 -2.294411 -0.899435 -3.657713 -0.762308
 -2.000659 -1.647020 -2.031431 -0.614367
 -2.792279 -1.315508 -2.471074 -0.534629
 -1.241714 -1.504077 -3.401168 -0.786240
 -2.008822 -0.795802 -3.308093 -0.972733
 -1.586963 -0.950979 -1.838274 -1.386294
 -3.091038 -2.267841 -2.455052 -0.267682
 -1.355204 -1.169487 -5.246926 -0.852576
 -1.963152 -0.873274 -3.663557 -0.876202
 -1.906168 -1.065387 -1.701374 -1.126012
 -2.666280 -1.590658 -2.416229 -0.450294
 -1.241714 -1.504077 -3.401168 -0.786240
 -2.008822 -0.795802 -3.308093 -0.972733
 -1.586963 -0.950979 -1.838274 -1.386294
 -3.091038 -2.267841 -2.455052 -0.267682
 -1.355204 -1.169487 -5.246926 -0.852576
 -1.963152 -0.873274 -3.663557 -0.876202
 -1.906168 -1.065387 -1.701374 -1.126012
 -2.666280 -1.590658 -2.416229 -0.450294
 -0.552567 -1.667706 -2.178528 -2.098486
 -1.119232 -0.947382 -2.505520 -1.589235
 -1.239692 -1.239692 -1.072640 -2.538951
 -1.764509 -1.391834 -1.071363 -1.437297
 -0.523249 -1.541817 -3.190468 -1.882142
 -1.015455 -1.083345 -2.546930 -1.509687
 -1.207812 -1.662547 -0.969401 -2.023559
 -1.618067 -1.712378 -1.293571 -1.058451
 -0.552567 -1.667706 -2.178528 -2.098486
 -1.119232 -0.947382 -2.505520 -1.589235
 -1.239692 -1.239692 -1.072640 -2.538951
 -1.764509 -1.391834 -1.071363 -1.437297
 -0.523249 -1.541817 -3.190468 -1.882142
 -1.015455 -1.083345 -2.546930 -1.509687
 -1.207812 -1.662547 -0.969401 -2.023559
 -1.618067 -1.712378 -1.293571 -1.058451
 -14.801329 -0.000001 -14.801329 -14.801329
 -13.963934 -0.000003 -13.963934 -13.963934
 -13.825465 -0.000003 -13.825465 -13.825465
 -13.541079 -0.000004 -13.541079 -13.541079
 -15.668679 -0.000001 -15.668679 -15.668679
 -15.635210 -0.000001 -15.635210 -15.635210
 -15.511127 -0.000001 -15.511127 -15.511127
 -15.838383 -0.000000 -15.838383 -15.838383
 -14.801329 -0.000001 -14.801329 -14.801329
 -13.963934 -0.000003 -13.963934 -13.963934
 -13.825465 -0.000003 -13.825465 -13.825465
 -13.541079 -0.000004 -13.541079 -13.541079
 -15.668679 -0.000001 -15.668679 -15.668679
 -15.635210 -0.000001 -15.635210 -15.635210
 -15.511127 -0.000001 -15.511127 -15.511127
 -15.838383 -0.000000 -15.838383 -15.838383
 -1.386294 -1.386294 -1.386294 -1.386294
 -0.000000 -16.557640 -16.557640 -16.557640
 -1.386294 -1.386294 -1.386294 -1.386294
 -1.386294 -1.386294 -1.386294 -1.386294
 -1.386294 -1.386294 -1.386294 -1.386294
 -0.000000 -16.565981 -16.565981 -16.565981
 -1.386294 -1.386294 -1.386294 -1.386294
 -1.386294 -1.386294 -1.386294 -1.386294
 -1.386294 -1.386294 -1.386294 -1.386294
 -0.000000 -16.557640 -16.557640 -16.557640
 -1.386294 -1.386294 -1.386294 -1.386294
 -1.386294 -1.386294 -1.386294 -1.386294
 -1.386294 -1.386294 -1.386294 -1.386294
 -0.000000 -16.565981 -16.565981 -16.565981
 -1.386294 -1.386294 -1.386294 -1.386294
 -1.386294 -1.386294 -1.386294 -1.386294
 -1.386294 -1.386294 -1.386294 -1.386294
 -1.386294 -1.386294 -1.386294 -1.386294
 -1.386294 -1.386294 -1.386294 -1.386294
 -1.386294 -1.386294 -1.386294 -1.386294
 -17.254967 -17.254967 -0.000000 -17.254967
 -1.386294 -1.386294 -1.386294 -1.386294
 -1.386294 -1.386294 -1.386294 -1.386294
 -1.386294 -1.386294 -1.386294 -1.386294
 -1.386294 -1.386294 -1.386294 -1.386294
 -1.386294 -1.386294 -1.386294 -1.386294
 -1.386294 -1.386294 -1.386294 -1.386294
 -1.386294 -1.386294 -1.386294 -1.386294
 -17.254967 -17.254967 -0.000000 -17.254967
 -1.386294 -1.386294 -1.386294 -1.386294
 -1.386294 -1.386294 -1.386294 -1.386294
 -1.386294 -1.386294 -1.386294 -1.386294
 -1.386294 -1.386294 -1.386294 -1.386294
 -1.386294 -1.386294 -1.386294 -1.386294
 -1.292356 -1.971582 -0.729408 -2.263883
 -1.386294 -1.386294 -1.386294 -1.386294
 -1.386294 -1.386294 -1.386294 -1.386294
 -1.386294 -1.386294 -1.386294 -1.386294
 -1.386294 -1.386294 -1.386294 -1.386294
 -1.386294 -1.386294 -1.386294 -1.386294
 -1.386294 -1.386294 -1.386294 -1.386294
 -1.386294 -1.386294 -1.386294 -1.386294
 -1.292356 -1.971582 -0.729408 -2.263883
 -1.386294 -1.386294 -1.386294 -1.386294
 -1.386294 -1.386294 -1.386294 -1.386294
 -1.386294 -1.386294 -1.386294 -1.386294
 -1.386294 -1.386294 -1.386294 -1.386294
 -1.386294 -1.386294 -1.386294 -1.386294
 -1.381632 -1.768664 -1.542784 -1.009267
 -1.562185 -1.302360 -2.546682 -0.820772
 -1.396325 -1.652258 -1.713099 -0.966079
 -1.791759 -1.974080 -1.053356 -1.062245
 -1.386294 -1.386294 -1.386294 -1.386294
 -1.386294 -1.386294 -1.386294 -1.386294
 -1.386294 -1.386294 -1.386294 -1.386294
 -1.386294 -1.386294 -1.386294 -1.386294
 -1.381632 -1.768664 -1.542784 -1.009267
 -1.562185 -1.302360 -2.546682 -0.820772
 -1.396325 -1.652258 -1.713099 -0.966079
 -1.791759 -1.974080 -1.053356 -1.062245
 -1.386294 -1.386294 -1.386294 -1.386294
 -1.386294 -1.386294 -1.386294 -1.386294
 -1.386294 -1.386294 -1.386294 -1.386294
 -1.386294 -1.386294 -1.386294 -1.386294
 -1.091821 -1.674544 -1.530838 -1.344587
 -1.075832 -1.328112 -2.894987 -1.082612
 -1.183623 -1.445268 -1.607237 -1.355923
 -1.564101 -1.709283 -1.087364 -1.299660
 -1.239064 -1.480226 -1.932209 -1.084914
 -1.161925 -1.243603 -2.321158 -1.201930
 -1.464072 -1.524696 -1.524696 -1.098613
 -1.801709 -1.396245 -1.236396 -1.213923
 -1.091821 -1.674544 -1.530838 -1.344587
 -1.075832 -1.328112 -2.894987 -1.082612
 -1.183623 -1.445268 -1.607237 -1.355923
 -1.564101 -1.709283 -1.087364 -1.299660
 -1.239064 -1.480226 -1.932209 -1.084914
 -1.161925 -1.243603 -2.321158 -1.201930
 -1.464072 -1.524696 -1.524696 -1.098613
 -1.801709 -1.396245 -1.236396 -1.213923
 -2.690372 0.000100 0.000100 0.000100
 -2.987224 0.000100 0.000100 0.000100
 -2.489501 0.000100 0.000100 0.000100
 -2.964620 0.000100 0.000100 0.000100
 -2.855611 0.000100 0.000100 0.000100
 -2.799003 0.000100 0.000100 0.000100
 -3.089362 0.000100 0.000100 0.000100
 -2.485748 0.000100 0.000100 0.000100
 -2.690372 0.000100 0.000100 0.000100
 -2.987224 0.000100 0.000100 0.000100
 -2.489501 0.000100 0.000100 0.000100
 -2.964620 0.000100 0.000100 0.000100
 -2.855611 0.000100 0.000100 0.000100
 -2.799003 0.000100 0.000100 0.000100
 -3.089362 0.000100 0.000100 0.000100
 -2.485748 0.000100 0.000100 0.000100
 -1.103823 -1.731076 -1.268578 -1.560296
 -1.097268 -1.233451 -2.452620 -1.241796
 -0.995101 -1.583773 -1.359196 -1.782321
 -1.623472 -1.607599 -1.131218 -1.273755
 -1.361377 -1.521680 -1.213687 -1.477322
 -1.200562 -1.160658 -2.595032 -1.167796
 -1.455670 -1.449305 -1.265504 -1.386592
 -1.327924 -1.589121 -1.276416 -1.378991
 -1.103823 -1.731076 -1.268578 -1.560296
 -1.097268 -1.233451 -2.452620 -1.241796
 -0.995101 -1.583773 -1.359196 -1.782321
 -1.623472 -1.607599 -1.131218 -1.273755
 -1.361377 -1.521680 -1.213687 -1.477322
 -1.200562 -1.160658 -2.595032 -1.167796
 -1.455670 -1.449305 -1.265504 -1.386592
 -1.327924 -1.589121 -1.276416 -1.378991
 -1.186849 -1.522642 -1.428989 -1.439134
 -1.044095 -1.306311 -2.376593 -1.257704
 -1.159647 -1.529766 -1.253728 -1.690767
 -1.536764 -1.657392 -1.182844 -1.245202
 -1.573660 -1.112188 -1.397832 -1.529039
 -1.145196 -1.239529 -2.554788 -1.156424
 -1.172485 -1.609438 -1.278545 -1.551353
 -1.681882 -1.451358 -1.335631 -1.149698
 -1.186849 -1.522642 -1.428989 -1.439134
 -1.044095 -1.306311 -2.376593 -1.257704
 -1.159647 -1.529766 -1.253728 -1.690767
 -1.536764 -1.657392 -1.182844 -1.245202
 -1.573660 -1.112188 -1.397832 -1.529039
 -1.145196 -1.239529 -2.554788 -1.156424
 -1.172485 -1.609438 -1.278545 -1.551353
 -1.681882 -1.451358 -1.335631 -1.149698
 -1.024143 -1.779551 -1.229464 -1.716285
 -0.854711 -1.525297 -2.142813 -1.428313
 -1.214362 -1.539530 -1.207117 -1.663047
 -1.606563 -1.668235 -1.032022 -1.368225
 -1.381711 -1.573133 -1.174017 -1.459578
 -1.198302 -1.236996 -2.583822 -1.100952
 -1.453743 -1.503923 -1.142530 -1.491483
 -1.761873 -1.404198 -1.323618 -1.150297
 -1.024143 -1.779551 -1.229464 -1.716285
 -0.854711 -1.525297 -2.142813 -1.428313
 -1.214362 -1.539530 -1.207117 -1.663047
 -1.606563 -1.668235 -1.032022 -1.368225
 -1.381711 -1.573133 -1.174017 -1.459578
 -1.198302 -1.236996 -2.583822 -1.100952
 -1.453743 -1.503923 -1.142530 -1.491483
 -1.761873 -1.404198 -1.323618 -1.150297
 -1.142097 -1.587479 -1.279861 -1.617798
 -1.149706 -1.205056 -2.430640 -1.218699
 -1.279146 -1.402895 -1.230815 -1.693980
 -1.611039 -1.564094 -1.148910 -1.294407
 -1.511841 -1.803126 -0.850210 -1.674571
 -1.180325 -1.206892 -2.669901 -1.125666
 -1.518952 -1.640234 -0.942298 -1.622559
 -1.761349 -1.413756 -1.324411 -1.142565
 -1.142097 -1.587479 -1.279861 -1.617798
 -1.149706 -1.205056 -2.430640 -1.218699
 -1.279146 -1.402895 -1.230815 -1.693980
 -1.611039 -1.564094 -1.148910 -1.294407
 -1.511841 -1.803126 -0.850210 -1.674571
 -1.180325 -1.206892 -2.669901 -1.125666
 -1.518952 -1.640234 -0.942298 -1.622559
 -1.761349 -1.413756 -1.324411 -1.142565
 -1.044495 -1.835462 -1.252092 -1.596104
 -1.101836 -1.202901 -2.379497 -1.291637
 -1.391489 -1.743075 -0.850412 -1.903307
 -1.482133 -1.714036 -1.121860 -1.320370
 -1.326815 -1.622988 -1.210644 -1.429763
 -1.125788 -1.286849 -2.592354 -1.125099
 -1.339859 -1.517211 -1.214068 -1.505943
 -1.711097 -1.519442 -1.304925 -1.110769
 -1.044495 -1.835462 -1.252092 -1.596104
 -1.101836 -1.202901 -2.379497 -1.291637
 -1.391489 -1.743075 -0.850412 -1.903307
 -1.482133 -1.714036 -1.121860 -1.320370
 -1.326815 -1.622988 -1.210644 -1.429763
 -1.125788 -1.286849 -2.592354 -1.125099
 -1.339859 -1.517211 -1.214068 -1.505943
 -1.711097 -1.519442 -1.304925 -1.110769
 -1.046532 -1.785554 -1.195828 -1.722108
 -1.125517 -1.196751 -2.488585 -1.236794
 -1.460976 -1.337743 -1.101354 -1.753698
 -1.603889 -1.566393 -1.149989 -1.296637
 -1.408293 -1.611834 -1.103848 -1.494657
 -1.219384 -1.146806 -2.610444 -1.160159
 -1.493113 -1.445207 -1.165776 -1.478629
 -1.735357 -1.426203 -1.191638 -1.273965
 -1.046532 -1.785554 -1.195828 -1.722108
 -1.125517 -1.196751 -2.488585 -1.236794
 -1.460976 -1.337743 -1.101354 -1.753698
 -1.603889 -1.566393 -1.149989 -1.296637
 -1.408293 -1.611834 -1.103848 -1.494657
 -1.219384 -1.146806 -2.610444 -1.160159
 -1.493113 -1.445207 -1.165776 -1.478629
 -1.735357 -1.426203 -1.191638 -1.273965
 -1.000249 -1.847206 -1.309104 -1.587320
 -1.007471 -1.369196 -2.049764 -1.379192
 -1.418491 -1.529527 -1.346366 -1.269049
 -1.653890 -1.711677 -1.037837 -1.294945
 -1.387026 -1.515968 -1.234409 -1.428865
 -1.149601 -1.259585 -2.331074 -1.196422
 -1.510402 -1.514394 -1.231725 -1.318828
 -1.735763 -1.435659 -1.201721 -1.254917
 -1.000249 -1.847206 -1.309104 -1.587320
 -1.007471 -1.369196 -2.049764 -1.379192
 -1.418491 -1.529527 -1.346366 -1.269049
 -1.653890 -1.711677 -1.037837 -1.294945
 -1.387026 -1.515968 -1.234409 -1.428865
 -1.149601 -1.259585 -2.331074 -1.196422
 -1.510402 -1.514394 -1.231725 -1.318828
 -1.735763 -1.435659 -1.201721 -1.254917
 -1.040194 -1.835850 -1.288682 -1.553520
 -1.093725 -1.323821 -2.451934 -1.162223
 -1.231361 -1.495799 -1.280443 -1.579291
 -1.643239 -1.766170 -1.395534 -0.946853
 -1.425385 -1.615303 -1.293093 -1.250599
 -1.109505 -1.297557 -2.530687 -1.147355
 -1.531476 -1.474251 -1.275233 -1.289285
 -1.724274 -1.433173 -1.322621 -1.149766
 -1.040194 -1.835850 -1.288682 -1.553520
 -1.093725 -1.323821 -2.451934 -1.162223
 -1.231361 -1.495799 -1.280443 -1.579291
 -1.643239 -1.766170 -1.395534 -0.946853
 -1.425385 -1.615303 -1.293093 -1.250599
 -1.109505 -1.297557 -2.530687 -1.147355
 -1.531476 -1.474251 -1.275233 -1.289285
 -1.724274 -1.433173 -1.322621 -1.149766
 -1.086363 -1.790080 -1.268574 -1.540009
 -1.098612 -1.140218 -2.444963 -1.346351
 -1.255233 -1.554971 -1.145024 -1.684276
 -1.684267 -1.714048 -0.934646 -1.420639
 -1.401521 -1.580958 -1.244795 -1.347074
 -1.204451 -1.270373 -2.707333 -1.042132
 -1.438819 -1.538131 -1.141529 -1.475433
 -1.908288 -1.552177 -1.373816 -0.950002
 -1.086363 -1.790080 -1.268574 -1.540009
 -1.098612 -1.140218 -2.444963 -1.346351
 -1.255233 -1.554971 -1.145024 -1.684276
 -1.684267 -1.714048 -0.934646 -1.420639
 -1.401521 -1.580958 -1.244795 -1.347074
 -1.204451 -1.270373 -2.707333 -1.042132
 -1.438819 -1.538131 -1.141529 -1.475433
 -1.908288 -1.552177 -1.373816 -0.950002
 -1.065872 -1.822809 -1.247745 -1.575762
 -1.116485 -1.190138 -2.399280 -1.281543
 -1.138752 -1.483793 -1.302141 -1.708946
 -1.483397 -1.619438 -1.214811 -1.278847
 -1.326276 -1.529107 -1.273836 -1.435272
 -1.215922 -1.120680 -2.650706 -1.181220
 -1.151704 -1.525445 -1.344882 -1.580814
 -1.864275 -1.125629 -1.433219 -1.265836
 -1.065872 -1.822809 -1.247745 -1.575762
 -1.116485 -1.190138 -2.399280 -1.281543
 -1.138752 -1.483793 -1.302141 -1.708946
 -1.483397 -1.619438 -1.214811 -1.278847
 -1.326276 -1.529107 -1.273836 -1.435272
 -1.215922 -1.120680 -2.650706 -1.181220
 -1.151704 -1.525445 -1.344882 -1.580814
 -1.864275 -1.125629 -1.433219 -1.265836
 -1.127789 -2.068674 -1.007802 -1.688058
 -1.012508 -1.341448 -2.315364 -1.285557
 -1.155250 -1.554925 -1.205386 -1.747324
 -1.518981 -1.673719 -1.052361 -1.408931
 -1.347198 -1.534853 -1.220003 -1.472656
 -0.953010 -1.367124 -2.473961 -1.289777
 -1.382294 -1.527476 -1.122958 -1.576976
 -1.734343 -1.605763 -1.220448 -1.115810
 -1.127789 -2.068674 -1.007802 -1.688058
 -1.012508 -1.341448 -2.315364 -1.285557
 -1.155250 -1.554925 -1.205386 -1.747324
 -1.518981 -1.673719 -1.052361 -1.408931
 -1.347198 -1.534853 -1.220003 -1.472656
 -0.953010 -1.367124 -2.473961 -1.289777
 -1.382294 -1.527476 -1.122958 -1.576976
 -1.734343 -1.605763 -1.220448 -1.115810
 -1.098976 -1.857610 -1.127241 -1.677625
 -0.958214 -1.264023 -2.575919 -1.355479
 -1.395927 -1.399941 -1.090054 -1.774390
 -1.515195 -1.574036 -1.128540 -1.388207
 -1.508997 -1.207057 -1.192365 -1.735628
 -1.159708 -1.198402 -2.615770 -1.165924
 -1.561998 -1.260893 -1.163853 -1.636799
 -1.709022 -1.540897 -1.163267 -1.229959
 -1.098976 -1.857610 -1.127241 -1.677625
 -0.958214 -1.264023 -2.575919 -1.355479
 -1.395927 -1.399941 -1.090054 -1.774390
 -1.515195 -1.574036 -1.128540 -1.388207
 -1.508997 -1.207057 -1.192365 -1.735628
 -1.159708 -1.198402 -2.615770 -1.165924
 -1.561998 -1.260893 -1.163853 -1.636799
 -1.709022 -1.540897 -1.163267 -1.229959
 -1.025062 -1.584810 -1.255527 -1.888403
 -1.604001 -0.515818 -2.865841 -1.931279
 -1.276879 -1.145678 -1.235575 -2.185532
 -1.581109 -1.357702 -1.108967 -1.574543
 -1.191680 -1.324566 -1.265208 -1.909256
 -1.332510 -0.739178 -2.656818 -1.668612
 -1.448556 -1.211834 -1.152680 -1.886178
 -1.784184 -1.154455 -1.331141 -1.375705
 -1.025062 -1.584810 -1.255527 -1.888403
 -1.604001 -0.515818 -2.865841 -1.931279
 -1.276879 -1.145678 -1.235575 -2.185532
 -1.581109 -1.357702 -1.108967 -1.574543
 -1.191680 -1.324566 -1.265208 -1.909256
 -1.332510 -0.739178 -2.656818 -1.668612
 -1.448556 -1.211834 -1.152680 -1.886178
 -1.784184 -1.154455 -1.331141 -1.375705
 0.000000 -17.880598 -17.880598 -17.880598
 0.000000 -17.789757 -17.789757 -17.789757
 0.000000 -17.857510 -17.857510 -17.857510
 0.000000 -17.106894 -17.106894 -17.106894
 0.000000 -17.400972 -17.400972 -17.400972
 0.000000 -18.107340 -18.107340 -18.107340
 0.000000 -17.217375 -17.217375 -17.217375
 0.000000 -17.346565 -17.346565 -17.346565
 0.000000 -17.880598 -17.880598 -17.880598
 0.000000 -17.789757 -17.789757 -17.789757
 0.000000 -17.857510 -17.857510 -17.857510
 0.000000 -17.106894 -17.106894 -17.106894
 0.000000 -17.400972 -17.400972 -17.400972
 0.000000 -18.107340 -18.107340 -18.107340
 0.000000 -17.217375 -17.217375 -17.217375
 0.000000 -17.346565 -17.346565 -17.346565
 -1.120753 -1.726325 -1.182870 -1.662678
 -1.386294 -1.386294 -1.386294 -1.386294
 -1.386294 -1.386294 -1.386294 -1.386294
 -1.386294 -1.386294 -1.386294 -1.386294
 -1.588051 -1.446065 -1.124731 -1.446292
 -1.386294 -1.386294 -1.386294 -1.386294
 -1.386294 -1.386294 -1.386294 -1.386294
 -1.386294 -1.386294 -1.386294 -1.386294
 -1.120753 -1.726325 -1.182870 -1.662678
 -1.386294 -1.386294 -1.386294 -1.386294
 -1.386294 -1.386294 -1.386294 -1.386294
 -1.386294 -1.386294 -1.386294 -1.386294
 -1.588051 -1.446065 -1.124731 -1.446292
 -1.386294 -1.386294 -1.386294 -1.386294
 -1.386294 -1.386294 -1.386294 -1.386294
 -1.386294 -1.386294 -1.386294 -1.386294
 -1.057671 -1.755560 -1.325253 -1.540890
 -1.212475 -1.035449 -2.451686 -1.341991
 -1.267738 -1.413732 -1.254096 -1.660917
 -1.607401 -1.681265 -1.010964 -1.387952
 -1.386294 -1.386294 -1.386294 -1.386294
 -1.386294 -1.386294 -1.386294 -1.386294
 -1.386294 -1.386294 -1.386294 -1.386294
 -1.386294 -1.386294 -1.386294 -1.386294
 -1.057671 -1.755560 -1.325253 -1.540890
 -1.212475 -1.035449 -2.451686 -1.341991
 -1.267738 -1.413732 -1.254096 -1.660917
 -1.607401 -1.681265 -1.010964 -1.387952
 -1.386294 -1.386294 -1.386294 -1.386294
 -1.386294 -1.386294 -1.386294 -1.386294
 -1.386294 -1.386294 -1.386294 -1.386294
 -1.386294 -1.386294 -1.386294 -1.386294
 -1.179444 -1.894819 -1.177004 -1.452416
 -1.057383 -1.270532 -2.389073 -1.272112
 -1.215148 -1.526496 -1.205497 -1.679350
 -1.359883 -1.754976 -1.120731 -1.409127
 -1.339798 -1.604250 -1.264272 -1.367997
 -0.952401 -1.433648 -2.315367 -1.283669
 -1.643889 -1.831231 -1.434686 -0.895590
 -1.727379 -1.520006 -1.190162 -1.206082
 -1.179444 -1.894819 -1.177004 -1.452416
 -1.057383 -1.270532 -2.389073 -1.272112
 -1.215148 -1.526496 -1.205497 -1.679350
 -1.359883 -1.754976 -1.120731 -1.409127
 -1.339798 -1.604250 -1.264272 -1.367997
 -0.952401 -1.433648 -2.315367 -1.283669
 -1.643889 -1.831231 -1.434686 -0.895590
 -1.727379 -1.520006 -1.190162 -1.206082
 -1.125586 -1.767271 -1.205676 -1.583528
 -1.111957 -1.254283 -2.350961 -1.236057
 -1.276453 -1.507739 -1.147846 -1.702401
 -1.757661 -1.832384 -1.403389 -0.863324
 -1.533912 -1.460402 -1.159626 -1.433120
 -1.099388 -1.312113 -2.452867 -1.165945
 -1.403349 -1.475906 -1.257878 -1.421302
 -1.817656 -1.406037 -1.186581 -1.247514
 -1.125586 -1.767271 -1.205676 -1.583528
 -1.111957 -1.254283 -2.350961 -1.236057
 -1.276453 -1.507739 -1.147846 -1.702401
 -1.757661 -1.832384 -1.403389 -0.863324
 -1.533912 -1.460402 -1.159626 -1.433120
 -1.099388 -1.312113 -2.452867 -1.165945
 -1.403349 -1.475906 -1.257878 -1.421302
 -1.817656 -1.406037 -1.186581 -1.247514
 -1.084563 -1.696295 -1.288774 -1.594645
 -1.100300 -1.260990 -2.059875 -1.361073
 -1.215251 -1.384963 -1.390969 -1.588669
 -1.677323 -1.553739 -1.031244 -1.406059
 -1.322912 -1.532450 -1.239713 -1.477672
 -1.082116 -1.199349 -2.558022 -1.264877
 -1.362083 -1.384503 -1.227968 -1.606752
 -1.676129 -1.610310 -0.990466 -1.420166
 -1.084563 -1.696295 -1.288774 -1.594645
 -1.100300 -1.260990 -2.059875 -1.361073
 -1.215251 -1.384963 -1.390969 -1.588669
 -1.677323 -1.553739 -1.031244 -1.406059
 -1.322912 -1.532450 -1.239713 -1.477672
 -1.082116 -1.199349 -2.558022 -1.264877
 -1.362083 -1.384503 -1.227968 -1.606752
 -1.676129 -1.610310 -0.990466 -1.420166
 -1.215197 -1.805794 -1.111546 -1.560863
 -1.169886 -1.207391 -2.629345 -1.144147
 -1.354229 -1.356499 -1.203648 -1.691760
 -1.755355 -1.545315 -1.317864 -1.060730
 -1.615322 -1.423934 -1.109756 -1.466337
 -1.165233 -1.304271 -2.731387 -1.045117
 -1.837352 -1.169126 -1.007076 -1.802794
 -1.742288 -1.365277 -1.385861 -1.141115
 -1.215197 -1.805794 -1.111546 -1.560863
 -1.169886 -1.207391 -2.629345 -1.144147
 -1.354229 -1.356499 -1.203648 -1.691760
 -1.755355 -1.545315 -1.317864 -1.060730
 -1.615322 -1.423934 -1.109756 -1.466337
 -1.165233 -1.304271 -2.731387 -1.045117
 -1.837352 -1.169126 -1.007076 -1.802794
 -1.742288 -1.365277 -1.385861 -1.141115
 -1.294716 -1.529462 -1.118646 -1.700181
 -1.420539 -0.735753 -2.720406 -1.544476
 -1.522465 -1.021839 -1.304267 -1.893641
 -1.680318 -1.323231 -1.240157 -1.354514
 -1.576857 -1.459720 -1.073025 -1.518216
 -1.322148 -1.040149 -2.700913 -1.161898
 -1.606577 -1.279073 -1.145542 -1.594154
 -1.848394 -1.303955 -1.185099 -1.326750
 -1.294716 -1.529462 -1.118646 -1.700181
 -1.420539 -0.735753 -2.720406 -1.544476
 -1.522465 -1.021839 -1.304267 -1.893641
 -1.680318 -1.323231 -1.240157 -1.354514
 -1.576857 -1.459720 -1.073025 -1.518216
 -1.322148 -1.040149 -2.700913 -1.161898
 -1.606577 -1.279073 -1.145542 -1.594154
 -1.848394 -1.303955 -1.185099 -1.326750
 -17.528351 0.000000 -17.528351 -17.528351
 -17.743406 0.000000 -17.743406 -17.743406
 -17.836746 0.000000 -17.836746 -17.836746
 -17.311110 0.000000 -17.311110 -17.311110
 -17.494339 0.000000 -17.494339 -17.494339
 -17.979692 0.000000 -17.979692 -17.979692
 -17.367710 0.000000 -17.367710 -17.367710
 -17.713638 0.000000 -17.713638 -17.713638
 -17.528351 0.000000 -17.528351 -17.528351
 -17.743406 0.000000 -17.743406 -17.743406
 -17.836746 0.000000 -17.836746 -17.836746
 -17.311110 0.000000 -17.311110 -17.311110
 -17.494339 0.000000 -17.494339 -17.494339
 -17.979692 0.000000 -17.979692 -17.979692
 -17.367710 0.000000 -17.367710 -17.367710
 -17.713638 0.000000 -17.713638 -17.713638
 -1.386294 -1.386294 -1.386294 -1.386294
 0.000000 -18.958519 -18.958519 -18.958519
 -1.386294 -1.386294 -1.386294 -1.386294
 -1.386294 -1.386294 -1.386294 -1.386294
 -1.386294 -1.386294 -1.386294 -1.386294
 0.000000 -19.100843 -19.100843 -19.100843
 -1.386294 -1.386294 -1.386294 -1.386294
 -1.386294 -1.386294 -1.386294 -1.386294
 -1.386294 -1.386294 -1.386294 -1.386294
 0.000000 -18.958519 -18.958519 -18.958519
 -1.386294 -1.386294 -1.386294 -1.386294
 -1.386294 -1.386294 -1.386294 -1.386294
 -1.386294 -1.386294 -1.386294 -1.386294
 0.000000 -19.100843 -19.100843 -19.100843
 -1.386294 -1.386294 -1.386294 -1.386294
 -1.386294 -1.386294 -1.386294 -1.386294
 -1.386294 -1.386294 -1.386294 -1.386294
 -1.386294 -1.386294 -1.386294 -1.386294
 -1.386294 -1.386294 -1.386294 -1.386294
 -1.386294 -1.386294 -1.386294 -1.386294
 -19.725359 -19.725359 0.000000 -19.725359
 -1.386294 -1.386294 -1.386294 -1.386294
 -1.386294 -1.386294 -1.386294 -1.386294
 -1.386294 -1.386294 -1.386294 -1.386294
 -1.386294 -1.386294 -1.386294 -1.386294
 -1.386294 -1.386294 -1.386294 -1.386294
 -1.386294 -1.386294 -1.386294 -1.386294
 -1.386294 -1.386294 -1.386294 -1.386294
 -19.725359 -19.725359 0.000000 -19.725359
 -1.386294 -1.386294 -1.386294 -1.386294
 -1.386294 -1.386294 -1.386294 -1.386294
 -1.386294 -1.386294 -1.386294 -1.386294
 -1.386294 -1.386294 -1.386294 -1.386294
 -1.386294 -1.386294 -1.386294 -1.386294
 -1.373706 -1.378109 -1.243582 -1.577799
 -1.386294 -1.386294 -1.386294 -1.386294
 -1.386294 -1.386294 -1.386294 -1.386294
 -1.386294 -1.386294 -1.386294 -1.386294
 -1.386294 -1.386294 -1.386294 -1.386294
 -1.386294 -1.386294 -1.386294 -1.386294
 -1.386294 -1.386294 -1.386294 -1.386294
 -1.386294 -1.386294 -1.386294 -1.386294
 -1.373706 -1.378109 -1.243582 -1.577799
 -1.386294 -1.386294 -1.386294 -1.386294
 -1.386294 -1.386294 -1.386294 -1.386294
 -1.386294 -1.386294 -1.386294 -1.386294
 -1.386294 -1.386294 -1.386294 -1.386294
 -1.386294 -1.386294 -1.386294 -1.386294
 -1.122028 -1.812218 -1.196465 -1.566240
 -1.184646 -1.187465 -2.516836 -1.176237
 -1.318117 -1.219139 -1.389121 -1.673537
 -1.625332 -1.690850 -1.032884 -1.336316
 -1.386294 -1.386294 -1.386294 -1.386294
 -1.386294 -1.386294 -1.386294 -1.386294
 -1.386294 -1.386294 -1.386294 -1.386294
 -1.386294 -1.386294 -1.386294 -1.386294
 -1.122028 -1.812218 -1.196465 -1.566240
 -1.184646 -1.187465 -2.516836 -1.176237
 -1.318117 -1.219139 -1.389121 -1.673537
 -1.625332 -1.690850 -1.032884 -1.336316
 -1.386294 -1.386294 -1.386294 -1.386294
 -1.386294 -1.386294 -1.386294 -1.386294
 -1.386294 -1.386294 -1.386294 -1.386294
 -1.386294 -1.386294 -1.386294 -1.386294
 -1.126181 -1.796529 -1.206923 -1.557125
 -1.218004 -1.515395 -2.405210 -0.930866
 -1.217035 -1.436328 -1.413531 -1.501431
 -1.611469 -1.641129 -0.992821 -1.443438
 -1.389063 -1.683546 -1.114405 -1.440259
 -1.207204 -1.354015 -2.513880 -1.016629
 -1.193142 -1.566710 -1.326537 -1.502344
 -1.458286 -1.459170 -1.311482 -1.326081
 -1.126181 -1.796529 -1.206923 -1.557125
 -1.218004 -1.515395 -2.405210 -0.930866
 -1.217035 -1.436328 -1.413531 -1.501431
 -1.611469 -1.641129 -0.992821 -1.443438
 -1.389063 -1.683546 -1.114405 -1.440259
 -1.207204 -1.354015 -2.513880 -1.016629
 -1.193142 -1.566710 -1.326537 -1.502344
 -1.458286 -1.459170 -1.311482 -1.326081
