 -2.822350 0.000100 0.000100 0.000100
 -3.214637 0.000100 0.000100 0.000100
 -3.557170 0.000100 0.000100 0.000100
 -2.657182 0.000100 0.000100 0.000100
 -2.621494 0.000100 0.000100 0.000100
 -2.768713 0.000100 0.000100 0.000100
 -3.196672 0.000100 0.000100 0.000100
 -2.076533 0.000100 0.000100 0.000100
 -2.822350 0.000100 0.000100 0.000100
 -3.214637 0.000100 0.000100 0.000100
 -3.557170 0.000100 0.000100 0.000100
 -2.657182 0.000100 0.000100 0.000100
 -2.621494 0.000100 0.000100 0.000100
 -2.768713 0.000100 0.000100 0.000100
 -3.196672 0.000100 0.000100 0.000100
 -2.076533 0.000100 0.000100 0.000100
 -1.252763 -1.406914 -1.989712 -1.100655
 -1.336210 -1.110771 -3.237163 -0.998098
 -1.652923 -1.225479 -1.876065 -1.016935
 -1.563783 -1.795225 -1.563783 -0.878935
 -1.057724 -1.667874 -2.268126 -1.019983
 -1.396013 -1.306401 -3.608979 -0.788458
 -1.204963 -1.645695 -2.156520 -0.937281
 -1.736216 -1.602684 -1.657019 -0.839904
 -1.252763 -1.406914 -1.989712 -1.100655
 -1.336210 -1.110771 -3.237163 -0.998098
 -1.652923 -1.225479 -1.876065 -1.016935
 -1.563783 -1.795225 -1.563783 -0.878935
 -1.057724 -1.667874 -2.268126 -1.019983
 -1.396013 -1.306401 -3.608979 -0.788458
 -1.204963 -1.645695 -2.156520 -0.937281
 -1.736216 -1.602684 -1.657019 -0.839904
 -1.366254 -1.520404 -1.954040 -0.955512
 -1.310242 -1.351485 -3.266299 -0.836458
 -1.604548 -1.329136 -1.680533 -1.055441
 -1.662853 -1.775120 -1.399808 -0.930655
 -1.051478 -1.807324 -2.091091 -1.013533
 -1.304723 -1.455546 -3.676294 -0.754677
 -1.248425 -1.624036 -2.082343 -0.938270
 -1.745850 -1.556229 -1.666653 -0.854032
 -1.366254 -1.520404 -1.954040 -0.955512
 -1.310242 -1.351485 -3.266299 -0.836458
 -1.604548 -1.329136 -1.680533 -1.055441
 -1.662853 -1.775120 -1.399808 -0.930655
 -1.051478 -1.807324 -2.091091 -1.013533
 -1.304723 -1.455546 -3.676294 -0.754677
 -1.248425 -1.624036 -2.082343 -0.938270
 -1.745850 -1.556229 -1.666653 -0.854032
 -1.266277 -1.315067 -2.113574 -1.112126
 -1.408767 -1.230784 -2.661527 -0.932292
 -1.438812 -1.363305 -1.904901 -1.026833
 -1.697072 -1.669420 -1.510088 -0.897631
 -1.100452 -1.562751 -2.309964 -1.025950
 -1.666057 -1.330973 -3.592730 -0.655339
 -1.284165 -1.824549 -2.006870 -0.849990
 -1.997299 -1.491857 -1.644659 -0.806840
 -1.266277 -1.315067 -2.113574 -1.112126
 -1.408767 -1.230784 -2.661527 -0.932292
 -1.438812 -1.363305 -1.904901 -1.026833
 -1.697072 -1.669420 -1.510088 -0.897631
 -1.100452 -1.562751 -2.309964 -1.025950
 -1.666057 -1.330973 -3.592730 -0.655339
 -1.284165 -1.824549 -2.006870 -0.849990
 -1.997299 -1.491857 -1.644659 -0.806840
 -1.116118 -1.432918 -2.163105 -1.142966
 -1.578406 -1.498363 -3.082478 -0.645586
 -1.845825 -1.136151 -1.879727 -0.998529
 -1.715183 -1.764454 -1.531260 -0.838113
 -1.080430 -1.760154 -2.270978 -0.953679
 -1.415381 -1.436435 -3.551976 -0.711871
 -1.147403 -1.964602 -2.084746 -0.872300
 -2.092745 -1.485312 -1.636225 -0.786345
 -1.116118 -1.432918 -2.163105 -1.142966
 -1.578406 -1.498363 -3.082478 -0.645586
 -1.845825 -1.136151 -1.879727 -0.998529
 -1.715183 -1.764454 -1.531260 -0.838113
 -1.080430 -1.760154 -2.270978 -0.953679
 -1.415381 -1.436435 -3.551976 -0.711871
 -1.147403 -1.964602 -2.084746 -0.872300
 -2.092745 -1.485312 -1.636225 -0.786345
 -1.137210 -1.553146 -1.963887 -1.116590
 -1.200634 -1.451948 -3.135488 -0.864162
 -1.445483 -1.330414 -1.725067 -1.133704
 -1.753814 -1.605761 -1.421912 -0.954775
 -1.161413 -1.724507 -2.302584 -0.894785
 -1.653889 -1.279196 -3.646314 -0.684489
 -1.404937 -1.606803 -2.045715 -0.856132
 -2.005679 -1.676935 -1.815405 -0.662205
 -1.137210 -1.553146 -1.963887 -1.116590
 -1.200634 -1.451948 -3.135488 -0.864162
 -1.445483 -1.330414 -1.725067 -1.133704
 -1.753814 -1.605761 -1.421912 -0.954775
 -1.161413 -1.724507 -2.302584 -0.894785
 -1.653889 -1.279196 -3.646314 -0.684489
 -1.404937 -1.606803 -2.045715 -0.856132
 -2.005679 -1.676935 -1.815405 -0.662205
 -1.265882 -1.460038 -2.194857 -0.982411
 -1.510789 -1.223107 -3.135488 -0.817642
 -1.457557 -1.528175 -1.840548 -0.937683
 -1.577349 -1.640719 -1.586160 -0.929053
 -1.235558 -1.548430 -2.304755 -0.923912
 -1.732268 -1.199895 -3.862475 -0.691398
 -1.545072 -1.482159 -1.976854 -0.864998
 -2.152395 -1.574483 -1.740150 -0.690779
 -1.265882 -1.460038 -2.194857 -0.982411
 -1.510789 -1.223107 -3.135488 -0.817642
 -1.457557 -1.528175 -1.840548 -0.937683
 -1.577349 -1.640719 -1.586160 -0.929053
 -1.235558 -1.548430 -2.304755 -0.923912
 -1.732268 -1.199895 -3.862475 -0.691398
 -1.545072 -1.482159 -1.976854 -0.864998
 -2.152395 -1.574483 -1.740150 -0.690779
 -1.214726 -1.580450 -2.397893 -0.900376
 -1.334374 -1.346351 -2.931973 -0.859917
 -1.821086 -1.110241 -1.626930 -1.164308
 -1.863022 -1.851722 -1.303407 -0.876528
 -1.358643 -1.677096 -2.593385 -0.731247
 -1.933271 -1.106593 -3.671537 -0.694739
 -1.775230 -1.408767 -1.934860 -0.817200
 -2.234117 -1.530001 -1.804438 -0.669800
 -1.214726 -1.580450 -2.397893 -0.900376
 -1.334374 -1.346351 -2.931973 -0.859917
 -1.821086 -1.110241 -1.626930 -1.164308
 -1.863022 -1.851722 -1.303407 -0.876528
 -1.358643 -1.677096 -2.593385 -0.731247
 -1.933271 -1.106593 -3.671537 -0.694739
 -1.775230 -1.408767 -1.934860 -0.817200
 -2.234117 -1.530001 -1.804438 -0.669800
 -1.247936 -1.824549 -2.601075 -0.739361
 -1.632889 -1.279610 -3.513193 -0.699792
 -1.805003 -1.335001 -1.468532 -1.072638
 -1.893041 -1.712660 -1.568266 -0.775235
 -1.570121 -1.511624 -2.993225 -0.651424
 -2.030287 -1.196368 -3.999721 -0.601313
 -2.089593 -1.562573 -2.220213 -0.583252
 -2.255044 -1.540695 -1.830710 -0.652775
 -1.247936 -1.824549 -2.601075 -0.739361
 -1.632889 -1.279610 -3.513193 -0.699792
 -1.805003 -1.335001 -1.468532 -1.072638
 -1.893041 -1.712660 -1.568266 -0.775235
 -1.570121 -1.511624 -2.993225 -0.651424
 -2.030287 -1.196368 -3.999721 -0.601313
 -2.089593 -1.562573 -2.220213 -0.583252
 -2.255044 -1.540695 -1.830710 -0.652775
 -1.110883 -1.634130 -2.509596 -0.930621
 -1.803319 -1.345013 -3.261927 -0.622879
 -1.576914 -1.299283 -1.800057 -1.034591
 -1.978223 -1.734601 -1.553782 -0.747038
 -1.383603 -1.585469 -2.871676 -0.717706
 -1.986980 -1.251274 -3.564326 -0.600686
 -1.977476 -1.679642 -2.019148 -0.611802
 -2.431162 -1.476844 -1.920337 -0.621477
 -1.110883 -1.634130 -2.509596 -0.930621
 -1.803319 -1.345013 -3.261927 -0.622879
 -1.576914 -1.299283 -1.800057 -1.034591
 -1.978223 -1.734601 -1.553782 -0.747038
 -1.383603 -1.585469 -2.871676 -0.717706
 -1.986980 -1.251274 -3.564326 -0.600686
 -1.977476 -1.679642 -2.019148 -0.611802
 -2.431162 -1.476844 -1.920337 -0.621477
 -1.131402 -1.581603 -2.623053 -0.918310
 -1.973183 -1.130506 -3.615397 -0.670974
 -1.909540 -1.504077 -1.386294 -0.968560
 -2.179832 -1.595885 -1.655308 -0.706887
 -1.394878 -1.626679 -3.462883 -0.645851
 -2.255549 -1.226897 -3.920551 -0.541022
 -2.348725 -1.421386 -2.321326 -0.570954
 -2.214946 -1.465919 -1.885064 -0.676968
 -1.131402 -1.581603 -2.623053 -0.918310
 -1.973183 -1.130506 -3.615397 -0.670974
 -1.909540 -1.504077 -1.386294 -0.968560
 -2.179832 -1.595885 -1.655308 -0.706887
 -1.394878 -1.626679 -3.462883 -0.645851
 -2.255549 -1.226897 -3.920551 -0.541022
 -2.348725 -1.421386 -2.321326 -0.570954
 -2.214946 -1.465919 -1.885064 -0.676968
 -1.294727 -1.651402 -3.309619 -0.697725
 -1.630944 -1.285198 -3.850129 -0.680463
 -1.699385 -1.588160 -1.824547 -0.794932
 -2.242946 -1.680828 -1.603867 -0.680196
 -1.725738 -1.502595 -3.740630 -0.552225
 -2.251957 -1.174668 -4.424170 -0.555298
 -2.148433 -1.681411 -1.974080 -0.582800
 -2.414403 -1.414393 -1.923493 -0.651218
 -1.294727 -1.651402 -3.309619 -0.697725
 -1.630944 -1.285198 -3.850129 -0.680463
 -1.699385 -1.588160 -1.824547 -0.794932
 -2.242946 -1.680828 -1.603867 -0.680196
 -1.725738 -1.502595 -3.740630 -0.552225
 -2.251957 -1.174668 -4.424170 -0.555298
 -2.148433 -1.681411 -1.974080 -0.582800
 -2.414403 -1.414393 -1.923493 -0.651218
 -1.255560 -1.523824 -4.088742 -0.733040
 -1.912007 -1.108514 -3.926888 -0.688234
 -1.909539 -1.504077 -1.686397 -0.810932
 -2.431417 -1.687498 -1.791759 -0.579034
 -1.909542 -1.386294 -3.834820 -0.544302
 -2.429025 -1.216395 -3.890538 -0.518947
 -2.205734 -1.679642 -2.062633 -0.551178
 -2.690031 -1.373049 -1.944699 -0.624074
 -1.255560 -1.523824 -4.088742 -0.733040
 -1.912007 -1.108514 -3.926888 -0.688234
 -1.909539 -1.504077 -1.686397 -0.810932
 -2.431417 -1.687498 -1.791759 -0.579034
 -1.909542 -1.386294 -3.834820 -0.544302
 -2.429025 -1.216395 -3.890538 -0.518947
 -2.205734 -1.679642 -2.062633 -0.551178
 -2.690031 -1.373049 -1.944699 -0.624074
 -1.249436 -1.791758 -4.317441 -0.628610
 -1.884132 -1.366876 -3.120886 -0.599622
 -2.639043 -1.415282 -1.540444 -0.751990
 -2.350402 -1.497291 -1.720434 -0.689264
 -1.706680 -1.413693 -4.863632 -0.566396
 -2.185073 -1.313235 -3.571364 -0.526846
 -2.517118 -1.545259 -2.185762 -0.521449
 -2.676141 -1.450909 -1.930668 -0.594636
 -1.249436 -1.791758 -4.317441 -0.628610
 -1.884132 -1.366876 -3.120886 -0.599622
 -2.639043 -1.415282 -1.540444 -0.751990
 -2.350402 -1.497291 -1.720434 -0.689264
 -1.706680 -1.413693 -4.863632 -0.566396
 -2.185073 -1.313235 -3.571364 -0.526846
 -2.517118 -1.545259 -2.185762 -0.521449
 -2.676141 -1.450909 -1.930668 -0.594636
 -1.098613 -1.554087 -3.425868 -0.860942
 -2.479331 -1.316185 -3.577930 -0.477857
 -2.268674 -1.287855 -1.662545 -0.841570
 -2.359995 -1.713369 -1.725345 -0.602923
 -1.619729 -1.569299 -4.986977 -0.532679
 -2.540225 -1.271715 -3.687624 -0.484883
 -2.108894 -1.543087 -2.299948 -0.571561
 -2.610399 -1.456150 -1.920990 -0.603488
 -1.098613 -1.554087 -3.425868 -0.860942
 -2.479331 -1.316185 -3.577930 -0.477857
 -2.268674 -1.287855 -1.662545 -0.841570
 -2.359995 -1.713369 -1.725345 -0.602923
 -1.619729 -1.569299 -4.986977 -0.532679
 -2.540225 -1.271715 -3.687624 -0.484883
 -2.108894 -1.543087 -2.299948 -0.571561
 -2.610399 -1.456150 -1.920990 -0.603488
 -1.066037 -1.616082 -14.227623 -0.783175
 -1.847639 -1.408273 -3.828619 -0.551498
 -2.061416 -1.442383 -1.810105 -0.749240
 -2.474164 -1.428197 -1.875047 -0.648790
 -1.556193 -1.716535 -14.755520 -0.495322
 -2.149715 -1.337565 -3.441696 -0.529349
 -1.956633 -1.484275 -2.213353 -0.648812
 -2.555826 -1.377172 -2.028471 -0.618885
 -1.066037 -1.616082 -14.227623 -0.783175
 -1.847639 -1.408273 -3.828619 -0.551498
 -2.061416 -1.442383 -1.810105 -0.749240
 -2.474164 -1.428197 -1.875047 -0.648790
 -1.556193 -1.716535 -14.755520 -0.495322
 -2.149715 -1.337565 -3.441696 -0.529349
 -1.956633 -1.484275 -2.213353 -0.648812
 -2.555826 -1.377172 -2.028471 -0.618885
 -1.398416 -1.374318 -5.111890 -0.705270
 -2.068011 -1.170072 -3.079603 -0.659247
 -1.966107 -1.609436 -1.714795 -0.733973
 -2.413677 -1.883050 -2.042115 -0.464204
 -1.724748 -1.688381 -5.713634 -0.456238
 -2.325770 -1.256388 -4.235306 -0.505612
 -1.990493 -1.681758 -2.102971 -0.588369
 -2.375459 -1.561887 -1.990035 -0.578752
 -1.398416 -1.374318 -5.111890 -0.705270
 -2.068011 -1.170072 -3.079603 -0.659247
 -1.966107 -1.609436 -1.714795 -0.733973
 -2.413677 -1.883050 -2.042115 -0.464204
 -1.724748 -1.688381 -5.713634 -0.456238
 -2.325770 -1.256388 -4.235306 -0.505612
 -1.990493 -1.681758 -2.102971 -0.588369
 -2.375459 -1.561887 -1.990035 -0.578752
 -1.290375 -1.448598 -5.003849 -0.727281
 -1.889396 -1.036621 -2.950261 -0.816762
 -2.360842 -1.262243 -1.197704 -1.137080
 -2.280338 -1.447430 -1.773522 -0.707566
 -1.409060 -1.565405 -14.950134 -0.603995
 -1.958197 -1.069198 -3.712211 -0.710944
 -2.257463 -1.521145 -1.851999 -0.653927
 -2.315406 -1.257018 -1.980471 -0.736538
 -1.290375 -1.448598 -5.003849 -0.727281
 -1.889396 -1.036621 -2.950261 -0.816762
 -2.360842 -1.262243 -1.197704 -1.137080
 -2.280338 -1.447430 -1.773522 -0.707566
 -1.409060 -1.565405 -14.950134 -0.603995
 -1.958197 -1.069198 -3.712211 -0.710944
 -2.257463 -1.521145 -1.851999 -0.653927
 -2.315406 -1.257018 -1.980471 -0.736538
 -1.199709 -1.386294 -5.049758 -0.815751
 -1.760010 -0.963068 -2.923154 -0.935288
 -1.821609 -1.386294 -1.654557 -0.923673
 -2.625134 -1.424394 -1.839615 -0.638589
 -1.277661 -1.380845 -5.902534 -0.760970
 -2.035846 -1.142028 -3.736630 -0.641647
 -2.001479 -1.413693 -2.084861 -0.698568
 -2.424170 -1.359460 -2.023478 -0.649218
 -1.199709 -1.386294 -5.049758 -0.815751
 -1.760010 -0.963068 -2.923154 -0.935288
 -1.821609 -1.386294 -1.654557 -0.923673
 -2.625134 -1.424394 -1.839615 -0.638589
 -1.277661 -1.380845 -5.902534 -0.760970
 -2.035846 -1.142028 -3.736630 -0.641647
 -2.001479 -1.413693 -2.084861 -0.698568
 -2.424170 -1.359460 -2.023478 -0.649218
 -0.576424 -0.881200 -3.737652 -14.557450
 -1.065552 -0.537798 -2.639053 -14.682612
 -1.402823 -0.645141 -1.471816 -13.321220
 -1.547119 -0.783592 -1.107521 -15.321809
 -0.861584 -0.549034 -15.006399 -15.006399
 -1.239896 -0.385398 -3.493132 -15.999312
 -1.609437 -0.505464 -1.625698 -14.946914
 -1.674589 -0.548048 -1.450139 -16.608515
 -0.576424 -0.881200 -3.737652 -14.557450
 -1.065552 -0.537798 -2.639053 -14.682612
 -1.402823 -0.645141 -1.471816 -13.321220
 -1.547119 -0.783592 -1.107521 -15.321809
 -0.861584 -0.549034 -15.006399 -15.006399
 -1.239896 -0.385398 -3.493132 -15.999312
 -1.609437 -0.505464 -1.625698 -14.946914
 -1.674589 -0.548048 -1.450139 -16.608515
 -15.021482 -15.021482 -15.021482 -0.000001
 -15.416917 -15.416917 -15.416917 -0.000001
 -13.592372 -13.592372 -13.592372 -0.000004
 -1.386294 -1.386294 -1.386294 -1.386294
 -15.818341 -15.818341 -15.818341 -0.000000
 -16.756258 -16.756258 -16.756258 -0.000000
 -15.566449 -15.566449 -15.566449 -0.000001
 -1.386294 -1.386294 -1.386294 -1.386294
 -15.021482 -15.021482 -15.021482 -0.000001
 -15.416917 -15.416917 -15.416917 -0.000001
 -13.592372 -13.592372 -13.592372 -0.000004
 -1.386294 -1.386294 -1.386294 -1.386294
 -15.818341 -15.818341 -15.818341 -0.000000
 -16.756258 -16.756258 -16.756258 -0.000000
 -15.566449 -15.566449 -15.566449 -0.000001
 -1.386294 -1.386294 -1.386294 -1.386294
 -1.386294 -1.386294 -1.386294 -1.386294
 -1.386294 -1.386294 -1.386294 -1.386294
 -1.386294 -1.386294 -1.386294 -1.386294
 -1.836054 -1.685013 -1.654336 -0.768100
 -1.386294 -1.386294 -1.386294 -1.386294
 -1.386294 -1.386294 -1.386294 -1.386294
 -1.386294 -1.386294 -1.386294 -1.386294
 -2.158229 -1.239044 -1.401903 -1.053597
 -1.386294 -1.386294 -1.386294 -1.386294
 -1.386294 -1.386294 -1.386294 -1.386294
 -1.386294 -1.386294 -1.386294 -1.386294
 -1.836054 -1.685013 -1.654336 -0.768100
 -1.386294 -1.386294 -1.386294 -1.386294
 -1.386294 -1.386294 -1.386294 -1.386294
 -1.386294 -1.386294 -1.386294 -1.386294
 -2.158229 -1.239044 -1.401903 -1.053597
 -1.386294 -1.386294 -1.386294 -1.386294
 -1.386294 -1.386294 -1.386294 -1.386294
 -1.386294 -1.386294 -1.386294 -1.386294
 -1.386294 -1.386294 -1.386294 -1.386294
 -15.523890 -15.523890 -15.523890 -0.000001
 -16.131012 -16.131012 -16.131012 -0.000000
 -16.033627 -16.033627 -16.033627 -0.000000
 -16.610350 -16.610350 -16.610350 -0.000000
 -1.386294 -1.386294 -1.386294 -1.386294
 -1.386294 -1.386294 -1.386294 -1.386294
 -1.386294 -1.386294 -1.386294 -1.386294
 -1.386294 -1.386294 -1.386294 -1.386294
 -15.523890 -15.523890 -15.523890 -0.000001
 -16.131012 -16.131012 -16.131012 -0.000000
 -16.033627 -16.033627 -16.033627 -0.000000
 -16.610350 -16.610350 -16.610350 -0.000000
 -1.386294 -1.386294 -1.386294 -1.386294
 -1.386294 -1.386294 -1.386294 -1.386294
 -1.386294 -1.386294 -1.386294 -1.386294
 -0.000000 -16.504038 -16.504038 -16.504038
 -1.386294 -1.386294 -1.386294 -1.386294
 -1.386294 -1.386294 -1.386294 -1.386294
 -1.386294 -1.386294 -1.386294 -1.386294
 0.000000 -17.092278 -17.092278 -17.092278
 -1.386294 -1.386294 -1.386294 -1.386294
 -1.386294 -1.386294 -1.386294 -1.386294
 -1.386294 -1.386294 -1.386294 -1.386294
 -0.000000 -16.504038 -16.504038 -16.504038
 -1.386294 -1.386294 -1.386294 -1.386294
 -1.386294 -1.386294 -1.386294 -1.386294
 -1.386294 -1.386294 -1.386294 -1.386294
 0.000000 -17.092278 -17.092278 -17.092278
 -1.386294 -1.386294 -1.386294 -1.386294
 -1.386294 -1.386294 -1.386294 -1.386294
 -1.386294 -1.386294 -1.386294 -1.386294
 -1.386294 -1.386294 -1.386294 -1.386294
 -17.533949 -17.533949 0.000000 -17.533949
 -1.386294 -1.386294 -1.386294 -1.386294
 -1.386294 -1.386294 -1.386294 -1.386294
 -1.386294 -1.386294 -1.386294 -1.386294
 -1.386294 -1.386294 -1.386294 -1.386294
 -1.386294 -1.386294 -1.386294 -1.386294
 -1.386294 -1.386294 -1.386294 -1.386294
 -1.386294 -1.386294 -1.386294 -1.386294
 -17.533949 -17.533949 0.000000 -17.533949
 -1.386294 -1.386294 -1.386294 -1.386294
 -1.386294 -1.386294 -1.386294 -1.386294
 -1.386294 -1.386294 -1.386294 -1.386294
 -1.386294 -1.386294 -1.386294 -1.386294
 -1.386294 -1.386294 -1.386294 -1.386294
 -1.413855 -2.011873 -0.684929 -2.129203
 -1.386294 -1.386294 -1.386294 -1.386294
 -1.386294 -1.386294 -1.386294 -1.386294
 -1.386294 -1.386294 -1.386294 -1.386294
 -1.386294 -1.386294 -1.386294 -1.386294
 -1.386294 -1.386294 -1.386294 -1.386294
 -1.386294 -1.386294 -1.386294 -1.386294
 -1.386294 -1.386294 -1.386294 -1.386294
 -1.413855 -2.011873 -0.684929 -2.129203
 -1.386294 -1.386294 -1.386294 -1.386294
 -1.386294 -1.386294 -1.386294 -1.386294
 -1.386294 -1.386294 -1.386294 -1.386294
 -1.386294 -1.386294 -1.386294 -1.386294
 -1.386294 -1.386294 -1.386294 -1.386294
 -1.292982 -1.859897 -1.762259 -0.920792
 -1.321302 -1.370092 -3.015895 -0.843675
 -1.172535 -1.736046 -1.941586 -0.992289
 -1.763588 -1.751754 -1.259932 -0.990399
 -1.386294 -1.386294 -1.386294 -1.386294
 -1.386294 -1.386294 -1.386294 -1.386294
 -1.386294 -1.386294 -1.386294 -1.386294
 -1.386294 -1.386294 -1.386294 -1.386294
 -1.292982 -1.859897 -1.762259 -0.920792
 -1.321302 -1.370092 -3.015895 -0.843675
 -1.172535 -1.736046 -1.941586 -0.992289
 -1.763588 -1.751754 -1.259932 -0.990399
 -1.386294 -1.386294 -1.386294 -1.386294
 -1.386294 -1.386294 -1.386294 -1.386294
 -1.386294 -1.386294 -1.386294 -1.386294
 -1.386294 -1.386294 -1.386294 -1.386294
 -0.993252 -1.704203 -1.544083 -1.451559
 -1.010644 -1.478544 -2.856467 -1.048182
 -1.102877 -1.425345 -1.664096 -1.434234
 -1.570843 -1.693266 -1.203118 -1.177800
 -1.417066 -1.252763 -1.945909 -1.111685
 -1.226446 -1.427116 -2.420365 -0.973450
 -1.398416 -1.710789 -1.180163 -1.327798
 -1.733805 -1.549234 -1.292939 -1.089111
 -0.993252 -1.704203 -1.544083 -1.451559
 -1.010644 -1.478544 -2.856467 -1.048182
 -1.102877 -1.425345 -1.664096 -1.434234
 -1.570843 -1.693266 -1.203118 -1.177800
 -1.417066 -1.252763 -1.945909 -1.111685
 -1.226446 -1.427116 -2.420365 -0.973450
 -1.398416 -1.710789 -1.180163 -1.327798
 -1.733805 -1.549234 -1.292939 -1.089111
 -2.609300 0.000100 0.000100 0.000100
 -3.083168 0.000100 0.000100 0.000100
 -2.782845 0.000100 0.000100 0.000100
 -2.762838 0.000100 0.000100 0.000100
 -2.781753 0.000100 0.000100 0.000100
 -2.792724 0.000100 0.000100 0.000100
 -3.133840 0.000100 0.000100 0.000100
 -2.420343 0.000100 0.000100 0.000100
 -2.609300 0.000100 0.000100 0.000100
 -3.083168 0.000100 0.000100 0.000100
 -2.782845 0.000100 0.000100 0.000100
 -2.762838 0.000100 0.000100 0.000100
 -2.781753 0.000100 0.000100 0.000100
 -2.792724 0.000100 0.000100 0.000100
 -3.133840 0.000100 0.000100 0.000100
 -2.420343 0.000100 0.000100 0.000100
 -0.999054 -1.836838 -1.459626 -1.426581
 -1.220830 -1.264259 -2.963798 -0.991704
 -1.272342 -1.556780 -1.270394 -1.477136
 -1.421156 -1.828841 -1.358837 -1.075854
 -1.293119 -1.708574 -1.382483 -1.225851
 -1.013533 -1.508777 -2.309781 -1.150109
 -1.402720 -1.541221 -1.418619 -1.210979
 -1.666529 -1.703419 -1.241801 -1.078296
 -0.999054 -1.836838 -1.459626 -1.426581
 -1.220830 -1.264259 -2.963798 -0.991704
 -1.272342 -1.556780 -1.270394 -1.477136
 -1.421156 -1.828841 -1.358837 -1.075854
 -1.293119 -1.708574 -1.382483 -1.225851
 -1.013533 -1.508777 -2.309781 -1.150109
 -1.402720 -1.541221 -1.418619 -1.210979
 -1.666529 -1.703419 -1.241801 -1.078296
 -1.017237 -1.949194 -1.416247 -1.372803
 -1.137386 -1.232463 -2.910710 -1.098612
 -1.181169 -1.641763 -1.319387 -1.460402
 -1.354076 -1.793371 -1.303407 -1.191349
 -1.417689 -1.704001 -1.179029 -1.316039
 -1.116038 -1.380553 -2.690922 -1.040814
 -1.480531 -1.885996 -0.982172 -1.401170
 -1.660146 -1.628398 -1.379038 -1.016596
 -1.017237 -1.949194 -1.416247 -1.372803
 -1.137386 -1.232463 -2.910710 -1.098612
 -1.181169 -1.641763 -1.319387 -1.460402
 -1.354076 -1.793371 -1.303407 -1.191349
 -1.417689 -1.704001 -1.179029 -1.316039
 -1.116038 -1.380553 -2.690922 -1.040814
 -1.480531 -1.885996 -0.982172 -1.401170
 -1.660146 -1.628398 -1.379038 -1.016596
 -1.016387 -1.948242 -1.361909 -1.429604
 -1.067694 -1.394378 -2.693660 -1.077106
 -1.343044 -1.797300 -0.976541 -1.626620
 -1.422384 -1.764215 -1.318806 -1.139166
 -1.247825 -1.816556 -1.357024 -1.228058
 -1.187097 -1.467999 -2.881691 -0.895341
 -1.335448 -1.733856 -1.302019 -1.243492
 -1.617039 -1.523191 -1.422411 -1.071871
 -1.016387 -1.948242 -1.361909 -1.429604
 -1.067694 -1.394378 -2.693660 -1.077106
 -1.343044 -1.797300 -0.976541 -1.626620
 -1.422384 -1.764215 -1.318806 -1.139166
 -1.247825 -1.816556 -1.357024 -1.228058
 -1.187097 -1.467999 -2.881691 -0.895341
 -1.335448 -1.733856 -1.302019 -1.243492
 -1.617039 -1.523191 -1.422411 -1.071871
 -1.088433 -1.772376 -1.320867 -1.485348
 -1.136353 -1.331058 -2.798433 -1.038714
 -1.411301 -1.173169 -1.633065 -1.380474
 -1.450762 -1.730201 -1.315821 -1.139104
 -1.292155 -1.759039 -1.360869 -1.215122
 -1.168346 -1.328417 -3.024643 -0.979104
 -1.356211 -1.634816 -1.371525 -1.225343
 -1.630978 -1.618954 -1.336265 -1.069061
 -1.088433 -1.772376 -1.320867 -1.485348
 -1.136353 -1.331058 -2.798433 -1.038714
 -1.411301 -1.173169 -1.633065 -1.380474
 -1.450762 -1.730201 -1.315821 -1.139104
 -1.292155 -1.759039 -1.360869 -1.215122
 -1.168346 -1.328417 -3.024643 -0.979104
 -1.356211 -1.634816 -1.371525 -1.225343
 -1.630978 -1.618954 -1.336265 -1.069061
 -1.054303 -1.894477 -1.373762 -1.394266
 -1.033160 -1.439482 -1.956324 -1.325419
 -1.117294 -1.573090 -1.391206 -1.529437
 -1.503577 -1.818658 -1.164855 -1.192521
 -1.380232 -1.674529 -1.386847 -1.167250
 -1.219191 -1.276985 -3.026184 -0.975102
 -1.453560 -1.723069 -1.268007 -1.183014
 -1.497260 -1.629764 -1.455000 -1.058773
 -1.054303 -1.894477 -1.373762 -1.394266
 -1.033160 -1.439482 -1.956324 -1.325419
 -1.117294 -1.573090 -1.391206 -1.529437
 -1.503577 -1.818658 -1.164855 -1.192521
 -1.380232 -1.674529 -1.386847 -1.167250
 -1.219191 -1.276985 -3.026184 -0.975102
 -1.453560 -1.723069 -1.268007 -1.183014
 -1.497260 -1.629764 -1.455000 -1.058773
 -1.017659 -1.928069 -1.432341 -1.368919
 -1.082314 -1.312410 -2.771024 -1.110419
 -1.143488 -1.658914 -1.394557 -1.414669
 -1.481921 -1.687243 -1.269508 -1.181558
 -1.347487 -1.804048 -1.465035 -1.065933
 -1.170139 -1.350887 -2.765891 -1.000363
 -1.558475 -1.703756 -1.545975 -0.930286
 -1.545401 -1.665065 -1.411869 -1.038719
 -1.017659 -1.928069 -1.432341 -1.368919
 -1.082314 -1.312410 -2.771024 -1.110419
 -1.143488 -1.658914 -1.394557 -1.414669
 -1.481921 -1.687243 -1.269508 -1.181558
 -1.347487 -1.804048 -1.465035 -1.065933
 -1.170139 -1.350887 -2.765891 -1.000363
 -1.558475 -1.703756 -1.545975 -0.930286
 -1.545401 -1.665065 -1.411869 -1.038719
 -1.044497 -1.864536 -1.379934 -1.420605
 -1.089178 -1.439835 -2.677709 -1.027726
 -1.132888 -1.644896 -1.365384 -1.471490
 -1.525793 -1.945472 -0.977765 -1.333774
 -1.315343 -1.722767 -1.405383 -1.178392
 -1.069499 -1.426697 -2.699289 -1.051350
 -1.401515 -1.557201 -1.362413 -1.248242
 -1.698937 -1.514786 -1.400869 -1.047299
 -1.044497 -1.864536 -1.379934 -1.420605
 -1.089178 -1.439835 -2.677709 -1.027726
 -1.132888 -1.644896 -1.365384 -1.471490
 -1.525793 -1.945472 -0.977765 -1.333774
 -1.315343 -1.722767 -1.405383 -1.178392
 -1.069499 -1.426697 -2.699289 -1.051350
 -1.401515 -1.557201 -1.362413 -1.248242
 -1.698937 -1.514786 -1.400869 -1.047299
 -0.979450 -1.921813 -1.451416 -1.410987
 -1.019341 -1.332999 -2.933702 -1.132328
 -1.225439 -1.571390 -1.432208 -1.347713
 -1.450482 -1.828244 -1.302449 -1.099667
 -1.292545 -1.712317 -1.357084 -1.246284
 -1.108955 -1.430337 -2.849420 -0.986203
 -1.534258 -1.945310 -0.901387 -1.446319
 -1.643437 -1.673037 -1.347973 -1.023757
 -0.979450 -1.921813 -1.451416 -1.410987
 -1.019341 -1.332999 -2.933702 -1.132328
 -1.225439 -1.571390 -1.432208 -1.347713
 -1.450482 -1.828244 -1.302449 -1.099667
 -1.292545 -1.712317 -1.357084 -1.246284
 -1.108955 -1.430337 -2.849420 -0.986203
 -1.534258 -1.945310 -0.901387 -1.446319
 -1.643437 -1.673037 -1.347973 -1.023757
 -0.977699 -1.933449 -1.413992 -1.443901
 -1.008866 -1.318241 -2.642191 -1.215515
 -1.389616 -1.840786 -1.466653 -1.017659
 -1.322528 -1.885528 -1.290236 -1.182262
 -1.253813 -1.709218 -1.400029 -1.248313
 -1.078612 -1.381592 -2.999104 -1.024649
 -1.374246 -1.568616 -1.498412 -1.154702
 -1.578979 -1.586701 -1.445928 -1.039341
 -0.977699 -1.933449 -1.413992 -1.443901
 -1.008866 -1.318241 -2.642191 -1.215515
 -1.389616 -1.840786 -1.466653 -1.017659
 -1.322528 -1.885528 -1.290236 -1.182262
 -1.253813 -1.709218 -1.400029 -1.248313
 -1.078612 -1.381592 -2.999104 -1.024649
 -1.374246 -1.568616 -1.498412 -1.154702
 -1.578979 -1.586701 -1.445928 -1.039341
 -1.020216 -1.875374 -1.445027 -1.384513
 -0.973035 -1.422952 -2.588703 -1.184344
 -1.186485 -1.730709 -1.445388 -1.266224
 -1.565160 -1.977015 -0.949229 -1.326427
 -1.242364 -1.794251 -1.349642 -1.252763
 -1.105847 -1.212308 -3.012916 -1.131927
 -1.455066 -1.593339 -1.495613 -1.080994
 -1.582715 -1.615708 -1.371406 -1.072701
 -1.020216 -1.875374 -1.445027 -1.384513
 -0.973035 -1.422952 -2.588703 -1.184344
 -1.186485 -1.730709 -1.445388 -1.266224
 -1.565160 -1.977015 -0.949229 -1.326427
 -1.242364 -1.794251 -1.349642 -1.252763
 -1.105847 -1.212308 -3.012916 -1.131927
 -1.455066 -1.593339 -1.495613 -1.080994
 -1.582715 -1.615708 -1.371406 -1.072701
 -0.976818 -1.923824 -1.385848 -1.481337
 -1.011204 -1.430963 -2.719232 -1.104987
 -1.141493 -1.697120 -1.290623 -1.503510
 -1.284496 -1.891211 -1.303778 -1.201254
 -1.336334 -1.687732 -1.286894 -1.286894
 -1.040380 -1.396013 -3.127146 -1.034920
 -1.644551 -1.796614 -0.823570 -1.598601
 -1.616850 -1.580326 -1.449964 -1.018904
 -0.976818 -1.923824 -1.385848 -1.481337
 -1.011204 -1.430963 -2.719232 -1.104987
 -1.141493 -1.697120 -1.290623 -1.503510
 -1.284496 -1.891211 -1.303778 -1.201254
 -1.336334 -1.687732 -1.286894 -1.286894
 -1.040380 -1.396013 -3.127146 -1.034920
 -1.644551 -1.796614 -0.823570 -1.598601
 -1.616850 -1.580326 -1.449964 -1.018904
 -0.982320 -1.852552 -1.490762 -1.412552
 -1.164553 -1.130236 -2.776486 -1.194935
 -1.398933 -1.269137 -1.583362 -1.321323
 -1.417207 -1.657946 -1.398773 -1.138871
 -1.312116 -1.839471 -1.271076 -1.233335
 -1.094547 -1.360162 -3.151921 -1.005341
 -1.438594 -1.663417 -1.342674 -1.164426
 -1.647258 -1.609438 -1.476422 -0.970301
 -0.982320 -1.852552 -1.490762 -1.412552
 -1.164553 -1.130236 -2.776486 -1.194935
 -1.398933 -1.269137 -1.583362 -1.321323
 -1.417207 -1.657946 -1.398773 -1.138871
 -1.312116 -1.839471 -1.271076 -1.233335
 -1.094547 -1.360162 -3.151921 -1.005341
 -1.438594 -1.663417 -1.342674 -1.164426
 -1.647258 -1.609438 -1.476422 -0.970301
 -1.056496 -1.829261 -1.433047 -1.373516
 -0.928853 -1.633411 -2.177572 -1.215995
 -1.244543 -1.481179 -1.351754 -1.488229
 -1.417998 -1.944979 -1.149734 -1.210359
 -1.331434 -1.763682 -1.342061 -1.193420
 -1.109188 -1.342704 -3.070220 -1.014390
 -1.458439 -1.537220 -1.439677 -1.153855
 -1.645269 -1.570854 -1.474097 -0.993749
 -1.056496 -1.829261 -1.433047 -1.373516
 -0.928853 -1.633411 -2.177572 -1.215995
 -1.244543 -1.481179 -1.351754 -1.488229
 -1.417998 -1.944979 -1.149734 -1.210359
 -1.331434 -1.763682 -1.342061 -1.193420
 -1.109188 -1.342704 -3.070220 -1.014390
 -1.458439 -1.537220 -1.439677 -1.153855
 -1.645269 -1.570854 -1.474097 -0.993749
 -1.068988 -1.790790 -1.410842 -1.402921
 -1.167339 -1.365614 -2.793705 -0.987819
 -1.239226 -1.522995 -1.402899 -1.400593
 -1.451677 -1.751444 -1.334896 -1.111351
 -1.559667 -1.436209 -1.395702 -1.189718
 -1.263893 -1.225470 -3.074256 -0.973909
 -1.563377 -1.534849 -1.227824 -1.265299
 -1.708238 -1.580063 -1.409401 -0.998142
 -1.068988 -1.790790 -1.410842 -1.402921
 -1.167339 -1.365614 -2.793705 -0.987819
 -1.239226 -1.522995 -1.402899 -1.400593
 -1.451677 -1.751444 -1.334896 -1.111351
 -1.559667 -1.436209 -1.395702 -1.189718
 -1.263893 -1.225470 -3.074256 -0.973909
 -1.563377 -1.534849 -1.227824 -1.265299
 -1.708238 -1.580063 -1.409401 -0.998142
 -1.005050 -1.859742 -1.454277 -1.407757
 -0.954612 -1.652780 -2.596283 -1.052764
 -1.313240 -1.504604 -1.223460 -1.538342
 -1.383314 -1.936009 -1.203973 -1.187525
 -1.330587 -1.694029 -1.339207 -1.238403
 -1.108333 -1.344844 -2.922315 -1.034225
 -1.360899 -1.651625 -1.246160 -1.330956
 -1.611323 -1.585251 -1.328843 -1.106553
 -1.005050 -1.859742 -1.454277 -1.407757
 -0.954612 -1.652780 -2.596283 -1.052764
 -1.313240 -1.504604 -1.223460 -1.538342
 -1.383314 -1.936009 -1.203973 -1.187525
 -1.330587 -1.694029 -1.339207 -1.238403
 -1.108333 -1.344844 -2.922315 -1.034225
 -1.360899 -1.651625 -1.246160 -1.330956
 -1.611323 -1.585251 -1.328843 -1.106553
 -0.991726 -1.984579 -1.421386 -1.385310
 -1.094774 -1.417547 -2.950611 -0.992176
 -1.352321 -1.405924 -1.430452 -1.358604
 -1.403666 -1.856987 -1.357996 -1.075910
 -1.400623 -1.685206 -1.428954 -1.112941
 -1.125852 -1.357910 -2.769394 -1.033594
 -1.451230 -1.606794 -1.454059 -1.103921
 -1.655087 -1.673214 -1.243651 -1.099757
 -0.991726 -1.984579 -1.421386 -1.385310
 -1.094774 -1.417547 -2.950611 -0.992176
 -1.352321 -1.405924 -1.430452 -1.358604
 -1.403666 -1.856987 -1.357996 -1.075910
 -1.400623 -1.685206 -1.428954 -1.112941
 -1.125852 -1.357910 -2.769394 -1.033594
 -1.451230 -1.606794 -1.454059 -1.103921
 -1.655087 -1.673214 -1.243651 -1.099757
 -0.988553 -2.011611 -1.265324 -1.551338
 -0.921513 -1.619909 -1.974081 -1.326978
 -1.250001 -1.528715 -1.232776 -1.583774
 -1.418146 -1.858937 -1.142734 -1.262121
 -1.217064 -1.888781 -1.290061 -1.282324
 -1.020077 -1.492330 -2.705352 -1.056306
 -1.408435 -1.549243 -1.248756 -1.361780
 -1.583821 -1.564552 -1.373995 -1.101010
 -0.988553 -2.011611 -1.265324 -1.551338
 -0.921513 -1.619909 -1.974081 -1.326978
 -1.250001 -1.528715 -1.232776 -1.583774
 -1.418146 -1.858937 -1.142734 -1.262121
 -1.217064 -1.888781 -1.290061 -1.282324
 -1.020077 -1.492330 -2.705352 -1.056306
 -1.408435 -1.549243 -1.248756 -1.361780
 -1.583821 -1.564552 -1.373995 -1.101010
 -1.056280 -1.778646 -1.510699 -1.337006
 -0.910309 -1.554950 -2.956510 -1.095417
 -1.201027 -1.556303 -1.393201 -1.427444
 -1.404797 -1.729293 -1.376291 -1.124977
 -1.361534 -1.515987 -1.497138 -1.202736
 -1.146191 -1.453845 -3.012710 -0.917976
 -1.637347 -1.134097 -1.496765 -1.347309
 -1.638763 -1.634396 -1.435510 -0.986939
 -1.056280 -1.778646 -1.510699 -1.337006
 -0.910309 -1.554950 -2.956510 -1.095417
 -1.201027 -1.556303 -1.393201 -1.427444
 -1.404797 -1.729293 -1.376291 -1.124977
 -1.361534 -1.515987 -1.497138 -1.202736
 -1.146191 -1.453845 -3.012710 -0.917976
 -1.637347 -1.134097 -1.496765 -1.347309
 -1.638763 -1.634396 -1.435510 -0.986939
 -0.829354 -1.283966 -1.249207 -16.927246
 -0.952514 -0.593249 -2.785455 -16.705326
 -1.075487 -0.998762 -1.236037 -16.726774
 -1.052433 -1.131917 -1.113225 -16.877499
 -1.093213 -0.988984 -1.227899 -16.731659
 -0.802571 -0.725791 -2.689966 -16.432907
 -1.147803 -0.938764 -1.232525 -16.235880
 -1.204110 -0.930549 -1.185139 -17.008863
 -0.829354 -1.283966 -1.249207 -16.927246
 -0.952514 -0.593249 -2.785455 -16.705326
 -1.075487 -0.998762 -1.236037 -16.726774
 -1.052433 -1.131917 -1.113225 -16.877499
 -1.093213 -0.988984 -1.227899 -16.731659
 -0.802571 -0.725791 -2.689966 -16.432907
 -1.147803 -0.938764 -1.232525 -16.235880
 -1.204110 -0.930549 -1.185139 -17.008863
 -17.067047 -17.067047 -17.067047 -0.000000
 -17.004339 -17.004339 -17.004339 -0.000000
 -16.834471 -16.834471 -16.834471 -0.000000
 -1.386294 -1.386294 -1.386294 -1.386294
 -17.142344 -17.142344 -17.142344 -0.000000
 -17.314137 -17.314137 -17.314137 -0.000000
 -16.619476 -16.619476 -16.619476 -0.000000
 -1.386294 -1.386294 -1.386294 -1.386294
 -17.067047 -17.067047 -17.067047 -0.000000
 -17.004339 -17.004339 -17.004339 -0.000000
 -16.834471 -16.834471 -16.834471 -0.000000
 -1.386294 -1.386294 -1.386294 -1.386294
 -17.142344 -17.142344 -17.142344 -0.000000
 -17.314137 -17.314137 -17.314137 -0.000000
 -16.619476 -16.619476 -16.619476 -0.000000
 -1.386294 -1.386294 -1.386294 -1.386294
 -1.386294 -1.386294 -1.386294 -1.386294
 -1.386294 -1.386294 -1.386294 -1.386294
 -1.386294 -1.386294 -1.386294 -1.386294
 -1.507392 -1.623433 -1.350541 -1.132605
 -1.386294 -1.386294 -1.386294 -1.386294
 -1.386294 -1.386294 -1.386294 -1.386294
 -1.386294 -1.386294 -1.386294 -1.386294
 -1.840550 -1.479270 -1.056096 -1.325557
 -1.386294 -1.386294 -1.386294 -1.386294
 -1.386294 -1.386294 -1.386294 -1.386294
 -1.386294 -1.386294 -1.386294 -1.386294
 -1.507392 -1.623433 -1.350541 -1.132605
 -1.386294 -1.386294 -1.386294 -1.386294
 -1.386294 -1.386294 -1.386294 -1.386294
 -1.386294 -1.386294 -1.386294 -1.386294
 -1.840550 -1.479270 -1.056096 -1.325557
 -1.386294 -1.386294 -1.386294 -1.386294
 -1.386294 -1.386294 -1.386294 -1.386294
 -1.386294 -1.386294 -1.386294 -1.386294
 -1.386294 -1.386294 -1.386294 -1.386294
 -17.188993 -17.188993 -17.188993 -0.000000
 -17.247561 -17.247561 -17.247561 -0.000000
 -17.586660 -17.586660 -17.586660 -0.000000
 -17.609652 -17.609652 -17.609652 -0.000000
 -1.386294 -1.386294 -1.386294 -1.386294
 -1.386294 -1.386294 -1.386294 -1.386294
 -1.386294 -1.386294 -1.386294 -1.386294
 -1.386294 -1.386294 -1.386294 -1.386294
 -17.188993 -17.188993 -17.188993 -0.000000
 -17.247561 -17.247561 -17.247561 -0.000000
 -17.586660 -17.586660 -17.586660 -0.000000
 -17.609652 -17.609652 -17.609652 -0.000000
 -1.386294 -1.386294 -1.386294 -1.386294
 -1.386294 -1.386294 -1.386294 -1.386294
 -1.386294 -1.386294 -1.386294 -1.386294
 0.000000 -18.100613 -18.100613 -18.100613
 -1.386294 -1.386294 -1.386294 -1.386294
 -1.386294 -1.386294 -1.386294 -1.386294
 -1.386294 -1.386294 -1.386294 -1.386294
 0.000000 -18.138052 -18.138052 -18.138052
 -1.386294 -1.386294 -1.386294 -1.386294
 -1.386294 -1.386294 -1.386294 -1.386294
 -1.386294 -1.386294 -1.386294 -1.386294
 0.000000 -18.100613 -18.100613 -18.100613
 -1.386294 -1.386294 -1.386294 -1.386294
 -1.386294 -1.386294 -1.386294 -1.386294
 -1.386294 -1.386294 -1.386294 -1.386294
 0.000000 -18.138052 -18.138052 -18.138052
 -1.386294 -1.386294 -1.386294 -1.386294
 -1.386294 -1.386294 -1.386294 -1.386294
 -1.386294 -1.386294 -1.386294 -1.386294
 -1.386294 -1.386294 -1.386294 -1.386294
 -18.812654 -18.812654 0.000000 -18.812654
 -1.386294 -1.386294 -1.386294 -1.386294
 -1.386294 -1.386294 -1.386294 -1.386294
 -1.386294 -1.386294 -1.386294 -1.386294
 -1.386294 -1.386294 -1.386294 -1.386294
 -1.386294 -1.386294 -1.386294 -1.386294
 -1.386294 -1.386294 -1.386294 -1.386294
 -1.386294 -1.386294 -1.386294 -1.386294
 -18.812654 -18.812654 0.000000 -18.812654
 -1.386294 -1.386294 -1.386294 -1.386294
 -1.386294 -1.386294 -1.386294 -1.386294
 -1.386294 -1.386294 -1.386294 -1.386294
 -1.386294 -1.386294 -1.386294 -1.386294
 -1.386294 -1.386294 -1.386294 -1.386294
 -1.270970 -1.648645 -1.453580 -1.226225
 -1.386294 -1.386294 -1.386294 -1.386294
 -1.386294 -1.386294 -1.386294 -1.386294
 -1.386294 -1.386294 -1.386294 -1.386294
 -1.386294 -1.386294 -1.386294 -1.386294
 -1.386294 -1.386294 -1.386294 -1.386294
 -1.386294 -1.386294 -1.386294 -1.386294
 -1.386294 -1.386294 -1.386294 -1.386294
 -1.270970 -1.648645 -1.453580 -1.226225
 -1.386294 -1.386294 -1.386294 -1.386294
 -1.386294 -1.386294 -1.386294 -1.386294
 -1.386294 -1.386294 -1.386294 -1.386294
 -1.386294 -1.386294 -1.386294 -1.386294
 -1.386294 -1.386294 -1.386294 -1.386294
 -1.034932 -1.916248 -1.413640 -1.369102
 -1.126041 -1.176023 -2.929789 -1.159083
 -1.236987 -1.489441 -1.418911 -1.417717
 -1.500858 -1.333804 -1.461360 -1.267028
 -1.386294 -1.386294 -1.386294 -1.386294
 -1.386294 -1.386294 -1.386294 -1.386294
 -1.386294 -1.386294 -1.386294 -1.386294
 -1.386294 -1.386294 -1.386294 -1.386294
 -1.034932 -1.916248 -1.413640 -1.369102
 -1.126041 -1.176023 -2.929789 -1.159083
 -1.236987 -1.489441 -1.418911 -1.417717
 -1.500858 -1.333804 -1.461360 -1.267028
 -1.386294 -1.386294 -1.386294 -1.386294
 -1.386294 -1.386294 -1.386294 -1.386294
 -1.386294 -1.386294 -1.386294 -1.386294
 -1.386294 -1.386294 -1.386294 -1.386294
 -0.983657 -1.989610 -1.412036 -1.403792
 -1.023170 -1.329695 -2.989282 -1.121886
 -1.047427 -1.680676 -1.441385 -1.485837
 -1.391588 -1.806653 -1.294542 -1.161252
 -1.291032 -1.821276 -1.291032 -1.244075
 -1.333321 -0.973275 -3.268036 -1.137952
 -1.174780 -1.808289 -1.335001 -1.331728
 -1.600499 -1.543601 -1.424835 -1.066982
 -0.983657 -1.989610 -1.412036 -1.403792
 -1.023170 -1.329695 -2.989282 -1.121886
 -1.047427 -1.680676 -1.441385 -1.485837
 -1.391588 -1.806653 -1.294542 -1.161252
 -1.291032 -1.821276 -1.291032 -1.244075
 -1.333321 -0.973275 -3.268036 -1.137952
 -1.174780 -1.808289 -1.335001 -1.331728
 -1.600499 -1.543601 -1.424835 -1.066982
