 -2.550084 0.000100 0.000100 0.000100
 -3.278434 0.000100 0.000100 0.000100
 -3.639306 0.000100 0.000100 0.000100
 -2.532936 0.000100 0.000100 0.000100
 -2.610021 0.000100 0.000100 0.000100
 -3.086388 0.000100 0.000100 0.000100
 -3.275182 0.000100 0.000100 0.000100
 -2.107577 0.000100 0.000100 0.000100
 -2.550084 0.000100 0.000100 0.000100
 -3.278434 0.000100 0.000100 0.000100
 -3.639306 0.000100 0.000100 0.000100
 -2.532936 0.000100 0.000100 0.000100
 -2.610021 0.000100 0.000100 0.000100
 -3.086388 0.000100 0.000100 0.000100
 -3.275182 0.000100 0.000100 0.000100
 -2.107577 0.000100 0.000100 0.000100
 -1.084561 -1.840078 -2.206702 -0.933738
 -1.344821 -1.260940 -3.328945 -0.867036
 -1.376992 -1.434150 -2.147098 -0.935160
 -1.360358 -2.128540 -1.502533 -0.911665
 -0.869809 -1.884402 -2.146765 -1.164153
 -1.209364 -1.575088 -3.520991 -0.765603
 -1.002712 -1.901458 -2.233591 -0.976510
 -1.481604 -1.880425 -1.671958 -0.838582
 -1.084561 -1.840078 -2.206702 -0.933738
 -1.344821 -1.260940 -3.328945 -0.867036
 -1.376992 -1.434150 -2.147098 -0.935160
 -1.360358 -2.128540 -1.502533 -0.911665
 -0.869809 -1.884402 -2.146765 -1.164153
 -1.209364 -1.575088 -3.520991 -0.765603
 -1.002712 -1.901458 -2.233591 -0.976510
 -1.481604 -1.880425 -1.671958 -0.838582
 -1.127461 -1.696880 -2.230962 -0.953302
 -1.112550 -1.555553 -3.268524 -0.862406
 -1.299283 -1.599387 -2.069389 -0.918820
 -1.480036 -1.968133 -1.536789 -0.873274
 -1.053265 -1.656940 -2.161777 -1.063166
 -1.270782 -1.564542 -3.573359 -0.729515
 -1.110041 -2.034989 -1.769286 -0.996097
 -1.508633 -1.873824 -1.822531 -0.768655
 -1.127461 -1.696880 -2.230962 -0.953302
 -1.112550 -1.555553 -3.268524 -0.862406
 -1.299283 -1.599387 -2.069389 -0.918820
 -1.480036 -1.968133 -1.536789 -0.873274
 -1.053265 -1.656940 -2.161777 -1.063166
 -1.270782 -1.564542 -3.573359 -0.729515
 -1.110041 -2.034989 -1.769286 -0.996097
 -1.508633 -1.873824 -1.822531 -0.768655
 -1.071307 -1.816279 -2.002864 -1.022036
 -1.246394 -1.603068 -3.181247 -0.755771
 -1.442384 -1.501807 -1.927890 -0.927720
 -1.389357 -1.877937 -1.585267 -0.934031
 -0.945718 -1.661749 -2.318528 -1.128945
 -1.163151 -1.606837 -3.311579 -0.797351
 -1.111231 -1.893989 -1.981000 -0.961170
 -1.479291 -1.952690 -1.849372 -0.748717
 -1.071307 -1.816279 -2.002864 -1.022036
 -1.246394 -1.603068 -3.181247 -0.755771
 -1.442384 -1.501807 -1.927890 -0.927720
 -1.389357 -1.877937 -1.585267 -0.934031
 -0.945718 -1.661749 -2.318528 -1.128945
 -1.163151 -1.606837 -3.311579 -0.797351
 -1.111231 -1.893989 -1.981000 -0.961170
 -1.479291 -1.952690 -1.849372 -0.748717
 -1.238114 -1.646577 -2.181720 -0.905069
 -1.146567 -1.451948 -3.215530 -0.896423
 -1.269570 -1.709521 -1.820746 -0.977660
 -1.538782 -2.016568 -1.586410 -0.803884
 -1.013656 -1.934481 -2.722937 -0.851137
 -1.179301 -1.588977 -3.185831 -0.805134
 -1.326396 -1.930595 -2.143156 -0.750306
 -1.574443 -1.842707 -1.878856 -0.730383
 -1.238114 -1.646577 -2.181720 -0.905069
 -1.146567 -1.451948 -3.215530 -0.896423
 -1.269570 -1.709521 -1.820746 -0.977660
 -1.538782 -2.016568 -1.586410 -0.803884
 -1.013656 -1.934481 -2.722937 -0.851137
 -1.179301 -1.588977 -3.185831 -0.805134
 -1.326396 -1.930595 -2.143156 -0.750306
 -1.574443 -1.842707 -1.878856 -0.730383
 -1.172576 -1.745921 -2.327276 -0.871350
 -1.116375 -1.538100 -3.164061 -0.878290
 -1.512588 -1.620801 -1.774951 -0.885691
 -1.609438 -2.097535 -1.462208 -0.808520
 -1.036737 -1.880706 -2.528390 -0.884016
 -1.361479 -1.579733 -3.153234 -0.703249
 -1.354944 -1.486713 -2.138474 -0.921080
 -1.762507 -1.694596 -1.847064 -0.719465
 -1.172576 -1.745921 -2.327276 -0.871350
 -1.116375 -1.538100 -3.164061 -0.878290
 -1.512588 -1.620801 -1.774951 -0.885691
 -1.609438 -2.097535 -1.462208 -0.808520
 -1.036737 -1.880706 -2.528390 -0.884016
 -1.361479 -1.579733 -3.153234 -0.703249
 -1.354944 -1.486713 -2.138474 -0.921080
 -1.762507 -1.694596 -1.847064 -0.719465
 -1.115245 -1.840343 -2.213856 -0.906035
 -1.447796 -1.541615 -2.944434 -0.696663
 -1.410987 -1.516347 -1.841769 -0.972733
 -1.600305 -1.983297 -1.679086 -0.746535
 -1.087249 -2.014902 -2.434755 -0.816661
 -1.345286 -1.552926 -3.578871 -0.693148
 -1.439454 -1.954117 -2.167691 -0.679616
 -2.002512 -1.688120 -1.843822 -0.650229
 -1.115245 -1.840343 -2.213856 -0.906035
 -1.447796 -1.541615 -2.944434 -0.696663
 -1.410987 -1.516347 -1.841769 -0.972733
 -1.600305 -1.983297 -1.679086 -0.746535
 -1.087249 -2.014902 -2.434755 -0.816661
 -1.345286 -1.552926 -3.578871 -0.693148
 -1.439454 -1.954117 -2.167691 -0.679616
 -2.002512 -1.688120 -1.843822 -0.650229
 -1.050131 -1.781018 -2.376525 -0.944771
 -1.365241 -1.470601 -3.513663 -0.723388
 -1.246793 -1.859896 -1.785788 -0.943607
 -1.581719 -2.121743 -1.539459 -0.776400
 -1.513739 -1.648658 -2.364277 -0.706051
 -1.693866 -1.570806 -4.045230 -0.526262
 -1.603450 -1.603450 -1.876316 -0.810931
 -2.126036 -1.742745 -1.887226 -0.590302
 -1.050131 -1.781018 -2.376525 -0.944771
 -1.365241 -1.470601 -3.513663 -0.723388
 -1.246793 -1.859896 -1.785788 -0.943607
 -1.581719 -2.121743 -1.539459 -0.776400
 -1.513739 -1.648658 -2.364277 -0.706051
 -1.693866 -1.570806 -4.045230 -0.526262
 -1.603450 -1.603450 -1.876316 -0.810931
 -2.126036 -1.742745 -1.887226 -0.590302
 -1.119890 -1.879728 -2.384821 -0.846422
 -1.390133 -1.780330 -2.856465 -0.644540
 -1.528468 -1.585627 -1.678000 -0.937601
 -1.821029 -1.841030 -1.553348 -0.759397
 -1.339148 -1.718637 -2.578836 -0.728239
 -1.661545 -1.452453 -3.717989 -0.594432
 -1.859134 -1.632361 -2.082277 -0.646113
 -2.169767 -1.768478 -1.971942 -0.551618
 -1.119890 -1.879728 -2.384821 -0.846422
 -1.390133 -1.780330 -2.856465 -0.644540
 -1.528468 -1.585627 -1.678000 -0.937601
 -1.821029 -1.841030 -1.553348 -0.759397
 -1.339148 -1.718637 -2.578836 -0.728239
 -1.661545 -1.452453 -3.717989 -0.594432
 -1.859134 -1.632361 -2.082277 -0.646113
 -2.169767 -1.768478 -1.971942 -0.551618
 -1.285198 -1.701713 -2.500218 -0.778778
 -1.433412 -1.433412 -4.783268 -0.664280
 -1.497108 -1.595548 -1.743968 -0.919794
 -1.934736 -1.870198 -1.551744 -0.714235
 -1.499235 -1.862140 -2.688816 -0.591678
 -1.605348 -1.419631 -4.110862 -0.614367
 -1.859134 -1.788930 -2.202905 -0.568151
 -1.995575 -1.790414 -2.179879 -0.537652
 -1.285198 -1.701713 -2.500218 -0.778778
 -1.433412 -1.433412 -4.783268 -0.664280
 -1.497108 -1.595548 -1.743968 -0.919794
 -1.934736 -1.870198 -1.551744 -0.714235
 -1.499235 -1.862140 -2.688816 -0.591678
 -1.605348 -1.419631 -4.110862 -0.614367
 -1.859134 -1.788930 -2.202905 -0.568151
 -1.995575 -1.790414 -2.179879 -0.537652
 -1.203973 -1.628130 -2.959359 -0.794402
 -1.464766 -1.667706 -3.159353 -0.620389
 -1.601069 -1.643628 -2.214170 -0.701588
 -1.736699 -1.773067 -1.603168 -0.792238
 -1.393028 -1.943675 -3.269340 -0.561296
 -1.934415 -1.569772 -3.307460 -0.493003
 -1.766280 -2.073009 -2.047692 -0.554789
 -2.121332 -1.651997 -1.884381 -0.622617
 -1.203973 -1.628130 -2.959359 -0.794402
 -1.464766 -1.667706 -3.159353 -0.620389
 -1.601069 -1.643628 -2.214170 -0.701588
 -1.736699 -1.773067 -1.603168 -0.792238
 -1.393028 -1.943675 -3.269340 -0.561296
 -1.934415 -1.569772 -3.307460 -0.493003
 -1.766280 -2.073009 -2.047692 -0.554789
 -2.121332 -1.651997 -1.884381 -0.622617
 -1.175871 -1.662885 -3.397477 -0.758430
 -1.380723 -1.403196 -3.395612 -0.756570
 -1.865865 -1.791757 -1.945907 -0.624157
 -1.795022 -1.876700 -1.560182 -0.753569
 -1.547562 -1.756912 -3.744778 -0.525912
 -1.797179 -1.466938 -3.485749 -0.556917
 -2.284929 -1.683350 -2.145167 -0.518489
 -2.359441 -1.619774 -1.796914 -0.612907
 -1.175871 -1.662885 -3.397477 -0.758430
 -1.380723 -1.403196 -3.395612 -0.756570
 -1.865865 -1.791757 -1.945907 -0.624157
 -1.795022 -1.876700 -1.560182 -0.753569
 -1.547562 -1.756912 -3.744778 -0.525912
 -1.797179 -1.466938 -3.485749 -0.556917
 -2.284929 -1.683350 -2.145167 -0.518489
 -2.359441 -1.619774 -1.796914 -0.612907
 -1.201028 -1.528714 -3.223301 -0.815366
 -1.460038 -1.590658 -3.560084 -0.624471
 -1.945906 -2.146575 -1.778854 -0.559619
 -2.194175 -1.775105 -1.609438 -0.655690
 -1.707342 -1.766182 -3.876384 -0.466900
 -1.909978 -1.425376 -3.954726 -0.523684
 -2.008823 -1.811464 -2.278486 -0.510826
 -2.305196 -1.729832 -1.906288 -0.554576
 -1.201028 -1.528714 -3.223301 -0.815366
 -1.460038 -1.590658 -3.560084 -0.624471
 -1.945906 -2.146575 -1.778854 -0.559619
 -2.194175 -1.775105 -1.609438 -0.655690
 -1.707342 -1.766182 -3.876384 -0.466900
 -1.909978 -1.425376 -3.954726 -0.523684
 -2.008823 -1.811464 -2.278486 -0.510826
 -2.305196 -1.729832 -1.906288 -0.554576
 -1.223776 -1.950823 -3.708664 -0.617641
 -1.884976 -1.491073 -3.172822 -0.542744
 -1.878767 -1.443452 -1.711715 -0.842681
 -2.066862 -1.804498 -2.092180 -0.535387
 -1.555370 -1.791759 -5.192908 -0.483427
 -2.004320 -1.324419 -4.137819 -0.538997
 -2.403227 -1.585783 -2.374239 -0.491510
 -2.386018 -1.633011 -2.029344 -0.542587
 -1.223776 -1.950823 -3.708664 -0.617641
 -1.884976 -1.491073 -3.172822 -0.542744
 -1.878767 -1.443452 -1.711715 -0.842681
 -2.066862 -1.804498 -2.092180 -0.535387
 -1.555370 -1.791759 -5.192908 -0.483427
 -2.004320 -1.324419 -4.137819 -0.538997
 -2.403227 -1.585783 -2.374239 -0.491510
 -2.386018 -1.633011 -2.029344 -0.542587
 -14.408839 -14.408839 -14.408839 -0.000002
 -14.419828 -14.419828 -14.419828 -0.000002
 -13.217681 -13.217681 -13.217681 -0.000005
 -15.595535 -15.595535 -15.595535 -0.000001
 -15.036342 -15.036342 -15.036342 -0.000001
 -15.646491 -15.646491 -15.646491 -0.000000
 -14.962914 -14.962914 -14.962914 -0.000001
 -16.696394 -16.696394 -16.696394 -0.000000
 -14.408839 -14.408839 -14.408839 -0.000002
 -14.419828 -14.419828 -14.419828 -0.000002
 -13.217681 -13.217681 -13.217681 -0.000005
 -15.595535 -15.595535 -15.595535 -0.000001
 -15.036342 -15.036342 -15.036342 -0.000001
 -15.646491 -15.646491 -15.646491 -0.000000
 -14.962914 -14.962914 -14.962914 -0.000001
 -16.696394 -16.696394 -16.696394 -0.000000
 -1.386294 -1.386294 -1.386294 -1.386294
 -1.386294 -1.386294 -1.386294 -1.386294
 -1.386294 -1.386294 -1.386294 -1.386294
 -2.291411 -1.970940 -2.099873 -0.450862
 -1.386294 -1.386294 -1.386294 -1.386294
 -1.386294 -1.386294 -1.386294 -1.386294
 -1.386294 -1.386294 -1.386294 -1.386294
 -2.504898 -1.718190 -2.133334 -0.477256
 -1.386294 -1.386294 -1.386294 -1.386294
 -1.386294 -1.386294 -1.386294 -1.386294
 -1.386294 -1.386294 -1.386294 -1.386294
 -2.291411 -1.970940 -2.099873 -0.450862
 -1.386294 -1.386294 -1.386294 -1.386294
 -1.386294 -1.386294 -1.386294 -1.386294
 -1.386294 -1.386294 -1.386294 -1.386294
 -2.504898 -1.718190 -2.133334 -0.477256
 -1.386294 -1.386294 -1.386294 -1.386294
 -1.386294 -1.386294 -1.386294 -1.386294
 -1.386294 -1.386294 -1.386294 -1.386294
 -1.386294 -1.386294 -1.386294 -1.386294
 -1.293585 -1.906689 -15.068274 -0.549666
 -1.938741 -1.345415 -4.241317 -0.542497
 -2.215916 -1.653609 -2.160856 -0.537235
 -1.988504 -1.565944 -1.882282 -0.689221
 -1.386294 -1.386294 -1.386294 -1.386294
 -1.386294 -1.386294 -1.386294 -1.386294
 -1.386294 -1.386294 -1.386294 -1.386294
 -1.386294 -1.386294 -1.386294 -1.386294
 -1.293585 -1.906689 -15.068274 -0.549666
 -1.938741 -1.345415 -4.241317 -0.542497
 -2.215916 -1.653609 -2.160856 -0.537235
 -1.988504 -1.565944 -1.882282 -0.689221
 -1.153799 -1.538210 -14.214290 -0.755452
 -1.718636 -1.287855 -3.590417 -0.659247
 -2.079434 -1.627455 -1.722764 -0.693151
 -1.868720 -1.561236 -1.882143 -0.726624
 -1.422662 -1.800728 -15.315134 -0.521297
 -2.090740 -1.245068 -4.265483 -0.554363
 -2.487427 -1.601909 -2.428586 -0.466484
 -2.037477 -1.295323 -1.941752 -0.793231
 -1.153799 -1.538210 -14.214290 -0.755452
 -1.718636 -1.287855 -3.590417 -0.659247
 -2.079434 -1.627455 -1.722764 -0.693151
 -1.868720 -1.561236 -1.882143 -0.726624
 -1.422662 -1.800728 -15.315134 -0.521297
 -2.090740 -1.245068 -4.265483 -0.554363
 -2.487427 -1.601909 -2.428586 -0.466484
 -2.037477 -1.295323 -1.941752 -0.793231
 -1.114117 -1.717651 -5.272902 -0.719124
 -1.351378 -1.331960 -3.491430 -0.805868
 -1.408767 -1.609436 -1.609436 -1.034076
 -2.127905 -1.656191 -1.941028 -0.604235
 -1.357307 -1.868132 -15.221608 -0.530629
 -1.656371 -1.346216 -3.557826 -0.653069
 -1.904237 -1.505598 -2.158470 -0.666160
 -1.933145 -1.380228 -1.905494 -0.787376
 -1.114117 -1.717651 -5.272902 -0.719124
 -1.351378 -1.331960 -3.491430 -0.805868
 -1.408767 -1.609436 -1.609436 -1.034076
 -2.127905 -1.656191 -1.941028 -0.604235
 -1.357307 -1.868132 -15.221608 -0.530629
 -1.656371 -1.346216 -3.557826 -0.653069
 -1.904237 -1.505598 -2.158470 -0.666160
 -1.933145 -1.380228 -1.905494 -0.787376
 -14.644064 -14.644064 -14.644064 -0.000001
 -14.403299 -14.403299 -14.403299 -0.000002
 -13.081550 -13.081550 -13.081550 -0.000006
 -15.464170 -15.464170 -15.464170 -0.000001
 -15.408820 -15.408820 -15.408820 -0.000001
 -15.831747 -15.831747 -15.831747 -0.000000
 -15.030424 -15.030424 -15.030424 -0.000001
 -16.534172 -16.534172 -16.534172 -0.000000
 -14.644064 -14.644064 -14.644064 -0.000001
 -14.403299 -14.403299 -14.403299 -0.000002
 -13.081550 -13.081550 -13.081550 -0.000006
 -15.464170 -15.464170 -15.464170 -0.000001
 -15.408820 -15.408820 -15.408820 -0.000001
 -15.831747 -15.831747 -15.831747 -0.000000
 -15.030424 -15.030424 -15.030424 -0.000001
 -16.534172 -16.534172 -16.534172 -0.000000
 -1.386294 -1.386294 -1.386294 -1.386294
 -1.386294 -1.386294 -1.386294 -1.386294
 -1.386294 -1.386294 -1.386294 -1.386294
 -16.218845 -16.218845 -16.218845 -0.000000
 -1.386294 -1.386294 -1.386294 -1.386294
 -1.386294 -1.386294 -1.386294 -1.386294
 -1.386294 -1.386294 -1.386294 -1.386294
 -17.205647 -17.205647 -17.205647 -0.000000
 -1.386294 -1.386294 -1.386294 -1.386294
 -1.386294 -1.386294 -1.386294 -1.386294
 -1.386294 -1.386294 -1.386294 -1.386294
 -16.218845 -16.218845 -16.218845 -0.000000
 -1.386294 -1.386294 -1.386294 -1.386294
 -1.386294 -1.386294 -1.386294 -1.386294
 -1.386294 -1.386294 -1.386294 -1.386294
 -17.205647 -17.205647 -17.205647 -0.000000
 -1.386294 -1.386294 -1.386294 -1.386294
 -1.386294 -1.386294 -1.386294 -1.386294
 -1.386294 -1.386294 -1.386294 -1.386294
 -1.386294 -1.386294 -1.386294 -1.386294
 -1.386294 -1.386294 -1.386294 -1.386294
 -1.386294 -1.386294 -1.386294 -1.386294
 -1.386294 -1.386294 -1.386294 -1.386294
 -1.980633 -1.365159 -1.788573 -0.822164
 -1.386294 -1.386294 -1.386294 -1.386294
 -1.386294 -1.386294 -1.386294 -1.386294
 -1.386294 -1.386294 -1.386294 -1.386294
 -1.386294 -1.386294 -1.386294 -1.386294
 -1.386294 -1.386294 -1.386294 -1.386294
 -1.386294 -1.386294 -1.386294 -1.386294
 -1.386294 -1.386294 -1.386294 -1.386294
 -1.980633 -1.365159 -1.788573 -0.822164
 -1.386294 -1.386294 -1.386294 -1.386294
 -1.386294 -1.386294 -1.386294 -1.386294
 -1.386294 -1.386294 -1.386294 -1.386294
 -1.386294 -1.386294 -1.386294 -1.386294
 -15.541843 -15.541843 -15.541843 -0.000001
 -16.157316 -16.157316 -16.157316 -0.000000
 -15.733903 -15.733903 -15.733903 -0.000000
 -16.700312 -16.700312 -16.700312 -0.000000
 -1.386294 -1.386294 -1.386294 -1.386294
 -1.386294 -1.386294 -1.386294 -1.386294
 -1.386294 -1.386294 -1.386294 -1.386294
 -1.386294 -1.386294 -1.386294 -1.386294
 -15.541843 -15.541843 -15.541843 -0.000001
 -16.157316 -16.157316 -16.157316 -0.000000
 -15.733903 -15.733903 -15.733903 -0.000000
 -16.700312 -16.700312 -16.700312 -0.000000
 -1.386294 -1.386294 -1.386294 -1.386294
 -1.386294 -1.386294 -1.386294 -1.386294
 -1.386294 -1.386294 -1.386294 -1.386294
 -0.000000 -16.335625 -16.335625 -16.335625
 -1.386294 -1.386294 -1.386294 -1.386294
 -1.386294 -1.386294 -1.386294 -1.386294
 -1.386294 -1.386294 -1.386294 -1.386294
 0.000000 -17.158373 -17.158373 -17.158373
 -1.386294 -1.386294 -1.386294 -1.386294
 -1.386294 -1.386294 -1.386294 -1.386294
 -1.386294 -1.386294 -1.386294 -1.386294
 -0.000000 -16.335625 -16.335625 -16.335625
 -1.386294 -1.386294 -1.386294 -1.386294
 -1.386294 -1.386294 -1.386294 -1.386294
 -1.386294 -1.386294 -1.386294 -1.386294
 0.000000 -17.158373 -17.158373 -17.158373
 -1.386294 -1.386294 -1.386294 -1.386294
 -1.386294 -1.386294 -1.386294 -1.386294
 -1.386294 -1.386294 -1.386294 -1.386294
 -1.386294 -1.386294 -1.386294 -1.386294
 -17.522476 -17.522476 -0.000000 -17.522476
 -1.386294 -1.386294 -1.386294 -1.386294
 -1.386294 -1.386294 -1.386294 -1.386294
 -1.386294 -1.386294 -1.386294 -1.386294
 -1.386294 -1.386294 -1.386294 -1.386294
 -1.386294 -1.386294 -1.386294 -1.386294
 -1.386294 -1.386294 -1.386294 -1.386294
 -1.386294 -1.386294 -1.386294 -1.386294
 -17.522476 -17.522476 -0.000000 -17.522476
 -1.386294 -1.386294 -1.386294 -1.386294
 -1.386294 -1.386294 -1.386294 -1.386294
 -1.386294 -1.386294 -1.386294 -1.386294
 -1.386294 -1.386294 -1.386294 -1.386294
 -1.386294 -1.386294 -1.386294 -1.386294
 -1.371913 -1.987776 -0.749974 -1.987776
 -1.386294 -1.386294 -1.386294 -1.386294
 -1.386294 -1.386294 -1.386294 -1.386294
 -1.386294 -1.386294 -1.386294 -1.386294
 -1.386294 -1.386294 -1.386294 -1.386294
 -1.386294 -1.386294 -1.386294 -1.386294
 -1.386294 -1.386294 -1.386294 -1.386294
 -1.386294 -1.386294 -1.386294 -1.386294
 -1.371913 -1.987776 -0.749974 -1.987776
 -1.386294 -1.386294 -1.386294 -1.386294
 -1.386294 -1.386294 -1.386294 -1.386294
 -1.386294 -1.386294 -1.386294 -1.386294
 -1.386294 -1.386294 -1.386294 -1.386294
 -1.386294 -1.386294 -1.386294 -1.386294
 -1.200430 -1.970409 -1.816258 -0.924065
 -1.274503 -1.307079 -3.028519 -0.912713
 -1.183735 -1.851735 -1.812769 -0.984300
 -1.954911 -1.802570 -1.242955 -0.903824
 -1.386294 -1.386294 -1.386294 -1.386294
 -1.386294 -1.386294 -1.386294 -1.386294
 -1.386294 -1.386294 -1.386294 -1.386294
 -1.386294 -1.386294 -1.386294 -1.386294
 -1.200430 -1.970409 -1.816258 -0.924065
 -1.274503 -1.307079 -3.028519 -0.912713
 -1.183735 -1.851735 -1.812769 -0.984300
 -1.954911 -1.802570 -1.242955 -0.903824
 -1.386294 -1.386294 -1.386294 -1.386294
 -1.386294 -1.386294 -1.386294 -1.386294
 -1.386294 -1.386294 -1.386294 -1.386294
 -1.386294 -1.386294 -1.386294 -1.386294
 -0.979349 -1.811962 -1.649103 -1.313457
 -0.988331 -1.465590 -2.842219 -1.083039
 -1.084194 -1.613596 -1.624067 -1.325914
 -1.434376 -1.706077 -1.245262 -1.229995
 -1.182920 -1.332451 -2.240707 -1.128853
 -1.027154 -1.450010 -2.928106 -1.038715
 -1.142098 -1.572880 -1.407801 -1.475242
 -1.714798 -1.576648 -1.174774 -1.189267
 -0.979349 -1.811962 -1.649103 -1.313457
 -0.988331 -1.465590 -2.842219 -1.083039
 -1.084194 -1.613596 -1.624067 -1.325914
 -1.434376 -1.706077 -1.245262 -1.229995
 -1.182920 -1.332451 -2.240707 -1.128853
 -1.027154 -1.450010 -2.928106 -1.038715
 -1.142098 -1.572880 -1.407801 -1.475242
 -1.714798 -1.576648 -1.174774 -1.189267
 -2.914794 0.000100 0.000100 0.000100
 -2.785427 0.000100 0.000100 0.000100
 -2.672901 0.000100 0.000100 0.000100
 -2.972705 0.000100 0.000100 0.000100
 -2.674911 0.000100 0.000100 0.000100
 -3.087444 0.000100 0.000100 0.000100
 -2.722294 0.000100 0.000100 0.000100
 -2.481584 0.000100 0.000100 0.000100
 -2.914794 0.000100 0.000100 0.000100
 -2.785427 0.000100 0.000100 0.000100
 -2.672901 0.000100 0.000100 0.000100
 -2.972705 0.000100 0.000100 0.000100
 -2.674911 0.000100 0.000100 0.000100
 -3.087444 0.000100 0.000100 0.000100
 -2.722294 0.000100 0.000100 0.000100
 -2.481584 0.000100 0.000100 0.000100
 -1.012881 -1.891169 -1.637974 -1.232509
 -1.379575 -0.799757 -2.571712 -1.502954
 -1.605430 -0.812438 -1.667305 -1.791759
 -1.606731 -1.816452 -1.165865 -1.123305
 -1.517242 -0.945900 -1.826563 -1.463658
 -1.025373 -1.296248 -2.800322 -1.180937
 -2.423536 -0.540807 -1.927100 -1.695299
 -1.692387 -1.639743 -1.474663 -0.933857
 -1.012881 -1.891169 -1.637974 -1.232509
 -1.379575 -0.799757 -2.571712 -1.502954
 -1.605430 -0.812438 -1.667305 -1.791759
 -1.606731 -1.816452 -1.165865 -1.123305
 -1.517242 -0.945900 -1.826563 -1.463658
 -1.025373 -1.296248 -2.800322 -1.180937
 -2.423536 -0.540807 -1.927100 -1.695299
 -1.692387 -1.639743 -1.474663 -0.933857
 -0.983377 -1.683350 -1.754301 -1.319849
 -2.314673 -0.292590 -3.979675 -1.993766
 -1.370742 -1.211314 -1.704748 -1.322540
 -1.534614 -1.712295 -1.534614 -0.945537
 -1.327798 -1.562370 -1.484984 -1.207997
 -1.454981 -1.102904 -2.850490 -0.975846
 -1.719514 -1.296031 -1.296031 -1.296031
 -1.697592 -1.868217 -1.595177 -0.777388
 -0.983377 -1.683350 -1.754301 -1.319849
 -2.314673 -0.292590 -3.979675 -1.993766
 -1.370742 -1.211314 -1.704748 -1.322540
 -1.534614 -1.712295 -1.534614 -0.945537
 -1.327798 -1.562370 -1.484984 -1.207997
 -1.454981 -1.102904 -2.850490 -0.975846
 -1.719514 -1.296031 -1.296031 -1.296031
 -1.697592 -1.868217 -1.595177 -0.777388
 -1.032167 -1.913366 -1.591783 -1.228878
 -1.563320 -0.891527 -3.880077 -1.021979
 -1.468532 -1.373222 -1.322579 -1.386294
 -1.332492 -1.682387 -1.892107 -0.917548
 -1.243373 -1.696694 -1.394413 -1.271811
 -1.974998 -1.094036 -2.466723 -0.817546
 -1.742969 -1.651997 -1.037988 -1.275946
 -1.460067 -1.816742 -1.405343 -1.021813
 -1.032167 -1.913366 -1.591783 -1.228878
 -1.563320 -0.891527 -3.880077 -1.021979
 -1.468532 -1.373222 -1.322579 -1.386294
 -1.332492 -1.682387 -1.892107 -0.917548
 -1.243373 -1.696694 -1.394413 -1.271811
 -1.974998 -1.094036 -2.466723 -0.817546
 -1.742969 -1.651997 -1.037988 -1.275946
 -1.460067 -1.816742 -1.405343 -1.021813
 -0.948849 -1.913030 -1.649215 -1.298355
 -1.390319 -1.343066 -2.809398 -0.844625
 -1.453598 -1.122566 -1.546380 -1.479240
 -1.337767 -1.979620 -1.522196 -0.964391
 -1.288402 -1.919990 -1.257149 -1.226844
 -0.790080 -1.706370 -1.870992 -1.557334
 -1.785328 -1.824549 -0.766760 -1.577689
 -1.793950 -1.158348 -1.442552 -1.261003
 -0.948849 -1.913030 -1.649215 -1.298355
 -1.390319 -1.343066 -2.809398 -0.844625
 -1.453598 -1.122566 -1.546380 -1.479240
 -1.337767 -1.979620 -1.522196 -0.964391
 -1.288402 -1.919990 -1.257149 -1.226844
 -0.790080 -1.706370 -1.870992 -1.557334
 -1.785328 -1.824549 -0.766760 -1.577689
 -1.793950 -1.158348 -1.442552 -1.261003
 -1.113880 -2.089593 -1.586965 -1.068760
 -1.430097 -1.330725 -2.590264 -0.864106
 -1.751612 -0.781255 -1.765598 -1.621559
 -1.478927 -1.914245 -1.432942 -0.951766
 -1.290830 -2.087966 -0.914595 -1.607741
 -1.438202 -0.745055 -2.776485 -1.488633
 -2.132685 -2.420366 -0.431734 -1.943443
 -1.441414 -1.877338 -1.592236 -0.899090
 -1.113880 -2.089593 -1.586965 -1.068760
 -1.430097 -1.330725 -2.590264 -0.864106
 -1.751612 -0.781255 -1.765598 -1.621559
 -1.478927 -1.914245 -1.432942 -0.951766
 -1.290830 -2.087966 -0.914595 -1.607741
 -1.438202 -0.745055 -2.776485 -1.488633
 -2.132685 -2.420366 -0.431734 -1.943443
 -1.441414 -1.877338 -1.592236 -0.899090
 -1.086550 -1.801515 -1.566676 -1.241900
 -1.421386 -1.693319 -4.060428 -0.584345
 -2.188050 -0.440639 -2.174444 -2.035858
 -1.240153 -1.833216 -1.545534 -1.086002
 -1.122480 -1.972195 -1.367602 -1.270610
 -1.609438 -0.815195 -3.444677 -1.122295
 -1.594785 -1.795456 -0.977147 -1.368012
 -1.431318 -1.810807 -1.763850 -0.853080
 -1.086550 -1.801515 -1.566676 -1.241900
 -1.421386 -1.693319 -4.060428 -0.584345
 -2.188050 -0.440639 -2.174444 -2.035858
 -1.240153 -1.833216 -1.545534 -1.086002
 -1.122480 -1.972195 -1.367602 -1.270610
 -1.609438 -0.815195 -3.444677 -1.122295
 -1.594785 -1.795456 -0.977147 -1.368012
 -1.431318 -1.810807 -1.763850 -0.853080
 -1.136353 -2.290313 -1.784379 -0.891900
 -2.177123 -2.304277 -4.435892 -0.254947
 -1.494662 -1.061473 -1.708810 -1.391714
 -1.589235 -2.142619 -1.298433 -0.902358
 -0.977831 -2.052772 -1.676984 -1.175844
 -0.781195 -2.041447 -2.500978 -1.107766
 -1.340624 -1.998679 -1.305533 -1.103297
 -1.091977 -2.099617 -1.769375 -0.990194
 -1.136353 -2.290313 -1.784379 -0.891900
 -2.177123 -2.304277 -4.435892 -0.254947
 -1.494662 -1.061473 -1.708810 -1.391714
 -1.589235 -2.142619 -1.298433 -0.902358
 -0.977831 -2.052772 -1.676984 -1.175844
 -0.781195 -2.041447 -2.500978 -1.107766
 -1.340624 -1.998679 -1.305533 -1.103297
 -1.091977 -2.099617 -1.769375 -0.990194
 -1.087210 -2.249000 -1.708194 -0.977776
 -1.515912 -1.734600 -3.461811 -0.557658
 -1.143064 -1.613067 -1.461518 -1.386294
 -1.633326 -1.985302 -1.471357 -0.826066
 -0.553386 -2.336486 -2.014902 -1.634755
 -1.094683 -1.494283 -3.457882 -0.892944
 -1.022451 -2.016702 -1.567178 -1.208781
 -0.761729 -2.293976 -2.111655 -1.167194
 -1.087210 -2.249000 -1.708194 -0.977776
 -1.515912 -1.734600 -3.461811 -0.557658
 -1.143064 -1.613067 -1.461518 -1.386294
 -1.633326 -1.985302 -1.471357 -0.826066
 -0.553386 -2.336486 -2.014902 -1.634755
 -1.094683 -1.494283 -3.457882 -0.892944
 -1.022451 -2.016702 -1.567178 -1.208781
 -0.761729 -2.293976 -2.111655 -1.167194
 -0.965265 -2.715429 -1.587619 -1.054033
 -1.103728 -1.516914 -2.793202 -0.947382
 -1.375675 -2.027436 -1.195704 -1.161018
 -1.506389 -2.242095 -1.379390 -0.866731
 -0.413155 -2.684648 -2.099132 -1.913030
 -0.977147 -1.594785 -3.522666 -0.938680
 -1.254773 -2.116254 -1.297945 -1.135427
 -1.249555 -2.262277 -1.686913 -0.857634
 -0.965265 -2.715429 -1.587619 -1.054033
 -1.103728 -1.516914 -2.793202 -0.947382
 -1.375675 -2.027436 -1.195704 -1.161018
 -1.506389 -2.242095 -1.379390 -0.866731
 -0.413155 -2.684648 -2.099132 -1.913030
 -0.977147 -1.594785 -3.522666 -0.938680
 -1.254773 -2.116254 -1.297945 -1.135427
 -1.249555 -2.262277 -1.686913 -0.857634
 -1.939084 -2.750013 -1.447490 -0.585051
 -1.169382 -1.367832 -2.778812 -0.987061
 -1.451535 -2.090023 -1.636106 -0.804373
 -1.892564 -2.046714 -1.782022 -0.594463
 -1.056310 -2.075334 -1.755391 -1.038714
 -1.072295 -1.445808 -2.931187 -0.997260
 -1.419817 -1.450589 -1.531934 -1.178655
 -1.860340 -1.888511 -1.967760 -0.591830
 -1.939084 -2.750013 -1.447490 -0.585051
 -1.169382 -1.367832 -2.778812 -0.987061
 -1.451535 -2.090023 -1.636106 -0.804373
 -1.892564 -2.046714 -1.782022 -0.594463
 -1.056310 -2.075334 -1.755391 -1.038714
 -1.072295 -1.445808 -2.931187 -0.997260
 -1.419817 -1.450589 -1.531934 -1.178655
 -1.860340 -1.888511 -1.967760 -0.591830
 -1.218899 -1.950364 -1.875140 -0.894312
 -1.180851 -1.691675 -3.232112 -0.756518
 -1.337842 -1.743307 -2.077079 -0.827017
 -1.555140 -2.706955 -2.274535 -0.479237
 -1.494508 -1.399198 -1.494508 -1.189126
 -1.047131 -1.795539 -3.094816 -0.826140
 -1.796649 -1.739490 -1.472862 -0.845674
 -1.942208 -2.229890 -2.051408 -0.477199
 -1.218899 -1.950364 -1.875140 -0.894312
 -1.180851 -1.691675 -3.232112 -0.756518
 -1.337842 -1.743307 -2.077079 -0.827017
 -1.555140 -2.706955 -2.274535 -0.479237
 -1.494508 -1.399198 -1.494508 -1.189126
 -1.047131 -1.795539 -3.094816 -0.826140
 -1.796649 -1.739490 -1.472862 -0.845674
 -1.942208 -2.229890 -2.051408 -0.477199
 -0.984668 -2.068012 -1.421386 -1.352393
 -1.207965 -1.366570 -3.040540 -0.920283
 -1.227969 -1.762891 -1.487479 -1.172399
 -1.906828 -2.463399 -1.166054 -0.788095
 -1.447449 -2.096535 -1.201152 -1.075575
 -1.360977 -1.466337 -2.970408 -0.773191
 -1.560430 -1.363720 -1.833723 -0.982353
 -2.392487 -2.641383 -2.435784 -0.287941
 -0.984668 -2.068012 -1.421386 -1.352393
 -1.207965 -1.366570 -3.040540 -0.920283
 -1.227969 -1.762891 -1.487479 -1.172399
 -1.906828 -2.463399 -1.166054 -0.788095
 -1.447449 -2.096535 -1.201152 -1.075575
 -1.360977 -1.466337 -2.970408 -0.773191
 -1.560430 -1.363720 -1.833723 -0.982353
 -2.392487 -2.641383 -2.435784 -0.287941
 -1.081946 -1.629240 -2.006534 -1.107051
 -1.118918 -1.486642 -3.683849 -0.862489
 -1.641698 -0.900543 -1.801328 -1.448507
 -1.393693 -1.865678 -1.509003 -0.978376
 -1.371479 -1.670995 -1.843838 -0.916291
 -1.245011 -1.329569 -3.939620 -0.848596
 -1.972140 -0.865807 -2.069778 -1.158630
 -2.785992 -2.380527 -2.293516 -0.294479
 -1.081946 -1.629240 -2.006534 -1.107051
 -1.118918 -1.486642 -3.683849 -0.862489
 -1.641698 -0.900543 -1.801328 -1.448507
 -1.393693 -1.865678 -1.509003 -0.978376
 -1.371479 -1.670995 -1.843838 -0.916291
 -1.245011 -1.329569 -3.939620 -0.848596
 -1.972140 -0.865807 -2.069778 -1.158630
 -2.785992 -2.380527 -2.293516 -0.294479
 -14.946914 -14.946914 -14.946914 -0.000001
 -15.179049 -15.179049 -15.179049 -0.000001
 -14.467838 -14.467838 -14.467838 -0.000002
 -15.257713 -15.257713 -15.257713 -0.000001
 -15.003355 -15.003355 -15.003355 -0.000001
 -14.940441 -14.940441 -14.940441 -0.000001
 -14.707510 -14.707510 -14.707510 -0.000001
 -16.461685 -16.461685 -16.461685 -0.000000
 -14.946914 -14.946914 -14.946914 -0.000001
 -15.179049 -15.179049 -15.179049 -0.000001
 -14.467838 -14.467838 -14.467838 -0.000002
 -15.257713 -15.257713 -15.257713 -0.000001
 -15.003355 -15.003355 -15.003355 -0.000001
 -14.940441 -14.940441 -14.940441 -0.000001
 -14.707510 -14.707510 -14.707510 -0.000001
 -16.461685 -16.461685 -16.461685 -0.000000
 -1.386294 -1.386294 -1.386294 -1.386294
 -1.386294 -1.386294 -1.386294 -1.386294
 -1.386294 -1.386294 -1.386294 -1.386294
 -1.410801 -1.929289 -1.395649 -1.012999
 -1.386294 -1.386294 -1.386294 -1.386294
 -1.386294 -1.386294 -1.386294 -1.386294
 -1.386294 -1.386294 -1.386294 -1.386294
 -2.028622 -2.100192 -0.750863 -1.294293
 -1.386294 -1.386294 -1.386294 -1.386294
 -1.386294 -1.386294 -1.386294 -1.386294
 -1.386294 -1.386294 -1.386294 -1.386294
 -1.410801 -1.929289 -1.395649 -1.012999
 -1.386294 -1.386294 -1.386294 -1.386294
 -1.386294 -1.386294 -1.386294 -1.386294
 -1.386294 -1.386294 -1.386294 -1.386294
 -2.028622 -2.100192 -0.750863 -1.294293
 -1.386294 -1.386294 -1.386294 -1.386294
 -1.386294 -1.386294 -1.386294 -1.386294
 -1.386294 -1.386294 -1.386294 -1.386294
 -1.386294 -1.386294 -1.386294 -1.386294
 -1.475906 -2.084496 -1.446919 -0.887303
 -1.315872 -1.689838 -3.253809 -0.676126
 -2.187010 -2.352402 -1.630885 -0.516087
 -1.466952 -1.984467 -1.715413 -0.794008
 -1.386294 -1.386294 -1.386294 -1.386294
 -1.386294 -1.386294 -1.386294 -1.386294
 -1.386294 -1.386294 -1.386294 -1.386294
 -1.386294 -1.386294 -1.386294 -1.386294
 -1.475906 -2.084496 -1.446919 -0.887303
 -1.315872 -1.689838 -3.253809 -0.676126
 -2.187010 -2.352402 -1.630885 -0.516087
 -1.466952 -1.984467 -1.715413 -0.794008
 -1.321756 -1.832581 -1.427116 -1.098613
 -0.991845 -1.511144 -4.668097 -0.918642
 -1.834931 -1.927304 -0.660812 -1.723706
 -0.400999 -2.784294 -2.143204 -1.888503
 -1.235578 -1.849388 -1.883874 -0.916291
 -1.065137 -1.588384 -3.156992 -0.895238
 -1.490091 -1.697730 -1.554629 -0.966844
 -1.357818 -1.897578 -1.584980 -0.947020
 -1.321756 -1.832581 -1.427116 -1.098613
 -0.991845 -1.511144 -4.668097 -0.918642
 -1.834931 -1.927304 -0.660812 -1.723706
 -0.400999 -2.784294 -2.143204 -1.888503
 -1.235578 -1.849388 -1.883874 -0.916291
 -1.065137 -1.588384 -3.156992 -0.895238
 -1.490091 -1.697730 -1.554629 -0.966844
 -1.357818 -1.897578 -1.584980 -0.947020
 -1.056873 -2.223803 -1.376506 -1.231676
 -1.147884 -1.623966 -3.728082 -0.773191
 -0.538272 -2.169687 -2.215149 -1.645617
 -1.413693 -1.881678 -1.760317 -0.838330
 -2.476720 -2.721843 -2.271122 -0.291648
 -1.291984 -1.202753 -3.663549 -0.918124
 -1.915553 -1.805552 -1.487099 -0.771480
 -1.794929 -1.712691 -1.884541 -0.689988
 -1.056873 -2.223803 -1.376506 -1.231676
 -1.147884 -1.623966 -3.728082 -0.773191
 -0.538272 -2.169687 -2.215149 -1.645617
 -1.413693 -1.881678 -1.760317 -0.838330
 -2.476720 -2.721843 -2.271122 -0.291648
 -1.291984 -1.202753 -3.663549 -0.918124
 -1.915553 -1.805552 -1.487099 -0.771480
 -1.794929 -1.712691 -1.884541 -0.689988
 -15.365199 -15.365199 -15.365199 -0.000001
 -14.498610 -14.498610 -14.498610 -0.000002
 -14.910786 -14.910786 -14.910786 -0.000001
 -16.229637 -16.229637 -16.229637 -0.000000
 -15.053886 -15.053886 -15.053886 -0.000001
 -14.910786 -14.910786 -14.910786 -0.000001
 -14.392126 -14.392126 -14.392126 -0.000002
 -15.758560 -15.758560 -15.758560 -0.000000
 -15.365199 -15.365199 -15.365199 -0.000001
 -14.498610 -14.498610 -14.498610 -0.000002
 -14.910786 -14.910786 -14.910786 -0.000001
 -16.229637 -16.229637 -16.229637 -0.000000
 -15.053886 -15.053886 -15.053886 -0.000001
 -14.910786 -14.910786 -14.910786 -0.000001
 -14.392126 -14.392126 -14.392126 -0.000002
 -15.758560 -15.758560 -15.758560 -0.000000
 -1.386294 -1.386294 -1.386294 -1.386294
 -1.386294 -1.386294 -1.386294 -1.386294
 -1.386294 -1.386294 -1.386294 -1.386294
 -16.375061 -16.375061 -16.375061 -0.000000
 -1.386294 -1.386294 -1.386294 -1.386294
 -1.386294 -1.386294 -1.386294 -1.386294
 -1.386294 -1.386294 -1.386294 -1.386294
 -16.956640 -16.956640 -16.956640 -0.000000
 -1.386294 -1.386294 -1.386294 -1.386294
 -1.386294 -1.386294 -1.386294 -1.386294
 -1.386294 -1.386294 -1.386294 -1.386294
 -16.375061 -16.375061 -16.375061 -0.000000
 -1.386294 -1.386294 -1.386294 -1.386294
 -1.386294 -1.386294 -1.386294 -1.386294
 -1.386294 -1.386294 -1.386294 -1.386294
 -16.956640 -16.956640 -16.956640 -0.000000
 -1.386294 -1.386294 -1.386294 -1.386294
 -1.386294 -1.386294 -1.386294 -1.386294
 -1.386294 -1.386294 -1.386294 -1.386294
 -1.386294 -1.386294 -1.386294 -1.386294
 -1.386294 -1.386294 -1.386294 -1.386294
 -1.386294 -1.386294 -1.386294 -1.386294
 -1.386294 -1.386294 -1.386294 -1.386294
 -1.672683 -1.765485 -1.919366 -0.704302
 -1.386294 -1.386294 -1.386294 -1.386294
 -1.386294 -1.386294 -1.386294 -1.386294
 -1.386294 -1.386294 -1.386294 -1.386294
 -1.386294 -1.386294 -1.386294 -1.386294
 -1.386294 -1.386294 -1.386294 -1.386294
 -1.386294 -1.386294 -1.386294 -1.386294
 -1.386294 -1.386294 -1.386294 -1.386294
 -1.672683 -1.765485 -1.919366 -0.704302
 -1.386294 -1.386294 -1.386294 -1.386294
 -1.386294 -1.386294 -1.386294 -1.386294
 -1.386294 -1.386294 -1.386294 -1.386294
 -1.386294 -1.386294 -1.386294 -1.386294
 -15.728012 -15.728012 -15.728012 -0.000000
 -15.635210 -15.635210 -15.635210 -0.000000
 -15.481330 -15.481330 -15.481330 -0.000001
 -16.696394 -16.696394 -16.696394 -0.000000
 -1.386294 -1.386294 -1.386294 -1.386294
 -1.386294 -1.386294 -1.386294 -1.386294
 -1.386294 -1.386294 -1.386294 -1.386294
 -1.386294 -1.386294 -1.386294 -1.386294
 -15.728012 -15.728012 -15.728012 -0.000000
 -15.635210 -15.635210 -15.635210 -0.000000
 -15.481330 -15.481330 -15.481330 -0.000001
 -16.696394 -16.696394 -16.696394 -0.000000
 -1.386294 -1.386294 -1.386294 -1.386294
 -1.386294 -1.386294 -1.386294 -1.386294
 -1.386294 -1.386294 -1.386294 -1.386294
 -0.000000 -16.305405 -16.305405 -16.305405
 -1.386294 -1.386294 -1.386294 -1.386294
 -1.386294 -1.386294 -1.386294 -1.386294
 -1.386294 -1.386294 -1.386294 -1.386294
 0.000000 -16.993565 -16.993565 -16.993565
 -1.386294 -1.386294 -1.386294 -1.386294
 -1.386294 -1.386294 -1.386294 -1.386294
 -1.386294 -1.386294 -1.386294 -1.386294
 -0.000000 -16.305405 -16.305405 -16.305405
 -1.386294 -1.386294 -1.386294 -1.386294
 -1.386294 -1.386294 -1.386294 -1.386294
 -1.386294 -1.386294 -1.386294 -1.386294
 0.000000 -16.993565 -16.993565 -16.993565
 -1.386294 -1.386294 -1.386294 -1.386294
 -1.386294 -1.386294 -1.386294 -1.386294
 -1.386294 -1.386294 -1.386294 -1.386294
 -1.386294 -1.386294 -1.386294 -1.386294
 -17.400696 -17.400696 -0.000000 -17.400696
 -1.386294 -1.386294 -1.386294 -1.386294
 -1.386294 -1.386294 -1.386294 -1.386294
 -1.386294 -1.386294 -1.386294 -1.386294
 -1.386294 -1.386294 -1.386294 -1.386294
 -1.386294 -1.386294 -1.386294 -1.386294
 -1.386294 -1.386294 -1.386294 -1.386294
 -1.386294 -1.386294 -1.386294 -1.386294
 -17.400696 -17.400696 -0.000000 -17.400696
 -1.386294 -1.386294 -1.386294 -1.386294
 -1.386294 -1.386294 -1.386294 -1.386294
 -1.386294 -1.386294 -1.386294 -1.386294
 -1.386294 -1.386294 -1.386294 -1.386294
 -1.386294 -1.386294 -1.386294 -1.386294
 -1.412708 -2.002090 -1.550479 -0.893263
 -1.386294 -1.386294 -1.386294 -1.386294
 -1.386294 -1.386294 -1.386294 -1.386294
 -1.386294 -1.386294 -1.386294 -1.386294
 -1.386294 -1.386294 -1.386294 -1.386294
 -1.386294 -1.386294 -1.386294 -1.386294
 -1.386294 -1.386294 -1.386294 -1.386294
 -1.386294 -1.386294 -1.386294 -1.386294
 -1.412708 -2.002090 -1.550479 -0.893263
 -1.386294 -1.386294 -1.386294 -1.386294
 -1.386294 -1.386294 -1.386294 -1.386294
 -1.386294 -1.386294 -1.386294 -1.386294
 -1.386294 -1.386294 -1.386294 -1.386294
 -1.386294 -1.386294 -1.386294 -1.386294
 -1.175528 -2.006962 -1.228571 -1.330909
 -0.984258 -1.409141 -3.480208 -1.046601
 -1.458092 -1.264598 -1.663142 -1.219341
 -0.475984 -2.476809 -2.221917 -1.680320
 -1.386294 -1.386294 -1.386294 -1.386294
 -1.386294 -1.386294 -1.386294 -1.386294
 -1.386294 -1.386294 -1.386294 -1.386294
 -1.386294 -1.386294 -1.386294 -1.386294
 -1.175528 -2.006962 -1.228571 -1.330909
 -0.984258 -1.409141 -3.480208 -1.046601
 -1.458092 -1.264598 -1.663142 -1.219341
 -0.475984 -2.476809 -2.221917 -1.680320
 -1.386294 -1.386294 -1.386294 -1.386294
 -1.386294 -1.386294 -1.386294 -1.386294
 -1.386294 -1.386294 -1.386294 -1.386294
 -1.386294 -1.386294 -1.386294 -1.386294
 -0.953732 -1.996148 -1.553146 -1.319531
 -0.761285 -2.026950 -1.668006 -1.548461
 -0.803496 -2.104631 -1.705992 -1.391282
 -1.541902 -1.594270 -1.039273 -1.472909
 -2.257223 -2.739475 -0.326333 -2.214664
 -1.050411 -1.467710 -3.190468 -0.971273
 -1.501224 -2.120261 -0.975132 -1.272966
 -1.622982 -1.657667 -1.611682 -0.885384
 -0.953732 -1.996148 -1.553146 -1.319531
 -0.761285 -2.026950 -1.668006 -1.548461
 -0.803496 -2.104631 -1.705992 -1.391282
 -1.541902 -1.594270 -1.039273 -1.472909
 -2.257223 -2.739475 -0.326333 -2.214664
 -1.050411 -1.467710 -3.190468 -0.971273
 -1.501224 -2.120261 -0.975132 -1.272966
 -1.622982 -1.657667 -1.611682 -0.885384
