 -2.728602 0.000100 0.000100 0.000100
 -3.319015 0.000100 0.000100 0.000100
 -3.486069 0.000100 0.000100 0.000100
 -2.543552 0.000100 0.000100 0.000100
 -2.634784 0.000100 0.000100 0.000100
 -2.959976 0.000100 0.000100 0.000100
 -3.223167 0.000100 0.000100 0.000100
 -2.072187 0.000100 0.000100 0.000100
 -2.728602 0.000100 0.000100 0.000100
 -3.319015 0.000100 0.000100 0.000100
 -3.486069 0.000100 0.000100 0.000100
 -2.543552 0.000100 0.000100 0.000100
 -2.634784 0.000100 0.000100 0.000100
 -2.959976 0.000100 0.000100 0.000100
 -3.223167 0.000100 0.000100 0.000100
 -2.072187 0.000100 0.000100 0.000100
 -1.028964 -1.625967 -2.286323 -1.066352
 -1.345709 -1.345709 -3.743582 -0.786094
 -1.201645 -1.630639 -1.784789 -1.091644
 -1.383573 -2.191788 -1.498642 -0.881482
 -0.901476 -2.176543 -1.862886 -1.122783
 -1.269430 -1.378064 -3.879481 -0.806807
 -1.021055 -1.760010 -2.181222 -1.036093
 -1.589235 -1.694595 -1.888090 -0.774608
 -1.028964 -1.625967 -2.286323 -1.066352
 -1.345709 -1.345709 -3.743582 -0.786094
 -1.201645 -1.630639 -1.784789 -1.091644
 -1.383573 -2.191788 -1.498642 -0.881482
 -0.901476 -2.176543 -1.862886 -1.122783
 -1.269430 -1.378064 -3.879481 -0.806807
 -1.021055 -1.760010 -2.181222 -1.036093
 -1.589235 -1.694595 -1.888090 -0.774608
 -1.101433 -1.623622 -2.261198 -1.004584
 -1.055263 -1.730389 -3.116673 -0.843088
 -1.484734 -1.519825 -1.807506 -0.940008
 -1.698669 -1.749962 -1.423566 -0.910212
 -0.920932 -1.909542 -2.254381 -1.053356
 -1.476891 -1.303228 -3.745560 -0.741544
 -1.132514 -1.860751 -1.974079 -0.958851
 -1.622683 -1.709694 -1.746735 -0.804373
 -1.101433 -1.623622 -2.261198 -1.004584
 -1.055263 -1.730389 -3.116673 -0.843088
 -1.484734 -1.519825 -1.807506 -0.940008
 -1.698669 -1.749962 -1.423566 -0.910212
 -0.920932 -1.909542 -2.254381 -1.053356
 -1.476891 -1.303228 -3.745560 -0.741544
 -1.132514 -1.860751 -1.974079 -0.958851
 -1.622683 -1.709694 -1.746735 -0.804373
 -1.205971 -1.577034 -2.097568 -0.990860
 -1.287855 -1.632694 -3.367281 -0.704709
 -1.626679 -1.504077 -1.584119 -0.977985
 -1.359045 -1.979620 -1.497195 -0.964391
 -0.926583 -1.808971 -2.278973 -1.085053
 -1.568616 -1.313269 -3.378715 -0.716137
 -1.337023 -1.624705 -1.992429 -0.906241
 -1.541007 -1.800227 -1.614510 -0.863734
 -1.205971 -1.577034 -2.097568 -0.990860
 -1.287855 -1.632694 -3.367281 -0.704709
 -1.626679 -1.504077 -1.584119 -0.977985
 -1.359045 -1.979620 -1.497195 -0.964391
 -0.926583 -1.808971 -2.278973 -1.085053
 -1.568616 -1.313269 -3.378715 -0.716137
 -1.337023 -1.624705 -1.992429 -0.906241
 -1.541007 -1.800227 -1.614510 -0.863734
 -1.000495 -1.530188 -2.272124 -1.162464
 -1.466337 -1.397344 -2.719094 -0.785167
 -1.545924 -1.471816 -2.239067 -0.796689
 -1.442605 -1.999176 -1.518591 -0.893498
 -1.006968 -1.845826 -2.733126 -0.887304
 -1.704748 -1.406255 -3.453937 -0.613409
 -1.340624 -1.869467 -1.900239 -0.833377
 -1.674529 -1.729088 -1.767188 -0.767128
 -1.000495 -1.530188 -2.272124 -1.162464
 -1.466337 -1.397344 -2.719094 -0.785167
 -1.545924 -1.471816 -2.239067 -0.796689
 -1.442605 -1.999176 -1.518591 -0.893498
 -1.006968 -1.845826 -2.733126 -0.887304
 -1.704748 -1.406255 -3.453937 -0.613409
 -1.340624 -1.869467 -1.900239 -0.833377
 -1.674529 -1.729088 -1.767188 -0.767128
 -1.227038 -1.701496 -2.089260 -0.914664
 -1.252763 -1.501224 -2.967552 -0.820982
 -1.519825 -1.519825 -1.386294 -1.163152
 -1.670398 -1.775759 -1.628434 -0.806907
 -1.191100 -1.816805 -2.426569 -0.809166
 -1.437386 -1.453646 -3.955064 -0.674172
 -1.285972 -1.766943 -1.997466 -0.874465
 -1.773240 -1.773240 -1.710998 -0.734489
 -1.227038 -1.701496 -2.089260 -0.914664
 -1.252763 -1.501224 -2.967552 -0.820982
 -1.519825 -1.519825 -1.386294 -1.163152
 -1.670398 -1.775759 -1.628434 -0.806907
 -1.191100 -1.816805 -2.426569 -0.809166
 -1.437386 -1.453646 -3.955064 -0.674172
 -1.285972 -1.766943 -1.997466 -0.874465
 -1.773240 -1.773240 -1.710998 -0.734489
 -1.134980 -1.768228 -2.484904 -0.856601
 -1.295046 -1.472727 -3.110324 -0.793567
 -1.517322 -1.478102 -1.791758 -0.952010
 -1.460827 -1.959818 -1.780770 -0.779657
 -1.278874 -1.802122 -2.176814 -0.813511
 -1.693779 -1.528264 -3.659879 -0.555947
 -1.421386 -1.675619 -1.786844 -0.906487
 -2.017098 -1.622683 -1.740466 -0.704912
 -1.134980 -1.768228 -2.484904 -0.856601
 -1.295046 -1.472727 -3.110324 -0.793567
 -1.517322 -1.478102 -1.791758 -0.952010
 -1.460827 -1.959818 -1.780770 -0.779657
 -1.278874 -1.802122 -2.176814 -0.813511
 -1.693779 -1.528264 -3.659879 -0.555947
 -1.421386 -1.675619 -1.786844 -0.906487
 -2.017098 -1.622683 -1.740466 -0.704912
 -1.173373 -1.512588 -2.519389 -0.942044
 -1.151605 -1.214784 -3.433970 -1.036093
 -1.494775 -1.581786 -1.628305 -0.983951
 -1.921352 -1.979620 -1.380785 -0.767681
 -1.386294 -1.620695 -2.546461 -0.746801
 -1.631021 -1.527481 -3.692432 -0.575760
 -1.776491 -1.746638 -1.717651 -0.740401
 -2.117076 -1.563975 -1.930974 -0.643771
 -1.173373 -1.512588 -2.519389 -0.942044
 -1.151605 -1.214784 -3.433970 -1.036093
 -1.494775 -1.581786 -1.628305 -0.983951
 -1.921352 -1.979620 -1.380785 -0.767681
 -1.386294 -1.620695 -2.546461 -0.746801
 -1.631021 -1.527481 -3.692432 -0.575760
 -1.776491 -1.746638 -1.717651 -0.740401
 -2.117076 -1.563975 -1.930974 -0.643771
 -1.049098 -1.594324 -2.644141 -0.979139
 -1.367832 -1.555043 -3.001953 -0.724697
 -1.519825 -1.519825 -2.166448 -0.803150
 -1.803188 -1.856297 -1.736496 -0.687482
 -1.440815 -1.672616 -2.456733 -0.713767
 -1.766280 -1.259236 -3.657120 -0.655169
 -2.084236 -1.704747 -2.164278 -0.546545
 -2.209058 -1.558471 -1.727221 -0.689234
 -1.049098 -1.594324 -2.644141 -0.979139
 -1.367832 -1.555043 -3.001953 -0.724697
 -1.519825 -1.519825 -2.166448 -0.803150
 -1.803188 -1.856297 -1.736496 -0.687482
 -1.440815 -1.672616 -2.456733 -0.713767
 -1.766280 -1.259236 -3.657120 -0.655169
 -2.084236 -1.704747 -2.164278 -0.546545
 -2.209058 -1.558471 -1.727221 -0.689234
 -1.207812 -1.495493 -2.386463 -0.954363
 -1.393215 -1.575536 -3.878091 -0.646002
 -1.304057 -1.683544 -1.683544 -1.029621
 -1.617853 -1.820089 -1.603867 -0.824288
 -1.420780 -1.635190 -2.824769 -0.684709
 -1.891219 -1.453598 -3.425143 -0.539843
 -1.728389 -1.755057 -2.421534 -0.578485
 -2.277892 -1.542948 -1.832581 -0.646741
 -1.207812 -1.495493 -2.386463 -0.954363
 -1.393215 -1.575536 -3.878091 -0.646002
 -1.304057 -1.683544 -1.683544 -1.029621
 -1.617853 -1.820089 -1.603867 -0.824288
 -1.420780 -1.635190 -2.824769 -0.684709
 -1.891219 -1.453598 -3.425143 -0.539843
 -1.728389 -1.755057 -2.421534 -0.578485
 -2.277892 -1.542948 -1.832581 -0.646741
 -1.448426 -1.615480 -3.032536 -0.657642
 -1.727220 -1.439539 -2.825824 -0.642596
 -2.181216 -1.642226 -2.047687 -0.571790
 -1.831826 -1.951970 -1.568012 -0.714523
 -1.455287 -1.696449 -3.283405 -0.605443
 -1.911022 -1.269169 -3.625811 -0.608111
 -1.869467 -1.728389 -1.998679 -0.629779
 -2.374610 -1.626065 -1.795299 -0.608495
 -1.448426 -1.615480 -3.032536 -0.657642
 -1.727220 -1.439539 -2.825824 -0.642596
 -2.181216 -1.642226 -2.047687 -0.571790
 -1.831826 -1.951970 -1.568012 -0.714523
 -1.455287 -1.696449 -3.283405 -0.605443
 -1.911022 -1.269169 -3.625811 -0.608111
 -1.869467 -1.728389 -1.998679 -0.629779
 -2.374610 -1.626065 -1.795299 -0.608495
 -1.076634 -1.727220 -2.197221 -0.993253
 -1.899746 -1.155308 -2.646955 -0.766651
 -1.686396 -1.791756 -1.349927 -0.944464
 -1.932341 -1.877281 -1.712978 -0.650361
 -1.499235 -1.415853 -3.248424 -0.702904
 -2.047692 -1.354546 -3.752429 -0.528578
 -2.380424 -1.640760 -1.814031 -0.596637
 -2.396757 -1.637121 -1.950471 -0.558195
 -1.076634 -1.727220 -2.197221 -0.993253
 -1.899746 -1.155308 -2.646955 -0.766651
 -1.686396 -1.791756 -1.349927 -0.944464
 -1.932341 -1.877281 -1.712978 -0.650361
 -1.499235 -1.415853 -3.248424 -0.702904
 -2.047692 -1.354546 -3.752429 -0.528578
 -2.380424 -1.640760 -1.814031 -0.596637
 -2.396757 -1.637121 -1.950471 -0.558195
 -0.962038 -1.921810 -3.713542 -0.804853
 -1.625310 -1.317827 -4.844090 -0.639496
 -2.001475 -1.413693 -1.259543 -1.085191
 -2.295894 -1.726801 -1.708109 -0.615690
 -1.386294 -1.614552 -3.891797 -0.633725
 -2.261198 -1.237389 -3.164062 -0.573801
 -2.079440 -1.599868 -2.159482 -0.583949
 -2.285952 -1.597973 -2.056642 -0.565398
 -0.962038 -1.921810 -3.713542 -0.804853
 -1.625310 -1.317827 -4.844090 -0.639496
 -2.001475 -1.413693 -1.259543 -1.085191
 -2.295894 -1.726801 -1.708109 -0.615690
 -1.386294 -1.614552 -3.891797 -0.633725
 -2.261198 -1.237389 -3.164062 -0.573801
 -2.079440 -1.599868 -2.159482 -0.583949
 -2.285952 -1.597973 -2.056642 -0.565398
 -0.970780 -2.110210 -2.936881 -0.805266
 -1.817733 -1.265667 -4.762077 -0.603293
 -2.564932 -2.005327 -1.312187 -0.655411
 -2.092863 -2.014902 -1.592908 -0.616187
 -1.130874 -1.807759 -4.143104 -0.698453
 -2.186834 -1.383687 -3.645441 -0.492715
 -2.313053 -1.731134 -2.038618 -0.521298
 -2.232905 -1.802122 -2.002098 -0.522926
 -0.970780 -2.110210 -2.936881 -0.805266
 -1.817733 -1.265667 -4.762077 -0.603293
 -2.564932 -2.005327 -1.312187 -0.655411
 -2.092863 -2.014902 -1.592908 -0.616187
 -1.130874 -1.807759 -4.143104 -0.698453
 -2.186834 -1.383687 -3.645441 -0.492715
 -2.313053 -1.731134 -2.038618 -0.521298
 -2.232905 -1.802122 -2.002098 -0.522926
 -0.455190 -1.069199 -3.799197 -14.108183
 -0.839753 -0.627192 -3.378696 -13.687682
 -1.001451 -0.847301 -1.589233 -13.102169
 -1.572706 -0.887790 -0.965081 -14.893922
 -0.594708 -0.835870 -4.214562 -14.523548
 -1.051126 -0.492754 -3.231102 -15.006399
 -1.305873 -0.780607 -1.305873 -14.523548
 -1.585570 -0.739621 -1.146099 -16.152498
 -0.455190 -1.069199 -3.799197 -14.108183
 -0.839753 -0.627192 -3.378696 -13.687682
 -1.001451 -0.847301 -1.589233 -13.102169
 -1.572706 -0.887790 -0.965081 -14.893922
 -0.594708 -0.835870 -4.214562 -14.523548
 -1.051126 -0.492754 -3.231102 -15.006399
 -1.305873 -0.780607 -1.305873 -14.523548
 -1.585570 -0.739621 -1.146099 -16.152498
 -1.378914 -1.909541 -14.808764 -0.510827
 -2.255330 -1.524444 -3.433976 -0.438256
 -2.470909 -1.697728 -1.697728 -0.599121
 -1.386294 -1.386294 -1.386294 -1.386294
 -1.659990 -2.047105 -6.054340 -0.388013
 -2.429681 -1.573029 -3.669368 -0.387095
 -1.997548 -1.647346 -2.792476 -0.493472
 -1.386294 -1.386294 -1.386294 -1.386294
 -1.378914 -1.909541 -14.808764 -0.510827
 -2.255330 -1.524444 -3.433976 -0.438256
 -2.470909 -1.697728 -1.697728 -0.599121
 -1.386294 -1.386294 -1.386294 -1.386294
 -1.659990 -2.047105 -6.054340 -0.388013
 -2.429681 -1.573029 -3.669368 -0.387095
 -1.997548 -1.647346 -2.792476 -0.493472
 -1.386294 -1.386294 -1.386294 -1.386294
 -1.190243 -1.796378 -14.590240 -0.634966
 -1.876916 -1.270782 -3.486341 -0.624155
 -1.791755 -1.172722 -1.658225 -1.098615
 -2.049971 -1.689264 -1.614653 -0.718165
 -1.629239 -1.406097 -13.835317 -0.581924
 -2.049839 -1.246346 -4.064721 -0.568238
 -1.791753 -2.014891 -2.014891 -0.567992
 -2.537187 -1.383617 -1.571300 -0.771181
 -1.190243 -1.796378 -14.590240 -0.634966
 -1.876916 -1.270782 -3.486341 -0.624155
 -1.791755 -1.172722 -1.658225 -1.098615
 -2.049971 -1.689264 -1.614653 -0.718165
 -1.629239 -1.406097 -13.835317 -0.581924
 -2.049839 -1.246346 -4.064721 -0.568238
 -1.791753 -2.014891 -2.014891 -0.567992
 -2.537187 -1.383617 -1.571300 -0.771181
 -1.449473 -1.449473 -13.795312 -0.633726
 -1.584119 -1.412270 -3.663517 -0.643139
 -1.386294 -1.791743 -1.098621 -1.386294
 -1.879218 -1.786844 -1.847469 -0.649768
 -1.858133 -1.472472 -14.594837 -0.486656
 -2.033929 -1.332344 -4.165544 -0.527972
 -2.048478 -1.933409 -2.360852 -0.458747
 -2.163322 -1.585689 -2.076311 -0.589042
 -1.449473 -1.449473 -13.795312 -0.633726
 -1.584119 -1.412270 -3.663517 -0.643139
 -1.386294 -1.791743 -1.098621 -1.386294
 -1.879218 -1.786844 -1.847469 -0.649768
 -1.858133 -1.472472 -14.594837 -0.486656
 -2.033929 -1.332344 -4.165544 -0.527972
 -2.048478 -1.933409 -2.360852 -0.458747
 -2.163322 -1.585689 -2.076311 -0.589042
 -1.213924 -1.570597 -13.825465 -0.703099
 -1.299283 -1.361803 -3.186336 -0.844548
 -2.833175 -1.223777 -2.140053 -0.635995
 -2.034320 -1.523495 -1.791759 -0.724400
 -1.546637 -1.661706 -14.585621 -0.515467
 -1.996059 -1.163151 -3.510180 -0.650588
 -1.862527 -1.714108 -2.036880 -0.627058
 -1.990313 -1.173372 -1.852914 -0.923200
 -1.213924 -1.570597 -13.825465 -0.703099
 -1.299283 -1.361803 -3.186336 -0.844548
 -2.833175 -1.223777 -2.140053 -0.635995
 -2.034320 -1.523495 -1.791759 -0.724400
 -1.546637 -1.661706 -14.585621 -0.515467
 -1.996059 -1.163151 -3.510180 -0.650588
 -1.862527 -1.714108 -2.036880 -0.627058
 -1.990313 -1.173372 -1.852914 -0.923200
 -13.845074 -13.845074 -13.845074 -0.000003
 -13.825465 -13.825465 -13.825465 -0.000003
 -12.429233 -12.429233 -12.429233 -0.000012
 -14.855788 -14.855788 -14.855788 -0.000001
 -14.782495 -14.782495 -14.782495 -0.000001
 -15.469923 -15.469923 -15.469923 -0.000001
 -14.644064 -14.644064 -14.644064 -0.000001
 -15.904903 -15.904903 -15.904903 -0.000000
 -13.845074 -13.845074 -13.845074 -0.000003
 -13.825465 -13.825465 -13.825465 -0.000003
 -12.429233 -12.429233 -12.429233 -0.000012
 -14.855788 -14.855788 -14.855788 -0.000001
 -14.782495 -14.782495 -14.782495 -0.000001
 -15.469923 -15.469923 -15.469923 -0.000001
 -14.644064 -14.644064 -14.644064 -0.000001
 -15.904903 -15.904903 -15.904903 -0.000000
 -1.386294 -1.386294 -1.386294 -1.386294
 -1.386294 -1.386294 -1.386294 -1.386294
 -1.386294 -1.386294 -1.386294 -1.386294
 -15.640060 -15.640060 -15.640060 -0.000000
 -1.386294 -1.386294 -1.386294 -1.386294
 -1.386294 -1.386294 -1.386294 -1.386294
 -1.386294 -1.386294 -1.386294 -1.386294
 -16.657509 -16.657509 -16.657509 -0.000000
 -1.386294 -1.386294 -1.386294 -1.386294
 -1.386294 -1.386294 -1.386294 -1.386294
 -1.386294 -1.386294 -1.386294 -1.386294
 -15.640060 -15.640060 -15.640060 -0.000000
 -1.386294 -1.386294 -1.386294 -1.386294
 -1.386294 -1.386294 -1.386294 -1.386294
 -1.386294 -1.386294 -1.386294 -1.386294
 -16.657509 -16.657509 -16.657509 -0.000000
 -1.386294 -1.386294 -1.386294 -1.386294
 -1.386294 -1.386294 -1.386294 -1.386294
 -1.386294 -1.386294 -1.386294 -1.386294
 -1.386294 -1.386294 -1.386294 -1.386294
 -1.386294 -1.386294 -1.386294 -1.386294
 -1.386294 -1.386294 -1.386294 -1.386294
 -1.386294 -1.386294 -1.386294 -1.386294
 -1.947625 -1.347238 -1.687342 -0.885714
 -1.386294 -1.386294 -1.386294 -1.386294
 -1.386294 -1.386294 -1.386294 -1.386294
 -1.386294 -1.386294 -1.386294 -1.386294
 -1.386294 -1.386294 -1.386294 -1.386294
 -1.386294 -1.386294 -1.386294 -1.386294
 -1.386294 -1.386294 -1.386294 -1.386294
 -1.386294 -1.386294 -1.386294 -1.386294
 -1.947625 -1.347238 -1.687342 -0.885714
 -1.386294 -1.386294 -1.386294 -1.386294
 -1.386294 -1.386294 -1.386294 -1.386294
 -1.386294 -1.386294 -1.386294 -1.386294
 -1.386294 -1.386294 -1.386294 -1.386294
 -15.018484 -15.018484 -15.018484 -0.000001
 -15.618870 -15.618870 -15.618870 -0.000001
 -15.278767 -15.278767 -15.278767 -0.000001
 -16.080395 -16.080395 -16.080395 -0.000000
 -1.386294 -1.386294 -1.386294 -1.386294
 -1.386294 -1.386294 -1.386294 -1.386294
 -1.386294 -1.386294 -1.386294 -1.386294
 -1.386294 -1.386294 -1.386294 -1.386294
 -15.018484 -15.018484 -15.018484 -0.000001
 -15.618870 -15.618870 -15.618870 -0.000001
 -15.278767 -15.278767 -15.278767 -0.000001
 -16.080395 -16.080395 -16.080395 -0.000000
 -1.386294 -1.386294 -1.386294 -1.386294
 -1.386294 -1.386294 -1.386294 -1.386294
 -1.386294 -1.386294 -1.386294 -1.386294
 -0.000000 -15.850217 -15.850217 -15.850217
 -1.386294 -1.386294 -1.386294 -1.386294
 -1.386294 -1.386294 -1.386294 -1.386294
 -1.386294 -1.386294 -1.386294 -1.386294
 -0.000000 -16.569172 -16.569172 -16.569172
 -1.386294 -1.386294 -1.386294 -1.386294
 -1.386294 -1.386294 -1.386294 -1.386294
 -1.386294 -1.386294 -1.386294 -1.386294
 -0.000000 -15.850217 -15.850217 -15.850217
 -1.386294 -1.386294 -1.386294 -1.386294
 -1.386294 -1.386294 -1.386294 -1.386294
 -1.386294 -1.386294 -1.386294 -1.386294
 -0.000000 -16.569172 -16.569172 -16.569172
 -1.386294 -1.386294 -1.386294 -1.386294
 -1.386294 -1.386294 -1.386294 -1.386294
 -1.386294 -1.386294 -1.386294 -1.386294
 -1.386294 -1.386294 -1.386294 -1.386294
 -16.966108 -16.966108 -0.000000 -16.966108
 -1.386294 -1.386294 -1.386294 -1.386294
 -1.386294 -1.386294 -1.386294 -1.386294
 -1.386294 -1.386294 -1.386294 -1.386294
 -1.386294 -1.386294 -1.386294 -1.386294
 -1.386294 -1.386294 -1.386294 -1.386294
 -1.386294 -1.386294 -1.386294 -1.386294
 -1.386294 -1.386294 -1.386294 -1.386294
 -16.966108 -16.966108 -0.000000 -16.966108
 -1.386294 -1.386294 -1.386294 -1.386294
 -1.386294 -1.386294 -1.386294 -1.386294
 -1.386294 -1.386294 -1.386294 -1.386294
 -1.386294 -1.386294 -1.386294 -1.386294
 -1.386294 -1.386294 -1.386294 -1.386294
 -1.370573 -2.062035 -0.675741 -2.206691
 -1.386294 -1.386294 -1.386294 -1.386294
 -1.386294 -1.386294 -1.386294 -1.386294
 -1.386294 -1.386294 -1.386294 -1.386294
 -1.386294 -1.386294 -1.386294 -1.386294
 -1.386294 -1.386294 -1.386294 -1.386294
 -1.386294 -1.386294 -1.386294 -1.386294
 -1.386294 -1.386294 -1.386294 -1.386294
 -1.370573 -2.062035 -0.675741 -2.206691
 -1.386294 -1.386294 -1.386294 -1.386294
 -1.386294 -1.386294 -1.386294 -1.386294
 -1.386294 -1.386294 -1.386294 -1.386294
 -1.386294 -1.386294 -1.386294 -1.386294
 -1.386294 -1.386294 -1.386294 -1.386294
 -1.408461 -1.852594 -1.800227 -0.836119
 -1.299283 -1.362999 -3.054669 -0.857451
 -1.155771 -1.771759 -1.992430 -0.970779
 -2.022714 -1.578784 -1.374689 -0.895116
 -1.386294 -1.386294 -1.386294 -1.386294
 -1.386294 -1.386294 -1.386294 -1.386294
 -1.386294 -1.386294 -1.386294 -1.386294
 -1.386294 -1.386294 -1.386294 -1.386294
 -1.408461 -1.852594 -1.800227 -0.836119
 -1.299283 -1.362999 -3.054669 -0.857451
 -1.155771 -1.771759 -1.992430 -0.970779
 -2.022714 -1.578784 -1.374689 -0.895116
 -1.386294 -1.386294 -1.386294 -1.386294
 -1.386294 -1.386294 -1.386294 -1.386294
 -1.386294 -1.386294 -1.386294 -1.386294
 -1.386294 -1.386294 -1.386294 -1.386294
 -1.026157 -1.698027 -1.524516 -1.423590
 -1.033015 -1.467468 -2.642450 -1.071855
 -1.129865 -1.483144 -1.571697 -1.417547
 -1.498436 -1.701218 -1.242911 -1.185752
 -1.007264 -1.279197 -2.953159 -1.189585
 -1.458615 -1.196251 -2.780361 -0.908570
 -1.111353 -1.278406 -1.373716 -1.971549
 -1.804831 -1.381975 -1.138353 -1.331544
 -1.026157 -1.698027 -1.524516 -1.423590
 -1.033015 -1.467468 -2.642450 -1.071855
 -1.129865 -1.483144 -1.571697 -1.417547
 -1.498436 -1.701218 -1.242911 -1.185752
 -1.007264 -1.279197 -2.953159 -1.189585
 -1.458615 -1.196251 -2.780361 -0.908570
 -1.111353 -1.278406 -1.373716 -1.971549
 -1.804831 -1.381975 -1.138353 -1.331544
 -2.676485 0.000100 0.000100 0.000100
 -3.174609 0.000100 0.000100 0.000100
 -2.825732 0.000100 0.000100 0.000100
 -2.709472 0.000100 0.000100 0.000100
 -2.724833 0.000100 0.000100 0.000100
 -2.832605 0.000100 0.000100 0.000100
 -3.032318 0.000100 0.000100 0.000100
 -2.397692 0.000100 0.000100 0.000100
 -2.676485 0.000100 0.000100 0.000100
 -3.174609 0.000100 0.000100 0.000100
 -2.825732 0.000100 0.000100 0.000100
 -2.709472 0.000100 0.000100 0.000100
 -2.724833 0.000100 0.000100 0.000100
 -2.832605 0.000100 0.000100 0.000100
 -3.032318 0.000100 0.000100 0.000100
 -2.397692 0.000100 0.000100 0.000100
 -1.021979 -1.855708 -1.488709 -1.354361
 -1.176836 -1.329676 -2.842966 -0.997143
 -1.240002 -1.633702 -1.428259 -1.288497
 -1.298775 -1.964372 -1.423566 -1.061211
 -1.306014 -1.797970 -1.283414 -1.250444
 -1.069723 -1.319603 -2.995729 -1.079825
 -1.375823 -1.578347 -1.444816 -1.186581
 -1.627456 -1.780660 -1.300772 -1.014115
 -1.021979 -1.855708 -1.488709 -1.354361
 -1.176836 -1.329676 -2.842966 -0.997143
 -1.240002 -1.633702 -1.428259 -1.288497
 -1.298775 -1.964372 -1.423566 -1.061211
 -1.306014 -1.797970 -1.283414 -1.250444
 -1.069723 -1.319603 -2.995729 -1.079825
 -1.375823 -1.578347 -1.444816 -1.186581
 -1.627456 -1.780660 -1.300772 -1.014115
 -1.001763 -1.908483 -1.538563 -1.310171
 -1.034810 -1.264597 -3.161713 -1.139434
 -1.199417 -1.494704 -1.393167 -1.487099
 -1.407539 -1.847329 -1.330806 -1.098612
 -1.381899 -1.656028 -1.210356 -1.347413
 -1.104547 -1.368699 -2.896304 -1.024505
 -1.438166 -1.738270 -1.143564 -1.316276
 -1.577759 -1.616119 -1.456398 -1.016608
 -1.001763 -1.908483 -1.538563 -1.310171
 -1.034810 -1.264597 -3.161713 -1.139434
 -1.199417 -1.494704 -1.393167 -1.487099
 -1.407539 -1.847329 -1.330806 -1.098612
 -1.381899 -1.656028 -1.210356 -1.347413
 -1.104547 -1.368699 -2.896304 -1.024505
 -1.438166 -1.738270 -1.143564 -1.316276
 -1.577759 -1.616119 -1.456398 -1.016608
 -0.977571 -1.871802 -1.541844 -1.362796
 -1.217517 -1.240507 -2.881440 -1.025145
 -1.304464 -1.339352 -1.478818 -1.432298
 -1.409060 -1.858229 -1.612658 -0.915487
 -1.252015 -1.831459 -1.380324 -1.196021
 -1.351268 -1.228665 -3.020422 -0.917230
 -1.546637 -1.602517 -1.280934 -1.178077
 -1.628086 -1.720460 -1.475618 -0.926155
 -0.977571 -1.871802 -1.541844 -1.362796
 -1.217517 -1.240507 -2.881440 -1.025145
 -1.304464 -1.339352 -1.478818 -1.432298
 -1.409060 -1.858229 -1.612658 -0.915487
 -1.252015 -1.831459 -1.380324 -1.196021
 -1.351268 -1.228665 -3.020422 -0.917230
 -1.546637 -1.602517 -1.280934 -1.178077
 -1.628086 -1.720460 -1.475618 -0.926155
 -0.950572 -1.963953 -1.513753 -1.373991
 -1.224622 -1.379972 -3.268719 -0.875892
 -1.200577 -1.649339 -1.326871 -1.420900
 -1.392264 -1.748084 -1.380360 -1.121187
 -1.265513 -1.872647 -1.485667 -1.085189
 -1.060252 -1.380723 -2.759635 -1.081992
 -1.444242 -1.731923 -1.564869 -0.972819
 -1.487633 -1.707342 -1.554008 -0.964045
 -0.950572 -1.963953 -1.513753 -1.373991
 -1.224622 -1.379972 -3.268719 -0.875892
 -1.200577 -1.649339 -1.326871 -1.420900
 -1.392264 -1.748084 -1.380360 -1.121187
 -1.265513 -1.872647 -1.485667 -1.085189
 -1.060252 -1.380723 -2.759635 -1.081992
 -1.444242 -1.731923 -1.564869 -0.972819
 -1.487633 -1.707342 -1.554008 -0.964045
 -1.127064 -1.896652 -1.433683 -1.246472
 -1.173962 -1.323774 -2.974451 -0.984420
 -1.212851 -1.541708 -1.363822 -1.456912
 -1.271682 -1.784291 -1.459365 -1.141498
 -1.394781 -1.588531 -1.581658 -1.072204
 -1.227445 -1.325885 -3.167121 -0.918124
 -1.324701 -1.708283 -1.369958 -1.207902
 -1.422125 -1.719872 -1.461518 -1.056053
 -1.127064 -1.896652 -1.433683 -1.246472
 -1.173962 -1.323774 -2.974451 -0.984420
 -1.212851 -1.541708 -1.363822 -1.456912
 -1.271682 -1.784291 -1.459365 -1.141498
 -1.394781 -1.588531 -1.581658 -1.072204
 -1.227445 -1.325885 -3.167121 -0.918124
 -1.324701 -1.708283 -1.369958 -1.207902
 -1.422125 -1.719872 -1.461518 -1.056053
 -1.070934 -1.985071 -1.405684 -1.291925
 -1.193470 -1.496190 -2.690110 -0.903924
 -1.100403 -1.625669 -1.530359 -1.370322
 -1.366436 -1.943048 -1.454469 -0.999143
 -1.022451 -1.958944 -1.581067 -1.225792
 -1.106203 -1.351008 -3.052109 -1.013493
 -1.417660 -1.611816 -1.297701 -1.255141
 -1.495833 -1.896384 -1.486029 -0.917395
 -1.070934 -1.985071 -1.405684 -1.291925
 -1.193470 -1.496190 -2.690110 -0.903924
 -1.100403 -1.625669 -1.530359 -1.370322
 -1.366436 -1.943048 -1.454469 -0.999143
 -1.022451 -1.958944 -1.581067 -1.225792
 -1.106203 -1.351008 -3.052109 -1.013493
 -1.417660 -1.611816 -1.297701 -1.255141
 -1.495833 -1.896384 -1.486029 -0.917395
 -1.022373 -2.251941 -1.697630 -1.044272
 -0.969637 -1.558794 -2.862197 -1.040589
 -1.194840 -1.715818 -1.380805 -1.324052
 -1.380178 -1.936749 -1.417449 -1.016213
 -1.180105 -1.740901 -1.684661 -1.102970
 -1.088075 -1.456499 -2.861139 -0.986495
 -1.393412 -1.462405 -1.452252 -1.251582
 -1.589437 -1.756041 -1.541119 -0.893818
 -1.022373 -2.251941 -1.697630 -1.044272
 -0.969637 -1.558794 -2.862197 -1.040589
 -1.194840 -1.715818 -1.380805 -1.324052
 -1.380178 -1.936749 -1.417449 -1.016213
 -1.180105 -1.740901 -1.684661 -1.102970
 -1.088075 -1.456499 -2.861139 -0.986495
 -1.393412 -1.462405 -1.452252 -1.251582
 -1.589437 -1.756041 -1.541119 -0.893818
 -1.071320 -1.968562 -1.461518 -1.252105
 -1.276922 -1.250254 -2.895406 -0.969173
 -1.059773 -1.855110 -1.462384 -1.326719
 -1.459399 -2.076833 -1.470698 -0.885440
 -1.283023 -1.738084 -1.402824 -1.200502
 -1.111858 -1.568616 -3.557537 -0.834226
 -1.560534 -1.538061 -1.242080 -1.250379
 -1.517281 -1.677831 -1.617868 -0.927370
 -1.071320 -1.968562 -1.461518 -1.252105
 -1.276922 -1.250254 -2.895406 -0.969173
 -1.059773 -1.855110 -1.462384 -1.326719
 -1.459399 -2.076833 -1.470698 -0.885440
 -1.283023 -1.738084 -1.402824 -1.200502
 -1.111858 -1.568616 -3.557537 -0.834226
 -1.560534 -1.538061 -1.242080 -1.250379
 -1.517281 -1.677831 -1.617868 -0.927370
 -0.950728 -2.075219 -1.482451 -1.343500
 -1.106275 -1.310371 -2.606511 -1.121780
 -1.249315 -1.697863 -1.298707 -1.357356
 -1.436571 -1.867354 -1.474793 -0.970482
 -1.221617 -1.773410 -1.380141 -1.258955
 -1.169381 -1.335829 -3.044519 -0.970531
 -1.272966 -1.673976 -1.347074 -1.300117
 -1.606563 -1.592311 -1.640629 -0.911026
 -0.950728 -2.075219 -1.482451 -1.343500
 -1.106275 -1.310371 -2.606511 -1.121780
 -1.249315 -1.697863 -1.298707 -1.357356
 -1.436571 -1.867354 -1.474793 -0.970482
 -1.221617 -1.773410 -1.380141 -1.258955
 -1.169381 -1.335829 -3.044519 -0.970531
 -1.272966 -1.673976 -1.347074 -1.300117
 -1.606563 -1.592311 -1.640629 -0.911026
 -1.027200 -2.078096 -1.390340 -1.317391
 -1.111858 -1.396876 -3.049795 -0.977327
 -1.026212 -1.602635 -1.619729 -1.417493
 -1.550597 -1.815973 -1.457340 -0.935615
 -1.197318 -1.784084 -1.419187 -1.244324
 -1.126315 -1.456068 -2.975891 -0.937461
 -1.467972 -1.836879 -1.426300 -0.993988
 -1.677706 -1.727856 -1.750978 -0.772344
 -1.027200 -2.078096 -1.390340 -1.317391
 -1.111858 -1.396876 -3.049795 -0.977327
 -1.026212 -1.602635 -1.619729 -1.417493
 -1.550597 -1.815973 -1.457340 -0.935615
 -1.197318 -1.784084 -1.419187 -1.244324
 -1.126315 -1.456068 -2.975891 -0.937461
 -1.467972 -1.836879 -1.426300 -0.993988
 -1.677706 -1.727856 -1.750978 -0.772344
 -1.020781 -1.940701 -1.337877 -1.453796
 -0.983430 -1.442384 -3.245188 -1.047969
 -1.116762 -1.647939 -1.516747 -1.344035
 -1.464375 -1.758447 -1.378958 -1.065300
 -1.214784 -1.844752 -1.577689 -1.082612
 -0.960333 -1.376324 -3.121560 -1.137432
 -1.383543 -1.887069 -1.221574 -1.193923
 -1.661775 -1.806025 -1.739334 -0.754480
 -1.020781 -1.940701 -1.337877 -1.453796
 -0.983430 -1.442384 -3.245188 -1.047969
 -1.116762 -1.647939 -1.516747 -1.344035
 -1.464375 -1.758447 -1.378958 -1.065300
 -1.214784 -1.844752 -1.577689 -1.082612
 -0.960333 -1.376324 -3.121560 -1.137432
 -1.383543 -1.887069 -1.221574 -1.193923
 -1.661775 -1.806025 -1.739334 -0.754480
 -0.980375 -1.962416 -1.324146 -1.521972
 -0.923071 -1.470852 -3.080285 -1.117713
 -1.354546 -1.472329 -1.230609 -1.512174
 -1.477266 -1.705525 -1.490965 -1.008113
 -1.283535 -1.804831 -1.218020 -1.337023
 -1.167887 -1.340132 -3.052424 -0.967791
 -1.341622 -1.771658 -1.285003 -1.231419
 -1.513862 -1.890972 -1.393134 -0.965690
 -0.980375 -1.962416 -1.324146 -1.521972
 -0.923071 -1.470852 -3.080285 -1.117713
 -1.354546 -1.472329 -1.230609 -1.512174
 -1.477266 -1.705525 -1.490965 -1.008113
 -1.283535 -1.804831 -1.218020 -1.337023
 -1.167887 -1.340132 -3.052424 -0.967791
 -1.341622 -1.771658 -1.285003 -1.231419
 -1.513862 -1.890972 -1.393134 -0.965690
 -0.972461 -2.038283 -1.483287 -1.329136
 -1.003744 -1.758343 -3.025287 -0.885225
 -1.182382 -1.575784 -1.374460 -1.454013
 -1.263162 -1.874391 -1.393215 -1.153542
 -1.272123 -1.944436 -1.304212 -1.186429
 -1.106809 -1.484875 -3.198669 -0.911202
 -1.524697 -1.961910 -1.473924 -0.885039
 -1.456808 -1.869146 -1.593606 -0.892637
 -0.972461 -2.038283 -1.483287 -1.329136
 -1.003744 -1.758343 -3.025287 -0.885225
 -1.182382 -1.575784 -1.374460 -1.454013
 -1.263162 -1.874391 -1.393215 -1.153542
 -1.272123 -1.944436 -1.304212 -1.186429
 -1.106809 -1.484875 -3.198669 -0.911202
 -1.524697 -1.961910 -1.473924 -0.885039
 -1.456808 -1.869146 -1.593606 -0.892637
 -0.685304 -1.715965 -1.151150 -15.846288
 -0.640832 -0.958073 -2.413357 -15.179049
 -0.868041 -1.331119 -1.151870 -15.635210
 -0.889444 -1.506120 -1.001449 -15.810211
 -1.031921 -1.380564 -0.935878 -15.755691
 -0.655407 -0.865900 -2.811806 -15.241027
 -1.156242 -1.292197 -0.889974 -15.137267
 -1.072226 -1.212925 -1.020464 -16.050888
 -0.685304 -1.715965 -1.151150 -15.846288
 -0.640832 -0.958073 -2.413357 -15.179049
 -0.868041 -1.331119 -1.151870 -15.635210
 -0.889444 -1.506120 -1.001449 -15.810211
 -1.031921 -1.380564 -0.935878 -15.755691
 -0.655407 -0.865900 -2.811806 -15.241027
 -1.156242 -1.292197 -0.889974 -15.137267
 -1.072226 -1.212925 -1.020464 -16.050888
 -1.070276 -1.953870 -1.431918 -1.285503
 -0.965947 -1.614642 -3.140695 -0.975079
 -1.207455 -1.642421 -1.508141 -1.251026
 -1.386294 -1.386294 -1.386294 -1.386294
 -1.301841 -2.016340 -1.417425 -1.042732
 -1.123729 -1.505384 -2.927608 -0.917597
 -1.338004 -1.877817 -1.384796 -1.095618
 -1.386294 -1.386294 -1.386294 -1.386294
 -1.070276 -1.953870 -1.431918 -1.285503
 -0.965947 -1.614642 -3.140695 -0.975079
 -1.207455 -1.642421 -1.508141 -1.251026
 -1.386294 -1.386294 -1.386294 -1.386294
 -1.301841 -2.016340 -1.417425 -1.042732
 -1.123729 -1.505384 -2.927608 -0.917597
 -1.338004 -1.877817 -1.384796 -1.095618
 -1.386294 -1.386294 -1.386294 -1.386294
 -1.108064 -1.958215 -1.535128 -1.160708
 -1.049045 -1.541050 -2.910535 -0.964628
 -1.190759 -1.672413 -1.449269 -1.296548
 -1.405274 -2.055557 -1.453881 -0.933903
 -1.756153 -1.515874 -1.180790 -1.201843
 -0.998529 -1.389809 -3.167576 -1.077779
 -1.791756 -1.481604 -1.356442 -1.054162
 -1.499318 -1.904782 -1.125693 -1.192588
 -1.108064 -1.958215 -1.535128 -1.160708
 -1.049045 -1.541050 -2.910535 -0.964628
 -1.190759 -1.672413 -1.449269 -1.296548
 -1.405274 -2.055557 -1.453881 -0.933903
 -1.756153 -1.515874 -1.180790 -1.201843
 -0.998529 -1.389809 -3.167576 -1.077779
 -1.791756 -1.481604 -1.356442 -1.054162
 -1.499318 -1.904782 -1.125693 -1.192588
 -1.151256 -1.890494 -1.355436 -1.291243
 -0.965373 -1.652404 -2.801024 -1.002878
 -1.274177 -1.512588 -1.343170 -1.431363
 -1.250710 -1.874545 -1.493178 -1.091787
 -1.429296 -1.698959 -1.615260 -0.970721
 -1.212136 -1.279959 -3.377094 -0.940984
 -1.346911 -1.681758 -1.467747 -1.128658
 -1.603928 -1.824328 -1.620549 -0.821483
 -1.151256 -1.890494 -1.355436 -1.291243
 -0.965373 -1.652404 -2.801024 -1.002878
 -1.274177 -1.512588 -1.343170 -1.431363
 -1.250710 -1.874545 -1.493178 -1.091787
 -1.429296 -1.698959 -1.615260 -0.970721
 -1.212136 -1.279959 -3.377094 -0.940984
 -1.346911 -1.681758 -1.467747 -1.128658
 -1.603928 -1.824328 -1.620549 -0.821483
 -1.139434 -1.823364 -1.654900 -1.116550
 -0.991254 -1.455287 -3.113511 -1.046653
 -1.360804 -1.544469 -1.520563 -1.166254
 -1.481604 -1.765373 -1.600123 -0.916960
 -1.441019 -1.745508 -1.797694 -0.860201
 -1.176455 -1.281815 -3.122361 -0.994133
 -1.617301 -1.415435 -1.529194 -1.072838
 -1.599075 -1.588819 -1.731135 -0.875469
 -1.139434 -1.823364 -1.654900 -1.116550
 -0.991254 -1.455287 -3.113511 -1.046653
 -1.360804 -1.544469 -1.520563 -1.166254
 -1.481604 -1.765373 -1.600123 -0.916960
 -1.441019 -1.745508 -1.797694 -0.860201
 -1.176455 -1.281815 -3.122361 -0.994133
 -1.617301 -1.415435 -1.529194 -1.072838
 -1.599075 -1.588819 -1.731135 -0.875469
 -15.608936 -15.608936 -15.608936 -0.000001
 -15.306166 -15.306166 -15.306166 -0.000001
 -15.321809 -15.321809 -15.321809 -0.000001
 -15.918425 -15.918425 -15.918425 -0.000000
 -15.719110 -15.719110 -15.719110 -0.000000
 -15.529309 -15.529309 -15.529309 -0.000001
 -15.099219 -15.099219 -15.099219 -0.000001
 -16.142788 -16.142788 -16.142788 -0.000000
 -15.608936 -15.608936 -15.608936 -0.000001
 -15.306166 -15.306166 -15.306166 -0.000001
 -15.321809 -15.321809 -15.321809 -0.000001
 -15.918425 -15.918425 -15.918425 -0.000000
 -15.719110 -15.719110 -15.719110 -0.000000
 -15.529309 -15.529309 -15.529309 -0.000001
 -15.099219 -15.099219 -15.099219 -0.000001
 -16.142788 -16.142788 -16.142788 -0.000000
 -1.386294 -1.386294 -1.386294 -1.386294
 -1.386294 -1.386294 -1.386294 -1.386294
 -1.386294 -1.386294 -1.386294 -1.386294
 -16.852385 -16.852385 -16.852385 -0.000000
 -1.386294 -1.386294 -1.386294 -1.386294
 -1.386294 -1.386294 -1.386294 -1.386294
 -1.386294 -1.386294 -1.386294 -1.386294
 -17.162956 -17.162956 -17.162956 -0.000000
 -1.386294 -1.386294 -1.386294 -1.386294
 -1.386294 -1.386294 -1.386294 -1.386294
 -1.386294 -1.386294 -1.386294 -1.386294
 -16.852385 -16.852385 -16.852385 -0.000000
 -1.386294 -1.386294 -1.386294 -1.386294
 -1.386294 -1.386294 -1.386294 -1.386294
 -1.386294 -1.386294 -1.386294 -1.386294
 -17.162956 -17.162956 -17.162956 -0.000000
 -1.386294 -1.386294 -1.386294 -1.386294
 -1.386294 -1.386294 -1.386294 -1.386294
 -1.386294 -1.386294 -1.386294 -1.386294
 -1.386294 -1.386294 -1.386294 -1.386294
 -1.386294 -1.386294 -1.386294 -1.386294
 -1.386294 -1.386294 -1.386294 -1.386294
 -1.386294 -1.386294 -1.386294 -1.386294
 -1.626221 -1.422459 -1.451496 -1.114776
 -1.386294 -1.386294 -1.386294 -1.386294
 -1.386294 -1.386294 -1.386294 -1.386294
 -1.386294 -1.386294 -1.386294 -1.386294
 -1.386294 -1.386294 -1.386294 -1.386294
 -1.386294 -1.386294 -1.386294 -1.386294
 -1.386294 -1.386294 -1.386294 -1.386294
 -1.386294 -1.386294 -1.386294 -1.386294
 -1.626221 -1.422459 -1.451496 -1.114776
 -1.386294 -1.386294 -1.386294 -1.386294
 -1.386294 -1.386294 -1.386294 -1.386294
 -1.386294 -1.386294 -1.386294 -1.386294
 -1.386294 -1.386294 -1.386294 -1.386294
 -16.086605 -16.086605 -16.086605 -0.000000
 -16.290367 -16.290367 -16.290367 -0.000000
 -16.261330 -16.261330 -16.261330 -0.000000
 -16.598049 -16.598049 -16.598049 -0.000000
 -1.386294 -1.386294 -1.386294 -1.386294
 -1.386294 -1.386294 -1.386294 -1.386294
 -1.386294 -1.386294 -1.386294 -1.386294
 -1.386294 -1.386294 -1.386294 -1.386294
 -16.086605 -16.086605 -16.086605 -0.000000
 -16.290367 -16.290367 -16.290367 -0.000000
 -16.261330 -16.261330 -16.261330 -0.000000
 -16.598049 -16.598049 -16.598049 -0.000000
 -1.386294 -1.386294 -1.386294 -1.386294
 -1.386294 -1.386294 -1.386294 -1.386294
 -1.386294 -1.386294 -1.386294 -1.386294
 0.000000 -16.870926 -16.870926 -16.870926
 -1.386294 -1.386294 -1.386294 -1.386294
 -1.386294 -1.386294 -1.386294 -1.386294
 -1.386294 -1.386294 -1.386294 -1.386294
 0.000000 -17.149143 -17.149143 -17.149143
 -1.386294 -1.386294 -1.386294 -1.386294
 -1.386294 -1.386294 -1.386294 -1.386294
 -1.386294 -1.386294 -1.386294 -1.386294
 0.000000 -16.870926 -16.870926 -16.870926
 -1.386294 -1.386294 -1.386294 -1.386294
 -1.386294 -1.386294 -1.386294 -1.386294
 -1.386294 -1.386294 -1.386294 -1.386294
 0.000000 -17.149143 -17.149143 -17.149143
 -1.386294 -1.386294 -1.386294 -1.386294
 -1.386294 -1.386294 -1.386294 -1.386294
 -1.386294 -1.386294 -1.386294 -1.386294
 -1.386294 -1.386294 -1.386294 -1.386294
 -17.712826 -17.712826 0.000000 -17.712826
 -1.386294 -1.386294 -1.386294 -1.386294
 -1.386294 -1.386294 -1.386294 -1.386294
 -1.386294 -1.386294 -1.386294 -1.386294
 -1.386294 -1.386294 -1.386294 -1.386294
 -1.386294 -1.386294 -1.386294 -1.386294
 -1.386294 -1.386294 -1.386294 -1.386294
 -1.386294 -1.386294 -1.386294 -1.386294
 -17.712826 -17.712826 0.000000 -17.712826
 -1.386294 -1.386294 -1.386294 -1.386294
 -1.386294 -1.386294 -1.386294 -1.386294
 -1.386294 -1.386294 -1.386294 -1.386294
 -1.386294 -1.386294 -1.386294 -1.386294
 -1.386294 -1.386294 -1.386294 -1.386294
 -1.093349 -1.738601 -1.537405 -1.293885
 -1.386294 -1.386294 -1.386294 -1.386294
 -1.386294 -1.386294 -1.386294 -1.386294
 -1.386294 -1.386294 -1.386294 -1.386294
 -1.386294 -1.386294 -1.386294 -1.386294
 -1.386294 -1.386294 -1.386294 -1.386294
 -1.386294 -1.386294 -1.386294 -1.386294
 -1.386294 -1.386294 -1.386294 -1.386294
 -1.093349 -1.738601 -1.537405 -1.293885
 -1.386294 -1.386294 -1.386294 -1.386294
 -1.386294 -1.386294 -1.386294 -1.386294
 -1.386294 -1.386294 -1.386294 -1.386294
 -1.386294 -1.386294 -1.386294 -1.386294
 -1.386294 -1.386294 -1.386294 -1.386294
 -1.143835 -1.941076 -1.229120 -1.405249
 -1.020882 -1.317148 -2.957221 -1.139868
 -1.130270 -1.666763 -1.459749 -1.362962
 -1.362162 -1.732137 -1.602798 -1.006065
 -1.386294 -1.386294 -1.386294 -1.386294
 -1.386294 -1.386294 -1.386294 -1.386294
 -1.386294 -1.386294 -1.386294 -1.386294
 -1.386294 -1.386294 -1.386294 -1.386294
 -1.143835 -1.941076 -1.229120 -1.405249
 -1.020882 -1.317148 -2.957221 -1.139868
 -1.130270 -1.666763 -1.459749 -1.362962
 -1.362162 -1.732137 -1.602798 -1.006065
 -1.386294 -1.386294 -1.386294 -1.386294
 -1.386294 -1.386294 -1.386294 -1.386294
 -1.386294 -1.386294 -1.386294 -1.386294
 -1.386294 -1.386294 -1.386294 -1.386294
 -0.976232 -1.838938 -1.584408 -1.350091
 -1.030077 -1.317759 -2.821834 -1.152680
 -0.814022 -1.755392 -1.731861 -1.574394
 -1.416327 -1.994404 -1.334410 -1.027256
 -1.274269 -1.864232 -1.335913 -1.195900
 -1.171252 -1.302828 -2.720868 -1.042871
 -1.058422 -1.600018 -1.615767 -1.376875
 -1.610736 -1.591442 -1.566284 -0.947245
 -0.976232 -1.838938 -1.584408 -1.350091
 -1.030077 -1.317759 -2.821834 -1.152680
 -0.814022 -1.755392 -1.731861 -1.574394
 -1.416327 -1.994404 -1.334410 -1.027256
 -1.274269 -1.864232 -1.335913 -1.195900
 -1.171252 -1.302828 -2.720868 -1.042871
 -1.058422 -1.600018 -1.615767 -1.376875
 -1.610736 -1.591442 -1.566284 -0.947245
