 -2.731968 0.000100 0.000100 0.000100
 -3.226069 0.000100 0.000100 0.000100
 -3.658730 0.000100 0.000100 0.000100
 -2.590655 0.000100 0.000100 0.000100
 -2.665757 0.000100 0.000100 0.000100
 -2.879198 0.000100 0.000100 0.000100
 -3.106662 0.000100 0.000100 0.000100
 -2.087611 0.000100 0.000100 0.000100
 -2.731968 0.000100 0.000100 0.000100
 -3.226069 0.000100 0.000100 0.000100
 -3.658730 0.000100 0.000100 0.000100
 -2.590655 0.000100 0.000100 0.000100
 -2.665757 0.000100 0.000100 0.000100
 -2.879198 0.000100 0.000100 0.000100
 -3.106662 0.000100 0.000100 0.000100
 -2.087611 0.000100 0.000100 0.000100
 -1.107581 -1.513046 -2.010448 -1.153672
 -1.279959 -1.352718 -2.758055 -0.916291
 -1.226788 -1.754854 -1.523053 -1.152680
 -1.394076 -2.087223 -1.527608 -0.889521
 -1.023510 -1.740187 -2.272403 -1.015788
 -1.393215 -1.251040 -3.723958 -0.817851
 -1.315283 -1.530394 -2.041219 -0.953782
 -1.633154 -1.788639 -1.779337 -0.757686
 -1.107581 -1.513046 -2.010448 -1.153672
 -1.279959 -1.352718 -2.758055 -0.916291
 -1.226788 -1.754854 -1.523053 -1.152680
 -1.394076 -2.087223 -1.527608 -0.889521
 -1.023510 -1.740187 -2.272403 -1.015788
 -1.393215 -1.251040 -3.723958 -0.817851
 -1.315283 -1.530394 -2.041219 -0.953782
 -1.633154 -1.788639 -1.779337 -0.757686
 -1.168444 -1.627190 -2.143002 -0.979853
 -1.252763 -1.415282 -2.708045 -0.904457
 -1.142098 -1.422399 -2.058385 -1.164571
 -1.685854 -1.954117 -1.574628 -0.763699
 -0.998121 -1.850599 -2.361424 -0.967584
 -1.684339 -1.355835 -3.188410 -0.662689
 -1.386294 -1.506438 -2.178530 -0.879250
 -1.669502 -1.743610 -1.787285 -0.756391
 -1.168444 -1.627190 -2.143002 -0.979853
 -1.252763 -1.415282 -2.708045 -0.904457
 -1.142098 -1.422399 -2.058385 -1.164571
 -1.685854 -1.954117 -1.574628 -0.763699
 -0.998121 -1.850599 -2.361424 -0.967584
 -1.684339 -1.355835 -3.188410 -0.662689
 -1.386294 -1.506438 -2.178530 -0.879250
 -1.669502 -1.743610 -1.787285 -0.756391
 -1.054553 -1.730605 -2.170555 -1.020651
 -1.463058 -1.305873 -3.521432 -0.759330
 -1.310945 -1.854558 -1.749198 -0.916292
 -1.579360 -1.814926 -1.567090 -0.861822
 -1.057271 -1.687048 -2.146579 -1.047969
 -1.424295 -1.410309 -3.489741 -0.724131
 -1.288439 -1.839614 -2.370241 -0.750856
 -2.025374 -1.711717 -1.878770 -0.626008
 -1.054553 -1.730605 -2.170555 -1.020651
 -1.463058 -1.305873 -3.521432 -0.759330
 -1.310945 -1.854558 -1.749198 -0.916292
 -1.579360 -1.814926 -1.567090 -0.861822
 -1.057271 -1.687048 -2.146579 -1.047969
 -1.424295 -1.410309 -3.489741 -0.724131
 -1.288439 -1.839614 -2.370241 -0.750856
 -2.025374 -1.711717 -1.878770 -0.626008
 -1.171492 -1.703151 -2.249694 -0.909922
 -1.486378 -1.362764 -3.332190 -0.729516
 -1.845825 -1.152680 -1.600703 -1.125281
 -1.768042 -1.883874 -1.416067 -0.833176
 -1.129703 -1.572706 -2.687844 -0.912896
 -1.677096 -1.480982 -3.691988 -0.578485
 -1.482571 -1.526056 -1.898730 -0.901903
 -2.016805 -1.707922 -1.818736 -0.647319
 -1.171492 -1.703151 -2.249694 -0.909922
 -1.486378 -1.362764 -3.332190 -0.729516
 -1.845825 -1.152680 -1.600703 -1.125281
 -1.768042 -1.883874 -1.416067 -0.833176
 -1.129703 -1.572706 -2.687844 -0.912896
 -1.677096 -1.480982 -3.691988 -0.578485
 -1.482571 -1.526056 -1.898730 -0.901903
 -2.016805 -1.707922 -1.818736 -0.647319
 -1.300581 -1.438202 -2.216870 -0.964109
 -1.509115 -1.232862 -3.347382 -0.793496
 -1.414732 -1.453953 -1.839613 -1.009268
 -1.543188 -1.948653 -1.505448 -0.862945
 -1.310583 -1.898368 -2.219951 -0.750967
 -1.566087 -1.361293 -3.270828 -0.699497
 -1.499794 -1.813451 -2.232160 -0.680355
 -2.114703 -1.570769 -1.854627 -0.663716
 -1.300581 -1.438202 -2.216870 -0.964109
 -1.509115 -1.232862 -3.347382 -0.793496
 -1.414732 -1.453953 -1.839613 -1.009268
 -1.543188 -1.948653 -1.505448 -0.862945
 -1.310583 -1.898368 -2.219951 -0.750967
 -1.566087 -1.361293 -3.270828 -0.699497
 -1.499794 -1.813451 -2.232160 -0.680355
 -2.114703 -1.570769 -1.854627 -0.663716
 -1.234745 -1.333185 -2.449185 -1.024180
 -1.436305 -1.338666 -3.153944 -0.782379
 -1.887067 -1.376244 -2.030167 -0.766480
 -1.738106 -1.953815 -1.612066 -0.727864
 -1.375967 -1.754403 -2.082906 -0.798893
 -1.665791 -1.356603 -3.009521 -0.684962
 -2.075120 -1.681217 -2.008429 -0.590388
 -2.149121 -1.588034 -1.887550 -0.639333
 -1.234745 -1.333185 -2.449185 -1.024180
 -1.436305 -1.338666 -3.153944 -0.782379
 -1.887067 -1.376244 -2.030167 -0.766480
 -1.738106 -1.953815 -1.612066 -0.727864
 -1.375967 -1.754403 -2.082906 -0.798893
 -1.665791 -1.356603 -3.009521 -0.684962
 -2.075120 -1.681217 -2.008429 -0.590388
 -2.149121 -1.588034 -1.887550 -0.639333
 -1.071363 -1.902659 -3.119045 -0.767681
 -1.320337 -1.320337 -2.685571 -0.921990
 -1.650680 -1.376244 -1.650680 -1.011602
 -1.789151 -1.870497 -1.591326 -0.744029
 -1.528264 -1.799139 -2.514757 -0.622196
 -1.811340 -1.389068 -3.691643 -0.575673
 -1.814031 -1.618287 -1.928441 -0.706452
 -2.177021 -1.567256 -1.930161 -0.629460
 -1.071363 -1.902659 -3.119045 -0.767681
 -1.320337 -1.320337 -2.685571 -0.921990
 -1.650680 -1.376244 -1.650680 -1.011602
 -1.789151 -1.870497 -1.591326 -0.744029
 -1.528264 -1.799139 -2.514757 -0.622196
 -1.811340 -1.389068 -3.691643 -0.575673
 -1.814031 -1.618287 -1.928441 -0.706452
 -2.177021 -1.567256 -1.930161 -0.629460
 -1.205858 -1.649788 -2.978916 -0.781702
 -1.777772 -1.318241 -2.876376 -0.679162
 -1.462280 -1.315677 -1.698667 -1.148624
 -1.791759 -1.760506 -1.715386 -0.730888
 -1.307963 -1.860751 -2.708046 -0.678442
 -2.068969 -1.267343 -3.542268 -0.574196
 -1.640760 -1.787363 -1.990961 -0.688752
 -2.341157 -1.670738 -1.767199 -0.607218
 -1.205858 -1.649788 -2.978916 -0.781702
 -1.777772 -1.318241 -2.876376 -0.679162
 -1.462280 -1.315677 -1.698667 -1.148624
 -1.791759 -1.760506 -1.715386 -0.730888
 -1.307963 -1.860751 -2.708046 -0.678442
 -2.068969 -1.267343 -3.542268 -0.574196
 -1.640760 -1.787363 -1.990961 -0.688752
 -2.341157 -1.670738 -1.767199 -0.607218
 -1.098613 -1.909541 -2.351372 -0.859721
 -1.511457 -1.223776 -3.814012 -0.769521
 -1.582408 -1.294728 -1.805550 -1.032364
 -1.929289 -1.873199 -1.855181 -0.607534
 -1.404313 -1.627456 -3.109053 -0.666715
 -2.100494 -1.473306 -3.311579 -0.491058
 -1.945909 -1.651110 -1.863671 -0.672945
 -2.244626 -1.576051 -1.937713 -0.610260
 -1.098613 -1.909541 -2.351372 -0.859721
 -1.511457 -1.223776 -3.814012 -0.769521
 -1.582408 -1.294728 -1.805550 -1.032364
 -1.929289 -1.873199 -1.855181 -0.607534
 -1.404313 -1.627456 -3.109053 -0.666715
 -2.100494 -1.473306 -3.311579 -0.491058
 -1.945909 -1.651110 -1.863671 -0.672945
 -2.244626 -1.576051 -1.937713 -0.610260
 -1.211941 -1.658227 -2.559009 -0.833506
 -1.843430 -1.196805 -3.835831 -0.657809
 -1.717649 -1.137834 -1.584119 -1.221215
 -2.062248 -1.839105 -1.672051 -0.642433
 -1.640074 -1.981000 -3.654963 -0.442792
 -1.999398 -1.179958 -3.648048 -0.632523
 -1.723705 -1.647720 -2.270247 -0.642794
 -2.333417 -1.486120 -1.859633 -0.651894
 -1.211941 -1.658227 -2.559009 -0.833506
 -1.843430 -1.196805 -3.835831 -0.657809
 -1.717649 -1.137834 -1.584119 -1.221215
 -2.062248 -1.839105 -1.672051 -0.642433
 -1.640074 -1.981000 -3.654963 -0.442792
 -1.999398 -1.179958 -3.648048 -0.632523
 -1.723705 -1.647720 -2.270247 -0.642794
 -2.333417 -1.486120 -1.859633 -0.651894
 -1.229233 -1.623136 -3.044511 -0.770926
 -1.689480 -1.609437 -3.075761 -0.563471
 -1.740463 -1.558143 -1.478101 -0.952011
 -2.381226 -1.888751 -1.888751 -0.502458
 -1.691017 -1.618697 -3.077304 -0.559617
 -2.111334 -1.485198 -3.903084 -0.458412
 -2.423535 -1.576239 -2.249182 -0.512234
 -2.478863 -1.527067 -2.127020 -0.545076
 -1.229233 -1.623136 -3.044511 -0.770926
 -1.689480 -1.609437 -3.075761 -0.563471
 -1.740463 -1.558143 -1.478101 -0.952011
 -2.381226 -1.888751 -1.888751 -0.502458
 -1.691017 -1.618697 -3.077304 -0.559617
 -2.111334 -1.485198 -3.903084 -0.458412
 -2.423535 -1.576239 -2.249182 -0.512234
 -2.478863 -1.527067 -2.127020 -0.545076
 -1.180851 -1.902983 -3.126744 -0.693149
 -1.894615 -1.363989 -2.492448 -0.670843
 -1.927886 -1.299284 -1.299284 -1.174121
 -2.378421 -1.731796 -1.849578 -0.556811
 -1.336033 -1.833870 -5.267760 -0.558329
 -1.956062 -1.327454 -3.583511 -0.569769
 -2.592046 -1.620190 -2.053053 -0.512611
 -2.511433 -1.522572 -2.199845 -0.527840
 -1.180851 -1.902983 -3.126744 -0.693149
 -1.894615 -1.363989 -2.492448 -0.670843
 -1.927886 -1.299284 -1.299284 -1.174121
 -2.378421 -1.731796 -1.849578 -0.556811
 -1.336033 -1.833870 -5.267760 -0.558329
 -1.956062 -1.327454 -3.583511 -0.569769
 -2.592046 -1.620190 -2.053053 -0.512611
 -2.511433 -1.522572 -2.199845 -0.527840
 -1.248145 -1.591088 -3.988938 -0.711841
 -2.120259 -1.203973 -3.506528 -0.597839
 -2.708026 -1.727217 -1.034076 -0.916294
 -2.558235 -1.668380 -2.227994 -0.467986
 -1.697349 -2.050169 -4.615072 -0.388288
 -2.476094 -1.334559 -4.321907 -0.447256
 -2.064912 -1.561810 -1.955713 -0.650182
 -2.422076 -1.615428 -2.062520 -0.535589
 -1.248145 -1.591088 -3.988938 -0.711841
 -2.120259 -1.203973 -3.506528 -0.597839
 -2.708026 -1.727217 -1.034076 -0.916294
 -2.558235 -1.668380 -2.227994 -0.467986
 -1.697349 -2.050169 -4.615072 -0.388288
 -2.476094 -1.334559 -4.321907 -0.447256
 -2.064912 -1.561810 -1.955713 -0.650182
 -2.422076 -1.615428 -2.062520 -0.535589
 -1.242507 -1.741496 -2.965257 -0.724565
 -1.599387 -1.550597 -2.803348 -0.643878
 -1.589233 -1.406914 -1.694593 -1.001451
 -2.351373 -1.860752 -1.945909 -0.500300
 -1.998094 -1.649788 -5.176052 -0.405466
 -2.253576 -1.320045 -3.597305 -0.510065
 -2.202499 -1.691675 -1.988926 -0.564894
 -2.684481 -1.558145 -1.991334 -0.536650
 -1.242507 -1.741496 -2.965257 -0.724565
 -1.599387 -1.550597 -2.803348 -0.643878
 -1.589233 -1.406914 -1.694593 -1.001451
 -2.351373 -1.860752 -1.945909 -0.500300
 -1.998094 -1.649788 -5.176052 -0.405466
 -2.253576 -1.320045 -3.597305 -0.510065
 -2.202499 -1.691675 -1.988926 -0.564894
 -2.684481 -1.558145 -1.991334 -0.536650
 -1.160745 -1.585626 -13.629186 -0.729963
 -1.945907 -1.058608 -13.795312 -0.672947
 -1.634128 -1.767657 -2.104124 -0.669055
 -2.146961 -1.684339 -1.866660 -0.610729
 -1.690877 -1.721649 -5.187288 -0.459999
 -2.142325 -1.116836 -3.896335 -0.625510
 -2.137883 -1.627059 -2.389197 -0.521068
 -2.300122 -1.547316 -2.162501 -0.558795
 -1.160745 -1.585626 -13.629186 -0.729963
 -1.945907 -1.058608 -13.795312 -0.672947
 -1.634128 -1.767657 -2.104124 -0.669055
 -2.146961 -1.684339 -1.866660 -0.610729
 -1.690877 -1.721649 -5.187288 -0.459999
 -2.142325 -1.116836 -3.896335 -0.625510
 -2.137883 -1.627059 -2.389197 -0.521068
 -2.300122 -1.547316 -2.162501 -0.558795
 -1.211091 -1.547562 -13.753639 -0.714655
 -1.842530 -1.088761 -3.228805 -0.764975
 -1.686394 -1.686394 -1.909532 -0.730895
 -2.558516 -1.562185 -1.729239 -0.624585
 -1.432385 -1.490654 -5.402579 -0.631994
 -2.120940 -1.208046 -3.800575 -0.581708
 -2.223333 -1.578978 -2.009760 -0.595030
 -2.528800 -1.366337 -2.260536 -0.578192
 -1.211091 -1.547562 -13.753639 -0.714655
 -1.842530 -1.088761 -3.228805 -0.764975
 -1.686394 -1.686394 -1.909532 -0.730895
 -2.558516 -1.562185 -1.729239 -0.624585
 -1.432385 -1.490654 -5.402579 -0.631994
 -2.120940 -1.208046 -3.800575 -0.581708
 -2.223333 -1.578978 -2.009760 -0.595030
 -2.528800 -1.366337 -2.260536 -0.578192
 -1.009268 -1.782455 -3.979635 -0.801629
 -1.700408 -1.007264 -2.953159 -0.916292
 -2.335355 -0.949085 -1.488076 -1.236764
 -2.653238 -1.554629 -2.247775 -0.489920
 -1.462834 -1.375823 -14.457367 -0.662058
 -2.191653 -1.044251 -4.206545 -0.651209
 -2.150702 -1.528175 -1.776010 -0.698453
 -2.374240 -1.386294 -2.093727 -0.627944
 -1.009268 -1.782455 -3.979635 -0.801629
 -1.700408 -1.007264 -2.953159 -0.916292
 -2.335355 -0.949085 -1.488076 -1.236764
 -2.653238 -1.554629 -2.247775 -0.489920
 -1.462834 -1.375823 -14.457367 -0.662058
 -2.191653 -1.044251 -4.206545 -0.651209
 -2.150702 -1.528175 -1.776010 -0.698453
 -2.374240 -1.386294 -2.093727 -0.627944
 -0.968560 -1.909540 -4.682035 -0.770110
 -1.888750 -0.972462 -2.987351 -0.867102
 -1.634128 -1.516346 -1.516346 -1.005525
 -2.521717 -1.733263 -1.625632 -0.604799
 -1.217003 -1.690289 -5.327778 -0.664438
 -2.240011 -0.984910 -3.711822 -0.701912
 -1.712978 -1.913648 -1.842189 -0.666192
 -2.409761 -1.455806 -2.070408 -0.596353
 -0.968560 -1.909540 -4.682035 -0.770110
 -1.888750 -0.972462 -2.987351 -0.867102
 -1.634128 -1.516346 -1.516346 -1.005525
 -2.521717 -1.733263 -1.625632 -0.604799
 -1.217003 -1.690289 -5.327778 -0.664438
 -2.240011 -0.984910 -3.711822 -0.701912
 -1.712978 -1.913648 -1.842189 -0.666192
 -2.409761 -1.455806 -2.070408 -0.596353
 -0.773191 -2.190253 -3.353390 -0.937494
 -2.014899 -0.888893 -3.806617 -0.836250
 -0.916294 -2.079432 -1.386294 -1.491654
 -1.996210 -1.708528 -1.773067 -0.667076
 -1.068760 -1.599387 -5.288169 -0.799632
 -2.093829 -1.049822 -3.437560 -0.703920
 -1.871801 -1.648658 -1.811177 -0.712566
 -2.047460 -1.708935 -2.012121 -0.586673
 -0.773191 -2.190253 -3.353390 -0.937494
 -2.014899 -0.888893 -3.806617 -0.836250
 -0.916294 -2.079432 -1.386294 -1.491654
 -1.996210 -1.708528 -1.773067 -0.667076
 -1.068760 -1.599387 -5.288169 -0.799632
 -2.093829 -1.049822 -3.437560 -0.703920
 -1.871801 -1.648658 -1.811177 -0.712566
 -2.047460 -1.708935 -2.012121 -0.586673
 -0.039222 -14.414350 -3.258085 -14.414350
 -0.137787 -13.825465 -2.050167 -13.825465
 -0.579823 -13.122372 -0.820984 -13.122372
 -0.632523 -14.755520 -0.757686 -14.755520
 -0.019726 -14.755520 -3.935721 -14.755520
 -0.161531 -15.375759 -1.902737 -15.375759
 -0.660204 -14.552676 -0.727215 -14.552676
 -0.705594 -16.167839 -0.680854 -16.167839
 -0.039222 -14.414350 -3.258085 -14.414350
 -0.137787 -13.825465 -2.050167 -13.825465
 -0.579823 -13.122372 -0.820984 -13.122372
 -0.632523 -14.755520 -0.757686 -14.755520
 -0.019726 -14.755520 -3.935721 -14.755520
 -0.161531 -15.375759 -1.902737 -15.375759
 -0.660204 -14.552676 -0.727215 -14.552676
 -0.705594 -16.167839 -0.680854 -16.167839
 -0.740515 -1.687111 -2.897512 -1.262598
 -1.386294 -1.386294 -1.386294 -1.386294
 -1.504077 -1.144075 -1.504077 -1.439539
 -1.386294 -1.386294 -1.386294 -1.386294
 -0.855461 -1.524316 -4.001250 -1.082197
 -1.386294 -1.386294 -1.386294 -1.386294
 -1.442175 -1.386294 -1.471331 -1.258896
 -1.386294 -1.386294 -1.386294 -1.386294
 -0.740515 -1.687111 -2.897512 -1.262598
 -1.386294 -1.386294 -1.386294 -1.386294
 -1.504077 -1.144075 -1.504077 -1.439539
 -1.386294 -1.386294 -1.386294 -1.386294
 -0.855461 -1.524316 -4.001250 -1.082197
 -1.386294 -1.386294 -1.386294 -1.386294
 -1.442175 -1.386294 -1.471331 -1.258896
 -1.386294 -1.386294 -1.386294 -1.386294
 -16.077274 -16.077274 -16.077274 -0.000000
 -15.575092 -15.575092 -15.575092 -0.000001
 -14.735795 -14.735795 -14.735795 -0.000001
 -15.881107 -15.881107 -15.881107 -0.000000
 -1.386294 -1.386294 -1.386294 -1.386294
 -1.386294 -1.386294 -1.386294 -1.386294
 -1.386294 -1.386294 -1.386294 -1.386294
 -1.386294 -1.386294 -1.386294 -1.386294
 -16.077274 -16.077274 -16.077274 -0.000000
 -15.575092 -15.575092 -15.575092 -0.000001
 -14.735795 -14.735795 -14.735795 -0.000001
 -15.881107 -15.881107 -15.881107 -0.000000
 -1.386294 -1.386294 -1.386294 -1.386294
 -1.386294 -1.386294 -1.386294 -1.386294
 -1.386294 -1.386294 -1.386294 -1.386294
 -1.386294 -1.386294 -1.386294 -1.386294
 -1.386294 -1.386294 -1.386294 -1.386294
 -1.386294 -1.386294 -1.386294 -1.386294
 -1.386294 -1.386294 -1.386294 -1.386294
 -0.000000 -16.309542 -16.309542 -16.309542
 -1.386294 -1.386294 -1.386294 -1.386294
 -1.386294 -1.386294 -1.386294 -1.386294
 -1.386294 -1.386294 -1.386294 -1.386294
 -0.000000 -16.432907 -16.432907 -16.432907
 -1.386294 -1.386294 -1.386294 -1.386294
 -1.386294 -1.386294 -1.386294 -1.386294
 -1.386294 -1.386294 -1.386294 -1.386294
 -0.000000 -16.309542 -16.309542 -16.309542
 -1.386294 -1.386294 -1.386294 -1.386294
 -1.386294 -1.386294 -1.386294 -1.386294
 -1.386294 -1.386294 -1.386294 -1.386294
 -0.000000 -16.432907 -16.432907 -16.432907
 -1.386294 -1.386294 -1.386294 -1.386294
 -1.386294 -1.386294 -1.386294 -1.386294
 -1.386294 -1.386294 -1.386294 -1.386294
 -1.386294 -1.386294 -1.386294 -1.386294
 -17.066273 -17.066273 -0.000000 -17.066273
 -1.386294 -1.386294 -1.386294 -1.386294
 -1.386294 -1.386294 -1.386294 -1.386294
 -1.386294 -1.386294 -1.386294 -1.386294
 -1.386294 -1.386294 -1.386294 -1.386294
 -1.386294 -1.386294 -1.386294 -1.386294
 -1.386294 -1.386294 -1.386294 -1.386294
 -1.386294 -1.386294 -1.386294 -1.386294
 -17.066273 -17.066273 -0.000000 -17.066273
 -1.386294 -1.386294 -1.386294 -1.386294
 -1.386294 -1.386294 -1.386294 -1.386294
 -1.386294 -1.386294 -1.386294 -1.386294
 -1.386294 -1.386294 -1.386294 -1.386294
 -1.386294 -1.386294 -1.386294 -1.386294
 -1.383586 -2.026987 -0.668275 -2.253813
 -1.386294 -1.386294 -1.386294 -1.386294
 -1.386294 -1.386294 -1.386294 -1.386294
 -1.386294 -1.386294 -1.386294 -1.386294
 -1.386294 -1.386294 -1.386294 -1.386294
 -1.386294 -1.386294 -1.386294 -1.386294
 -1.386294 -1.386294 -1.386294 -1.386294
 -1.386294 -1.386294 -1.386294 -1.386294
 -1.383586 -2.026987 -0.668275 -2.253813
 -1.386294 -1.386294 -1.386294 -1.386294
 -1.386294 -1.386294 -1.386294 -1.386294
 -1.386294 -1.386294 -1.386294 -1.386294
 -1.386294 -1.386294 -1.386294 -1.386294
 -1.386294 -1.386294 -1.386294 -1.386294
 -1.324852 -2.017998 -1.684854 -0.877635
 -1.243978 -1.498212 -2.737900 -0.859133
 -1.186242 -1.762707 -1.909542 -0.981081
 -1.650875 -1.888546 -1.183278 -1.048242
 -1.386294 -1.386294 -1.386294 -1.386294
 -1.386294 -1.386294 -1.386294 -1.386294
 -1.386294 -1.386294 -1.386294 -1.386294
 -1.386294 -1.386294 -1.386294 -1.386294
 -1.324852 -2.017998 -1.684854 -0.877635
 -1.243978 -1.498212 -2.737900 -0.859133
 -1.186242 -1.762707 -1.909542 -0.981081
 -1.650875 -1.888546 -1.183278 -1.048242
 -1.386294 -1.386294 -1.386294 -1.386294
 -1.386294 -1.386294 -1.386294 -1.386294
 -1.386294 -1.386294 -1.386294 -1.386294
 -1.386294 -1.386294 -1.386294 -1.386294
 -0.918029 -1.750937 -1.692668 -1.414465
 -1.073375 -1.512097 -2.750467 -0.984030
 -1.019544 -1.612607 -1.785450 -1.301395
 -1.492381 -1.742036 -1.273900 -1.138618
 -1.203973 -1.544899 -1.714797 -1.181994
 -1.048603 -1.671130 -2.277262 -1.024505
 -1.945907 -1.286665 -1.286665 -1.188225
 -2.010726 -1.544638 -1.199798 -1.045647
 -0.918029 -1.750937 -1.692668 -1.414465
 -1.073375 -1.512097 -2.750467 -0.984030
 -1.019544 -1.612607 -1.785450 -1.301395
 -1.492381 -1.742036 -1.273900 -1.138618
 -1.203973 -1.544899 -1.714797 -1.181994
 -1.048603 -1.671130 -2.277262 -1.024505
 -1.945907 -1.286665 -1.286665 -1.188225
 -2.010726 -1.544638 -1.199798 -1.045647
 -2.653572 0.000100 0.000100 0.000100
 -3.163140 0.000100 0.000100 0.000100
 -2.743986 0.000100 0.000100 0.000100
 -2.743768 0.000100 0.000100 0.000100
 -2.795772 0.000100 0.000100 0.000100
 -2.772673 0.000100 0.000100 0.000100
 -3.181165 0.000100 0.000100 0.000100
 -2.369075 0.000100 0.000100 0.000100
 -2.653572 0.000100 0.000100 0.000100
 -3.163140 0.000100 0.000100 0.000100
 -2.743986 0.000100 0.000100 0.000100
 -2.743768 0.000100 0.000100 0.000100
 -2.795772 0.000100 0.000100 0.000100
 -2.772673 0.000100 0.000100 0.000100
 -3.181165 0.000100 0.000100 0.000100
 -2.369075 0.000100 0.000100 0.000100
 -1.043709 -1.920985 -1.352684 -1.415329
 -1.025592 -1.352150 -2.815508 -1.130542
 -1.244746 -1.569356 -1.297472 -1.467135
 -1.384122 -1.457029 -1.456095 -1.260952
 -1.252076 -1.704290 -1.392038 -1.260121
 -1.235892 -1.260065 -2.798670 -1.008137
 -1.336687 -1.744076 -1.263770 -1.273351
 -1.755349 -1.155524 -1.485560 -1.252165
 -1.043709 -1.920985 -1.352684 -1.415329
 -1.025592 -1.352150 -2.815508 -1.130542
 -1.244746 -1.569356 -1.297472 -1.467135
 -1.384122 -1.457029 -1.456095 -1.260952
 -1.252076 -1.704290 -1.392038 -1.260121
 -1.235892 -1.260065 -2.798670 -1.008137
 -1.336687 -1.744076 -1.263770 -1.273351
 -1.755349 -1.155524 -1.485560 -1.252165
 -0.992608 -1.972209 -1.369266 -1.444142
 -1.117072 -1.340470 -2.933524 -1.027692
 -1.260042 -1.483973 -1.356612 -1.460626
 -1.434074 -1.713752 -1.308287 -1.167343
 -1.372320 -1.729355 -1.138635 -1.390996
 -1.387443 -1.653646 -3.089130 -0.666711
 -1.513500 -1.765455 -1.063691 -1.333423
 -1.663438 -1.506830 -1.395441 -1.075350
 -0.992608 -1.972209 -1.369266 -1.444142
 -1.117072 -1.340470 -2.933524 -1.027692
 -1.260042 -1.483973 -1.356612 -1.460626
 -1.434074 -1.713752 -1.308287 -1.167343
 -1.372320 -1.729355 -1.138635 -1.390996
 -1.387443 -1.653646 -3.089130 -0.666711
 -1.513500 -1.765455 -1.063691 -1.333423
 -1.663438 -1.506830 -1.395441 -1.075350
 -0.990689 -1.871206 -1.403142 -1.474391
 -1.190326 -1.449600 -2.695471 -0.932158
 -1.176013 -1.354071 -1.458315 -1.606049
 -1.397023 -1.652317 -1.389382 -1.165287
 -1.246012 -1.689067 -1.334595 -1.330316
 -1.158654 -1.423497 -3.071295 -0.919144
 -1.399646 -1.562797 -1.269986 -1.335863
 -1.720937 -1.056546 -1.634254 -1.278879
 -0.990689 -1.871206 -1.403142 -1.474391
 -1.190326 -1.449600 -2.695471 -0.932158
 -1.176013 -1.354071 -1.458315 -1.606049
 -1.397023 -1.652317 -1.389382 -1.165287
 -1.246012 -1.689067 -1.334595 -1.330316
 -1.158654 -1.423497 -3.071295 -0.919144
 -1.399646 -1.562797 -1.269986 -1.335863
 -1.720937 -1.056546 -1.634254 -1.278879
 -1.010359 -1.995751 -1.292492 -1.489815
 -1.234869 -1.408431 -2.837487 -0.901334
 -1.237921 -1.481786 -1.355509 -1.491806
 -1.432999 -1.699543 -1.376632 -1.120203
 -1.226334 -1.714998 -1.427938 -1.248737
 -1.482701 -0.978330 -3.122994 -1.041251
 -1.321490 -1.612276 -1.366304 -1.277327
 -1.442091 -1.549086 -1.456896 -1.145180
 -1.010359 -1.995751 -1.292492 -1.489815
 -1.234869 -1.408431 -2.837487 -0.901334
 -1.237921 -1.481786 -1.355509 -1.491806
 -1.432999 -1.699543 -1.376632 -1.120203
 -1.226334 -1.714998 -1.427938 -1.248737
 -1.482701 -0.978330 -3.122994 -1.041251
 -1.321490 -1.612276 -1.366304 -1.277327
 -1.442091 -1.549086 -1.456896 -1.145180
 -0.980641 -1.919747 -1.391383 -1.471615
 -1.095399 -1.412050 -2.743095 -1.028397
 -1.077121 -1.697870 -1.342679 -1.536155
 -1.401346 -1.798787 -1.307330 -1.146667
 -1.221100 -1.610317 -1.439971 -1.315517
 -1.454686 -1.462834 -3.250964 -0.700755
 -1.452157 -1.667150 -1.255553 -1.230205
 -1.229417 -1.721990 -1.541845 -1.155688
 -0.980641 -1.919747 -1.391383 -1.471615
 -1.095399 -1.412050 -2.743095 -1.028397
 -1.077121 -1.697870 -1.342679 -1.536155
 -1.401346 -1.798787 -1.307330 -1.146667
 -1.221100 -1.610317 -1.439971 -1.315517
 -1.454686 -1.462834 -3.250964 -0.700755
 -1.452157 -1.667150 -1.255553 -1.230205
 -1.229417 -1.721990 -1.541845 -1.155688
 -1.032488 -1.859458 -1.477154 -1.347702
 -1.066257 -1.351713 -2.799586 -1.090425
 -1.234302 -1.642914 -1.303407 -1.410827
 -1.390319 -1.812526 -1.287618 -1.165279
 -1.126733 -1.461628 -1.532805 -1.477875
 -1.020725 -1.368160 -2.868545 -1.113797
 -1.401478 -1.538392 -1.299740 -1.322612
 -1.579971 -1.682817 -1.109171 -1.278923
 -1.032488 -1.859458 -1.477154 -1.347702
 -1.066257 -1.351713 -2.799586 -1.090425
 -1.234302 -1.642914 -1.303407 -1.410827
 -1.390319 -1.812526 -1.287618 -1.165279
 -1.126733 -1.461628 -1.532805 -1.477875
 -1.020725 -1.368160 -2.868545 -1.113797
 -1.401478 -1.538392 -1.299740 -1.322612
 -1.579971 -1.682817 -1.109171 -1.278923
 -1.059762 -1.947875 -1.518909 -1.231226
 -1.140788 -1.578865 -2.493775 -0.937447
 -1.215791 -1.564616 -1.316242 -1.486269
 -1.459675 -1.804914 -1.335768 -1.078094
 -1.295717 -1.409648 -1.475031 -1.373190
 -1.064846 -1.344456 -3.011540 -1.063279
 -1.630575 -0.935427 -1.652168 -1.513534
 -1.590424 -1.645738 -1.388124 -1.039171
 -1.059762 -1.947875 -1.518909 -1.231226
 -1.140788 -1.578865 -2.493775 -0.937447
 -1.215791 -1.564616 -1.316242 -1.486269
 -1.459675 -1.804914 -1.335768 -1.078094
 -1.295717 -1.409648 -1.475031 -1.373190
 -1.064846 -1.344456 -3.011540 -1.063279
 -1.630575 -0.935427 -1.652168 -1.513534
 -1.590424 -1.645738 -1.388124 -1.039171
 -1.006150 -1.913461 -1.401869 -1.424325
 -1.335047 -0.891115 -3.064757 -1.272998
 -1.228843 -1.603316 -1.284436 -1.472576
 -1.469185 -1.791120 -1.406327 -1.027021
 -1.212743 -1.807959 -1.246619 -1.381683
 -1.103519 -1.333850 -3.011110 -1.033948
 -1.427061 -1.699602 -1.126289 -1.374382
 -1.474902 -1.696255 -1.475620 -1.023895
 -1.006150 -1.913461 -1.401869 -1.424325
 -1.335047 -0.891115 -3.064757 -1.272998
 -1.228843 -1.603316 -1.284436 -1.472576
 -1.469185 -1.791120 -1.406327 -1.027021
 -1.212743 -1.807959 -1.246619 -1.381683
 -1.103519 -1.333850 -3.011110 -1.033948
 -1.427061 -1.699602 -1.126289 -1.374382
 -1.474902 -1.696255 -1.475620 -1.023895
 -0.884152 -1.969028 -1.465322 -1.530905
 -1.051922 -1.323122 -2.840752 -1.120705
 -1.292858 -1.517726 -1.209875 -1.569878
 -1.402085 -1.773844 -1.327557 -1.142210
 -1.094855 -1.818462 -1.362735 -1.397651
 -1.317056 -1.637330 -3.195753 -0.699884
 -1.369647 -1.593802 -1.337814 -1.272134
 -1.769897 -1.724600 -1.548052 -0.823841
 -0.884152 -1.969028 -1.465322 -1.530905
 -1.051922 -1.323122 -2.840752 -1.120705
 -1.292858 -1.517726 -1.209875 -1.569878
 -1.402085 -1.773844 -1.327557 -1.142210
 -1.094855 -1.818462 -1.362735 -1.397651
 -1.317056 -1.637330 -3.195753 -0.699884
 -1.369647 -1.593802 -1.337814 -1.272134
 -1.769897 -1.724600 -1.548052 -0.823841
 -0.845294 -1.924481 -1.598666 -1.503046
 -1.072564 -1.266852 -2.770365 -1.159913
 -1.218209 -1.619659 -1.241896 -1.525840
 -1.381941 -1.741654 -1.361874 -1.147281
 -1.301043 -1.631468 -1.375345 -1.275262
 -1.175243 -1.360151 -2.906160 -0.967719
 -1.321133 -1.551310 -1.388791 -1.302614
 -1.968194 -1.201844 -1.735554 -0.958809
 -0.845294 -1.924481 -1.598666 -1.503046
 -1.072564 -1.266852 -2.770365 -1.159913
 -1.218209 -1.619659 -1.241896 -1.525840
 -1.381941 -1.741654 -1.361874 -1.147281
 -1.301043 -1.631468 -1.375345 -1.275262
 -1.175243 -1.360151 -2.906160 -0.967719
 -1.321133 -1.551310 -1.388791 -1.302614
 -1.968194 -1.201844 -1.735554 -0.958809
 -0.826260 -2.082376 -1.475109 -1.565758
 -1.000532 -1.352019 -2.671971 -1.189139
 -1.221830 -1.717817 -1.293580 -1.380054
 -1.331735 -1.807775 -1.285054 -1.219672
 -1.278427 -1.773225 -1.274184 -1.301654
 -0.739102 -1.704960 -3.207290 -1.203267
 -1.371093 -1.719999 -1.245677 -1.275261
 -1.677290 -1.788663 -1.479188 -0.872001
 -0.826260 -2.082376 -1.475109 -1.565758
 -1.000532 -1.352019 -2.671971 -1.189139
 -1.221830 -1.717817 -1.293580 -1.380054
 -1.331735 -1.807775 -1.285054 -1.219672
 -1.278427 -1.773225 -1.274184 -1.301654
 -0.739102 -1.704960 -3.207290 -1.203267
 -1.371093 -1.719999 -1.245677 -1.275261
 -1.677290 -1.788663 -1.479188 -0.872001
 -0.903091 -2.082614 -1.483436 -1.413772
 -1.019395 -1.407592 -2.840262 -1.090512
 -1.204717 -1.672787 -1.238798 -1.501625
 -1.414221 -1.726954 -1.370279 -1.123857
 -1.496481 -1.964628 -0.854138 -1.559575
 -1.125195 -1.436238 -2.998330 -0.947472
 -1.462864 -1.707361 -1.227959 -1.223515
 -1.796649 -1.584573 -1.132867 -1.180900
 -0.903091 -2.082614 -1.483436 -1.413772
 -1.019395 -1.407592 -2.840262 -1.090512
 -1.204717 -1.672787 -1.238798 -1.501625
 -1.414221 -1.726954 -1.370279 -1.123857
 -1.496481 -1.964628 -0.854138 -1.559575
 -1.125195 -1.436238 -2.998330 -0.947472
 -1.462864 -1.707361 -1.227959 -1.223515
 -1.796649 -1.584573 -1.132867 -1.180900
 -1.081062 -1.982330 -1.469707 -1.227501
 -1.074539 -1.293921 -2.927426 -1.106191
 -1.316258 -1.110465 -1.547596 -1.662318
 -1.355408 -1.753994 -1.391424 -1.138323
 -1.308094 -1.681340 -1.342300 -1.264797
 -1.107696 -1.277943 -2.929852 -1.085698
 -1.562140 -1.920991 -1.540252 -0.845077
 -1.636533 -1.672184 -1.380927 -1.004673
 -1.081062 -1.982330 -1.469707 -1.227501
 -1.074539 -1.293921 -2.927426 -1.106191
 -1.316258 -1.110465 -1.547596 -1.662318
 -1.355408 -1.753994 -1.391424 -1.138323
 -1.308094 -1.681340 -1.342300 -1.264797
 -1.107696 -1.277943 -2.929852 -1.085698
 -1.562140 -1.920991 -1.540252 -0.845077
 -1.636533 -1.672184 -1.380927 -1.004673
 -1.080501 -1.913794 -1.320265 -1.402463
 -1.291844 -0.832312 -3.111153 -1.403870
 -1.267551 -1.563622 -1.264323 -1.484248
 -0.942443 -1.940231 -1.515348 -1.398680
 -1.324709 -1.512850 -1.389931 -1.328985
 -1.100553 -1.250273 -2.976527 -1.108914
 -1.457184 -1.610836 -1.236142 -1.284151
 -1.592734 -1.498772 -1.396990 -1.121206
 -1.080501 -1.913794 -1.320265 -1.402463
 -1.291844 -0.832312 -3.111153 -1.403870
 -1.267551 -1.563622 -1.264323 -1.484248
 -0.942443 -1.940231 -1.515348 -1.398680
 -1.324709 -1.512850 -1.389931 -1.328985
 -1.100553 -1.250273 -2.976527 -1.108914
 -1.457184 -1.610836 -1.236142 -1.284151
 -1.592734 -1.498772 -1.396990 -1.121206
 -0.993436 -1.945093 -1.401109 -1.425450
 -0.972058 -1.394317 -2.794335 -1.163028
 -1.210439 -1.605751 -1.251352 -1.536759
 -1.342138 -1.728538 -1.334113 -1.211408
 -1.502822 -1.587783 -1.527313 -1.032819
 -1.270540 -1.666816 -3.255612 -0.709448
 -1.366850 -1.612489 -1.262287 -1.336763
 -1.623529 -1.592786 -1.485867 -0.985817
 -0.993436 -1.945093 -1.401109 -1.425450
 -0.972058 -1.394317 -2.794335 -1.163028
 -1.210439 -1.605751 -1.251352 -1.536759
 -1.342138 -1.728538 -1.334113 -1.211408
 -1.502822 -1.587783 -1.527313 -1.032819
 -1.270540 -1.666816 -3.255612 -0.709448
 -1.366850 -1.612489 -1.262287 -1.336763
 -1.623529 -1.592786 -1.485867 -0.985817
 -0.945787 -1.950944 -1.454625 -1.443930
 -0.835927 -1.450356 -3.154467 -1.240016
 -1.205945 -1.566386 -1.332815 -1.478152
 -1.534576 -1.910812 -1.544037 -0.860441
 -1.201664 -1.571098 -1.475696 -1.336094
 -1.101139 -1.381540 -3.175533 -0.982045
 -1.312711 -1.567735 -1.330606 -1.354500
 -1.726827 -1.122304 -1.613649 -1.212463
 -0.945787 -1.950944 -1.454625 -1.443930
 -0.835927 -1.450356 -3.154467 -1.240016
 -1.205945 -1.566386 -1.332815 -1.478152
 -1.534576 -1.910812 -1.544037 -0.860441
 -1.201664 -1.571098 -1.475696 -1.336094
 -1.101139 -1.381540 -3.175533 -0.982045
 -1.312711 -1.567735 -1.330606 -1.354500
 -1.726827 -1.122304 -1.613649 -1.212463
 -0.923170 -2.016347 -1.347198 -1.562393
 -1.070673 -1.233244 -2.909337 -1.166792
 -1.171810 -1.638760 -1.278190 -1.525867
 -1.340421 -1.844326 -1.252052 -1.223444
 -1.083177 -1.795861 -1.352884 -1.439680
 -1.429120 -0.837088 -3.096735 -1.264734
 -1.385920 -1.704000 -1.252950 -1.264816
 -1.715636 -1.732354 -1.483112 -0.876222
 -0.923170 -2.016347 -1.347198 -1.562393
 -1.070673 -1.233244 -2.909337 -1.166792
 -1.171810 -1.638760 -1.278190 -1.525867
 -1.340421 -1.844326 -1.252052 -1.223444
 -1.083177 -1.795861 -1.352884 -1.439680
 -1.429120 -0.837088 -3.096735 -1.264734
 -1.385920 -1.704000 -1.252950 -1.264816
 -1.715636 -1.732354 -1.483112 -0.876222
 -0.822182 -2.137326 -1.409188 -1.618394
 -0.918044 -1.424493 -2.725718 -1.222235
 -1.155555 -1.749792 -1.233776 -1.513599
 -1.317569 -1.942909 -1.236735 -1.208660
 -1.130506 -1.894135 -1.263244 -1.410808
 -1.233990 -1.105198 -2.695008 -1.170589
 -1.244072 -1.747308 -1.202656 -1.439045
 -1.715372 -1.821231 -1.370607 -0.905539
 -0.822182 -2.137326 -1.409188 -1.618394
 -0.918044 -1.424493 -2.725718 -1.222235
 -1.155555 -1.749792 -1.233776 -1.513599
 -1.317569 -1.942909 -1.236735 -1.208660
 -1.130506 -1.894135 -1.263244 -1.410808
 -1.233990 -1.105198 -2.695008 -1.170589
 -1.244072 -1.747308 -1.202656 -1.439045
 -1.715372 -1.821231 -1.370607 -0.905539
 -0.778382 -2.320087 -1.557947 -1.460936
 -0.880752 -1.772284 -2.636463 -1.067200
 -1.006613 -1.909997 -1.389937 -1.438119
 -1.215580 -1.997124 -1.226640 -1.292948
 -1.135240 -2.009385 -1.284217 -1.317827
 -0.917860 -1.788107 -2.069558 -1.180552
 -1.202636 -1.964923 -1.381060 -1.177267
 -1.700759 -1.992097 -1.310000 -0.888613
 -0.778382 -2.320087 -1.557947 -1.460936
 -0.880752 -1.772284 -2.636463 -1.067200
 -1.006613 -1.909997 -1.389937 -1.438119
 -1.215580 -1.997124 -1.226640 -1.292948
 -1.135240 -2.009385 -1.284217 -1.317827
 -0.917860 -1.788107 -2.069558 -1.180552
 -1.202636 -1.964923 -1.381060 -1.177267
 -1.700759 -1.992097 -1.310000 -0.888613
 -0.471977 -18.092594 -0.977549 -18.092594
 -0.185441 -17.010094 -1.776306 -17.010094
 -0.634069 -17.662035 -0.755936 -17.662035
 -0.797556 -17.707739 -0.598616 -17.707739
 -0.636102 -17.712013 -0.753645 -17.712013
 -0.142288 -17.017445 -2.020206 -17.017445
 -0.521464 -17.360807 -0.900542 -17.360807
 -0.625414 -17.852402 -0.765803 -17.852402
 -0.471977 -18.092594 -0.977549 -18.092594
 -0.185441 -17.010094 -1.776306 -17.010094
 -0.634069 -17.662035 -0.755936 -17.662035
 -0.797556 -17.707739 -0.598616 -17.707739
 -0.636102 -17.712013 -0.753645 -17.712013
 -0.142288 -17.017445 -2.020206 -17.017445
 -0.521464 -17.360807 -0.900542 -17.360807
 -0.625414 -17.852402 -0.765803 -17.852402
 -1.229496 -1.886297 -1.229496 -1.333748
 -1.386294 -1.386294 -1.386294 -1.386294
 -1.387453 -1.386063 -1.250276 -1.542687
 -1.386294 -1.386294 -1.386294 -1.386294
 -1.463009 -1.782439 -1.065850 -1.363363
 -1.386294 -1.386294 -1.386294 -1.386294
 -1.530550 -1.510195 -1.328495 -1.211196
 -1.386294 -1.386294 -1.386294 -1.386294
 -1.229496 -1.886297 -1.229496 -1.333748
 -1.386294 -1.386294 -1.386294 -1.386294
 -1.387453 -1.386063 -1.250276 -1.542687
 -1.386294 -1.386294 -1.386294 -1.386294
 -1.463009 -1.782439 -1.065850 -1.363363
 -1.386294 -1.386294 -1.386294 -1.386294
 -1.530550 -1.510195 -1.328495 -1.211196
 -1.386294 -1.386294 -1.386294 -1.386294
 -18.320749 -18.320749 -18.320749 0.000000
 -18.041615 -18.041615 -18.041615 -0.000000
 -18.490299 -18.490299 -18.490299 0.000000
 -18.329004 -18.329004 -18.329004 0.000000
 -1.386294 -1.386294 -1.386294 -1.386294
 -1.386294 -1.386294 -1.386294 -1.386294
 -1.386294 -1.386294 -1.386294 -1.386294
 -1.386294 -1.386294 -1.386294 -1.386294
 -18.320749 -18.320749 -18.320749 0.000000
 -18.041615 -18.041615 -18.041615 -0.000000
 -18.490299 -18.490299 -18.490299 0.000000
 -18.329004 -18.329004 -18.329004 0.000000
 -1.386294 -1.386294 -1.386294 -1.386294
 -1.386294 -1.386294 -1.386294 -1.386294
 -1.386294 -1.386294 -1.386294 -1.386294
 -1.386294 -1.386294 -1.386294 -1.386294
 -1.386294 -1.386294 -1.386294 -1.386294
 -1.386294 -1.386294 -1.386294 -1.386294
 -1.386294 -1.386294 -1.386294 -1.386294
 0.000000 -19.102261 -19.102261 -19.102261
 -1.386294 -1.386294 -1.386294 -1.386294
 -1.386294 -1.386294 -1.386294 -1.386294
 -1.386294 -1.386294 -1.386294 -1.386294
 0.000000 -18.888744 -18.888744 -18.888744
 -1.386294 -1.386294 -1.386294 -1.386294
 -1.386294 -1.386294 -1.386294 -1.386294
 -1.386294 -1.386294 -1.386294 -1.386294
 0.000000 -19.102261 -19.102261 -19.102261
 -1.386294 -1.386294 -1.386294 -1.386294
 -1.386294 -1.386294 -1.386294 -1.386294
 -1.386294 -1.386294 -1.386294 -1.386294
 0.000000 -18.888744 -18.888744 -18.888744
 -1.386294 -1.386294 -1.386294 -1.386294
 -1.386294 -1.386294 -1.386294 -1.386294
 -1.386294 -1.386294 -1.386294 -1.386294
 -1.386294 -1.386294 -1.386294 -1.386294
 -19.694338 -19.694338 0.000000 -19.694338
 -1.386294 -1.386294 -1.386294 -1.386294
 -1.386294 -1.386294 -1.386294 -1.386294
 -1.386294 -1.386294 -1.386294 -1.386294
 -1.386294 -1.386294 -1.386294 -1.386294
 -1.386294 -1.386294 -1.386294 -1.386294
 -1.386294 -1.386294 -1.386294 -1.386294
 -1.386294 -1.386294 -1.386294 -1.386294
 -19.694338 -19.694338 0.000000 -19.694338
 -1.386294 -1.386294 -1.386294 -1.386294
 -1.386294 -1.386294 -1.386294 -1.386294
 -1.386294 -1.386294 -1.386294 -1.386294
 -1.386294 -1.386294 -1.386294 -1.386294
 -1.386294 -1.386294 -1.386294 -1.386294
 -1.182629 -1.439004 -1.445870 -1.510393
 -1.386294 -1.386294 -1.386294 -1.386294
 -1.386294 -1.386294 -1.386294 -1.386294
 -1.386294 -1.386294 -1.386294 -1.386294
 -1.386294 -1.386294 -1.386294 -1.386294
 -1.386294 -1.386294 -1.386294 -1.386294
 -1.386294 -1.386294 -1.386294 -1.386294
 -1.386294 -1.386294 -1.386294 -1.386294
 -1.182629 -1.439004 -1.445870 -1.510393
 -1.386294 -1.386294 -1.386294 -1.386294
 -1.386294 -1.386294 -1.386294 -1.386294
 -1.386294 -1.386294 -1.386294 -1.386294
 -1.386294 -1.386294 -1.386294 -1.386294
 -1.386294 -1.386294 -1.386294 -1.386294
 -1.096150 -2.076615 -1.124977 -1.533258
 -1.354251 -1.332103 -3.104822 -0.836775
 -1.132317 -1.673580 -1.346014 -1.470265
 -1.443125 -1.764264 -1.307851 -1.132898
 -1.386294 -1.386294 -1.386294 -1.386294
 -1.386294 -1.386294 -1.386294 -1.386294
 -1.386294 -1.386294 -1.386294 -1.386294
 -1.386294 -1.386294 -1.386294 -1.386294
 -1.096150 -2.076615 -1.124977 -1.533258
 -1.354251 -1.332103 -3.104822 -0.836775
 -1.132317 -1.673580 -1.346014 -1.470265
 -1.443125 -1.764264 -1.307851 -1.132898
 -1.386294 -1.386294 -1.386294 -1.386294
 -1.386294 -1.386294 -1.386294 -1.386294
 -1.386294 -1.386294 -1.386294 -1.386294
 -1.386294 -1.386294 -1.386294 -1.386294
 -1.011366 -1.957431 -1.395278 -1.397180
 -0.922066 -1.510194 -2.556516 -1.191182
 -0.842438 -1.876511 -1.496364 -1.648833
 -1.305661 -1.849945 -1.184546 -1.324726
 -1.235393 -1.820805 -1.335297 -1.257711
 -0.865764 -1.691875 -2.224623 -1.248315
 -1.268600 -1.729311 -1.267186 -1.348053
 -1.759920 -1.910025 -0.879630 -1.328296
 -1.011366 -1.957431 -1.395278 -1.397180
 -0.922066 -1.510194 -2.556516 -1.191182
 -0.842438 -1.876511 -1.496364 -1.648833
 -1.305661 -1.849945 -1.184546 -1.324726
 -1.235393 -1.820805 -1.335297 -1.257711
 -0.865764 -1.691875 -2.224623 -1.248315
 -1.268600 -1.729311 -1.267186 -1.348053
 -1.759920 -1.910025 -0.879630 -1.328296
