 -2.849285 0.000100 0.000100 0.000100
 -2.944807 0.000100 0.000100 0.000100
 -3.183218 0.000100 0.000100 0.000100
 -2.881580 0.000100 0.000100 0.000100
 -2.885966 0.000100 0.000100 0.000100
 -2.496006 0.000100 0.000100 0.000100
 -3.111861 0.000100 0.000100 0.000100
 -2.213919 0.000100 0.000100 0.000100
 -2.849285 0.000100 0.000100 0.000100
 -2.944807 0.000100 0.000100 0.000100
 -3.183218 0.000100 0.000100 0.000100
 -2.881580 0.000100 0.000100 0.000100
 -2.885966 0.000100 0.000100 0.000100
 -2.496006 0.000100 0.000100 0.000100
 -3.111861 0.000100 0.000100 0.000100
 -2.213919 0.000100 0.000100 0.000100
 -1.328665 -1.320697 -1.646119 -1.289445
 -1.360976 -1.163617 -2.627467 -1.024505
 -1.603538 -1.140915 -1.380395 -1.479240
 -1.499710 -1.592084 -1.362509 -1.147950
 -1.316276 -1.308113 -1.689480 -1.284016
 -1.398270 -1.167924 -3.252159 -0.908140
 -0.974422 -1.550597 -1.887069 -1.351108
 -2.030170 -1.258955 -1.464468 -1.039772
 -1.328665 -1.320697 -1.646119 -1.289445
 -1.360976 -1.163617 -2.627467 -1.024505
 -1.603538 -1.140915 -1.380395 -1.479240
 -1.499710 -1.592084 -1.362509 -1.147950
 -1.316276 -1.308113 -1.689480 -1.284016
 -1.398270 -1.167924 -3.252159 -0.908140
 -0.974422 -1.550597 -1.887069 -1.351108
 -2.030170 -1.258955 -1.464468 -1.039772
 -1.422334 -1.186429 -1.706963 -1.301498
 -1.540445 -1.055765 -2.981998 -0.949081
 -1.675035 -1.117844 -1.641698 -1.230784
 -1.766324 -1.461664 -1.320586 -1.108024
 -1.135654 -1.531729 -1.773741 -1.227824
 -1.472646 -1.188134 -3.490715 -0.831459
 -1.049822 -1.636106 -1.879727 -1.195239
 -1.973403 -1.309124 -1.457711 -1.026686
 -1.422334 -1.186429 -1.706963 -1.301498
 -1.540445 -1.055765 -2.981998 -0.949081
 -1.675035 -1.117844 -1.641698 -1.230784
 -1.766324 -1.461664 -1.320586 -1.108024
 -1.135654 -1.531729 -1.773741 -1.227824
 -1.472646 -1.188134 -3.490715 -0.831459
 -1.049822 -1.636106 -1.879727 -1.195239
 -1.973403 -1.309124 -1.457711 -1.026686
 -1.412727 -1.218572 -1.700409 -1.279196
 -1.429885 -1.082161 -2.786906 -1.021125
 -1.701245 -1.141630 -1.663505 -1.175153
 -1.720663 -1.401141 -1.258040 -1.236061
 -1.384060 -1.315067 -1.720532 -1.197284
 -1.579837 -1.073187 -3.083912 -0.900677
 -1.090382 -1.617736 -1.751268 -1.230964
 -2.068700 -1.293540 -1.346077 -1.081481
 -1.412727 -1.218572 -1.700409 -1.279196
 -1.429885 -1.082161 -2.786906 -1.021125
 -1.701245 -1.141630 -1.663505 -1.175153
 -1.720663 -1.401141 -1.258040 -1.236061
 -1.384060 -1.315067 -1.720532 -1.197284
 -1.579837 -1.073187 -3.083912 -0.900677
 -1.090382 -1.617736 -1.751268 -1.230964
 -2.068700 -1.293540 -1.346077 -1.081481
 -1.486642 -1.215768 -1.812064 -1.158139
 -1.505271 -1.110617 -2.993345 -0.919877
 -1.854164 -1.281646 -1.418847 -1.127496
 -1.807195 -1.442552 -1.288402 -1.127471
 -1.242746 -1.507439 -1.758753 -1.146732
 -1.494166 -1.199115 -3.222865 -0.834105
 -1.197847 -1.551256 -1.995506 -1.049164
 -2.106840 -1.312508 -1.456253 -0.977831
 -1.486642 -1.215768 -1.812064 -1.158139
 -1.505271 -1.110617 -2.993345 -0.919877
 -1.854164 -1.281646 -1.418847 -1.127496
 -1.807195 -1.442552 -1.288402 -1.127471
 -1.242746 -1.507439 -1.758753 -1.146732
 -1.494166 -1.199115 -3.222865 -0.834105
 -1.197847 -1.551256 -1.995506 -1.049164
 -2.106840 -1.312508 -1.456253 -0.977831
 -1.522003 -1.078511 -1.833216 -1.266821
 -1.576398 -0.961213 -2.913898 -1.031171
 -1.662885 -0.989542 -1.662885 -1.390019
 -2.075527 -1.649443 -1.140661 -1.014055
 -1.620737 -1.310583 -1.754268 -1.022901
 -1.438179 -1.112757 -3.200779 -0.933289
 -1.214444 -1.450833 -1.925290 -1.130361
 -2.156074 -1.326635 -1.402824 -0.986309
 -1.522003 -1.078511 -1.833216 -1.266821
 -1.576398 -0.961213 -2.913898 -1.031171
 -1.662885 -0.989542 -1.662885 -1.390019
 -2.075527 -1.649443 -1.140661 -1.014055
 -1.620737 -1.310583 -1.754268 -1.022901
 -1.438179 -1.112757 -3.200779 -0.933289
 -1.214444 -1.450833 -1.925290 -1.130361
 -2.156074 -1.326635 -1.402824 -0.986309
 -1.636345 -1.116470 -1.913976 -1.107502
 -1.521113 -1.014421 -2.917768 -1.008229
 -1.725198 -1.165583 -1.335001 -1.398515
 -2.146580 -1.373391 -1.323381 -1.011601
 -1.588531 -1.266948 -1.976901 -0.979266
 -1.737763 -1.184763 -2.941734 -0.764656
 -1.510722 -1.362302 -1.759183 -1.046988
 -2.479748 -1.204318 -1.536660 -0.913193
 -1.636345 -1.116470 -1.913976 -1.107502
 -1.521113 -1.014421 -2.917768 -1.008229
 -1.725198 -1.165583 -1.335001 -1.398515
 -2.146580 -1.373391 -1.323381 -1.011601
 -1.588531 -1.266948 -1.976901 -0.979266
 -1.737763 -1.184763 -2.941734 -0.764656
 -1.510722 -1.362302 -1.759183 -1.046988
 -2.479748 -1.204318 -1.536660 -0.913193
 -1.742488 -1.059003 -1.781708 -1.171944
 -1.583825 -1.019296 -3.216515 -0.931740
 -1.700787 -1.029620 -1.617406 -1.339774
 -1.964372 -1.507131 -1.394458 -0.940984
 -1.587579 -1.200297 -2.130443 -0.978990
 -1.771809 -1.067612 -3.458204 -0.788206
 -1.713671 -1.594324 -1.727855 -0.823060
 -2.663843 -1.250882 -1.588012 -0.821580
 -1.742488 -1.059003 -1.781708 -1.171944
 -1.583825 -1.019296 -3.216515 -0.931740
 -1.700787 -1.029620 -1.617406 -1.339774
 -1.964372 -1.507131 -1.394458 -0.940984
 -1.587579 -1.200297 -2.130443 -0.978990
 -1.771809 -1.067612 -3.458204 -0.788206
 -1.713671 -1.594324 -1.727855 -0.823060
 -2.663843 -1.250882 -1.588012 -0.821580
 -1.382188 -1.288369 -1.755391 -1.202602
 -1.834546 -0.889175 -2.900894 -0.982576
 -1.834931 -1.202409 -1.511144 -1.141785
 -2.317687 -1.436799 -1.155897 -1.052579
 -1.665791 -1.172510 -2.316377 -0.909465
 -1.849409 -1.079722 -3.148690 -0.776374
 -1.799664 -1.206601 -2.030775 -0.905847
 -2.648367 -1.286171 -1.526225 -0.831142
 -1.382188 -1.288369 -1.755391 -1.202602
 -1.834546 -0.889175 -2.900894 -0.982576
 -1.834931 -1.202409 -1.511144 -1.141785
 -2.317687 -1.436799 -1.155897 -1.052579
 -1.665791 -1.172510 -2.316377 -0.909465
 -1.849409 -1.079722 -3.148690 -0.776374
 -1.799664 -1.206601 -2.030775 -0.905847
 -2.648367 -1.286171 -1.526225 -0.831142
 -1.512927 -1.330606 -2.092744 -0.936314
 -1.873199 -0.990184 -2.936090 -0.863254
 -2.120261 -1.213543 -1.403586 -1.087249
 -2.065957 -1.399962 -1.381780 -0.979322
 -1.906451 -1.311744 -2.281143 -0.734228
 -2.146328 -1.047716 -2.930908 -0.736053
 -2.128231 -1.291378 -1.658228 -0.878070
 -2.533200 -1.239616 -1.548473 -0.871012
 -1.512927 -1.330606 -2.092744 -0.936314
 -1.873199 -0.990184 -2.936090 -0.863254
 -2.120261 -1.213543 -1.403586 -1.087249
 -2.065957 -1.399962 -1.381780 -0.979322
 -1.906451 -1.311744 -2.281143 -0.734228
 -2.146328 -1.047716 -2.930908 -0.736053
 -2.128231 -1.291378 -1.658228 -0.878070
 -2.533200 -1.239616 -1.548473 -0.871012
 -1.632694 -1.000173 -2.451001 -1.048182
 -1.936749 -0.927085 -2.953679 -0.896549
 -2.261760 -0.926763 -1.568616 -1.232144
 -2.272731 -1.368276 -1.368276 -0.947063
 -1.625698 -1.282225 -2.558516 -0.802099
 -2.121373 -1.028954 -3.165917 -0.732768
 -2.311843 -1.277254 -1.853536 -0.764777
 -2.796156 -1.268958 -1.621559 -0.776005
 -1.632694 -1.000173 -2.451001 -1.048182
 -1.936749 -0.927085 -2.953679 -0.896549
 -2.261760 -0.926763 -1.568616 -1.232144
 -2.272731 -1.368276 -1.368276 -0.947063
 -1.625698 -1.282225 -2.558516 -0.802099
 -2.121373 -1.028954 -3.165917 -0.732768
 -2.311843 -1.277254 -1.853536 -0.764777
 -2.796156 -1.268958 -1.621559 -0.776005
 -1.566087 -1.324926 -2.577682 -0.799916
 -1.978123 -0.922072 -2.804799 -0.907683
 -2.100058 -0.879560 -1.589235 -1.352847
 -2.543348 -1.274839 -1.381937 -0.939484
 -2.030988 -1.187560 -2.646171 -0.707434
 -2.366045 -0.971168 -3.094282 -0.729395
 -2.144760 -1.338285 -1.837276 -0.773581
 -2.716348 -1.227539 -1.656351 -0.798424
 -1.566087 -1.324926 -2.577682 -0.799916
 -1.978123 -0.922072 -2.804799 -0.907683
 -2.100058 -0.879560 -1.589235 -1.352847
 -2.543348 -1.274839 -1.381937 -0.939484
 -2.030988 -1.187560 -2.646171 -0.707434
 -2.366045 -0.971168 -3.094282 -0.729395
 -2.144760 -1.338285 -1.837276 -0.773581
 -2.716348 -1.227539 -1.656351 -0.798424
 -1.708377 -1.289668 -2.981332 -0.707747
 -2.241373 -0.919619 -3.404516 -0.772637
 -1.923093 -1.178656 -1.535329 -1.106335
 -2.696874 -1.643727 -1.277793 -0.775065
 -2.189530 -1.162379 -3.359594 -0.615187
 -2.414921 -1.039800 -3.448992 -0.643743
 -2.772586 -1.297741 -2.098133 -0.613105
 -2.888175 -1.134410 -1.940795 -0.735802
 -1.708377 -1.289668 -2.981332 -0.707747
 -2.241373 -0.919619 -3.404516 -0.772637
 -1.923093 -1.178656 -1.535329 -1.106335
 -2.696874 -1.643727 -1.277793 -0.775065
 -2.189530 -1.162379 -3.359594 -0.615187
 -2.414921 -1.039800 -3.448992 -0.643743
 -2.772586 -1.297741 -2.098133 -0.613105
 -2.888175 -1.134410 -1.940795 -0.735802
 -1.609437 -1.272966 -2.813398 -0.776531
 -2.013098 -0.844895 -3.321424 -0.914488
 -3.476069 -0.790523 -1.630271 -1.140725
 -2.573229 -1.221304 -1.549420 -0.875881
 -2.293849 -1.098613 -4.736150 -0.585159
 -2.354877 -0.784072 -3.443016 -0.875669
 -2.228081 -1.055363 -2.084981 -0.867764
 -2.853723 -1.028441 -1.736349 -0.894910
 -1.609437 -1.272966 -2.813398 -0.776531
 -2.013098 -0.844895 -3.321424 -0.914488
 -3.476069 -0.790523 -1.630271 -1.140725
 -2.573229 -1.221304 -1.549420 -0.875881
 -2.293849 -1.098613 -4.736150 -0.585159
 -2.354877 -0.784072 -3.443016 -0.875669
 -2.228081 -1.055363 -2.084981 -0.867764
 -2.853723 -1.028441 -1.736349 -0.894910
 -13.652996 -13.652996 -13.652996 -0.000004
 -14.823470 -14.823470 -14.823470 -0.000001
 -13.487012 -13.487012 -13.487012 -0.000004
 -15.085272 -15.085272 -15.085272 -0.000001
 -14.759418 -14.759418 -14.759418 -0.000001
 -16.353168 -16.353168 -16.353168 -0.000000
 -15.236207 -15.236207 -15.236207 -0.000001
 -16.421160 -16.421160 -16.421160 -0.000000
 -13.652996 -13.652996 -13.652996 -0.000004
 -14.823470 -14.823470 -14.823470 -0.000001
 -13.487012 -13.487012 -13.487012 -0.000004
 -15.085272 -15.085272 -15.085272 -0.000001
 -14.759418 -14.759418 -14.759418 -0.000001
 -16.353168 -16.353168 -16.353168 -0.000000
 -15.236207 -15.236207 -15.236207 -0.000001
 -16.421160 -16.421160 -16.421160 -0.000000
 -1.386294 -1.386294 -1.386294 -1.386294
 -1.386294 -1.386294 -1.386294 -1.386294
 -1.386294 -1.386294 -1.386294 -1.386294
 -2.641474 -1.181679 -1.537230 -0.898930
 -1.386294 -1.386294 -1.386294 -1.386294
 -1.386294 -1.386294 -1.386294 -1.386294
 -1.386294 -1.386294 -1.386294 -1.386294
 -2.938608 -0.996026 -1.705980 -0.926033
 -1.386294 -1.386294 -1.386294 -1.386294
 -1.386294 -1.386294 -1.386294 -1.386294
 -1.386294 -1.386294 -1.386294 -1.386294
 -2.641474 -1.181679 -1.537230 -0.898930
 -1.386294 -1.386294 -1.386294 -1.386294
 -1.386294 -1.386294 -1.386294 -1.386294
 -1.386294 -1.386294 -1.386294 -1.386294
 -2.938608 -0.996026 -1.705980 -0.926033
 -1.386294 -1.386294 -1.386294 -1.386294
 -1.386294 -1.386294 -1.386294 -1.386294
 -1.386294 -1.386294 -1.386294 -1.386294
 -1.386294 -1.386294 -1.386294 -1.386294
 -1.753538 -1.592270 -14.652760 -0.472605
 -2.697105 -1.163977 -3.848083 -0.512432
 -2.618437 -1.296682 -2.155153 -0.620342
 -2.621962 -1.233552 -2.036061 -0.682124
 -1.386294 -1.386294 -1.386294 -1.386294
 -1.386294 -1.386294 -1.386294 -1.386294
 -1.386294 -1.386294 -1.386294 -1.386294
 -1.386294 -1.386294 -1.386294 -1.386294
 -1.753538 -1.592270 -14.652760 -0.472605
 -2.697105 -1.163977 -3.848083 -0.512432
 -2.618437 -1.296682 -2.155153 -0.620342
 -2.621962 -1.233552 -2.036061 -0.682124
 -1.163152 -1.197053 -4.564252 -0.980831
 -2.216870 -0.636422 -3.469624 -1.106425
 -2.542716 -0.851052 -1.397594 -1.397594
 -2.515901 -0.994689 -1.470535 -1.140782
 -1.443453 -1.155771 -14.585621 -0.800568
 -2.122423 -0.845502 -3.430753 -0.870948
 -2.315005 -1.098613 -1.708871 -0.949767
 -2.697468 -0.892637 -1.791759 -1.031749
 -1.163152 -1.197053 -4.564252 -0.980831
 -2.216870 -0.636422 -3.469624 -1.106425
 -2.542716 -0.851052 -1.397594 -1.397594
 -2.515901 -0.994689 -1.470535 -1.140782
 -1.443453 -1.155771 -14.585621 -0.800568
 -2.122423 -0.845502 -3.430753 -0.870948
 -2.315005 -1.098613 -1.708871 -0.949767
 -2.697468 -0.892637 -1.791759 -1.031749
 -1.221992 -1.192139 -4.718402 -0.934310
 -2.117180 -0.750306 -4.682083 -0.920932
 -2.595241 -0.803498 -1.639742 -1.260254
 -2.381956 -1.160744 -1.879866 -0.816973
 -1.492401 -1.081973 -5.696995 -0.837282
 -2.447243 -0.868931 -3.900227 -0.746904
 -2.578431 -1.184812 -1.787305 -0.796526
 -2.816605 -0.996367 -1.887069 -0.868793
 -1.221992 -1.192139 -4.718402 -0.934310
 -2.117180 -0.750306 -4.682083 -0.920932
 -2.595241 -0.803498 -1.639742 -1.260254
 -2.381956 -1.160744 -1.879866 -0.816973
 -1.492401 -1.081973 -5.696995 -0.837282
 -2.447243 -0.868931 -3.900227 -0.746904
 -2.578431 -1.184812 -1.787305 -0.796526
 -2.816605 -0.996367 -1.887069 -0.868793
 -0.700369 -0.744821 -3.548157 -14.144817
 -1.881785 -0.192975 -3.764504 -14.920769
 -2.197219 -0.310158 -1.860750 -13.710155
 -2.105149 -0.439017 -1.454562 -15.186692
 -0.822082 -0.593449 -4.820233 -14.723771
 -1.944304 -0.177190 -3.948030 -16.336428
 -1.685626 -0.469233 -1.665007 -14.767170
 -2.369744 -0.297966 -1.806862 -16.455282
 -0.700369 -0.744821 -3.548157 -14.144817
 -1.881785 -0.192975 -3.764504 -14.920769
 -2.197219 -0.310158 -1.860750 -13.710155
 -2.105149 -0.439017 -1.454562 -15.186692
 -0.822082 -0.593449 -4.820233 -14.723771
 -1.944304 -0.177190 -3.948030 -16.336428
 -1.685626 -0.469233 -1.665007 -14.767170
 -2.369744 -0.297966 -1.806862 -16.455282
 -14.674174 -14.674174 -14.674174 -0.000001
 -15.276449 -15.276449 -15.276449 -0.000001
 -13.444452 -13.444452 -13.444452 -0.000004
 -1.386294 -1.386294 -1.386294 -1.386294
 -15.209278 -15.209278 -15.209278 -0.000001
 -17.067822 -17.067822 -17.067822 -0.000000
 -15.076810 -15.076810 -15.076810 -0.000001
 -1.386294 -1.386294 -1.386294 -1.386294
 -14.674174 -14.674174 -14.674174 -0.000001
 -15.276449 -15.276449 -15.276449 -0.000001
 -13.444452 -13.444452 -13.444452 -0.000004
 -1.386294 -1.386294 -1.386294 -1.386294
 -15.209278 -15.209278 -15.209278 -0.000001
 -17.067822 -17.067822 -17.067822 -0.000000
 -15.076810 -15.076810 -15.076810 -0.000001
 -1.386294 -1.386294 -1.386294 -1.386294
 -1.386294 -1.386294 -1.386294 -1.386294
 -1.386294 -1.386294 -1.386294 -1.386294
 -1.386294 -1.386294 -1.386294 -1.386294
 -1.542017 -1.600991 -0.968031 -1.587070
 -1.386294 -1.386294 -1.386294 -1.386294
 -1.386294 -1.386294 -1.386294 -1.386294
 -1.386294 -1.386294 -1.386294 -1.386294
 -1.952564 -1.402337 -0.830095 -1.736925
 -1.386294 -1.386294 -1.386294 -1.386294
 -1.386294 -1.386294 -1.386294 -1.386294
 -1.386294 -1.386294 -1.386294 -1.386294
 -1.542017 -1.600991 -0.968031 -1.587070
 -1.386294 -1.386294 -1.386294 -1.386294
 -1.386294 -1.386294 -1.386294 -1.386294
 -1.386294 -1.386294 -1.386294 -1.386294
 -1.952564 -1.402337 -0.830095 -1.736925
 -1.386294 -1.386294 -1.386294 -1.386294
 -1.386294 -1.386294 -1.386294 -1.386294
 -1.386294 -1.386294 -1.386294 -1.386294
 -1.386294 -1.386294 -1.386294 -1.386294
 -15.694977 -0.000001 -15.694977 -15.694977
 -16.073099 -0.000000 -16.073099 -16.073099
 -16.659256 -0.000000 -16.659256 -16.659256
 -15.827744 -0.000000 -15.827744 -15.827744
 -1.386294 -1.386294 -1.386294 -1.386294
 -1.386294 -1.386294 -1.386294 -1.386294
 -1.386294 -1.386294 -1.386294 -1.386294
 -1.386294 -1.386294 -1.386294 -1.386294
 -15.694977 -0.000001 -15.694977 -15.694977
 -16.073099 -0.000000 -16.073099 -16.073099
 -16.659256 -0.000000 -16.659256 -16.659256
 -15.827744 -0.000000 -15.827744 -15.827744
 -1.386294 -1.386294 -1.386294 -1.386294
 0.000000 -16.982250 -16.982250 -16.982250
 -1.386294 -1.386294 -1.386294 -1.386294
 -1.386294 -1.386294 -1.386294 -1.386294
 -1.386294 -1.386294 -1.386294 -1.386294
 -0.000000 -16.651073 -16.651073 -16.651073
 -1.386294 -1.386294 -1.386294 -1.386294
 -1.386294 -1.386294 -1.386294 -1.386294
 -1.386294 -1.386294 -1.386294 -1.386294
 0.000000 -16.982250 -16.982250 -16.982250
 -1.386294 -1.386294 -1.386294 -1.386294
 -1.386294 -1.386294 -1.386294 -1.386294
 -1.386294 -1.386294 -1.386294 -1.386294
 -0.000000 -16.651073 -16.651073 -16.651073
 -1.386294 -1.386294 -1.386294 -1.386294
 -1.386294 -1.386294 -1.386294 -1.386294
 -1.386294 -1.386294 -1.386294 -1.386294
 -1.386294 -1.386294 -1.386294 -1.386294
 -1.386294 -1.386294 -1.386294 -1.386294
 -1.386294 -1.386294 -1.386294 -1.386294
 -17.523457 -17.523457 -0.000000 -17.523457
 -1.386294 -1.386294 -1.386294 -1.386294
 -1.386294 -1.386294 -1.386294 -1.386294
 -1.386294 -1.386294 -1.386294 -1.386294
 -1.386294 -1.386294 -1.386294 -1.386294
 -1.386294 -1.386294 -1.386294 -1.386294
 -1.386294 -1.386294 -1.386294 -1.386294
 -1.386294 -1.386294 -1.386294 -1.386294
 -17.523457 -17.523457 -0.000000 -17.523457
 -1.386294 -1.386294 -1.386294 -1.386294
 -1.386294 -1.386294 -1.386294 -1.386294
 -1.386294 -1.386294 -1.386294 -1.386294
 -1.386294 -1.386294 -1.386294 -1.386294
 -1.386294 -1.386294 -1.386294 -1.386294
 -1.377746 -1.845418 -0.735995 -2.199435
 -1.386294 -1.386294 -1.386294 -1.386294
 -1.386294 -1.386294 -1.386294 -1.386294
 -1.386294 -1.386294 -1.386294 -1.386294
 -1.386294 -1.386294 -1.386294 -1.386294
 -1.386294 -1.386294 -1.386294 -1.386294
 -1.386294 -1.386294 -1.386294 -1.386294
 -1.386294 -1.386294 -1.386294 -1.386294
 -1.377746 -1.845418 -0.735995 -2.199435
 -1.386294 -1.386294 -1.386294 -1.386294
 -1.386294 -1.386294 -1.386294 -1.386294
 -1.386294 -1.386294 -1.386294 -1.386294
 -1.386294 -1.386294 -1.386294 -1.386294
 -1.386294 -1.386294 -1.386294 -1.386294
 -1.434112 -1.677875 -1.593036 -0.989950
 -1.450419 -1.225952 -2.356824 -0.974637
 -1.380678 -1.679968 -1.534489 -1.059451
 -2.143389 -1.744234 -0.871936 -1.238485
 -1.386294 -1.386294 -1.386294 -1.386294
 -1.386294 -1.386294 -1.386294 -1.386294
 -1.386294 -1.386294 -1.386294 -1.386294
 -1.386294 -1.386294 -1.386294 -1.386294
 -1.434112 -1.677875 -1.593036 -0.989950
 -1.450419 -1.225952 -2.356824 -0.974637
 -1.380678 -1.679968 -1.534489 -1.059451
 -2.143389 -1.744234 -0.871936 -1.238485
 -1.386294 -1.386294 -1.386294 -1.386294
 -1.386294 -1.386294 -1.386294 -1.386294
 -1.386294 -1.386294 -1.386294 -1.386294
 -1.386294 -1.386294 -1.386294 -1.386294
 -1.141645 -1.813738 -1.323115 -1.380874
 -1.144619 -1.357924 -2.260324 -1.138985
 -1.263936 -1.280934 -1.617406 -1.421839
 -1.697222 -1.666763 -1.004075 -1.341063
 -1.386294 -1.190986 -1.852383 -1.240583
 -1.356881 -1.113651 -2.595251 -1.080128
 -1.443923 -1.394327 -1.258781 -1.461018
 -1.992429 -1.188058 -1.279865 -1.270296
 -1.141645 -1.813738 -1.323115 -1.380874
 -1.144619 -1.357924 -2.260324 -1.138985
 -1.263936 -1.280934 -1.617406 -1.421839
 -1.697222 -1.666763 -1.004075 -1.341063
 -1.386294 -1.190986 -1.852383 -1.240583
 -1.356881 -1.113651 -2.595251 -1.080128
 -1.443923 -1.394327 -1.258781 -1.461018
 -1.992429 -1.188058 -1.279865 -1.270296
 -2.831681 0.000100 0.000100 0.000100
 -2.792335 0.000100 0.000100 0.000100
 -2.329133 0.000100 0.000100 0.000100
 -2.920074 0.000100 0.000100 0.000100
 -2.956266 0.000100 0.000100 0.000100
 -2.825194 0.000100 0.000100 0.000100
 -3.143513 0.000100 0.000100 0.000100
 -2.602913 0.000100 0.000100 0.000100
 -2.831681 0.000100 0.000100 0.000100
 -2.792335 0.000100 0.000100 0.000100
 -2.329133 0.000100 0.000100 0.000100
 -2.920074 0.000100 0.000100 0.000100
 -2.956266 0.000100 0.000100 0.000100
 -2.825194 0.000100 0.000100 0.000100
 -3.143513 0.000100 0.000100 0.000100
 -2.602913 0.000100 0.000100 0.000100
 -1.039648 -1.720600 -1.350082 -1.569050
 -1.472263 -0.949689 -2.617395 -1.168798
 -1.873773 -0.758211 -1.511983 -1.848455
 -1.556369 -1.608254 -1.189077 -1.257514
 -1.359626 -1.492474 -1.317465 -1.383840
 -1.299642 -1.102932 -2.772587 -1.099691
 -1.558886 -1.452118 -1.103067 -1.497433
 -1.884829 -1.486968 -1.174780 -1.160910
 -1.039648 -1.720600 -1.350082 -1.569050
 -1.472263 -0.949689 -2.617395 -1.168798
 -1.873773 -0.758211 -1.511983 -1.848455
 -1.556369 -1.608254 -1.189077 -1.257514
 -1.359626 -1.492474 -1.317465 -1.383840
 -1.299642 -1.102932 -2.772587 -1.099691
 -1.558886 -1.452118 -1.103067 -1.497433
 -1.884829 -1.486968 -1.174780 -1.160910
 -1.137789 -1.594187 -1.430048 -1.439264
 -1.601275 -0.638908 -3.155361 -1.478985
 -1.344883 -1.265130 -1.482195 -1.469291
 -1.719468 -1.593054 -1.134839 -1.217190
 -1.434601 -1.547321 -1.389929 -1.204376
 -1.145647 -1.388098 -2.208094 -1.131582
 -1.217069 -1.480797 -1.428913 -1.440212
 -1.741789 -1.537694 -1.212272 -1.163481
 -1.137789 -1.594187 -1.430048 -1.439264
 -1.601275 -0.638908 -3.155361 -1.478985
 -1.344883 -1.265130 -1.482195 -1.469291
 -1.719468 -1.593054 -1.134839 -1.217190
 -1.434601 -1.547321 -1.389929 -1.204376
 -1.145647 -1.388098 -2.208094 -1.131582
 -1.217069 -1.480797 -1.428913 -1.440212
 -1.741789 -1.537694 -1.212272 -1.163481
 -1.235964 -1.884199 -1.100668 -1.492339
 -1.225000 -1.192210 -2.662586 -1.099837
 -1.191644 -1.387496 -1.354396 -1.668788
 -1.515585 -1.631417 -1.227903 -1.231817
 -1.317302 -1.676781 -1.256446 -1.345136
 -1.629017 -1.629017 -3.158118 -0.570488
 -1.066110 -1.733754 -1.306936 -1.568362
 -1.830178 -1.493706 -1.225863 -1.134535
 -1.235964 -1.884199 -1.100668 -1.492339
 -1.225000 -1.192210 -2.662586 -1.099837
 -1.191644 -1.387496 -1.354396 -1.668788
 -1.515585 -1.631417 -1.227903 -1.231817
 -1.317302 -1.676781 -1.256446 -1.345136
 -1.629017 -1.629017 -3.158118 -0.570488
 -1.066110 -1.733754 -1.306936 -1.568362
 -1.830178 -1.493706 -1.225863 -1.134535
 -1.315420 -1.963963 -0.966494 -1.556263
 -1.131848 -1.285999 -2.249065 -1.218441
 -1.321023 -1.236763 -1.324693 -1.731998
 -1.665552 -1.613252 -1.086002 -1.294220
 -1.299656 -1.603867 -1.243864 -1.435531
 -1.289285 -1.175282 -2.592347 -1.076001
 -1.590595 -1.526056 -1.230592 -1.249372
 -2.141847 -0.748006 -1.671212 -1.508536
 -1.315420 -1.963963 -0.966494 -1.556263
 -1.131848 -1.285999 -2.249065 -1.218441
 -1.321023 -1.236763 -1.324693 -1.731998
 -1.665552 -1.613252 -1.086002 -1.294220
 -1.299656 -1.603867 -1.243864 -1.435531
 -1.289285 -1.175282 -2.592347 -1.076001
 -1.590595 -1.526056 -1.230592 -1.249372
 -2.141847 -0.748006 -1.671212 -1.508536
 -1.192138 -1.902738 -1.227353 -1.369627
 -1.228878 -1.102437 -2.477301 -1.233235
 -0.955338 -1.643970 -1.451936 -1.671369
 -1.538437 -1.590321 -1.235423 -1.235423
 -1.282141 -1.584422 -1.277802 -1.431953
 -1.450926 -0.719928 -3.176663 -1.439126
 -1.400164 -1.512376 -1.330055 -1.314551
 -1.802570 -1.422795 -1.404378 -1.053927
 -1.192138 -1.902738 -1.227353 -1.369627
 -1.228878 -1.102437 -2.477301 -1.233235
 -0.955338 -1.643970 -1.451936 -1.671369
 -1.538437 -1.590321 -1.235423 -1.235423
 -1.282141 -1.584422 -1.277802 -1.431953
 -1.450926 -0.719928 -3.176663 -1.439126
 -1.400164 -1.512376 -1.330055 -1.314551
 -1.802570 -1.422795 -1.404378 -1.053927
 -1.311936 -1.765784 -1.386294 -1.172316
 -1.279782 -1.157977 -2.383588 -1.153400
 -1.321498 -1.435909 -1.222335 -1.605327
 -1.646546 -1.553455 -1.321462 -1.111623
 -1.387371 -1.587085 -1.110524 -1.530804
 -1.710123 -0.834984 -2.836793 -1.118830
 -1.445750 -1.445750 -1.253543 -1.413173
 -1.908293 -1.300117 -1.379650 -1.116267
 -1.311936 -1.765784 -1.386294 -1.172316
 -1.279782 -1.157977 -2.383588 -1.153400
 -1.321498 -1.435909 -1.222335 -1.605327
 -1.646546 -1.553455 -1.321462 -1.111623
 -1.387371 -1.587085 -1.110524 -1.530804
 -1.710123 -0.834984 -2.836793 -1.118830
 -1.445750 -1.445750 -1.253543 -1.413173
 -1.908293 -1.300117 -1.379650 -1.116267
 -1.154965 -1.899581 -1.099667 -1.597913
 -1.285901 -1.133099 -2.452831 -1.153549
 -1.338403 -1.367602 -1.219821 -1.672719
 -1.797299 -1.270601 -1.290482 -1.278506
 -1.510443 -1.645617 -1.116539 -1.351378
 -1.012352 -1.467589 -1.842579 -1.395344
 -1.497433 -1.510766 -1.153421 -1.427116
 -1.997633 -1.510025 -1.039602 -1.238411
 -1.154965 -1.899581 -1.099667 -1.597913
 -1.285901 -1.133099 -2.452831 -1.153549
 -1.338403 -1.367602 -1.219821 -1.672719
 -1.797299 -1.270601 -1.290482 -1.278506
 -1.510443 -1.645617 -1.116539 -1.351378
 -1.012352 -1.467589 -1.842579 -1.395344
 -1.497433 -1.510766 -1.153421 -1.427116
 -1.997633 -1.510025 -1.039602 -1.238411
 -1.114255 -1.717018 -1.349293 -1.457507
 -1.114160 -1.236763 -2.677660 -1.162310
 -1.237874 -1.415817 -1.469676 -1.438545
 -1.579507 -1.487700 -1.244868 -1.272777
 -1.089904 -1.694596 -1.367998 -1.489605
 -0.977820 -1.455546 -2.403334 -1.203370
 -0.781701 -1.763256 -1.701265 -1.669004
 -1.774623 -1.408767 -1.279454 -1.178244
 -1.114255 -1.717018 -1.349293 -1.457507
 -1.114160 -1.236763 -2.677660 -1.162310
 -1.237874 -1.415817 -1.469676 -1.438545
 -1.579507 -1.487700 -1.244868 -1.272777
 -1.089904 -1.694596 -1.367998 -1.489605
 -0.977820 -1.455546 -2.403334 -1.203370
 -0.781701 -1.763256 -1.701265 -1.669004
 -1.774623 -1.408767 -1.279454 -1.178244
 -1.474587 -2.146424 -0.695968 -1.860249
 -1.247083 -1.183095 -2.206124 -1.216712
 -1.476041 -1.434655 -1.059681 -1.678277
 -1.687521 -1.546442 -1.096373 -1.317003
 -1.530612 -1.586965 -1.079042 -1.430746
 -1.258675 -1.182413 -2.618896 -1.089012
 -1.721916 -1.240078 -1.404906 -1.249930
 -1.846703 -1.444949 -1.249700 -1.139763
 -1.474587 -2.146424 -0.695968 -1.860249
 -1.247083 -1.183095 -2.206124 -1.216712
 -1.476041 -1.434655 -1.059681 -1.678277
 -1.687521 -1.546442 -1.096373 -1.317003
 -1.530612 -1.586965 -1.079042 -1.430746
 -1.258675 -1.182413 -2.618896 -1.089012
 -1.721916 -1.240078 -1.404906 -1.249930
 -1.846703 -1.444949 -1.249700 -1.139763
 -1.362790 -1.647527 -1.155704 -1.440991
 -1.081242 -1.271715 -2.048631 -1.380056
 -1.466983 -1.919769 -1.637609 -0.847944
 -1.701773 -1.657037 -1.008626 -1.338583
 -1.446620 -1.660920 -1.204371 -1.291745
 -1.252763 -1.204311 -2.646174 -1.068670
 -1.417547 -1.523495 -1.284016 -1.336284
 -1.823508 -1.462006 -1.284064 -1.109084
 -1.362790 -1.647527 -1.155704 -1.440991
 -1.081242 -1.271715 -2.048631 -1.380056
 -1.466983 -1.919769 -1.637609 -0.847944
 -1.701773 -1.657037 -1.008626 -1.338583
 -1.446620 -1.660920 -1.204371 -1.291745
 -1.252763 -1.204311 -2.646174 -1.068670
 -1.417547 -1.523495 -1.284016 -1.336284
 -1.823508 -1.462006 -1.284064 -1.109084
 -1.227290 -1.906451 -1.179171 -1.383203
 -1.094489 -1.389053 -2.428666 -1.115279
 -1.279405 -1.463791 -1.314374 -1.505991
 -0.742550 -2.027995 -1.690693 -1.569688
 -1.368516 -1.455928 -1.485198 -1.252203
 -1.097557 -1.393714 -2.694415 -1.048164
 -1.645156 -1.113764 -1.349390 -1.517323
 -1.845827 -1.418383 -1.338340 -1.085540
 -1.227290 -1.906451 -1.179171 -1.383203
 -1.094489 -1.389053 -2.428666 -1.115279
 -1.279405 -1.463791 -1.314374 -1.505991
 -0.742550 -2.027995 -1.690693 -1.569688
 -1.368516 -1.455928 -1.485198 -1.252203
 -1.097557 -1.393714 -2.694415 -1.048164
 -1.645156 -1.113764 -1.349390 -1.517323
 -1.845827 -1.418383 -1.338340 -1.085540
 -1.349329 -1.658751 -1.097567 -1.530039
 -1.537335 -0.786124 -2.657925 -1.349593
 -1.484037 -1.572673 -1.114939 -1.436097
 -1.678036 -1.484925 -1.378589 -1.094202
 -1.888099 -2.001039 -0.614745 -1.756389
 -1.306252 -1.159454 -2.772587 -1.041261
 -1.700267 -1.429114 -1.129010 -1.368490
 -1.784451 -1.428748 -1.334675 -1.110913
 -1.349329 -1.658751 -1.097567 -1.530039
 -1.537335 -0.786124 -2.657925 -1.349593
 -1.484037 -1.572673 -1.114939 -1.436097
 -1.678036 -1.484925 -1.378589 -1.094202
 -1.888099 -2.001039 -0.614745 -1.756389
 -1.306252 -1.159454 -2.772587 -1.041261
 -1.700267 -1.429114 -1.129010 -1.368490
 -1.784451 -1.428748 -1.334675 -1.110913
 -1.159159 -1.453503 -1.351893 -1.641186
 -1.446919 -0.835512 -2.551361 -1.374058
 -1.940907 -0.691268 -1.704748 -1.750612
 -1.724421 -1.453434 -1.299283 -1.154452
 -1.685390 -1.377506 -1.418328 -1.138489
 -1.042460 -1.121281 -3.030822 -1.297274
 -1.754855 -0.927633 -1.601947 -1.469349
 -2.100736 -1.175217 -1.530767 -1.042670
 -1.159159 -1.453503 -1.351893 -1.641186
 -1.446919 -0.835512 -2.551361 -1.374058
 -1.940907 -0.691268 -1.704748 -1.750612
 -1.724421 -1.453434 -1.299283 -1.154452
 -1.685390 -1.377506 -1.418328 -1.138489
 -1.042460 -1.121281 -3.030822 -1.297274
 -1.754855 -0.927633 -1.601947 -1.469349
 -2.100736 -1.175217 -1.530767 -1.042670
 -15.819690 -15.819690 -15.819690 -0.000000
 -16.488970 -16.488970 -16.488970 -0.000000
 -15.923297 -15.923297 -15.923297 -0.000000
 -15.942552 -15.942552 -15.942552 -0.000000
 -15.993666 -15.993666 -15.993666 -0.000000
 -16.360258 -16.360258 -16.360258 -0.000000
 -15.625438 -15.625438 -15.625438 -0.000000
 -16.303745 -16.303745 -16.303745 -0.000000
 -15.819690 -15.819690 -15.819690 -0.000000
 -16.488970 -16.488970 -16.488970 -0.000000
 -15.923297 -15.923297 -15.923297 -0.000000
 -15.942552 -15.942552 -15.942552 -0.000000
 -15.993666 -15.993666 -15.993666 -0.000000
 -16.360258 -16.360258 -16.360258 -0.000000
 -15.625438 -15.625438 -15.625438 -0.000000
 -16.303745 -16.303745 -16.303745 -0.000000
 -1.386294 -1.386294 -1.386294 -1.386294
 -1.386294 -1.386294 -1.386294 -1.386294
 -1.386294 -1.386294 -1.386294 -1.386294
 -1.664541 -1.647417 -1.177838 -1.170435
 -1.386294 -1.386294 -1.386294 -1.386294
 -1.386294 -1.386294 -1.386294 -1.386294
 -1.386294 -1.386294 -1.386294 -1.386294
 -1.960493 -1.415677 -1.011653 -1.375028
 -1.386294 -1.386294 -1.386294 -1.386294
 -1.386294 -1.386294 -1.386294 -1.386294
 -1.386294 -1.386294 -1.386294 -1.386294
 -1.664541 -1.647417 -1.177838 -1.170435
 -1.386294 -1.386294 -1.386294 -1.386294
 -1.386294 -1.386294 -1.386294 -1.386294
 -1.386294 -1.386294 -1.386294 -1.386294
 -1.960493 -1.415677 -1.011653 -1.375028
 -1.386294 -1.386294 -1.386294 -1.386294
 -1.386294 -1.386294 -1.386294 -1.386294
 -1.386294 -1.386294 -1.386294 -1.386294
 -1.386294 -1.386294 -1.386294 -1.386294
 -1.253163 -1.671313 -1.310816 -1.359458
 -1.301768 -1.140724 -2.737694 -1.068153
 -1.530402 -1.741102 -0.885010 -1.632123
 -1.797346 -1.559190 -1.154461 -1.175295
 -1.386294 -1.386294 -1.386294 -1.386294
 -1.386294 -1.386294 -1.386294 -1.386294
 -1.386294 -1.386294 -1.386294 -1.386294
 -1.386294 -1.386294 -1.386294 -1.386294
 -1.253163 -1.671313 -1.310816 -1.359458
 -1.301768 -1.140724 -2.737694 -1.068153
 -1.530402 -1.741102 -0.885010 -1.632123
 -1.797346 -1.559190 -1.154461 -1.175295
 -1.131189 -2.114227 -0.928113 -1.824335
 -1.003819 -1.341843 -2.382390 -1.273575
 -1.533300 -2.191688 -0.609960 -2.047346
 -1.534146 -1.545196 -1.082161 -1.460038
 -1.343935 -1.713197 -1.114361 -1.466337
 -1.092695 -1.438056 -2.714001 -1.018798
 -1.870540 -0.912510 -1.366294 -1.663926
 -1.683242 -1.518810 -1.279196 -1.148866
 -1.131189 -2.114227 -0.928113 -1.824335
 -1.003819 -1.341843 -2.382390 -1.273575
 -1.533300 -2.191688 -0.609960 -2.047346
 -1.534146 -1.545196 -1.082161 -1.460038
 -1.343935 -1.713197 -1.114361 -1.466337
 -1.092695 -1.438056 -2.714001 -1.018798
 -1.870540 -0.912510 -1.366294 -1.663926
 -1.683242 -1.518810 -1.279196 -1.148866
 -1.026683 -1.795970 -1.321231 -1.565260
 -0.783349 -1.521753 -2.825158 -1.326146
 -0.730699 -1.849930 -1.534321 -1.927047
 -1.668591 -1.622781 -1.227316 -1.136126
 -1.445195 -1.653800 -1.191558 -1.312186
 -1.157040 -1.283889 -2.576364 -1.100885
 -1.470241 -1.602965 -1.225856 -1.289804
 -1.583042 -1.525884 -1.211769 -1.274569
 -1.026683 -1.795970 -1.321231 -1.565260
 -0.783349 -1.521753 -2.825158 -1.326146
 -0.730699 -1.849930 -1.534321 -1.927047
 -1.668591 -1.622781 -1.227316 -1.136126
 -1.445195 -1.653800 -1.191558 -1.312186
 -1.157040 -1.283889 -2.576364 -1.100885
 -1.470241 -1.602965 -1.225856 -1.289804
 -1.583042 -1.525884 -1.211769 -1.274569
 -1.295182 -0.659332 -1.565635 -16.550528
 -1.027786 -0.604172 -2.346798 -15.847599
 -1.282164 -0.770706 -1.347547 -16.248247
 -1.245730 -1.041635 -1.023342 -16.035801
 -1.438553 -0.741123 -1.251237 -16.099932
 -0.950977 -0.624828 -2.547426 -15.884902
 -1.366641 -0.725734 -1.342972 -15.694976
 -1.545626 -0.769643 -1.128113 -16.149595
 -1.295182 -0.659332 -1.565635 -16.550528
 -1.027786 -0.604172 -2.346798 -15.847599
 -1.282164 -0.770706 -1.347547 -16.248247
 -1.245730 -1.041635 -1.023342 -16.035801
 -1.438553 -0.741123 -1.251237 -16.099932
 -0.950977 -0.624828 -2.547426 -15.884902
 -1.366641 -0.725734 -1.342972 -15.694976
 -1.545626 -0.769643 -1.128113 -16.149595
 -16.247368 -16.247368 -16.247368 -0.000000
 -16.864309 -16.864309 -16.864309 -0.000000
 -16.185755 -16.185755 -16.185755 -0.000000
 -1.386294 -1.386294 -1.386294 -1.386294
 -16.180132 -16.180132 -16.180132 -0.000000
 -16.615229 -16.615229 -16.615229 -0.000000
 -15.894953 -15.894953 -15.894953 -0.000000
 -1.386294 -1.386294 -1.386294 -1.386294
 -16.247368 -16.247368 -16.247368 -0.000000
 -16.864309 -16.864309 -16.864309 -0.000000
 -16.185755 -16.185755 -16.185755 -0.000000
 -1.386294 -1.386294 -1.386294 -1.386294
 -16.180132 -16.180132 -16.180132 -0.000000
 -16.615229 -16.615229 -16.615229 -0.000000
 -15.894953 -15.894953 -15.894953 -0.000000
 -1.386294 -1.386294 -1.386294 -1.386294
 -1.386294 -1.386294 -1.386294 -1.386294
 -1.386294 -1.386294 -1.386294 -1.386294
 -1.386294 -1.386294 -1.386294 -1.386294
 -1.548005 -1.393194 -1.262635 -1.362033
 -1.386294 -1.386294 -1.386294 -1.386294
 -1.386294 -1.386294 -1.386294 -1.386294
 -1.386294 -1.386294 -1.386294 -1.386294
 -1.411387 -1.257705 -1.321556 -1.583920
 -1.386294 -1.386294 -1.386294 -1.386294
 -1.386294 -1.386294 -1.386294 -1.386294
 -1.386294 -1.386294 -1.386294 -1.386294
 -1.548005 -1.393194 -1.262635 -1.362033
 -1.386294 -1.386294 -1.386294 -1.386294
 -1.386294 -1.386294 -1.386294 -1.386294
 -1.386294 -1.386294 -1.386294 -1.386294
 -1.411387 -1.257705 -1.321556 -1.583920
 -1.386294 -1.386294 -1.386294 -1.386294
 -1.386294 -1.386294 -1.386294 -1.386294
 -1.386294 -1.386294 -1.386294 -1.386294
 -1.386294 -1.386294 -1.386294 -1.386294
 -16.695271 -0.000000 -16.695271 -16.695271
 -16.849501 0.000000 -16.849501 -16.849501
 -16.884958 0.000000 -16.884958 -16.884958
 -16.713079 -0.000000 -16.713079 -16.713079
 -1.386294 -1.386294 -1.386294 -1.386294
 -1.386294 -1.386294 -1.386294 -1.386294
 -1.386294 -1.386294 -1.386294 -1.386294
 -1.386294 -1.386294 -1.386294 -1.386294
 -16.695271 -0.000000 -16.695271 -16.695271
 -16.849501 0.000000 -16.849501 -16.849501
 -16.884958 0.000000 -16.884958 -16.884958
 -16.713079 -0.000000 -16.713079 -16.713079
 -1.386294 -1.386294 -1.386294 -1.386294
 0.000000 -17.487753 -17.487753 -17.487753
 -1.386294 -1.386294 -1.386294 -1.386294
 -1.386294 -1.386294 -1.386294 -1.386294
 -1.386294 -1.386294 -1.386294 -1.386294
 0.000000 -17.476763 -17.476763 -17.476763
 -1.386294 -1.386294 -1.386294 -1.386294
 -1.386294 -1.386294 -1.386294 -1.386294
 -1.386294 -1.386294 -1.386294 -1.386294
 0.000000 -17.487753 -17.487753 -17.487753
 -1.386294 -1.386294 -1.386294 -1.386294
 -1.386294 -1.386294 -1.386294 -1.386294
 -1.386294 -1.386294 -1.386294 -1.386294
 0.000000 -17.476763 -17.476763 -17.476763
 -1.386294 -1.386294 -1.386294 -1.386294
 -1.386294 -1.386294 -1.386294 -1.386294
 -1.386294 -1.386294 -1.386294 -1.386294
 -1.386294 -1.386294 -1.386294 -1.386294
 -1.386294 -1.386294 -1.386294 -1.386294
 -1.386294 -1.386294 -1.386294 -1.386294
 -18.175419 -18.175419 0.000000 -18.175419
 -1.386294 -1.386294 -1.386294 -1.386294
 -1.386294 -1.386294 -1.386294 -1.386294
 -1.386294 -1.386294 -1.386294 -1.386294
 -1.386294 -1.386294 -1.386294 -1.386294
 -1.386294 -1.386294 -1.386294 -1.386294
 -1.386294 -1.386294 -1.386294 -1.386294
 -1.386294 -1.386294 -1.386294 -1.386294
 -18.175419 -18.175419 0.000000 -18.175419
 -1.386294 -1.386294 -1.386294 -1.386294
 -1.386294 -1.386294 -1.386294 -1.386294
 -1.386294 -1.386294 -1.386294 -1.386294
 -1.386294 -1.386294 -1.386294 -1.386294
 -1.386294 -1.386294 -1.386294 -1.386294
 -1.411792 -1.413892 -1.259366 -1.472876
 -1.386294 -1.386294 -1.386294 -1.386294
 -1.386294 -1.386294 -1.386294 -1.386294
 -1.386294 -1.386294 -1.386294 -1.386294
 -1.386294 -1.386294 -1.386294 -1.386294
 -1.386294 -1.386294 -1.386294 -1.386294
 -1.386294 -1.386294 -1.386294 -1.386294
 -1.386294 -1.386294 -1.386294 -1.386294
 -1.411792 -1.413892 -1.259366 -1.472876
 -1.386294 -1.386294 -1.386294 -1.386294
 -1.386294 -1.386294 -1.386294 -1.386294
 -1.386294 -1.386294 -1.386294 -1.386294
 -1.386294 -1.386294 -1.386294 -1.386294
 -1.386294 -1.386294 -1.386294 -1.386294
 -1.173164 -1.819945 -1.239739 -1.430794
 -1.402719 -0.919185 -2.789012 -1.225037
 -1.557245 -1.112668 -1.621213 -1.335812
 -1.684060 -1.606099 -1.108696 -1.259755
 -1.386294 -1.386294 -1.386294 -1.386294
 -1.386294 -1.386294 -1.386294 -1.386294
 -1.386294 -1.386294 -1.386294 -1.386294
 -1.386294 -1.386294 -1.386294 -1.386294
 -1.173164 -1.819945 -1.239739 -1.430794
 -1.402719 -0.919185 -2.789012 -1.225037
 -1.557245 -1.112668 -1.621213 -1.335812
 -1.684060 -1.606099 -1.108696 -1.259755
 -1.386294 -1.386294 -1.386294 -1.386294
 -1.386294 -1.386294 -1.386294 -1.386294
 -1.386294 -1.386294 -1.386294 -1.386294
 -1.386294 -1.386294 -1.386294 -1.386294
 -1.078032 -1.793651 -1.297709 -1.513097
 -1.046117 -1.494975 -1.543337 -1.556942
 -1.208355 -1.456297 -1.418076 -1.487068
 -1.705229 -1.916538 -0.885519 -1.352265
 -1.423171 -1.716048 -1.274215 -1.205222
 -1.414389 -1.577773 -2.925845 -0.699423
 -1.074918 -1.909895 -1.290856 -1.445862
 -1.969596 -1.390047 -1.202102 -1.168408
 -1.078032 -1.793651 -1.297709 -1.513097
 -1.046117 -1.494975 -1.543337 -1.556942
 -1.208355 -1.456297 -1.418076 -1.487068
 -1.705229 -1.916538 -0.885519 -1.352265
 -1.423171 -1.716048 -1.274215 -1.205222
 -1.414389 -1.577773 -2.925845 -0.699423
 -1.074918 -1.909895 -1.290856 -1.445862
 -1.969596 -1.390047 -1.202102 -1.168408
