 -2.614263 0.000100 0.000100 0.000100
 -3.205627 0.000100 0.000100 0.000100
 -3.424746 0.000100 0.000100 0.000100
 -2.656201 0.000100 0.000100 0.000100
 -2.626841 0.000100 0.000100 0.000100
 -2.913921 0.000100 0.000100 0.000100
 -3.241756 0.000100 0.000100 0.000100
 -2.138694 0.000100 0.000100 0.000100
 -2.614263 0.000100 0.000100 0.000100
 -3.205627 0.000100 0.000100 0.000100
 -3.424746 0.000100 0.000100 0.000100
 -2.656201 0.000100 0.000100 0.000100
 -2.626841 0.000100 0.000100 0.000100
 -2.913921 0.000100 0.000100 0.000100
 -3.241756 0.000100 0.000100 0.000100
 -2.138694 0.000100 0.000100 0.000100
 -1.163151 -1.673976 -1.732817 -1.129440
 -1.259236 -1.419084 -3.657120 -0.802099
 -1.254773 -1.510120 -1.879866 -1.074802
 -1.481977 -1.879278 -1.473814 -0.938891
 -1.032154 -1.651919 -1.920908 -1.185459
 -1.176248 -1.393549 -3.463322 -0.886615
 -1.037005 -1.640000 -1.829242 -1.234536
 -1.495237 -1.673606 -1.722101 -0.892709
 -1.163151 -1.673976 -1.732817 -1.129440
 -1.259236 -1.419084 -3.657120 -0.802099
 -1.254773 -1.510120 -1.879866 -1.074802
 -1.481977 -1.879278 -1.473814 -0.938891
 -1.032154 -1.651919 -1.920908 -1.185459
 -1.176248 -1.393549 -3.463322 -0.886615
 -1.037005 -1.640000 -1.829242 -1.234536
 -1.495237 -1.673606 -1.722101 -0.892709
 -1.190105 -1.528975 -1.754221 -1.184135
 -1.303407 -1.532248 -3.478150 -0.730888
 -1.279431 -1.558144 -1.733348 -1.094860
 -1.397855 -1.926934 -1.594228 -0.905810
 -0.983302 -1.758969 -2.043073 -1.126783
 -1.031019 -1.436484 -3.576543 -0.973861
 -1.001813 -1.677260 -2.286323 -1.066352
 -1.486792 -1.654299 -1.690231 -0.920800
 -1.190105 -1.528975 -1.754221 -1.184135
 -1.303407 -1.532248 -3.478150 -0.730888
 -1.279431 -1.558144 -1.733348 -1.094860
 -1.397855 -1.926934 -1.594228 -0.905810
 -0.983302 -1.758969 -2.043073 -1.126783
 -1.031019 -1.436484 -3.576543 -0.973861
 -1.001813 -1.677260 -2.286323 -1.066352
 -1.486792 -1.654299 -1.690231 -0.920800
 -1.262722 -1.548283 -1.924518 -1.025663
 -1.149096 -1.317917 -3.218869 -0.979805
 -1.244566 -1.708871 -1.779489 -1.015725
 -1.523824 -1.721650 -1.403196 -1.028503
 -1.105642 -1.674560 -2.043324 -1.044084
 -1.308094 -1.524622 -3.262887 -0.747215
 -0.940556 -1.963181 -2.039166 -1.081634
 -1.695729 -1.689575 -1.683459 -0.806974
 -1.262722 -1.548283 -1.924518 -1.025663
 -1.149096 -1.317917 -3.218869 -0.979805
 -1.244566 -1.708871 -1.779489 -1.015725
 -1.523824 -1.721650 -1.403196 -1.028503
 -1.105642 -1.674560 -2.043324 -1.044084
 -1.308094 -1.524622 -3.262887 -0.747215
 -0.940556 -1.963181 -2.039166 -1.081634
 -1.695729 -1.689575 -1.683459 -0.806974
 -1.142978 -1.618916 -1.942143 -1.079920
 -1.282225 -1.419084 -2.792129 -0.869038
 -1.412270 -1.312186 -1.899972 -1.085874
 -1.469750 -1.730634 -1.492223 -0.999747
 -0.984202 -1.650681 -2.312736 -1.092570
 -1.227903 -1.526056 -3.035407 -0.817243
 -1.158853 -1.706287 -1.758473 -1.101694
 -1.655748 -1.655748 -1.697051 -0.832689
 -1.142978 -1.618916 -1.942143 -1.079920
 -1.282225 -1.419084 -2.792129 -0.869038
 -1.412270 -1.312186 -1.899972 -1.085874
 -1.469750 -1.730634 -1.492223 -0.999747
 -0.984202 -1.650681 -2.312736 -1.092570
 -1.227903 -1.526056 -3.035407 -0.817243
 -1.158853 -1.706287 -1.758473 -1.101694
 -1.655748 -1.655748 -1.697051 -0.832689
 -1.177681 -1.595885 -2.129401 -0.993252
 -1.241952 -1.380102 -2.778816 -0.922522
 -1.314836 -1.504077 -1.661706 -1.141172
 -1.344048 -1.947788 -1.450208 -1.015831
 -1.081518 -1.757858 -2.083280 -1.010644
 -1.402078 -1.384060 -3.463495 -0.750701
 -1.428597 -1.815712 -1.618353 -0.917772
 -1.775810 -1.525199 -1.612658 -0.882568
 -1.177681 -1.595885 -2.129401 -0.993252
 -1.241952 -1.380102 -2.778816 -0.922522
 -1.314836 -1.504077 -1.661706 -1.141172
 -1.344048 -1.947788 -1.450208 -1.015831
 -1.081518 -1.757858 -2.083280 -1.010644
 -1.402078 -1.384060 -3.463495 -0.750701
 -1.428597 -1.815712 -1.618353 -0.917772
 -1.775810 -1.525199 -1.612658 -0.882568
 -1.241227 -1.479076 -2.118155 -1.013713
 -1.459625 -1.299283 -2.860514 -0.826198
 -1.563501 -1.377784 -1.671131 -1.048602
 -1.697072 -1.774781 -1.400088 -0.914580
 -1.197328 -1.692819 -2.263363 -0.891598
 -1.474848 -1.438480 -3.161242 -0.710242
 -1.474096 -1.818192 -1.553085 -0.923564
 -2.051512 -1.634812 -1.518892 -0.781943
 -1.241227 -1.479076 -2.118155 -1.013713
 -1.459625 -1.299283 -2.860514 -0.826198
 -1.563501 -1.377784 -1.671131 -1.048602
 -1.697072 -1.774781 -1.400088 -0.914580
 -1.197328 -1.692819 -2.263363 -0.891598
 -1.474848 -1.438480 -3.161242 -0.710242
 -1.474096 -1.818192 -1.553085 -0.923564
 -2.051512 -1.634812 -1.518892 -0.781943
 -1.155488 -1.376725 -2.224021 -1.125411
 -1.298225 -1.383125 -3.187617 -0.832592
 -1.469291 -1.528714 -1.706962 -0.989719
 -1.815529 -1.717412 -1.379605 -0.901303
 -1.269064 -1.614425 -2.307571 -0.866554
 -1.688950 -1.375735 -3.159122 -0.653600
 -1.654961 -1.479512 -1.851075 -0.857825
 -2.127838 -1.736243 -1.615361 -0.681405
 -1.155488 -1.376725 -2.224021 -1.125411
 -1.298225 -1.383125 -3.187617 -0.832592
 -1.469291 -1.528714 -1.706962 -0.989719
 -1.815529 -1.717412 -1.379605 -0.901303
 -1.269064 -1.614425 -2.307571 -0.866554
 -1.688950 -1.375735 -3.159122 -0.653600
 -1.654961 -1.479512 -1.851075 -0.857825
 -2.127838 -1.736243 -1.615361 -0.681405
 -1.165865 -1.736409 -2.082154 -0.947952
 -1.597054 -1.328790 -3.063385 -0.721586
 -1.614828 -1.419084 -1.536867 -1.066864
 -1.966112 -1.735207 -1.442384 -0.804587
 -1.324317 -1.574258 -2.331120 -0.844744
 -1.682275 -1.276810 -3.091039 -0.714025
 -1.858898 -1.635755 -1.892800 -0.695749
 -2.102553 -1.694693 -1.718907 -0.663708
 -1.165865 -1.736409 -2.082154 -0.947952
 -1.597054 -1.328790 -3.063385 -0.721586
 -1.614828 -1.419084 -1.536867 -1.066864
 -1.966112 -1.735207 -1.442384 -0.804587
 -1.324317 -1.574258 -2.331120 -0.844744
 -1.682275 -1.276810 -3.091039 -0.714025
 -1.858898 -1.635755 -1.892800 -0.695749
 -2.102553 -1.694693 -1.718907 -0.663708
 -1.092303 -1.843719 -2.290004 -0.903713
 -1.651670 -1.239691 -2.810903 -0.779476
 -1.353859 -1.738270 -1.515127 -1.060873
 -1.786482 -1.829499 -1.442519 -0.830971
 -1.612137 -1.639536 -2.658103 -0.622898
 -1.776664 -1.316541 -3.557245 -0.626947
 -1.945909 -1.682095 -1.873150 -0.658707
 -2.227894 -1.694596 -1.812379 -0.606408
 -1.092303 -1.843719 -2.290004 -0.903713
 -1.651670 -1.239691 -2.810903 -0.779476
 -1.353859 -1.738270 -1.515127 -1.060873
 -1.786482 -1.829499 -1.442519 -0.830971
 -1.612137 -1.639536 -2.658103 -0.622898
 -1.776664 -1.316541 -3.557245 -0.626947
 -1.945909 -1.682095 -1.873150 -0.658707
 -2.227894 -1.694596 -1.812379 -0.606408
 -1.415282 -1.523916 -2.543744 -0.774978
 -1.515351 -1.364120 -2.922259 -0.753212
 -1.577689 -1.488077 -1.907929 -0.869039
 -1.889133 -1.712510 -1.514440 -0.801950
 -1.394502 -1.498642 -2.686483 -0.775464
 -1.769536 -1.296789 -3.102339 -0.670924
 -1.948653 -1.609438 -1.822359 -0.701401
 -2.200264 -1.578069 -1.678539 -0.700763
 -1.415282 -1.523916 -2.543744 -0.774978
 -1.515351 -1.364120 -2.922259 -0.753212
 -1.577689 -1.488077 -1.907929 -0.869039
 -1.889133 -1.712510 -1.514440 -0.801950
 -1.394502 -1.498642 -2.686483 -0.775464
 -1.769536 -1.296789 -3.102339 -0.670924
 -1.948653 -1.609438 -1.822359 -0.701401
 -2.200264 -1.578069 -1.678539 -0.700763
 -1.450010 -1.731861 -2.160855 -0.748130
 -1.633632 -1.071106 -3.579530 -0.834106
 -1.768769 -1.276294 -1.492516 -1.122144
 -1.734601 -1.616818 -1.423752 -0.956615
 -1.435619 -1.567547 -3.526352 -0.646142
 -1.908680 -1.192544 -3.144149 -0.682856
 -1.921812 -1.621708 -1.955713 -0.664300
 -2.274371 -1.600200 -1.713682 -0.663431
 -1.450010 -1.731861 -2.160855 -0.748130
 -1.633632 -1.071106 -3.579530 -0.834106
 -1.768769 -1.276294 -1.492516 -1.122144
 -1.734601 -1.616818 -1.423752 -0.956615
 -1.435619 -1.567547 -3.526352 -0.646142
 -1.908680 -1.192544 -3.144149 -0.682856
 -1.921812 -1.621708 -1.955713 -0.664300
 -2.274371 -1.600200 -1.713682 -0.663431
 -1.368903 -1.645155 -3.819890 -0.633556
 -1.601069 -1.501979 -3.074368 -0.635990
 -2.271328 -1.745238 -1.280934 -0.810932
 -1.813265 -1.928334 -1.291629 -0.875469
 -1.819616 -1.527706 -4.105379 -0.503527
 -1.893429 -1.237820 -3.402779 -0.642171
 -1.992429 -1.791759 -1.791759 -0.634307
 -2.308081 -1.614935 -1.599309 -0.693931
 -1.368903 -1.645155 -3.819890 -0.633556
 -1.601069 -1.501979 -3.074368 -0.635990
 -2.271328 -1.745238 -1.280934 -0.810932
 -1.813265 -1.928334 -1.291629 -0.875469
 -1.819616 -1.527706 -4.105379 -0.503527
 -1.893429 -1.237820 -3.402779 -0.642171
 -1.992429 -1.791759 -1.791759 -0.634307
 -2.308081 -1.614935 -1.599309 -0.693931
 -1.364788 -1.604017 -3.605480 -0.661060
 -2.132980 -1.362874 -3.272406 -0.531578
 -2.521267 -1.221992 -1.627455 -0.847299
 -2.203835 -1.773799 -1.989688 -0.539232
 -1.614978 -1.587579 -5.198448 -0.525669
 -2.045073 -1.156182 -4.046545 -0.619040
 -2.146830 -1.370687 -2.409193 -0.617436
 -2.539725 -1.382545 -1.865809 -0.662808
 -1.364788 -1.604017 -3.605480 -0.661060
 -2.132980 -1.362874 -3.272406 -0.531578
 -2.521267 -1.221992 -1.627455 -0.847299
 -2.203835 -1.773799 -1.989688 -0.539232
 -1.614978 -1.587579 -5.198448 -0.525669
 -2.045073 -1.156182 -4.046545 -0.619040
 -2.146830 -1.370687 -2.409193 -0.617436
 -2.539725 -1.382545 -1.865809 -0.662808
 -14.403299 -14.403299 -14.403299 -0.000002
 -14.759418 -14.759418 -14.759418 -0.000001
 -13.444452 -13.444452 -13.444452 -0.000004
 -15.602259 -15.602259 -15.602259 -0.000001
 -14.812461 -14.812461 -14.812461 -0.000001
 -15.719110 -15.719110 -15.719110 -0.000000
 -14.937189 -14.937189 -14.937189 -0.000001
 -16.504719 -16.504719 -16.504719 -0.000000
 -14.403299 -14.403299 -14.403299 -0.000002
 -14.759418 -14.759418 -14.759418 -0.000001
 -13.444452 -13.444452 -13.444452 -0.000004
 -15.602259 -15.602259 -15.602259 -0.000001
 -14.812461 -14.812461 -14.812461 -0.000001
 -15.719110 -15.719110 -15.719110 -0.000000
 -14.937189 -14.937189 -14.937189 -0.000001
 -16.504719 -16.504719 -16.504719 -0.000000
 -1.386294 -1.386294 -1.386294 -1.386294
 -1.386294 -1.386294 -1.386294 -1.386294
 -1.386294 -1.386294 -1.386294 -1.386294
 -15.928145 -15.928145 -15.928145 -0.000000
 -1.386294 -1.386294 -1.386294 -1.386294
 -1.386294 -1.386294 -1.386294 -1.386294
 -1.386294 -1.386294 -1.386294 -1.386294
 -17.215708 -17.215708 -17.215708 -0.000000
 -1.386294 -1.386294 -1.386294 -1.386294
 -1.386294 -1.386294 -1.386294 -1.386294
 -1.386294 -1.386294 -1.386294 -1.386294
 -15.928145 -15.928145 -15.928145 -0.000000
 -1.386294 -1.386294 -1.386294 -1.386294
 -1.386294 -1.386294 -1.386294 -1.386294
 -1.386294 -1.386294 -1.386294 -1.386294
 -17.215708 -17.215708 -17.215708 -0.000000
 -1.386294 -1.386294 -1.386294 -1.386294
 -1.386294 -1.386294 -1.386294 -1.386294
 -1.386294 -1.386294 -1.386294 -1.386294
 -1.386294 -1.386294 -1.386294 -1.386294
 -1.386294 -1.386294 -1.386294 -1.386294
 -1.386294 -1.386294 -1.386294 -1.386294
 -1.386294 -1.386294 -1.386294 -1.386294
 -2.162277 -1.403172 -1.597480 -0.828473
 -1.386294 -1.386294 -1.386294 -1.386294
 -1.386294 -1.386294 -1.386294 -1.386294
 -1.386294 -1.386294 -1.386294 -1.386294
 -1.386294 -1.386294 -1.386294 -1.386294
 -1.386294 -1.386294 -1.386294 -1.386294
 -1.386294 -1.386294 -1.386294 -1.386294
 -1.386294 -1.386294 -1.386294 -1.386294
 -2.162277 -1.403172 -1.597480 -0.828473
 -1.386294 -1.386294 -1.386294 -1.386294
 -1.386294 -1.386294 -1.386294 -1.386294
 -1.386294 -1.386294 -1.386294 -1.386294
 -1.386294 -1.386294 -1.386294 -1.386294
 -1.704748 -1.796315 -15.297116 -0.427293
 -2.476431 -1.273726 -4.899956 -0.464064
 -2.307766 -1.309238 -2.417464 -0.613701
 -1.907150 -1.201979 -2.112311 -0.844109
 -1.386294 -1.386294 -1.386294 -1.386294
 -1.386294 -1.386294 -1.386294 -1.386294
 -1.386294 -1.386294 -1.386294 -1.386294
 -1.386294 -1.386294 -1.386294 -1.386294
 -1.704748 -1.796315 -15.297116 -0.427293
 -2.476431 -1.273726 -4.899956 -0.464064
 -2.307766 -1.309238 -2.417464 -0.613701
 -1.907150 -1.201979 -2.112311 -0.844109
 -1.067262 -1.622258 -5.056149 -0.793567
 -1.710081 -1.098613 -4.543263 -0.744068
 -1.669155 -1.189585 -1.836208 -1.056054
 -2.516563 -1.555669 -1.877484 -0.588354
 -1.446155 -1.555853 -5.789861 -0.597004
 -1.811562 -1.098612 -4.000812 -0.723674
 -1.975037 -1.513693 -1.758814 -0.757368
 -2.059025 -1.143933 -1.829911 -0.932852
 -1.067262 -1.622258 -5.056149 -0.793567
 -1.710081 -1.098613 -4.543263 -0.744068
 -1.669155 -1.189585 -1.836208 -1.056054
 -2.516563 -1.555669 -1.877484 -0.588354
 -1.446155 -1.555853 -5.789861 -0.597004
 -1.811562 -1.098612 -4.000812 -0.723674
 -1.975037 -1.513693 -1.758814 -0.757368
 -2.059025 -1.143933 -1.829911 -0.932852
 -14.363634 -14.363634 -14.363634 -0.000002
 -14.328337 -14.328337 -14.328337 -0.000002
 -13.102169 -13.102169 -13.102169 -0.000006
 -15.131920 -15.131920 -15.131920 -0.000001
 -15.201806 -15.201806 -15.201806 -0.000001
 -16.029264 -16.029264 -16.029264 -0.000000
 -15.024472 -15.024472 -15.024472 -0.000001
 -16.463102 -16.463102 -16.463102 -0.000000
 -14.363634 -14.363634 -14.363634 -0.000002
 -14.328337 -14.328337 -14.328337 -0.000002
 -13.102169 -13.102169 -13.102169 -0.000006
 -15.131920 -15.131920 -15.131920 -0.000001
 -15.201806 -15.201806 -15.201806 -0.000001
 -16.029264 -16.029264 -16.029264 -0.000000
 -15.024472 -15.024472 -15.024472 -0.000001
 -16.463102 -16.463102 -16.463102 -0.000000
 -1.386294 -1.386294 -1.386294 -1.386294
 -1.386294 -1.386294 -1.386294 -1.386294
 -1.386294 -1.386294 -1.386294 -1.386294
 -16.074144 -16.074144 -16.074144 -0.000000
 -1.386294 -1.386294 -1.386294 -1.386294
 -1.386294 -1.386294 -1.386294 -1.386294
 -1.386294 -1.386294 -1.386294 -1.386294
 -17.171362 -17.171362 -17.171362 -0.000000
 -1.386294 -1.386294 -1.386294 -1.386294
 -1.386294 -1.386294 -1.386294 -1.386294
 -1.386294 -1.386294 -1.386294 -1.386294
 -16.074144 -16.074144 -16.074144 -0.000000
 -1.386294 -1.386294 -1.386294 -1.386294
 -1.386294 -1.386294 -1.386294 -1.386294
 -1.386294 -1.386294 -1.386294 -1.386294
 -17.171362 -17.171362 -17.171362 -0.000000
 -1.386294 -1.386294 -1.386294 -1.386294
 -1.386294 -1.386294 -1.386294 -1.386294
 -1.386294 -1.386294 -1.386294 -1.386294
 -1.386294 -1.386294 -1.386294 -1.386294
 -1.386294 -1.386294 -1.386294 -1.386294
 -1.386294 -1.386294 -1.386294 -1.386294
 -1.386294 -1.386294 -1.386294 -1.386294
 -1.889478 -1.583369 -1.493283 -0.870044
 -1.386294 -1.386294 -1.386294 -1.386294
 -1.386294 -1.386294 -1.386294 -1.386294
 -1.386294 -1.386294 -1.386294 -1.386294
 -1.386294 -1.386294 -1.386294 -1.386294
 -1.386294 -1.386294 -1.386294 -1.386294
 -1.386294 -1.386294 -1.386294 -1.386294
 -1.386294 -1.386294 -1.386294 -1.386294
 -1.889478 -1.583369 -1.493283 -0.870044
 -1.386294 -1.386294 -1.386294 -1.386294
 -1.386294 -1.386294 -1.386294 -1.386294
 -1.386294 -1.386294 -1.386294 -1.386294
 -1.386294 -1.386294 -1.386294 -1.386294
 -15.569915 -0.000001 -15.569915 -15.569915
 -15.876025 -0.000000 -15.876025 -15.876025
 -15.966110 -0.000000 -15.966110 -15.966110
 -16.589350 -0.000000 -16.589350 -16.589350
 -1.386294 -1.386294 -1.386294 -1.386294
 -1.386294 -1.386294 -1.386294 -1.386294
 -1.386294 -1.386294 -1.386294 -1.386294
 -1.386294 -1.386294 -1.386294 -1.386294
 -15.569915 -0.000001 -15.569915 -15.569915
 -15.876025 -0.000000 -15.876025 -15.876025
 -15.966110 -0.000000 -15.966110 -15.966110
 -16.589350 -0.000000 -16.589350 -16.589350
 -1.386294 -1.386294 -1.386294 -1.386294
 -0.000000 -16.480654 -16.480654 -16.480654
 -1.386294 -1.386294 -1.386294 -1.386294
 -1.386294 -1.386294 -1.386294 -1.386294
 -1.386294 -1.386294 -1.386294 -1.386294
 0.000000 -16.988132 -16.988132 -16.988132
 -1.386294 -1.386294 -1.386294 -1.386294
 -1.386294 -1.386294 -1.386294 -1.386294
 -1.386294 -1.386294 -1.386294 -1.386294
 -0.000000 -16.480654 -16.480654 -16.480654
 -1.386294 -1.386294 -1.386294 -1.386294
 -1.386294 -1.386294 -1.386294 -1.386294
 -1.386294 -1.386294 -1.386294 -1.386294
 0.000000 -16.988132 -16.988132 -16.988132
 -1.386294 -1.386294 -1.386294 -1.386294
 -1.386294 -1.386294 -1.386294 -1.386294
 -1.386294 -1.386294 -1.386294 -1.386294
 -1.386294 -1.386294 -1.386294 -1.386294
 -1.386294 -1.386294 -1.386294 -1.386294
 -1.386294 -1.386294 -1.386294 -1.386294
 -17.459393 -17.459393 -0.000000 -17.459393
 -1.386294 -1.386294 -1.386294 -1.386294
 -1.386294 -1.386294 -1.386294 -1.386294
 -1.386294 -1.386294 -1.386294 -1.386294
 -1.386294 -1.386294 -1.386294 -1.386294
 -1.386294 -1.386294 -1.386294 -1.386294
 -1.386294 -1.386294 -1.386294 -1.386294
 -1.386294 -1.386294 -1.386294 -1.386294
 -17.459393 -17.459393 -0.000000 -17.459393
 -1.386294 -1.386294 -1.386294 -1.386294
 -1.386294 -1.386294 -1.386294 -1.386294
 -1.386294 -1.386294 -1.386294 -1.386294
 -1.386294 -1.386294 -1.386294 -1.386294
 -1.386294 -1.386294 -1.386294 -1.386294
 -1.103068 -1.915773 -1.007686 -1.858811
 -1.386294 -1.386294 -1.386294 -1.386294
 -1.386294 -1.386294 -1.386294 -1.386294
 -1.386294 -1.386294 -1.386294 -1.386294
 -1.386294 -1.386294 -1.386294 -1.386294
 -1.386294 -1.386294 -1.386294 -1.386294
 -1.386294 -1.386294 -1.386294 -1.386294
 -1.386294 -1.386294 -1.386294 -1.386294
 -1.103068 -1.915773 -1.007686 -1.858811
 -1.386294 -1.386294 -1.386294 -1.386294
 -1.386294 -1.386294 -1.386294 -1.386294
 -1.386294 -1.386294 -1.386294 -1.386294
 -1.386294 -1.386294 -1.386294 -1.386294
 -1.386294 -1.386294 -1.386294 -1.386294
 -1.288051 -1.898960 -1.652923 -0.959776
 -1.413299 -1.521095 -2.549088 -0.776452
 -1.247405 -1.650379 -1.588877 -1.150056
 -2.185547 -1.785070 -1.086936 -0.960895
 -1.386294 -1.386294 -1.386294 -1.386294
 -1.386294 -1.386294 -1.386294 -1.386294
 -1.386294 -1.386294 -1.386294 -1.386294
 -1.386294 -1.386294 -1.386294 -1.386294
 -1.288051 -1.898960 -1.652923 -0.959776
 -1.413299 -1.521095 -2.549088 -0.776452
 -1.247405 -1.650379 -1.588877 -1.150056
 -2.185547 -1.785070 -1.086936 -0.960895
 -1.386294 -1.386294 -1.386294 -1.386294
 -1.386294 -1.386294 -1.386294 -1.386294
 -1.386294 -1.386294 -1.386294 -1.386294
 -1.386294 -1.386294 -1.386294 -1.386294
 -0.948083 -1.894017 -1.577980 -1.363910
 -1.109590 -1.463430 -2.389198 -1.057965
 -1.006406 -1.596267 -1.634367 -1.440782
 -1.500313 -1.802594 -1.139300 -1.230913
 -1.128466 -1.884132 -2.022281 -0.936094
 -0.976356 -1.399839 -2.516796 -1.217517
 -1.440815 -1.440815 -1.390384 -1.281751
 -1.563291 -1.699627 -1.164384 -1.218451
 -0.948083 -1.894017 -1.577980 -1.363910
 -1.109590 -1.463430 -2.389198 -1.057965
 -1.006406 -1.596267 -1.634367 -1.440782
 -1.500313 -1.802594 -1.139300 -1.230913
 -1.128466 -1.884132 -2.022281 -0.936094
 -0.976356 -1.399839 -2.516796 -1.217517
 -1.440815 -1.440815 -1.390384 -1.281751
 -1.563291 -1.699627 -1.164384 -1.218451
 -2.609205 0.000100 0.000100 0.000100
 -3.067512 0.000100 0.000100 0.000100
 -2.926739 0.000100 0.000100 0.000100
 -2.803360 0.000100 0.000100 0.000100
 -2.887130 0.000100 0.000100 0.000100
 -2.785661 0.000100 0.000100 0.000100
 -3.011000 0.000100 0.000100 0.000100
 -2.312374 0.000100 0.000100 0.000100
 -2.609205 0.000100 0.000100 0.000100
 -3.067512 0.000100 0.000100 0.000100
 -2.926739 0.000100 0.000100 0.000100
 -2.803360 0.000100 0.000100 0.000100
 -2.887130 0.000100 0.000100 0.000100
 -2.785661 0.000100 0.000100 0.000100
 -3.011000 0.000100 0.000100 0.000100
 -2.312374 0.000100 0.000100 0.000100
 -1.223776 -1.478667 -1.580450 -1.301737
 -1.276294 -1.087053 -2.844894 -1.122144
 -1.262916 -1.459625 -1.299283 -1.550597
 -1.192139 -1.828125 -1.583004 -1.107582
 -1.302525 -1.456675 -1.338892 -1.456675
 -1.180851 -0.974999 -3.349883 -1.270463
 -1.332806 -1.566420 -1.677645 -1.076873
 -1.913648 -1.380845 -1.571900 -0.932821
 -1.223776 -1.478667 -1.580450 -1.301737
 -1.276294 -1.087053 -2.844894 -1.122144
 -1.262916 -1.459625 -1.299283 -1.550597
 -1.192139 -1.828125 -1.583004 -1.107582
 -1.302525 -1.456675 -1.338892 -1.456675
 -1.180851 -0.974999 -3.349883 -1.270463
 -1.332806 -1.566420 -1.677645 -1.076873
 -1.913648 -1.380845 -1.571900 -0.932821
 -0.916292 -1.742968 -1.696448 -1.420196
 -1.207416 -1.140725 -3.188396 -1.078205
 -1.227825 -1.704747 -1.299283 -1.376244
 -1.469291 -1.682864 -1.431551 -1.063827
 -1.529395 -1.455287 -1.491655 -1.123931
 -1.275069 -1.416147 -2.514753 -0.923672
 -1.157454 -1.609436 -1.763586 -1.157454
 -1.762602 -1.441019 -1.416327 -1.052362
 -0.916292 -1.742968 -1.696448 -1.420196
 -1.207416 -1.140725 -3.188396 -1.078205
 -1.227825 -1.704747 -1.299283 -1.376244
 -1.469291 -1.682864 -1.431551 -1.063827
 -1.529395 -1.455287 -1.491655 -1.123931
 -1.275069 -1.416147 -2.514753 -0.923672
 -1.157454 -1.609436 -1.763586 -1.157454
 -1.762602 -1.441019 -1.416327 -1.052362
 -1.067114 -1.650259 -1.532476 -1.394326
 -1.062246 -1.349927 -3.701257 -0.993253
 -1.076141 -1.769284 -1.586964 -1.258461
 -1.700408 -1.749198 -1.653889 -0.793690
 -0.932821 -2.095968 -1.712977 -1.193104
 -1.139435 -1.650259 -3.218859 -0.802963
 -1.283347 -1.646250 -1.474401 -1.199966
 -1.924517 -1.636836 -1.506783 -0.825908
 -1.067114 -1.650259 -1.532476 -1.394326
 -1.062246 -1.349927 -3.701257 -0.993253
 -1.076141 -1.769284 -1.586964 -1.258461
 -1.700408 -1.749198 -1.653889 -0.793690
 -0.932821 -2.095968 -1.712977 -1.193104
 -1.139435 -1.650259 -3.218859 -0.802963
 -1.283347 -1.646250 -1.474401 -1.199966
 -1.924517 -1.636836 -1.506783 -0.825908
 -0.980830 -1.834318 -1.185624 -1.834318
 -1.070443 -1.475906 -2.862181 -0.990401
 -1.020362 -1.746295 -1.363305 -1.563975
 -1.474847 -1.998093 -1.474847 -0.899485
 -1.142673 -1.863216 -1.040019 -1.757856
 -1.118614 -1.357024 -2.669200 -1.059774
 -1.304057 -1.609436 -2.051265 -0.916293
 -1.778153 -1.400088 -1.437828 -1.058339
 -0.980830 -1.834318 -1.185624 -1.834318
 -1.070443 -1.475906 -2.862181 -0.990401
 -1.020362 -1.746295 -1.363305 -1.563975
 -1.474847 -1.998093 -1.474847 -0.899485
 -1.142673 -1.863216 -1.040019 -1.757856
 -1.118614 -1.357024 -2.669200 -1.059774
 -1.304057 -1.609436 -2.051265 -0.916293
 -1.778153 -1.400088 -1.437828 -1.058339
 -0.997517 -1.616555 -1.452252 -1.616555
 -0.916293 -1.252764 -3.555304 -1.252764
 -1.015922 -1.457753 -1.495493 -1.709066
 -1.444114 -1.716046 -1.310583 -1.156433
 -1.394593 -1.576914 -1.394593 -1.212272
 -1.221992 -1.351203 -2.639048 -0.980830
 -1.455287 -1.666595 -1.321756 -1.167606
 -1.723847 -1.582769 -1.582769 -0.889623
 -0.997517 -1.616555 -1.452252 -1.616555
 -0.916293 -1.252764 -3.555304 -1.252764
 -1.015922 -1.457753 -1.495493 -1.709066
 -1.444114 -1.716046 -1.310583 -1.156433
 -1.394593 -1.576914 -1.394593 -1.212272
 -1.221992 -1.351203 -2.639048 -0.980830
 -1.455287 -1.666595 -1.321756 -1.167606
 -1.723847 -1.582769 -1.582769 -0.889623
 -1.148093 -2.204142 -1.480226 -1.064711
 -1.173514 -1.355835 -3.188396 -0.937126
 -1.063827 -1.591893 -1.469291 -1.508512
 -1.731654 -2.019335 -1.731654 -0.666947
 -1.161414 -1.911716 -1.218572 -1.412727
 -1.302525 -1.302525 -13.845074 -0.784583
 -0.980831 -1.711715 -1.332227 -1.711715
 -1.678000 -1.615480 -1.678000 -0.849309
 -1.148093 -2.204142 -1.480226 -1.064711
 -1.173514 -1.355835 -3.188396 -0.937126
 -1.063827 -1.591893 -1.469291 -1.508512
 -1.731654 -2.019335 -1.731654 -0.666947
 -1.161414 -1.911716 -1.218572 -1.412727
 -1.302525 -1.302525 -13.845074 -0.784583
 -0.980831 -1.711715 -1.332227 -1.711715
 -1.678000 -1.615480 -1.678000 -0.849309
 -0.936770 -2.001478 -1.333651 -1.563225
 -1.056054 -1.595048 -3.540915 -0.866813
 -1.460402 -1.627455 -1.284512 -1.221992
 -1.534714 -1.757856 -1.319603 -1.064712
 -1.107830 -1.513294 -1.555853 -1.433251
 -1.059774 -1.724747 -3.921927 -0.786481
 -1.299284 -1.609436 -1.368276 -1.299284
 -1.782456 -1.537334 -1.604775 -0.877340
 -0.936770 -2.001478 -1.333651 -1.563225
 -1.056054 -1.595048 -3.540915 -0.866813
 -1.460402 -1.627455 -1.284512 -1.221992
 -1.534714 -1.757856 -1.319603 -1.064712
 -1.107830 -1.513294 -1.555853 -1.433251
 -1.059774 -1.724747 -3.921927 -0.786481
 -1.299284 -1.609436 -1.368276 -1.299284
 -1.782456 -1.537334 -1.604775 -0.877340
 -1.076634 -1.537978 -1.609437 -1.408767
 -1.252764 -1.252764 -2.397886 -1.085710
 -1.207094 -1.839613 -1.238842 -1.376992
 -1.763587 -1.518466 -1.658227 -0.869772
 -1.176574 -1.455287 -1.491655 -1.455287
 -1.406914 -1.449473 -2.975514 -0.756328
 -1.360977 -1.523495 -1.412270 -1.265667
 -1.734600 -1.580450 -1.680533 -0.840784
 -1.076634 -1.537978 -1.609437 -1.408767
 -1.252764 -1.252764 -2.397886 -1.085710
 -1.207094 -1.839613 -1.238842 -1.376992
 -1.763587 -1.518466 -1.658227 -0.869772
 -1.176574 -1.455287 -1.491655 -1.455287
 -1.406914 -1.449473 -2.975514 -0.756328
 -1.360977 -1.523495 -1.412270 -1.265667
 -1.734600 -1.580450 -1.680533 -0.840784
 -1.216396 -1.860751 -1.609437 -1.055128
 -1.375365 -1.076873 -2.901406 -1.045125
 -1.425515 -1.648657 -1.348554 -1.178656
 -1.704747 -1.404643 -1.756040 -0.916292
 -1.139435 -1.897117 -1.171184 -1.514127
 -1.442384 -1.404643 -2.302580 -0.871840
 -1.415282 -1.304057 -1.763586 -1.157454
 -1.852383 -1.734600 -1.680533 -0.733153
 -1.216396 -1.860751 -1.609437 -1.055128
 -1.375365 -1.076873 -2.901406 -1.045125
 -1.425515 -1.648657 -1.348554 -1.178656
 -1.704747 -1.404643 -1.756040 -0.916292
 -1.139435 -1.897117 -1.171184 -1.514127
 -1.442384 -1.404643 -2.302580 -0.871840
 -1.415282 -1.304057 -1.763586 -1.157454
 -1.852383 -1.734600 -1.680533 -0.733153
 -1.209839 -1.902983 -1.403994 -1.180851
 -1.139435 -1.427116 -2.931174 -0.950194
 -1.316615 -1.741496 -1.207416 -1.355835
 -1.516347 -2.414283 -1.027996 -1.098613
 -1.357024 -1.619387 -1.524078 -1.118614
 -1.212272 -1.361803 -3.186336 -0.903971
 -1.294728 -1.892560 -0.889264 -1.805550
 -1.704747 -1.564986 -1.632427 -0.882769
 -1.209839 -1.902983 -1.403994 -1.180851
 -1.139435 -1.427116 -2.931174 -0.950194
 -1.316615 -1.741496 -1.207416 -1.355835
 -1.516347 -2.414283 -1.027996 -1.098613
 -1.357024 -1.619387 -1.524078 -1.118614
 -1.212272 -1.361803 -3.186336 -0.903971
 -1.294728 -1.892560 -0.889264 -1.805550
 -1.704747 -1.564986 -1.632427 -0.882769
 -1.331235 -1.773066 -1.572396 -1.025854
 -1.466336 -1.284016 -2.788074 -0.842185
 -1.257361 -2.126395 -1.257361 -1.164988
 -1.286665 -1.763587 -1.435084 -1.157454
 -1.130616 -1.410200 -1.666132 -1.410200
 -1.166932 -1.572396 -2.871667 -0.856778
 -1.673975 -1.428854 -1.386294 -1.130362
 -1.881370 -1.736189 -1.435084 -0.836249
 -1.331235 -1.773066 -1.572396 -1.025854
 -1.466336 -1.284016 -2.788074 -0.842185
 -1.257361 -2.126395 -1.257361 -1.164988
 -1.286665 -1.763587 -1.435084 -1.157454
 -1.130616 -1.410200 -1.666132 -1.410200
 -1.166932 -1.572396 -2.871667 -0.856778
 -1.673975 -1.428854 -1.386294 -1.130362
 -1.881370 -1.736189 -1.435084 -0.836249
 -1.187166 -1.551808 -1.438480 -1.403389
 -1.146815 -1.264598 -3.056337 -1.041455
 -1.479626 -1.319284 -1.570597 -1.213924
 -1.314321 -1.806796 -1.639742 -0.985818
 -1.257361 -1.800974 -1.513294 -1.107830
 -0.998530 -1.720662 -2.762105 -0.942961
 -1.552279 -1.877699 -1.498212 -0.887305
 -1.672285 -1.594324 -1.786695 -0.817297
 -1.187166 -1.551808 -1.438480 -1.403389
 -1.146815 -1.264598 -3.056337 -1.041455
 -1.479626 -1.319284 -1.570597 -1.213924
 -1.314321 -1.806796 -1.639742 -0.985818
 -1.257361 -1.800974 -1.513294 -1.107830
 -0.998530 -1.720662 -2.762105 -0.942961
 -1.552279 -1.877699 -1.498212 -0.887305
 -1.672285 -1.594324 -1.786695 -0.817297
 -1.018571 -1.974078 -1.504077 -1.280934
 -1.423108 -1.160745 -4.418746 -0.835324
 -1.577349 -1.386294 -1.526056 -1.120592
 -1.571697 -1.923093 -1.535329 -0.842184
 -1.609437 -1.727220 -1.537978 -0.897943
 -1.415853 -1.376632 -2.688808 -0.828068
 -1.669155 -1.143065 -2.624654 -0.866813
 -1.985914 -1.629240 -1.821611 -0.683392
 -1.018571 -1.974078 -1.504077 -1.280934
 -1.423108 -1.160745 -4.418746 -0.835324
 -1.577349 -1.386294 -1.526056 -1.120592
 -1.571697 -1.923093 -1.535329 -0.842184
 -1.609437 -1.727220 -1.537978 -0.897943
 -1.415853 -1.376632 -2.688808 -0.828068
 -1.669155 -1.143065 -2.624654 -0.866813
 -1.985914 -1.629240 -1.821611 -0.683392
 -13.795312 -13.795312 -13.795312 -0.000003
 -13.641162 -13.641162 -13.641162 -0.000004
 -13.567055 -13.567055 -13.567055 -0.000004
 -14.180157 -14.180157 -14.180157 -0.000002
 -13.815515 -13.815515 -13.815515 -0.000003
 -13.919874 -13.919874 -13.919874 -0.000003
 -13.444452 -13.444452 -13.444452 -0.000004
 -14.690981 -14.690981 -14.690981 -0.000001
 -13.795312 -13.795312 -13.795312 -0.000003
 -13.641162 -13.641162 -13.641162 -0.000004
 -13.567055 -13.567055 -13.567055 -0.000004
 -14.180157 -14.180157 -14.180157 -0.000002
 -13.815515 -13.815515 -13.815515 -0.000003
 -13.919874 -13.919874 -13.919874 -0.000003
 -13.444452 -13.444452 -13.444452 -0.000004
 -14.690981 -14.690981 -14.690981 -0.000001
 -1.386294 -1.386294 -1.386294 -1.386294
 -1.386294 -1.386294 -1.386294 -1.386294
 -1.386294 -1.386294 -1.386294 -1.386294
 -15.053886 -15.053886 -15.053886 -0.000001
 -1.386294 -1.386294 -1.386294 -1.386294
 -1.386294 -1.386294 -1.386294 -1.386294
 -1.386294 -1.386294 -1.386294 -1.386294
 -15.571644 -15.571644 -15.571644 -0.000001
 -1.386294 -1.386294 -1.386294 -1.386294
 -1.386294 -1.386294 -1.386294 -1.386294
 -1.386294 -1.386294 -1.386294 -1.386294
 -15.053886 -15.053886 -15.053886 -0.000001
 -1.386294 -1.386294 -1.386294 -1.386294
 -1.386294 -1.386294 -1.386294 -1.386294
 -1.386294 -1.386294 -1.386294 -1.386294
 -15.571644 -15.571644 -15.571644 -0.000001
 -1.386294 -1.386294 -1.386294 -1.386294
 -1.386294 -1.386294 -1.386294 -1.386294
 -1.386294 -1.386294 -1.386294 -1.386294
 -1.386294 -1.386294 -1.386294 -1.386294
 -1.386294 -1.386294 -1.386294 -1.386294
 -1.386294 -1.386294 -1.386294 -1.386294
 -1.386294 -1.386294 -1.386294 -1.386294
 -1.586965 -1.698813 -1.417066 -0.993901
 -1.386294 -1.386294 -1.386294 -1.386294
 -1.386294 -1.386294 -1.386294 -1.386294
 -1.386294 -1.386294 -1.386294 -1.386294
 -1.386294 -1.386294 -1.386294 -1.386294
 -1.386294 -1.386294 -1.386294 -1.386294
 -1.386294 -1.386294 -1.386294 -1.386294
 -1.386294 -1.386294 -1.386294 -1.386294
 -1.586965 -1.698813 -1.417066 -0.993901
 -1.386294 -1.386294 -1.386294 -1.386294
 -1.386294 -1.386294 -1.386294 -1.386294
 -1.386294 -1.386294 -1.386294 -1.386294
 -1.386294 -1.386294 -1.386294 -1.386294
 -1.874450 -1.630828 -1.290504 -0.979068
 -1.238079 -1.546379 -3.183977 -0.786094
 -1.441354 -1.460402 -1.284512 -1.368595
 -1.757273 -1.415970 -1.586315 -0.967277
 -1.386294 -1.386294 -1.386294 -1.386294
 -1.386294 -1.386294 -1.386294 -1.386294
 -1.386294 -1.386294 -1.386294 -1.386294
 -1.386294 -1.386294 -1.386294 -1.386294
 -1.874450 -1.630828 -1.290504 -0.979068
 -1.238079 -1.546379 -3.183977 -0.786094
 -1.441354 -1.460402 -1.284512 -1.368595
 -1.757273 -1.415970 -1.586315 -0.967277
 -1.516347 -1.767660 -1.271226 -1.110884
 -0.905119 -1.444114 -3.389995 -1.121342
 -1.558144 -1.302212 -1.740465 -1.072638
 -2.018814 -1.519825 -1.673975 -0.774494
 -1.424035 -1.637608 -1.848916 -0.897943
 -1.411828 -1.446919 -3.392807 -0.718682
 -1.510591 -2.041215 -1.399366 -0.909820
 -1.777370 -1.420696 -1.695132 -0.901903
 -1.516347 -1.767660 -1.271226 -1.110884
 -0.905119 -1.444114 -3.389995 -1.121342
 -1.558144 -1.302212 -1.740465 -1.072638
 -2.018814 -1.519825 -1.673975 -0.774494
 -1.424035 -1.637608 -1.848916 -0.897943
 -1.411828 -1.446919 -3.392807 -0.718682
 -1.510591 -2.041215 -1.399366 -0.909820
 -1.777370 -1.420696 -1.695132 -0.901903
 -13.652996 -13.652996 -13.652996 -0.000004
 -13.541079 -13.541079 -13.541079 -0.000004
 -13.579793 -13.579793 -13.579793 -0.000004
 -14.159103 -14.159103 -14.159103 -0.000002
 -13.972518 -13.972518 -13.972518 -0.000003
 -14.054530 -14.054530 -14.054530 -0.000002
 -13.444452 -13.444452 -13.444452 -0.000004
 -14.648421 -14.648421 -14.648421 -0.000001
 -13.652996 -13.652996 -13.652996 -0.000004
 -13.541079 -13.541079 -13.541079 -0.000004
 -13.579793 -13.579793 -13.579793 -0.000004
 -14.159103 -14.159103 -14.159103 -0.000002
 -13.972518 -13.972518 -13.972518 -0.000003
 -14.054530 -14.054530 -14.054530 -0.000002
 -13.444452 -13.444452 -13.444452 -0.000004
 -14.648421 -14.648421 -14.648421 -0.000001
 -1.386294 -1.386294 -1.386294 -1.386294
 -1.386294 -1.386294 -1.386294 -1.386294
 -1.386294 -1.386294 -1.386294 -1.386294
 -15.068274 -15.068274 -15.068274 -0.000001
 -1.386294 -1.386294 -1.386294 -1.386294
 -1.386294 -1.386294 -1.386294 -1.386294
 -1.386294 -1.386294 -1.386294 -1.386294
 -15.562970 -15.562970 -15.562970 -0.000001
 -1.386294 -1.386294 -1.386294 -1.386294
 -1.386294 -1.386294 -1.386294 -1.386294
 -1.386294 -1.386294 -1.386294 -1.386294
 -15.068274 -15.068274 -15.068274 -0.000001
 -1.386294 -1.386294 -1.386294 -1.386294
 -1.386294 -1.386294 -1.386294 -1.386294
 -1.386294 -1.386294 -1.386294 -1.386294
 -15.562970 -15.562970 -15.562970 -0.000001
 -1.386294 -1.386294 -1.386294 -1.386294
 -1.386294 -1.386294 -1.386294 -1.386294
 -1.386294 -1.386294 -1.386294 -1.386294
 -1.386294 -1.386294 -1.386294 -1.386294
 -1.386294 -1.386294 -1.386294 -1.386294
 -1.386294 -1.386294 -1.386294 -1.386294
 -1.386294 -1.386294 -1.386294 -1.386294
 -1.728845 -1.237725 -1.728845 -1.035699
 -1.386294 -1.386294 -1.386294 -1.386294
 -1.386294 -1.386294 -1.386294 -1.386294
 -1.386294 -1.386294 -1.386294 -1.386294
 -1.386294 -1.386294 -1.386294 -1.386294
 -1.386294 -1.386294 -1.386294 -1.386294
 -1.386294 -1.386294 -1.386294 -1.386294
 -1.386294 -1.386294 -1.386294 -1.386294
 -1.728845 -1.237725 -1.728845 -1.035699
 -1.386294 -1.386294 -1.386294 -1.386294
 -1.386294 -1.386294 -1.386294 -1.386294
 -1.386294 -1.386294 -1.386294 -1.386294
 -1.386294 -1.386294 -1.386294 -1.386294
 -14.310209 -0.000002 -14.310209 -14.310209
 -14.801329 -0.000001 -14.801329 -14.801329
 -14.310209 -0.000002 -14.310209 -14.310209
 -15.003355 -0.000001 -15.003355 -15.003355
 -1.386294 -1.386294 -1.386294 -1.386294
 -1.386294 -1.386294 -1.386294 -1.386294
 -1.386294 -1.386294 -1.386294 -1.386294
 -1.386294 -1.386294 -1.386294 -1.386294
 -14.310209 -0.000002 -14.310209 -14.310209
 -14.801329 -0.000001 -14.801329 -14.801329
 -14.310209 -0.000002 -14.310209 -14.310209
 -15.003355 -0.000001 -15.003355 -15.003355
 -1.386294 -1.386294 -1.386294 -1.386294
 -0.000001 -15.003355 -15.003355 -15.003355
 -1.386294 -1.386294 -1.386294 -1.386294
 -1.386294 -1.386294 -1.386294 -1.386294
 -1.386294 -1.386294 -1.386294 -1.386294
 -0.000001 -15.600582 -15.600582 -15.600582
 -1.386294 -1.386294 -1.386294 -1.386294
 -1.386294 -1.386294 -1.386294 -1.386294
 -1.386294 -1.386294 -1.386294 -1.386294
 -0.000001 -15.003355 -15.003355 -15.003355
 -1.386294 -1.386294 -1.386294 -1.386294
 -1.386294 -1.386294 -1.386294 -1.386294
 -1.386294 -1.386294 -1.386294 -1.386294
 -0.000001 -15.600582 -15.600582 -15.600582
 -1.386294 -1.386294 -1.386294 -1.386294
 -1.386294 -1.386294 -1.386294 -1.386294
 -1.386294 -1.386294 -1.386294 -1.386294
 -1.386294 -1.386294 -1.386294 -1.386294
 -1.386294 -1.386294 -1.386294 -1.386294
 -1.386294 -1.386294 -1.386294 -1.386294
 -16.039053 -16.039053 -0.000000 -16.039053
 -1.386294 -1.386294 -1.386294 -1.386294
 -1.386294 -1.386294 -1.386294 -1.386294
 -1.386294 -1.386294 -1.386294 -1.386294
 -1.386294 -1.386294 -1.386294 -1.386294
 -1.386294 -1.386294 -1.386294 -1.386294
 -1.386294 -1.386294 -1.386294 -1.386294
 -1.386294 -1.386294 -1.386294 -1.386294
 -16.039053 -16.039053 -0.000000 -16.039053
 -1.386294 -1.386294 -1.386294 -1.386294
 -1.386294 -1.386294 -1.386294 -1.386294
 -1.386294 -1.386294 -1.386294 -1.386294
 -1.386294 -1.386294 -1.386294 -1.386294
 -1.386294 -1.386294 -1.386294 -1.386294
 -1.283535 -1.581688 -1.535407 -1.197500
 -1.386294 -1.386294 -1.386294 -1.386294
 -1.386294 -1.386294 -1.386294 -1.386294
 -1.386294 -1.386294 -1.386294 -1.386294
 -1.386294 -1.386294 -1.386294 -1.386294
 -1.386294 -1.386294 -1.386294 -1.386294
 -1.386294 -1.386294 -1.386294 -1.386294
 -1.386294 -1.386294 -1.386294 -1.386294
 -1.283535 -1.581688 -1.535407 -1.197500
 -1.386294 -1.386294 -1.386294 -1.386294
 -1.386294 -1.386294 -1.386294 -1.386294
 -1.386294 -1.386294 -1.386294 -1.386294
 -1.386294 -1.386294 -1.386294 -1.386294
 -1.386294 -1.386294 -1.386294 -1.386294
 -0.991301 -1.653357 -1.653357 -1.402043
 -1.335001 -1.027517 -2.849122 -1.136151
 -1.118918 -1.796796 -1.532104 -1.232862
 -1.605860 -1.739391 -1.368532 -0.996483
 -1.386294 -1.386294 -1.386294 -1.386294
 -1.386294 -1.386294 -1.386294 -1.386294
 -1.386294 -1.386294 -1.386294 -1.386294
 -1.386294 -1.386294 -1.386294 -1.386294
 -0.991301 -1.653357 -1.653357 -1.402043
 -1.335001 -1.027517 -2.849122 -1.136151
 -1.118918 -1.796796 -1.532104 -1.232862
 -1.605860 -1.739391 -1.368532 -0.996483
 -1.386294 -1.386294 -1.386294 -1.386294
 -1.386294 -1.386294 -1.386294 -1.386294
 -1.386294 -1.386294 -1.386294 -1.386294
 -1.386294 -1.386294 -1.386294 -1.386294
 -1.032123 -2.130732 -1.337504 -1.337504
 -0.795803 -1.516347 -2.327270 -1.462280
 -1.263692 -1.956836 -1.477266 -1.056054
 -1.240443 -2.023199 -1.082219 -1.428495
 -1.331235 -1.444563 -1.405342 -1.367602
 -1.328187 -1.429969 -3.152719 -0.791884
 -1.005523 -1.516347 -1.634129 -1.516347
 -1.573505 -1.410987 -1.488948 -1.129575
 -1.032123 -2.130732 -1.337504 -1.337504
 -0.795803 -1.516347 -2.327270 -1.462280
 -1.263692 -1.956836 -1.477266 -1.056054
 -1.240443 -2.023199 -1.082219 -1.428495
 -1.331235 -1.444563 -1.405342 -1.367602
 -1.328187 -1.429969 -3.152719 -0.791884
 -1.005523 -1.516347 -1.634129 -1.516347
 -1.573505 -1.410987 -1.488948 -1.129575
