 -2.484906 0.000100 0.000100 0.000100
 -2.890372 0.000100 0.000100 0.000100
 -2.369153 0.000100 0.000100 0.000100
 -3.448744 0.000100 0.000100 0.000100
 -2.710956 0.000100 0.000100 0.000100
 -2.598965 0.000100 0.000100 0.000100
 -2.811478 0.000100 0.000100 0.000100
 -3.357394 0.000100 0.000100 0.000100
 -2.484906 0.000100 0.000100 0.000100
 -2.890372 0.000100 0.000100 0.000100
 -2.369153 0.000100 0.000100 0.000100
 -3.448744 0.000100 0.000100 0.000100
 -2.710956 0.000100 0.000100 0.000100
 -2.598965 0.000100 0.000100 0.000100
 -2.811478 0.000100 0.000100 0.000100
 -3.357394 0.000100 0.000100 0.000100
 -0.788789 -15.612258 -0.770706 -2.489893
 -0.398031 -15.206794 -1.485592 -2.282878
 -0.528710 -15.728012 -0.934175 -4.032757
 -1.343735 -14.648421 -0.427445 -2.442344
 -0.838330 -15.386209 -0.733450 -2.438196
 -0.358270 -15.498199 -1.492068 -2.574285
 -0.838905 -15.285687 -0.641625 -3.184970
 -1.211941 -14.739771 -0.545823 -2.095440
 -0.788789 -15.612258 -0.770706 -2.489893
 -0.398031 -15.206794 -1.485592 -2.282878
 -0.528710 -15.728012 -0.934175 -4.032757
 -1.343735 -14.648421 -0.427445 -2.442344
 -0.838330 -15.386209 -0.733450 -2.438196
 -0.358270 -15.498199 -1.492068 -2.574285
 -0.838905 -15.285687 -0.641625 -3.184970
 -1.211941 -14.739771 -0.545823 -2.095440
 -0.000000 -16.184820 -16.184820 -16.184820
 -1.386294 -1.386294 -1.386294 -1.386294
 -0.000000 -16.123083 -16.123083 -16.123083
 -0.000002 -14.014364 -14.014364 -14.014364
 -0.000000 -15.870916 -15.870916 -15.870916
 -1.386294 -1.386294 -1.386294 -1.386294
 -0.000001 -15.440823 -15.440823 -15.440823
 -0.000002 -14.100693 -14.100693 -14.100693
 -0.000000 -16.184820 -16.184820 -16.184820
 -1.386294 -1.386294 -1.386294 -1.386294
 -0.000000 -16.123083 -16.123083 -16.123083
 -0.000002 -14.014364 -14.014364 -14.014364
 -0.000000 -15.870916 -15.870916 -15.870916
 -1.386294 -1.386294 -1.386294 -1.386294
 -0.000001 -15.440823 -15.440823 -15.440823
 -0.000002 -14.100693 -14.100693 -14.100693
 -17.330929 -17.330929 -0.000000 -17.330929
 -1.386294 -1.386294 -1.386294 -1.386294
 -1.386294 -1.386294 -1.386294 -1.386294
 -1.386294 -1.386294 -1.386294 -1.386294
 -14.751605 -14.751605 -0.000001 -14.751605
 -1.386294 -1.386294 -1.386294 -1.386294
 -1.386294 -1.386294 -1.386294 -1.386294
 -1.386294 -1.386294 -1.386294 -1.386294
 -17.330929 -17.330929 -0.000000 -17.330929
 -1.386294 -1.386294 -1.386294 -1.386294
 -1.386294 -1.386294 -1.386294 -1.386294
 -1.386294 -1.386294 -1.386294 -1.386294
 -14.751605 -14.751605 -0.000001 -14.751605
 -1.386294 -1.386294 -1.386294 -1.386294
 -1.386294 -1.386294 -1.386294 -1.386294
 -1.386294 -1.386294 -1.386294 -1.386294
 -1.386294 -1.386294 -1.386294 -1.386294
 -1.386294 -1.386294 -1.386294 -1.386294
 -17.404016 -17.404016 -0.000000 -17.404016
 -1.386294 -1.386294 -1.386294 -1.386294
 -1.386294 -1.386294 -1.386294 -1.386294
 -1.386294 -1.386294 -1.386294 -1.386294
 -1.386294 -1.386294 -1.386294 -1.386294
 -1.386294 -1.386294 -1.386294 -1.386294
 -1.386294 -1.386294 -1.386294 -1.386294
 -1.386294 -1.386294 -1.386294 -1.386294
 -17.404016 -17.404016 -0.000000 -17.404016
 -1.386294 -1.386294 -1.386294 -1.386294
 -1.386294 -1.386294 -1.386294 -1.386294
 -1.386294 -1.386294 -1.386294 -1.386294
 -1.386294 -1.386294 -1.386294 -1.386294
 -1.386294 -1.386294 -1.386294 -1.386294
 -1.386294 -1.386294 -1.386294 -1.386294
 -1.386294 -1.386294 -1.386294 -1.386294
 -17.404016 -17.404016 -17.404016 -0.000000
 -1.386294 -1.386294 -1.386294 -1.386294
 -1.386294 -1.386294 -1.386294 -1.386294
 -1.386294 -1.386294 -1.386294 -1.386294
 -1.386294 -1.386294 -1.386294 -1.386294
 -1.386294 -1.386294 -1.386294 -1.386294
 -1.386294 -1.386294 -1.386294 -1.386294
 -1.386294 -1.386294 -1.386294 -1.386294
 -17.404016 -17.404016 -17.404016 -0.000000
 -1.386294 -1.386294 -1.386294 -1.386294
 -1.386294 -1.386294 -1.386294 -1.386294
 -1.386294 -1.386294 -1.386294 -1.386294
 -1.386294 -1.386294 -1.386294 -1.386294
 -1.386294 -1.386294 -1.386294 -1.386294
 -1.386294 -1.386294 -1.386294 -1.386294
 -1.386294 -1.386294 -1.386294 -1.386294
 -1.386294 -1.386294 -1.386294 -1.386294
 -17.404016 -17.404016 -0.000000 -17.404016
 -1.386294 -1.386294 -1.386294 -1.386294
 -1.386294 -1.386294 -1.386294 -1.386294
 -1.386294 -1.386294 -1.386294 -1.386294
 -1.386294 -1.386294 -1.386294 -1.386294
 -1.386294 -1.386294 -1.386294 -1.386294
 -1.386294 -1.386294 -1.386294 -1.386294
 -1.386294 -1.386294 -1.386294 -1.386294
 -17.404016 -17.404016 -0.000000 -17.404016
 -1.386294 -1.386294 -1.386294 -1.386294
 -1.386294 -1.386294 -1.386294 -1.386294
 -1.386294 -1.386294 -1.386294 -1.386294
 -1.386294 -1.386294 -1.386294 -1.386294
 -1.386294 -1.386294 -1.386294 -1.386294
 -1.386294 -1.386294 -1.386294 -1.386294
 -1.386294 -1.386294 -1.386294 -1.386294
 -1.386294 -1.386294 -1.386294 -1.386294
 -1.386294 -1.386294 -1.386294 -1.386294
 -1.386294 -1.386294 -1.386294 -1.386294
 0.000000 -17.404016 -17.404016 -17.404016
 -1.386294 -1.386294 -1.386294 -1.386294
 -1.386294 -1.386294 -1.386294 -1.386294
 -1.386294 -1.386294 -1.386294 -1.386294
 -1.386294 -1.386294 -1.386294 -1.386294
 -1.386294 -1.386294 -1.386294 -1.386294
 -1.386294 -1.386294 -1.386294 -1.386294
 -1.386294 -1.386294 -1.386294 -1.386294
 0.000000 -17.404016 -17.404016 -17.404016
 -1.386294 -1.386294 -1.386294 -1.386294
 -17.404016 -17.404016 -0.000000 -17.404016
 -1.386294 -1.386294 -1.386294 -1.386294
 -1.386294 -1.386294 -1.386294 -1.386294
 -1.386294 -1.386294 -1.386294 -1.386294
 -1.386294 -1.386294 -1.386294 -1.386294
 -1.386294 -1.386294 -1.386294 -1.386294
 -1.386294 -1.386294 -1.386294 -1.386294
 -1.386294 -1.386294 -1.386294 -1.386294
 -17.404016 -17.404016 -0.000000 -17.404016
 -1.386294 -1.386294 -1.386294 -1.386294
 -1.386294 -1.386294 -1.386294 -1.386294
 -1.386294 -1.386294 -1.386294 -1.386294
 -1.386294 -1.386294 -1.386294 -1.386294
 -1.386294 -1.386294 -1.386294 -1.386294
 -1.386294 -1.386294 -1.386294 -1.386294
 -1.386294 -1.386294 -1.386294 -1.386294
 -1.386294 -1.386294 -1.386294 -1.386294
 -1.386294 -1.386294 -1.386294 -1.386294
 -1.798415 -1.568284 -1.276962 -1.057989
 -1.386294 -1.386294 -1.386294 -1.386294
 -1.386294 -1.386294 -1.386294 -1.386294
 -1.386294 -1.386294 -1.386294 -1.386294
 -1.386294 -1.386294 -1.386294 -1.386294
 -1.386294 -1.386294 -1.386294 -1.386294
 -1.386294 -1.386294 -1.386294 -1.386294
 -1.386294 -1.386294 -1.386294 -1.386294
 -1.798415 -1.568284 -1.276962 -1.057989
 -1.386294 -1.386294 -1.386294 -1.386294
 -1.386294 -1.386294 -1.386294 -1.386294
 -1.386294 -1.386294 -1.386294 -1.386294
 -1.386294 -1.386294 -1.386294 -1.386294
 -1.386294 -1.386294 -1.386294 -1.386294
 -1.404829 -1.633087 -0.979161 -1.694781
 -1.222715 -1.140596 -1.924912 -1.426895
 -1.440251 -1.139063 -1.120657 -2.146030
 -1.755790 -1.737525 -0.779580 -1.646749
 -1.386294 -1.386294 -1.386294 -1.386294
 -1.386294 -1.386294 -1.386294 -1.386294
 -1.386294 -1.386294 -1.386294 -1.386294
 -1.386294 -1.386294 -1.386294 -1.386294
 -1.404829 -1.633087 -0.979161 -1.694781
 -1.222715 -1.140596 -1.924912 -1.426895
 -1.440251 -1.139063 -1.120657 -2.146030
 -1.755790 -1.737525 -0.779580 -1.646749
 -1.386294 -1.386294 -1.386294 -1.386294
 -1.386294 -1.386294 -1.386294 -1.386294
 -1.386294 -1.386294 -1.386294 -1.386294
 -1.386294 -1.386294 -1.386294 -1.386294
 -1.434049 -1.638349 -0.992993 -1.625104
 -1.644123 -0.945111 -2.236626 -1.166794
 -1.773870 -1.293284 -0.901065 -1.898324
 -2.171247 -1.386294 -0.918487 -1.440361
 -1.740694 -1.509788 -1.080553 -1.330909
 -1.530395 -0.953782 -2.351374 -1.193923
 -1.694595 -1.443281 -1.029620 -1.500440
 -1.904237 -1.640653 -0.905709 -1.374543
 -1.434049 -1.638349 -0.992993 -1.625104
 -1.644123 -0.945111 -2.236626 -1.166794
 -1.773870 -1.293284 -0.901065 -1.898324
 -2.171247 -1.386294 -0.918487 -1.440361
 -1.740694 -1.509788 -1.080553 -1.330909
 -1.530395 -0.953782 -2.351374 -1.193923
 -1.694595 -1.443281 -1.029620 -1.500440
 -1.904237 -1.640653 -0.905709 -1.374543
 -1.236192 -1.804696 -1.000735 -1.729472
 -1.357895 -1.027154 -1.909542 -1.441276
 -1.560773 -1.256049 -1.011929 -1.953815
 -2.070138 -1.349593 -1.002878 -1.395684
 -1.741926 -1.295640 -1.080529 -1.552685
 -1.454117 -1.037024 -2.182981 -1.206709
 -1.823416 -1.344679 -0.889735 -1.788930
 -2.211017 -1.467098 -0.970231 -1.270035
 -1.236192 -1.804696 -1.000735 -1.729472
 -1.357895 -1.027154 -1.909542 -1.441276
 -1.560773 -1.256049 -1.011929 -1.953815
 -2.070138 -1.349593 -1.002878 -1.395684
 -1.741926 -1.295640 -1.080529 -1.552685
 -1.454117 -1.037024 -2.182981 -1.206709
 -1.823416 -1.344679 -0.889735 -1.788930
 -2.211017 -1.467098 -0.970231 -1.270035
 -1.370546 -1.591089 -1.114613 -1.540445
 -1.386294 -1.141949 -1.842113 -1.300772
 -1.770706 -1.389338 -0.829723 -1.935328
 -1.854938 -1.379515 -1.039189 -1.435084
 -1.688747 -1.437433 -0.904629 -1.754344
 -1.384507 -1.150000 -1.982343 -1.220204
 -1.875141 -1.534536 -0.810931 -1.678430
 -2.262579 -1.449473 -0.926548 -1.326871
 -1.370546 -1.591089 -1.114613 -1.540445
 -1.386294 -1.141949 -1.842113 -1.300772
 -1.770706 -1.389338 -0.829723 -1.935328
 -1.854938 -1.379515 -1.039189 -1.435084
 -1.688747 -1.437433 -0.904629 -1.754344
 -1.384507 -1.150000 -1.982343 -1.220204
 -1.875141 -1.534536 -0.810931 -1.678430
 -2.262579 -1.449473 -0.926548 -1.326871
 -1.318086 -1.524880 -1.058261 -1.785894
 -1.374432 -0.956467 -2.086626 -1.432701
 -1.549835 -1.238842 -1.012937 -2.003618
 -1.794899 -1.575536 -0.977700 -1.383165
 -1.760727 -1.448353 -0.920598 -1.635564
 -1.412166 -1.039491 -2.320424 -1.189023
 -1.769585 -1.622982 -0.812052 -1.669502
 -2.061129 -1.452066 -0.995308 -1.313067
 -1.318086 -1.524880 -1.058261 -1.785894
 -1.374432 -0.956467 -2.086626 -1.432701
 -1.549835 -1.238842 -1.012937 -2.003618
 -1.794899 -1.575536 -0.977700 -1.383165
 -1.760727 -1.448353 -0.920598 -1.635564
 -1.412166 -1.039491 -2.320424 -1.189023
 -1.769585 -1.622982 -0.812052 -1.669502
 -2.061129 -1.452066 -0.995308 -1.313067
 -2.676329 0.000100 0.000100 0.000100
 -3.434857 0.000100 0.000100 0.000100
 -2.055345 0.000100 0.000100 0.000100
 -3.038443 0.000100 0.000100 0.000100
 -2.811670 0.000100 0.000100 0.000100
 -3.113950 0.000100 0.000100 0.000100
 -2.918642 0.000100 0.000100 0.000100
 -2.741712 0.000100 0.000100 0.000100
 -2.676329 0.000100 0.000100 0.000100
 -3.434857 0.000100 0.000100 0.000100
 -2.055345 0.000100 0.000100 0.000100
 -3.038443 0.000100 0.000100 0.000100
 -2.811670 0.000100 0.000100 0.000100
 -3.113950 0.000100 0.000100 0.000100
 -2.918642 0.000100 0.000100 0.000100
 -2.741712 0.000100 0.000100 0.000100
 -1.233954 -13.579793 -0.540809 -2.066858
 -0.615191 -12.821269 -1.531475 -1.413693
 -1.229233 -14.200776 -0.490625 -2.351371
 -1.442383 -13.217681 -0.510830 -1.810105
 -1.669155 -13.444452 -0.449920 -1.749197
 -0.753775 -13.142174 -1.223777 -1.446918
 -1.131404 -13.337481 -0.630630 -1.929905
 -1.665006 -13.514411 -0.352825 -2.224616
 -1.233954 -13.579793 -0.540809 -2.066858
 -0.615191 -12.821269 -1.531475 -1.413693
 -1.229233 -14.200776 -0.490625 -2.351371
 -1.442383 -13.217681 -0.510830 -1.810105
 -1.669155 -13.444452 -0.449920 -1.749197
 -0.753775 -13.142174 -1.223777 -1.446918
 -1.131404 -13.337481 -0.630630 -1.929905
 -1.665006 -13.514411 -0.352825 -2.224616
 -0.000003 -13.805464 -13.805464 -13.805464
 -1.386294 -1.386294 -1.386294 -1.386294
 -0.000002 -14.571634 -14.571634 -14.571634
 -0.000007 -13.017012 -13.017012 -13.017012
 -0.000004 -13.473026 -13.473026 -13.473026
 -1.386294 -1.386294 -1.386294 -1.386294
 -0.000003 -13.892475 -13.892475 -13.892475
 -0.000008 -12.847937 -12.847937 -12.847937
 -0.000003 -13.805464 -13.805464 -13.805464
 -1.386294 -1.386294 -1.386294 -1.386294
 -0.000002 -14.571634 -14.571634 -14.571634
 -0.000007 -13.017012 -13.017012 -13.017012
 -0.000004 -13.473026 -13.473026 -13.473026
 -1.386294 -1.386294 -1.386294 -1.386294
 -0.000003 -13.892475 -13.892475 -13.892475
 -0.000008 -12.847937 -12.847937 -12.847937
 -15.406785 -15.406785 -0.000001 -15.406785
 -1.386294 -1.386294 -1.386294 -1.386294
 -1.386294 -1.386294 -1.386294 -1.386294
 -1.386294 -1.386294 -1.386294 -1.386294
 -13.629186 -13.629186 -0.000004 -13.629186
 -1.386294 -1.386294 -1.386294 -1.386294
 -1.386294 -1.386294 -1.386294 -1.386294
 -1.386294 -1.386294 -1.386294 -1.386294
 -15.406785 -15.406785 -0.000001 -15.406785
 -1.386294 -1.386294 -1.386294 -1.386294
 -1.386294 -1.386294 -1.386294 -1.386294
 -1.386294 -1.386294 -1.386294 -1.386294
 -13.629186 -13.629186 -0.000004 -13.629186
 -1.386294 -1.386294 -1.386294 -1.386294
 -1.386294 -1.386294 -1.386294 -1.386294
 -1.386294 -1.386294 -1.386294 -1.386294
 -1.386294 -1.386294 -1.386294 -1.386294
 -1.386294 -1.386294 -1.386294 -1.386294
 -15.562970 -15.562970 -0.000001 -15.562970
 -1.386294 -1.386294 -1.386294 -1.386294
 -1.386294 -1.386294 -1.386294 -1.386294
 -1.386294 -1.386294 -1.386294 -1.386294
 -1.386294 -1.386294 -1.386294 -1.386294
 -1.386294 -1.386294 -1.386294 -1.386294
 -1.386294 -1.386294 -1.386294 -1.386294
 -1.386294 -1.386294 -1.386294 -1.386294
 -15.562970 -15.562970 -0.000001 -15.562970
 -1.386294 -1.386294 -1.386294 -1.386294
 -1.386294 -1.386294 -1.386294 -1.386294
 -1.386294 -1.386294 -1.386294 -1.386294
 -1.386294 -1.386294 -1.386294 -1.386294
 -1.386294 -1.386294 -1.386294 -1.386294
 -1.386294 -1.386294 -1.386294 -1.386294
 -1.386294 -1.386294 -1.386294 -1.386294
 -15.562970 -15.562970 -15.562970 -0.000001
 -1.386294 -1.386294 -1.386294 -1.386294
 -1.386294 -1.386294 -1.386294 -1.386294
 -1.386294 -1.386294 -1.386294 -1.386294
 -1.386294 -1.386294 -1.386294 -1.386294
 -1.386294 -1.386294 -1.386294 -1.386294
 -1.386294 -1.386294 -1.386294 -1.386294
 -1.386294 -1.386294 -1.386294 -1.386294
 -15.562970 -15.562970 -15.562970 -0.000001
 -1.386294 -1.386294 -1.386294 -1.386294
 -1.386294 -1.386294 -1.386294 -1.386294
 -1.386294 -1.386294 -1.386294 -1.386294
 -1.386294 -1.386294 -1.386294 -1.386294
 -1.386294 -1.386294 -1.386294 -1.386294
 -1.386294 -1.386294 -1.386294 -1.386294
 -1.386294 -1.386294 -1.386294 -1.386294
 -1.386294 -1.386294 -1.386294 -1.386294
 -15.562970 -15.562970 -0.000001 -15.562970
 -1.386294 -1.386294 -1.386294 -1.386294
 -1.386294 -1.386294 -1.386294 -1.386294
 -1.386294 -1.386294 -1.386294 -1.386294
 -1.386294 -1.386294 -1.386294 -1.386294
 -1.386294 -1.386294 -1.386294 -1.386294
 -1.386294 -1.386294 -1.386294 -1.386294
 -1.386294 -1.386294 -1.386294 -1.386294
 -15.562970 -15.562970 -0.000001 -15.562970
 -1.386294 -1.386294 -1.386294 -1.386294
 -1.386294 -1.386294 -1.386294 -1.386294
 -1.386294 -1.386294 -1.386294 -1.386294
 -1.386294 -1.386294 -1.386294 -1.386294
 -1.386294 -1.386294 -1.386294 -1.386294
 -1.386294 -1.386294 -1.386294 -1.386294
 -1.386294 -1.386294 -1.386294 -1.386294
 -1.386294 -1.386294 -1.386294 -1.386294
 -1.386294 -1.386294 -1.386294 -1.386294
 -1.386294 -1.386294 -1.386294 -1.386294
 -0.000001 -15.562971 -15.562971 -15.562971
 -1.386294 -1.386294 -1.386294 -1.386294
 -1.386294 -1.386294 -1.386294 -1.386294
 -1.386294 -1.386294 -1.386294 -1.386294
 -1.386294 -1.386294 -1.386294 -1.386294
 -1.386294 -1.386294 -1.386294 -1.386294
 -1.386294 -1.386294 -1.386294 -1.386294
 -1.386294 -1.386294 -1.386294 -1.386294
 -0.000001 -15.562971 -15.562971 -15.562971
 -1.386294 -1.386294 -1.386294 -1.386294
 -15.562970 -15.562970 -0.000001 -15.562970
 -1.386294 -1.386294 -1.386294 -1.386294
 -1.386294 -1.386294 -1.386294 -1.386294
 -1.386294 -1.386294 -1.386294 -1.386294
 -1.386294 -1.386294 -1.386294 -1.386294
 -1.386294 -1.386294 -1.386294 -1.386294
 -1.386294 -1.386294 -1.386294 -1.386294
 -1.386294 -1.386294 -1.386294 -1.386294
 -15.562970 -15.562970 -0.000001 -15.562970
 -1.386294 -1.386294 -1.386294 -1.386294
 -1.386294 -1.386294 -1.386294 -1.386294
 -1.386294 -1.386294 -1.386294 -1.386294
 -1.386294 -1.386294 -1.386294 -1.386294
 -1.386294 -1.386294 -1.386294 -1.386294
 -1.386294 -1.386294 -1.386294 -1.386294
 -1.386294 -1.386294 -1.386294 -1.386294
 -1.386294 -1.386294 -1.386294 -1.386294
 -1.386294 -1.386294 -1.386294 -1.386294
 -1.228665 -1.841769 -0.996043 -1.717900
 -1.386294 -1.386294 -1.386294 -1.386294
 -1.386294 -1.386294 -1.386294 -1.386294
 -1.386294 -1.386294 -1.386294 -1.386294
 -1.386294 -1.386294 -1.386294 -1.386294
 -1.386294 -1.386294 -1.386294 -1.386294
 -1.386294 -1.386294 -1.386294 -1.386294
 -1.386294 -1.386294 -1.386294 -1.386294
 -1.228665 -1.841769 -0.996043 -1.717900
 -1.386294 -1.386294 -1.386294 -1.386294
 -1.386294 -1.386294 -1.386294 -1.386294
 -1.386294 -1.386294 -1.386294 -1.386294
 -1.386294 -1.386294 -1.386294 -1.386294
 -1.386294 -1.386294 -1.386294 -1.386294
 -1.211941 -2.639051 -0.847299 -1.597603
 -1.109663 -1.291984 -2.112959 -1.291984
 -1.122480 -1.830225 -1.122480 -1.667706
 -2.555279 -1.801514 -0.664439 -1.415853
 -1.386294 -1.386294 -1.386294 -1.386294
 -1.386294 -1.386294 -1.386294 -1.386294
 -1.386294 -1.386294 -1.386294 -1.386294
 -1.386294 -1.386294 -1.386294 -1.386294
 -1.211941 -2.639051 -0.847299 -1.597603
 -1.109663 -1.291984 -2.112959 -1.291984
 -1.122480 -1.830225 -1.122480 -1.667706
 -2.555279 -1.801514 -0.664439 -1.415853
 -1.386294 -1.386294 -1.386294 -1.386294
 -1.386294 -1.386294 -1.386294 -1.386294
 -1.386294 -1.386294 -1.386294 -1.386294
 -1.386294 -1.386294 -1.386294 -1.386294
 -1.168206 -1.834683 -0.994935 -1.834683
 -1.430746 -1.120593 -3.828550 -0.884206
 -1.452252 -1.813264 -0.805626 -1.857716
 -2.001475 -1.045970 -1.308333 -1.413693
 -1.239692 -2.538951 -0.804377 -1.691672
 -1.540443 -1.172722 -1.791755 -1.172722
 -1.386294 -2.079435 -0.826681 -1.673974
 -1.347074 -1.514127 -1.272967 -1.427116
 -1.168206 -1.834683 -0.994935 -1.834683
 -1.430746 -1.120593 -3.828550 -0.884206
 -1.452252 -1.813264 -0.805626 -1.857716
 -2.001475 -1.045970 -1.308333 -1.413693
 -1.239692 -2.538951 -0.804377 -1.691672
 -1.540443 -1.172722 -1.791755 -1.172722
 -1.386294 -2.079435 -0.826681 -1.673974
 -1.347074 -1.514127 -1.272967 -1.427116
 -1.173514 -2.009758 -0.911151 -1.866658
 -0.925772 -1.485384 -1.773064 -1.572395
 -0.775386 -1.622682 -1.440361 -2.251288
 -1.529394 -1.609436 -0.916293 -1.696447
 -1.563974 -2.151752 -0.988614 -1.196252
 -1.178656 -1.466336 -2.564935 -0.955514
 -1.339775 -1.945903 -0.965084 -1.540443
 -1.929905 -1.488076 -0.991642 -1.354546
 -1.173514 -2.009758 -0.911151 -1.866658
 -0.925772 -1.485384 -1.773064 -1.572395
 -0.775386 -1.622682 -1.440361 -2.251288
 -1.529394 -1.609436 -0.916293 -1.696447
 -1.563974 -2.151752 -0.988614 -1.196252
 -1.178656 -1.466336 -2.564935 -0.955514
 -1.339775 -1.945903 -0.965084 -1.540443
 -1.929905 -1.488076 -0.991642 -1.354546
 -1.742968 -1.791758 -1.420196 -0.875470
 -1.216396 -1.791756 -1.424034 -1.216396
 -1.061912 -1.581786 -1.238842 -1.839613
 -1.405342 -1.572395 -1.137080 -1.485384
 -1.435084 -2.063687 -0.885041 -1.504077
 -1.197704 -1.262243 -2.360842 -1.137080
 -1.545923 -1.166436 -1.019833 -2.164956
 -1.840546 -1.945905 -0.924261 -1.198697
 -1.742968 -1.791758 -1.420196 -0.875470
 -1.216396 -1.791756 -1.424034 -1.216396
 -1.061912 -1.581786 -1.238842 -1.839613
 -1.405342 -1.572395 -1.137080 -1.485384
 -1.435084 -2.063687 -0.885041 -1.504077
 -1.197704 -1.262243 -2.360842 -1.137080
 -1.545923 -1.166436 -1.019833 -2.164956
 -1.840546 -1.945905 -0.924261 -1.198697
 -1.235472 -1.621133 -1.235472 -1.509908
 -0.832912 -1.343735 -3.135467 -1.343735
 -1.098613 -1.791758 -1.071214 -1.848916
 -1.838277 -1.011602 -1.299283 -1.586964
 -1.368276 -2.061416 -0.871842 -1.609436
 -1.076142 -1.299284 -2.397879 -1.219242
 -1.261132 -1.386294 -1.261132 -1.696447
 -2.367113 -1.268512 -0.900789 -1.519825
 -1.235472 -1.621133 -1.235472 -1.509908
 -0.832912 -1.343735 -3.135467 -1.343735
 -1.098613 -1.791758 -1.071214 -1.848916
 -1.838277 -1.011602 -1.299283 -1.586964
 -1.368276 -2.061416 -0.871842 -1.609436
 -1.076142 -1.299284 -2.397879 -1.219242
 -1.261132 -1.386294 -1.261132 -1.696447
 -2.367113 -1.268512 -0.900789 -1.519825
