 -3.044150 0.000100 0.000100 0.000100
 -2.573170 0.000100 0.000100 0.000100
 -2.681245 0.000100 0.000100 0.000100
 -3.246993 0.000100 0.000100 0.000100
 -2.775197 0.000100 0.000100 0.000100
 -2.417627 0.000100 0.000100 0.000100
 -2.799367 0.000100 0.000100 0.000100
 -2.875595 0.000100 0.000100 0.000100
 -3.044150 0.000100 0.000100 0.000100
 -2.573170 0.000100 0.000100 0.000100
 -2.681245 0.000100 0.000100 0.000100
 -3.246993 0.000100 0.000100 0.000100
 -2.775197 0.000100 0.000100 0.000100
 -2.417627 0.000100 0.000100 0.000100
 -2.799367 0.000100 0.000100 0.000100
 -2.875595 0.000100 0.000100 0.000100
 -14.755519 -0.000001 -14.755519 -14.755519
 -15.226499 -0.000001 -15.226499 -15.226499
 -15.118424 -0.000001 -15.118424 -15.118424
 -14.552676 -0.000002 -14.552676 -14.552676
 -15.024472 -0.000001 -15.024472 -15.024472
 -15.382042 -0.000001 -15.382042 -15.382042
 -15.000301 -0.000001 -15.000301 -15.000301
 -14.924074 -0.000001 -14.924074 -14.924074
 -14.755519 -0.000001 -14.755519 -14.755519
 -15.226499 -0.000001 -15.226499 -15.226499
 -15.118424 -0.000001 -15.118424 -15.118424
 -14.552676 -0.000002 -14.552676 -14.552676
 -15.024472 -0.000001 -15.024472 -15.024472
 -15.382042 -0.000001 -15.382042 -15.382042
 -15.000301 -0.000001 -15.000301 -15.000301
 -14.924074 -0.000001 -14.924074 -14.924074
 -1.386294 -1.386294 -1.386294 -1.386294
 -0.000000 -16.369633 -16.369633 -16.369633
 -1.386294 -1.386294 -1.386294 -1.386294
 -1.386294 -1.386294 -1.386294 -1.386294
 -1.386294 -1.386294 -1.386294 -1.386294
 -0.000000 -16.455282 -16.455282 -16.455282
 -1.386294 -1.386294 -1.386294 -1.386294
 -1.386294 -1.386294 -1.386294 -1.386294
 -1.386294 -1.386294 -1.386294 -1.386294
 -0.000000 -16.369633 -16.369633 -16.369633
 -1.386294 -1.386294 -1.386294 -1.386294
 -1.386294 -1.386294 -1.386294 -1.386294
 -1.386294 -1.386294 -1.386294 -1.386294
 -0.000000 -16.455282 -16.455282 -16.455282
 -1.386294 -1.386294 -1.386294 -1.386294
 -1.386294 -1.386294 -1.386294 -1.386294
 -1.386294 -1.386294 -1.386294 -1.386294
 -1.386294 -1.386294 -1.386294 -1.386294
 -1.386294 -1.386294 -1.386294 -1.386294
 -1.386294 -1.386294 -1.386294 -1.386294
 -17.106522 -17.106522 -0.000000 -17.106522
 -1.386294 -1.386294 -1.386294 -1.386294
 -1.386294 -1.386294 -1.386294 -1.386294
 -1.386294 -1.386294 -1.386294 -1.386294
 -1.386294 -1.386294 -1.386294 -1.386294
 -1.386294 -1.386294 -1.386294 -1.386294
 -1.386294 -1.386294 -1.386294 -1.386294
 -1.386294 -1.386294 -1.386294 -1.386294
 -17.106522 -17.106522 -0.000000 -17.106522
 -1.386294 -1.386294 -1.386294 -1.386294
 -1.386294 -1.386294 -1.386294 -1.386294
 -1.386294 -1.386294 -1.386294 -1.386294
 -1.386294 -1.386294 -1.386294 -1.386294
 -1.386294 -1.386294 -1.386294 -1.386294
 -17.106522 -17.106522 -0.000000 -17.106522
 -1.386294 -1.386294 -1.386294 -1.386294
 -1.386294 -1.386294 -1.386294 -1.386294
 -1.386294 -1.386294 -1.386294 -1.386294
 -1.386294 -1.386294 -1.386294 -1.386294
 -1.386294 -1.386294 -1.386294 -1.386294
 -1.386294 -1.386294 -1.386294 -1.386294
 -1.386294 -1.386294 -1.386294 -1.386294
 -17.106522 -17.106522 -0.000000 -17.106522
 -1.386294 -1.386294 -1.386294 -1.386294
 -1.386294 -1.386294 -1.386294 -1.386294
 -1.386294 -1.386294 -1.386294 -1.386294
 -1.386294 -1.386294 -1.386294 -1.386294
 -1.386294 -1.386294 -1.386294 -1.386294
 -1.386294 -1.386294 -1.386294 -1.386294
 -1.386294 -1.386294 -1.386294 -1.386294
 -17.106522 -17.106522 -17.106522 -0.000000
 -1.386294 -1.386294 -1.386294 -1.386294
 -1.386294 -1.386294 -1.386294 -1.386294
 -1.386294 -1.386294 -1.386294 -1.386294
 -1.386294 -1.386294 -1.386294 -1.386294
 -1.386294 -1.386294 -1.386294 -1.386294
 -1.386294 -1.386294 -1.386294 -1.386294
 -1.386294 -1.386294 -1.386294 -1.386294
 -17.106522 -17.106522 -17.106522 -0.000000
 -1.386294 -1.386294 -1.386294 -1.386294
 -1.386294 -1.386294 -1.386294 -1.386294
 -1.386294 -1.386294 -1.386294 -1.386294
 -1.386294 -1.386294 -1.386294 -1.386294
 -1.386294 -1.386294 -1.386294 -1.386294
 -1.386294 -1.386294 -1.386294 -1.386294
 -1.386294 -1.386294 -1.386294 -1.386294
 -1.386294 -1.386294 -1.386294 -1.386294
 -17.106522 -17.106522 -0.000000 -17.106522
 -1.386294 -1.386294 -1.386294 -1.386294
 -1.386294 -1.386294 -1.386294 -1.386294
 -1.386294 -1.386294 -1.386294 -1.386294
 -1.386294 -1.386294 -1.386294 -1.386294
 -1.386294 -1.386294 -1.386294 -1.386294
 -1.386294 -1.386294 -1.386294 -1.386294
 -1.386294 -1.386294 -1.386294 -1.386294
 -17.106522 -17.106522 -0.000000 -17.106522
 -1.386294 -1.386294 -1.386294 -1.386294
 -1.386294 -1.386294 -1.386294 -1.386294
 -1.386294 -1.386294 -1.386294 -1.386294
 -1.386294 -1.386294 -1.386294 -1.386294
 -1.386294 -1.386294 -1.386294 -1.386294
 -1.386294 -1.386294 -1.386294 -1.386294
 -1.386294 -1.386294 -1.386294 -1.386294
 -1.386294 -1.386294 -1.386294 -1.386294
 -1.386294 -1.386294 -1.386294 -1.386294
 -1.386294 -1.386294 -1.386294 -1.386294
 0.000000 -17.106522 -17.106522 -17.106522
 -1.386294 -1.386294 -1.386294 -1.386294
 -1.386294 -1.386294 -1.386294 -1.386294
 -1.386294 -1.386294 -1.386294 -1.386294
 -1.386294 -1.386294 -1.386294 -1.386294
 -1.386294 -1.386294 -1.386294 -1.386294
 -1.386294 -1.386294 -1.386294 -1.386294
 -1.386294 -1.386294 -1.386294 -1.386294
 0.000000 -17.106522 -17.106522 -17.106522
 -1.386294 -1.386294 -1.386294 -1.386294
 -17.106522 -17.106522 -0.000000 -17.106522
 -1.386294 -1.386294 -1.386294 -1.386294
 -1.386294 -1.386294 -1.386294 -1.386294
 -1.386294 -1.386294 -1.386294 -1.386294
 -1.386294 -1.386294 -1.386294 -1.386294
 -1.386294 -1.386294 -1.386294 -1.386294
 -1.386294 -1.386294 -1.386294 -1.386294
 -1.386294 -1.386294 -1.386294 -1.386294
 -17.106522 -17.106522 -0.000000 -17.106522
 -1.386294 -1.386294 -1.386294 -1.386294
 -1.386294 -1.386294 -1.386294 -1.386294
 -1.386294 -1.386294 -1.386294 -1.386294
 -1.386294 -1.386294 -1.386294 -1.386294
 -1.386294 -1.386294 -1.386294 -1.386294
 -1.386294 -1.386294 -1.386294 -1.386294
 -1.386294 -1.386294 -1.386294 -1.386294
 -1.386294 -1.386294 -1.386294 -1.386294
 -1.386294 -1.386294 -1.386294 -1.386294
 -1.652014 -1.402427 -1.239454 -1.299035
 -1.386294 -1.386294 -1.386294 -1.386294
 -1.386294 -1.386294 -1.386294 -1.386294
 -1.386294 -1.386294 -1.386294 -1.386294
 -1.386294 -1.386294 -1.386294 -1.386294
 -1.386294 -1.386294 -1.386294 -1.386294
 -1.386294 -1.386294 -1.386294 -1.386294
 -1.386294 -1.386294 -1.386294 -1.386294
 -1.652014 -1.402427 -1.239454 -1.299035
 -1.386294 -1.386294 -1.386294 -1.386294
 -1.386294 -1.386294 -1.386294 -1.386294
 -1.386294 -1.386294 -1.386294 -1.386294
 -1.386294 -1.386294 -1.386294 -1.386294
 -1.386294 -1.386294 -1.386294 -1.386294
 -1.338892 -1.481993 -0.976309 -2.010060
 -1.170744 -1.082108 -2.005117 -1.530909
 -1.497671 -1.223005 -1.018372 -2.113431
 -1.982025 -1.503395 -0.771146 -1.729611
 -1.386294 -1.386294 -1.386294 -1.386294
 -1.386294 -1.386294 -1.386294 -1.386294
 -1.386294 -1.386294 -1.386294 -1.386294
 -1.386294 -1.386294 -1.386294 -1.386294
 -1.338892 -1.481993 -0.976309 -2.010060
 -1.170744 -1.082108 -2.005117 -1.530909
 -1.497671 -1.223005 -1.018372 -2.113431
 -1.982025 -1.503395 -0.771146 -1.729611
 -1.386294 -1.386294 -1.386294 -1.386294
 -1.386294 -1.386294 -1.386294 -1.386294
 -1.386294 -1.386294 -1.386294 -1.386294
 -1.386294 -1.386294 -1.386294 -1.386294
 -1.389536 -1.574458 -0.889155 -2.019768
 -1.719304 -0.883595 -2.182876 -1.221466
 -1.768865 -1.113459 -0.959308 -2.137962
 -2.098015 -1.659762 -0.724304 -1.597242
 -1.791759 -1.433126 -0.952901 -1.564702
 -1.504077 -0.915000 -2.269544 -1.294986
 -1.677096 -1.444003 -0.947136 -1.664674
 -2.277265 -1.482337 -0.882085 -1.360977
 -1.389536 -1.574458 -0.889155 -2.019768
 -1.719304 -0.883595 -2.182876 -1.221466
 -1.768865 -1.113459 -0.959308 -2.137962
 -2.098015 -1.659762 -0.724304 -1.597242
 -1.791759 -1.433126 -0.952901 -1.564702
 -1.504077 -0.915000 -2.269544 -1.294986
 -1.677096 -1.444003 -0.947136 -1.664674
 -2.277265 -1.482337 -0.882085 -1.360977
 -1.555553 -1.734600 -0.965947 -1.461734
 -1.257852 -1.071076 -1.817467 -1.557510
 -1.666695 -1.192238 -0.973549 -2.041388
 -1.992429 -1.394593 -0.924590 -1.518646
 -1.564542 -1.516914 -0.987656 -1.614552
 -1.574258 -0.931755 -2.056684 -1.305269
 -1.751971 -1.271386 -0.857187 -2.105610
 -2.274055 -1.345344 -0.944003 -1.395988
 -1.555553 -1.734600 -0.965947 -1.461734
 -1.257852 -1.071076 -1.817467 -1.557510
 -1.666695 -1.192238 -0.973549 -2.041388
 -1.992429 -1.394593 -0.924590 -1.518646
 -1.564542 -1.516914 -0.987656 -1.614552
 -1.574258 -0.931755 -2.056684 -1.305269
 -1.751971 -1.271386 -0.857187 -2.105610
 -2.274055 -1.345344 -0.944003 -1.395988
 -1.693319 -1.421386 -0.969401 -1.632694
 -1.475906 -0.902107 -2.051270 -1.439092
 -1.682956 -1.390133 -0.887030 -1.875640
 -2.430836 -1.504077 -0.875469 -1.297741
 -2.220753 -1.363305 -0.765469 -1.768769
 -1.390956 -1.219598 -1.904902 -1.180984
 -2.040917 -1.280330 -0.882138 -1.724580
 -2.397893 -1.322540 -0.969401 -1.334374
 -1.693319 -1.421386 -0.969401 -1.632694
 -1.475906 -0.902107 -2.051270 -1.439092
 -1.682956 -1.390133 -0.887030 -1.875640
 -2.430836 -1.504077 -0.875469 -1.297741
 -2.220753 -1.363305 -0.765469 -1.768769
 -1.390956 -1.219598 -1.904902 -1.180984
 -2.040917 -1.280330 -0.882138 -1.724580
 -2.397893 -1.322540 -0.969401 -1.334374
 -1.332227 -1.909541 -0.853491 -1.819929
 -1.441946 -1.115854 -1.853452 -1.275819
 -1.858752 -1.154433 -0.896351 -2.113282
 -1.694120 -1.899972 -0.719123 -1.717651
 -1.675395 -1.508342 -0.786757 -1.993848
 -1.352061 -1.054810 -2.104631 -1.305104
 -1.779336 -1.386294 -0.870482 -1.817077
 -2.297012 -1.358744 -1.012999 -1.275363
 -1.332227 -1.909541 -0.853491 -1.819929
 -1.441946 -1.115854 -1.853452 -1.275819
 -1.858752 -1.154433 -0.896351 -2.113282
 -1.694120 -1.899972 -0.719123 -1.717651
 -1.675395 -1.508342 -0.786757 -1.993848
 -1.352061 -1.054810 -2.104631 -1.305104
 -1.779336 -1.386294 -0.870482 -1.817077
 -2.297012 -1.358744 -1.012999 -1.275363
 -3.013431 0.000100 0.000100 0.000100
 -2.734719 0.000100 0.000100 0.000100
 -2.453817 0.000100 0.000100 0.000100
 -3.573044 0.000100 0.000100 0.000100
 -2.474436 0.000100 0.000100 0.000100
 -2.285194 0.000100 0.000100 0.000100
 -3.512420 0.000100 0.000100 0.000100
 -2.879900 0.000100 0.000100 0.000100
 -3.013431 0.000100 0.000100 0.000100
 -2.734719 0.000100 0.000100 0.000100
 -2.453817 0.000100 0.000100 0.000100
 -3.573044 0.000100 0.000100 0.000100
 -2.474436 0.000100 0.000100 0.000100
 -2.285194 0.000100 0.000100 0.000100
 -3.512420 0.000100 0.000100 0.000100
 -2.879900 0.000100 0.000100 0.000100
 -12.542559 -0.000011 -12.542559 -12.542559
 -12.821269 -0.000008 -12.821269 -12.821269
 -13.102169 -0.000006 -13.102169 -13.102169
 -11.982954 -0.000019 -11.982954 -11.982954
 -13.081550 -0.000006 -13.081550 -13.081550
 -13.270790 -0.000005 -13.270790 -13.270790
 -12.043577 -0.000018 -12.043577 -12.043577
 -12.676088 -0.000009 -12.676088 -12.676088
 -12.542559 -0.000011 -12.542559 -12.542559
 -12.821269 -0.000008 -12.821269 -12.821269
 -13.102169 -0.000006 -13.102169 -13.102169
 -11.982954 -0.000019 -11.982954 -11.982954
 -13.081550 -0.000006 -13.081550 -13.081550
 -13.270790 -0.000005 -13.270790 -13.270790
 -12.043577 -0.000018 -12.043577 -12.043577
 -12.676088 -0.000009 -12.676088 -12.676088
 -1.386294 -1.386294 -1.386294 -1.386294
 -0.000002 -14.166170 -14.166170 -14.166170
 -1.386294 -1.386294 -1.386294 -1.386294
 -1.386294 -1.386294 -1.386294 -1.386294
 -1.386294 -1.386294 -1.386294 -1.386294
 -0.000002 -14.173188 -14.173188 -14.173188
 -1.386294 -1.386294 -1.386294 -1.386294
 -1.386294 -1.386294 -1.386294 -1.386294
 -1.386294 -1.386294 -1.386294 -1.386294
 -0.000002 -14.166170 -14.166170 -14.166170
 -1.386294 -1.386294 -1.386294 -1.386294
 -1.386294 -1.386294 -1.386294 -1.386294
 -1.386294 -1.386294 -1.386294 -1.386294
 -0.000002 -14.173188 -14.173188 -14.173188
 -1.386294 -1.386294 -1.386294 -1.386294
 -1.386294 -1.386294 -1.386294 -1.386294
 -1.386294 -1.386294 -1.386294 -1.386294
 -1.386294 -1.386294 -1.386294 -1.386294
 -1.386294 -1.386294 -1.386294 -1.386294
 -1.386294 -1.386294 -1.386294 -1.386294
 -14.862831 -14.862831 -0.000001 -14.862831
 -1.386294 -1.386294 -1.386294 -1.386294
 -1.386294 -1.386294 -1.386294 -1.386294
 -1.386294 -1.386294 -1.386294 -1.386294
 -1.386294 -1.386294 -1.386294 -1.386294
 -1.386294 -1.386294 -1.386294 -1.386294
 -1.386294 -1.386294 -1.386294 -1.386294
 -1.386294 -1.386294 -1.386294 -1.386294
 -14.862831 -14.862831 -0.000001 -14.862831
 -1.386294 -1.386294 -1.386294 -1.386294
 -1.386294 -1.386294 -1.386294 -1.386294
 -1.386294 -1.386294 -1.386294 -1.386294
 -1.386294 -1.386294 -1.386294 -1.386294
 -1.386294 -1.386294 -1.386294 -1.386294
 -14.862831 -14.862831 -0.000001 -14.862831
 -1.386294 -1.386294 -1.386294 -1.386294
 -1.386294 -1.386294 -1.386294 -1.386294
 -1.386294 -1.386294 -1.386294 -1.386294
 -1.386294 -1.386294 -1.386294 -1.386294
 -1.386294 -1.386294 -1.386294 -1.386294
 -1.386294 -1.386294 -1.386294 -1.386294
 -1.386294 -1.386294 -1.386294 -1.386294
 -14.862831 -14.862831 -0.000001 -14.862831
 -1.386294 -1.386294 -1.386294 -1.386294
 -1.386294 -1.386294 -1.386294 -1.386294
 -1.386294 -1.386294 -1.386294 -1.386294
 -1.386294 -1.386294 -1.386294 -1.386294
 -1.386294 -1.386294 -1.386294 -1.386294
 -1.386294 -1.386294 -1.386294 -1.386294
 -1.386294 -1.386294 -1.386294 -1.386294
 -14.862831 -14.862831 -14.862831 -0.000001
 -1.386294 -1.386294 -1.386294 -1.386294
 -1.386294 -1.386294 -1.386294 -1.386294
 -1.386294 -1.386294 -1.386294 -1.386294
 -1.386294 -1.386294 -1.386294 -1.386294
 -1.386294 -1.386294 -1.386294 -1.386294
 -1.386294 -1.386294 -1.386294 -1.386294
 -1.386294 -1.386294 -1.386294 -1.386294
 -14.862831 -14.862831 -14.862831 -0.000001
 -1.386294 -1.386294 -1.386294 -1.386294
 -1.386294 -1.386294 -1.386294 -1.386294
 -1.386294 -1.386294 -1.386294 -1.386294
 -1.386294 -1.386294 -1.386294 -1.386294
 -1.386294 -1.386294 -1.386294 -1.386294
 -1.386294 -1.386294 -1.386294 -1.386294
 -1.386294 -1.386294 -1.386294 -1.386294
 -1.386294 -1.386294 -1.386294 -1.386294
 -14.862831 -14.862831 -0.000001 -14.862831
 -1.386294 -1.386294 -1.386294 -1.386294
 -1.386294 -1.386294 -1.386294 -1.386294
 -1.386294 -1.386294 -1.386294 -1.386294
 -1.386294 -1.386294 -1.386294 -1.386294
 -1.386294 -1.386294 -1.386294 -1.386294
 -1.386294 -1.386294 -1.386294 -1.386294
 -1.386294 -1.386294 -1.386294 -1.386294
 -14.862831 -14.862831 -0.000001 -14.862831
 -1.386294 -1.386294 -1.386294 -1.386294
 -1.386294 -1.386294 -1.386294 -1.386294
 -1.386294 -1.386294 -1.386294 -1.386294
 -1.386294 -1.386294 -1.386294 -1.386294
 -1.386294 -1.386294 -1.386294 -1.386294
 -1.386294 -1.386294 -1.386294 -1.386294
 -1.386294 -1.386294 -1.386294 -1.386294
 -1.386294 -1.386294 -1.386294 -1.386294
 -1.386294 -1.386294 -1.386294 -1.386294
 -1.386294 -1.386294 -1.386294 -1.386294
 -0.000001 -14.862831 -14.862831 -14.862831
 -1.386294 -1.386294 -1.386294 -1.386294
 -1.386294 -1.386294 -1.386294 -1.386294
 -1.386294 -1.386294 -1.386294 -1.386294
 -1.386294 -1.386294 -1.386294 -1.386294
 -1.386294 -1.386294 -1.386294 -1.386294
 -1.386294 -1.386294 -1.386294 -1.386294
 -1.386294 -1.386294 -1.386294 -1.386294
 -0.000001 -14.862831 -14.862831 -14.862831
 -1.386294 -1.386294 -1.386294 -1.386294
 -14.862831 -14.862831 -0.000001 -14.862831
 -1.386294 -1.386294 -1.386294 -1.386294
 -1.386294 -1.386294 -1.386294 -1.386294
 -1.386294 -1.386294 -1.386294 -1.386294
 -1.386294 -1.386294 -1.386294 -1.386294
 -1.386294 -1.386294 -1.386294 -1.386294
 -1.386294 -1.386294 -1.386294 -1.386294
 -1.386294 -1.386294 -1.386294 -1.386294
 -14.862831 -14.862831 -0.000001 -14.862831
 -1.386294 -1.386294 -1.386294 -1.386294
 -1.386294 -1.386294 -1.386294 -1.386294
 -1.386294 -1.386294 -1.386294 -1.386294
 -1.386294 -1.386294 -1.386294 -1.386294
 -1.386294 -1.386294 -1.386294 -1.386294
 -1.386294 -1.386294 -1.386294 -1.386294
 -1.386294 -1.386294 -1.386294 -1.386294
 -1.386294 -1.386294 -1.386294 -1.386294
 -1.386294 -1.386294 -1.386294 -1.386294
 -1.375823 -1.701245 -0.881805 -1.891288
 -1.386294 -1.386294 -1.386294 -1.386294
 -1.386294 -1.386294 -1.386294 -1.386294
 -1.386294 -1.386294 -1.386294 -1.386294
 -1.386294 -1.386294 -1.386294 -1.386294
 -1.386294 -1.386294 -1.386294 -1.386294
 -1.386294 -1.386294 -1.386294 -1.386294
 -1.386294 -1.386294 -1.386294 -1.386294
 -1.375823 -1.701245 -0.881805 -1.891288
 -1.386294 -1.386294 -1.386294 -1.386294
 -1.386294 -1.386294 -1.386294 -1.386294
 -1.386294 -1.386294 -1.386294 -1.386294
 -1.386294 -1.386294 -1.386294 -1.386294
 -1.386294 -1.386294 -1.386294 -1.386294
 -0.909372 -1.974077 -1.018571 -2.330747
 -1.060874 -1.243194 -2.159475 -1.386294
 -1.244325 -1.826244 -1.244325 -1.336698
 -1.815285 -1.363305 -0.988614 -1.563974
 -1.386294 -1.386294 -1.386294 -1.386294
 -1.386294 -1.386294 -1.386294 -1.386294
 -1.386294 -1.386294 -1.386294 -1.386294
 -1.386294 -1.386294 -1.386294 -1.386294
 -0.909372 -1.974077 -1.018571 -2.330747
 -1.060874 -1.243194 -2.159475 -1.386294
 -1.244325 -1.826244 -1.244325 -1.336698
 -1.815285 -1.363305 -0.988614 -1.563974
 -1.386294 -1.386294 -1.386294 -1.386294
 -1.386294 -1.386294 -1.386294 -1.386294
 -1.386294 -1.386294 -1.386294 -1.386294
 -1.386294 -1.386294 -1.386294 -1.386294
 -1.007643 -1.745237 -1.147404 -1.945905
 -1.757852 -0.882395 -1.421385 -1.757852
 -1.261132 -1.609436 -1.049824 -1.791756
 -1.691672 -1.558143 -0.747219 -2.028139
 -1.609434 -1.832572 -0.820987 -1.609434
 -1.060876 -1.312187 -2.159466 -1.312187
 -1.299284 -1.704741 -1.145136 -1.481603
 -2.397863 -1.299284 -0.606146 -2.397863
 -1.007643 -1.745237 -1.147404 -1.945905
 -1.757852 -0.882395 -1.421385 -1.757852
 -1.261132 -1.609436 -1.049824 -1.791756
 -1.691672 -1.558143 -0.747219 -2.028139
 -1.609434 -1.832572 -0.820987 -1.609434
 -1.060876 -1.312187 -2.159466 -1.312187
 -1.299284 -1.704741 -1.145136 -1.481603
 -2.397863 -1.299284 -0.606146 -2.397863
 -1.446918 -1.292769 -1.041456 -1.985909
 -0.949085 -1.488076 -2.740803 -1.131405
 -1.081807 -1.438480 -1.512587 -1.592629
 -3.367210 -1.170074 -0.882395 -1.421385
 -2.036866 -1.343735 -1.343735 -1.056058
 -1.299284 -1.011605 -2.110200 -1.417066
 -1.491654 -1.609435 -0.980833 -1.609435
 -2.944360 -1.845814 -0.747224 -1.152684
 -1.446918 -1.292769 -1.041456 -1.985909
 -0.949085 -1.488076 -2.740803 -1.131405
 -1.081807 -1.438480 -1.512587 -1.592629
 -3.367210 -1.170074 -0.882395 -1.421385
 -2.036866 -1.343735 -1.343735 -1.056058
 -1.299284 -1.011605 -2.110200 -1.417066
 -1.491654 -1.609435 -0.980833 -1.609435
 -2.944360 -1.845814 -0.747224 -1.152684
 -1.586963 -0.950979 -1.386294 -1.838274
 -2.351360 -0.793235 -2.639033 -0.965084
 -1.553347 -1.060874 -1.178656 -2.005327
 -1.475905 -1.945902 -0.916295 -1.475905
 -3.135412 -0.938276 -1.056058 -1.526054
 -1.236764 -1.131405 -2.740803 -1.131405
 -1.216398 -1.349927 -1.098616 -2.197206
 -2.335355 -1.354546 -0.949085 -1.354546
 -1.586963 -0.950979 -1.386294 -1.838274
 -2.351360 -0.793235 -2.639033 -0.965084
 -1.553347 -1.060874 -1.178656 -2.005327
 -1.475905 -1.945902 -0.916295 -1.475905
 -3.135412 -0.938276 -1.056058 -1.526054
 -1.236764 -1.131405 -2.740803 -1.131405
 -1.216398 -1.349927 -1.098616 -2.197206
 -2.335355 -1.354546 -0.949085 -1.354546
 -0.882395 -1.421385 -1.421385 -2.268664
 -1.446918 -1.446918 -1.852379 -0.987389
 -1.145134 -1.838274 -1.219242 -1.481604
 -1.992415 -3.090961 -0.526104 -1.481603
 -0.980835 -1.386294 -1.232146 -2.484873
 -1.339775 -1.435084 -2.639034 -0.847302
 -1.236764 -1.354546 -1.354546 -1.642224
 -1.945903 -2.351360 -1.029622 -0.904460
 -0.882395 -1.421385 -1.421385 -2.268664
 -1.446918 -1.446918 -1.852379 -0.987389
 -1.145134 -1.838274 -1.219242 -1.481604
 -1.992415 -3.090961 -0.526104 -1.481603
 -0.980835 -1.386294 -1.232146 -2.484873
 -1.339775 -1.435084 -2.639034 -0.847302
 -1.236764 -1.354546 -1.354546 -1.642224
 -1.945903 -2.351360 -1.029622 -0.904460
