 -2.624175 0.000100 0.000100 0.000100
 -2.694665 0.000100 0.000100 0.000100
 -2.910114 0.000100 0.000100 0.000100
 -2.967477 0.000100 0.000100 0.000100
 -2.734785 0.000100 0.000100 0.000100
 -2.632060 0.000100 0.000100 0.000100
 -3.058185 0.000100 0.000100 0.000100
 -2.656093 0.000100 0.000100 0.000100
 -2.624175 0.000100 0.000100 0.000100
 -2.694665 0.000100 0.000100 0.000100
 -2.910114 0.000100 0.000100 0.000100
 -2.967477 0.000100 0.000100 0.000100
 -2.734785 0.000100 0.000100 0.000100
 -2.632060 0.000100 0.000100 0.000100
 -3.058185 0.000100 0.000100 0.000100
 -2.656093 0.000100 0.000100 0.000100
 -0.979086 -1.601615 -1.634621 -1.479512
 -1.066820 -1.353142 -2.696875 -1.108492
 -0.867833 -1.290034 -2.118522 -1.689190
 -1.435454 -1.650875 -1.195400 -1.318532
 -1.368903 -1.422012 -1.791759 -1.085540
 -1.097294 -1.352569 -2.738862 -1.070002
 -1.200612 -1.486059 -1.619590 -1.291903
 -1.835965 -1.370208 -1.250064 -1.203973
 -0.979086 -1.601615 -1.634621 -1.479512
 -1.066820 -1.353142 -2.696875 -1.108492
 -0.867833 -1.290034 -2.118522 -1.689190
 -1.435454 -1.650875 -1.195400 -1.318532
 -1.368903 -1.422012 -1.791759 -1.085540
 -1.097294 -1.352569 -2.738862 -1.070002
 -1.200612 -1.486059 -1.619590 -1.291903
 -1.835965 -1.370208 -1.250064 -1.203973
 -15.956753 -2.027913 -1.052680 -0.655102
 -15.588767 -1.582635 -1.687078 -0.495104
 -15.274126 -1.575149 -1.259764 -0.674714
 -15.682687 -2.141612 -0.859218 -0.778614
 -15.823725 -1.785070 -1.033655 -0.741267
 -15.720599 -1.925290 -1.561498 -0.439521
 -15.369436 -1.882429 -1.041102 -0.703775
 -15.969596 -2.023056 -0.824361 -0.845752
 -15.956753 -2.027913 -1.052680 -0.655102
 -15.588767 -1.582635 -1.687078 -0.495104
 -15.274126 -1.575149 -1.259764 -0.674714
 -15.682687 -2.141612 -0.859218 -0.778614
 -15.823725 -1.785070 -1.033655 -0.741267
 -15.720599 -1.925290 -1.561498 -0.439521
 -15.369436 -1.882429 -1.041102 -0.703775
 -15.969596 -2.023056 -0.824361 -0.845752
 -1.386294 -1.386294 -1.386294 -1.386294
 -15.196794 -15.196794 -0.000001 -15.196794
 -15.956753 -15.956753 -0.000000 -15.956753
 -16.341240 -16.341240 -0.000000 -16.341240
 -1.386294 -1.386294 -1.386294 -1.386294
 -15.224056 -15.224056 -0.000001 -15.224056
 -16.014956 -16.014956 -0.000000 -16.014956
 -16.495848 -16.495848 -0.000000 -16.495848
 -1.386294 -1.386294 -1.386294 -1.386294
 -15.196794 -15.196794 -0.000001 -15.196794
 -15.956753 -15.956753 -0.000000 -15.956753
 -16.341240 -16.341240 -0.000000 -16.341240
 -1.386294 -1.386294 -1.386294 -1.386294
 -15.224056 -15.224056 -0.000001 -15.224056
 -16.014956 -16.014956 -0.000000 -16.014956
 -16.495848 -16.495848 -0.000000 -16.495848
 -1.386294 -1.386294 -1.386294 -1.386294
 -1.386294 -1.386294 -1.386294 -1.386294
 -16.679424 -16.679424 -0.000000 -16.679424
 -1.386294 -1.386294 -1.386294 -1.386294
 -1.386294 -1.386294 -1.386294 -1.386294
 -1.386294 -1.386294 -1.386294 -1.386294
 -17.375420 -17.375420 -0.000000 -17.375420
 -1.386294 -1.386294 -1.386294 -1.386294
 -1.386294 -1.386294 -1.386294 -1.386294
 -1.386294 -1.386294 -1.386294 -1.386294
 -16.679424 -16.679424 -0.000000 -16.679424
 -1.386294 -1.386294 -1.386294 -1.386294
 -1.386294 -1.386294 -1.386294 -1.386294
 -1.386294 -1.386294 -1.386294 -1.386294
 -17.375420 -17.375420 -0.000000 -17.375420
 -1.386294 -1.386294 -1.386294 -1.386294
 -1.386294 -1.386294 -1.386294 -1.386294
 -1.386294 -1.386294 -1.386294 -1.386294
 -17.779936 -17.779936 -17.779936 -0.000000
 -1.386294 -1.386294 -1.386294 -1.386294
 -1.386294 -1.386294 -1.386294 -1.386294
 -1.386294 -1.386294 -1.386294 -1.386294
 -1.386294 -1.386294 -1.386294 -1.386294
 -1.386294 -1.386294 -1.386294 -1.386294
 -1.386294 -1.386294 -1.386294 -1.386294
 -1.386294 -1.386294 -1.386294 -1.386294
 -17.779936 -17.779936 -17.779936 -0.000000
 -1.386294 -1.386294 -1.386294 -1.386294
 -1.386294 -1.386294 -1.386294 -1.386294
 -1.386294 -1.386294 -1.386294 -1.386294
 -1.386294 -1.386294 -1.386294 -1.386294
 -1.386294 -1.386294 -1.386294 -1.386294
 -1.386294 -1.386294 -1.386294 -1.386294
 -1.386294 -1.386294 -1.386294 -1.386294
 -1.386294 -1.386294 -1.386294 -1.386294
 -0.070770 -3.040166 -17.779936 -3.887464
 -1.386294 -1.386294 -1.386294 -1.386294
 -1.386294 -1.386294 -1.386294 -1.386294
 -1.386294 -1.386294 -1.386294 -1.386294
 -1.386294 -1.386294 -1.386294 -1.386294
 -1.386294 -1.386294 -1.386294 -1.386294
 -1.386294 -1.386294 -1.386294 -1.386294
 -1.386294 -1.386294 -1.386294 -1.386294
 -0.070770 -3.040166 -17.779936 -3.887464
 -1.386294 -1.386294 -1.386294 -1.386294
 -1.386294 -1.386294 -1.386294 -1.386294
 -1.386294 -1.386294 -1.386294 -1.386294
 -1.386294 -1.386294 -1.386294 -1.386294
 -1.386294 -1.386294 -1.386294 -1.386294
 -1.386294 -1.386294 -1.386294 -1.386294
 -1.386294 -1.386294 -1.386294 -1.386294
 -1.386294 -1.386294 -1.386294 -1.386294
 0.000000 -17.709166 -17.709166 -17.709166
 -0.000001 -14.739771 -14.739771 -14.739771
 -1.386294 -1.386294 -1.386294 -1.386294
 -0.000003 -13.892475 -13.892475 -13.892475
 -1.386294 -1.386294 -1.386294 -1.386294
 -1.386294 -1.386294 -1.386294 -1.386294
 -1.386294 -1.386294 -1.386294 -1.386294
 -1.386294 -1.386294 -1.386294 -1.386294
 0.000000 -17.709166 -17.709166 -17.709166
 -0.000001 -14.739771 -14.739771 -14.739771
 -1.386294 -1.386294 -1.386294 -1.386294
 -0.000003 -13.892475 -13.892475 -13.892475
 -17.709166 -17.709166 0.000000 -17.709166
 -1.386294 -1.386294 -1.386294 -1.386294
 -1.386294 -1.386294 -1.386294 -1.386294
 -1.386294 -1.386294 -1.386294 -1.386294
 -15.096445 -15.096445 -0.000001 -15.096445
 -1.386294 -1.386294 -1.386294 -1.386294
 -1.386294 -1.386294 -1.386294 -1.386294
 -1.386294 -1.386294 -1.386294 -1.386294
 -17.709166 -17.709166 0.000000 -17.709166
 -1.386294 -1.386294 -1.386294 -1.386294
 -1.386294 -1.386294 -1.386294 -1.386294
 -1.386294 -1.386294 -1.386294 -1.386294
 -15.096445 -15.096445 -0.000001 -15.096445
 -1.386294 -1.386294 -1.386294 -1.386294
 -1.386294 -1.386294 -1.386294 -1.386294
 -1.386294 -1.386294 -1.386294 -1.386294
 -1.386294 -1.386294 -1.386294 -1.386294
 -1.386294 -1.386294 -1.386294 -1.386294
 -1.449960 -2.041638 -1.756151 -0.770253
 -1.386294 -1.386294 -1.386294 -1.386294
 -1.386294 -1.386294 -1.386294 -1.386294
 -1.386294 -1.386294 -1.386294 -1.386294
 -1.386294 -1.386294 -1.386294 -1.386294
 -1.386294 -1.386294 -1.386294 -1.386294
 -1.386294 -1.386294 -1.386294 -1.386294
 -1.386294 -1.386294 -1.386294 -1.386294
 -1.449960 -2.041638 -1.756151 -0.770253
 -1.386294 -1.386294 -1.386294 -1.386294
 -1.386294 -1.386294 -1.386294 -1.386294
 -1.386294 -1.386294 -1.386294 -1.386294
 -1.386294 -1.386294 -1.386294 -1.386294
 -1.386294 -1.386294 -1.386294 -1.386294
 -0.962657 -1.877888 -1.335810 -1.598175
 -0.907557 -1.504077 -2.184152 -1.340572
 -0.967006 -1.442807 -1.371027 -2.042759
 -1.268466 -1.891260 -1.131115 -1.405753
 -1.386294 -1.386294 -1.386294 -1.386294
 -1.386294 -1.386294 -1.386294 -1.386294
 -1.386294 -1.386294 -1.386294 -1.386294
 -1.386294 -1.386294 -1.386294 -1.386294
 -0.962657 -1.877888 -1.335810 -1.598175
 -0.907557 -1.504077 -2.184152 -1.340572
 -0.967006 -1.442807 -1.371027 -2.042759
 -1.268466 -1.891260 -1.131115 -1.405753
 -1.386294 -1.386294 -1.386294 -1.386294
 -1.386294 -1.386294 -1.386294 -1.386294
 -1.386294 -1.386294 -1.386294 -1.386294
 -1.386294 -1.386294 -1.386294 -1.386294
 -1.169528 -1.594875 -1.374144 -1.454589
 -1.310067 -1.157228 -2.417894 -1.118613
 -1.468738 -1.330336 -1.173274 -1.629420
 -1.780948 -1.996059 -1.120591 -0.995428
 -1.270593 -1.665008 -1.512428 -1.171921
 -1.160079 -1.378631 -2.670308 -1.006805
 -1.419238 -1.453305 -1.323493 -1.354401
 -1.618488 -1.671834 -1.362136 -1.027819
 -1.169528 -1.594875 -1.374144 -1.454589
 -1.310067 -1.157228 -2.417894 -1.118613
 -1.468738 -1.330336 -1.173274 -1.629420
 -1.780948 -1.996059 -1.120591 -0.995428
 -1.270593 -1.665008 -1.512428 -1.171921
 -1.160079 -1.378631 -2.670308 -1.006805
 -1.419238 -1.453305 -1.323493 -1.354401
 -1.618488 -1.671834 -1.362136 -1.027819
 -1.027995 -1.682921 -1.469827 -1.485095
 -1.289290 -1.066147 -2.521432 -1.204451
 -1.412206 -1.205192 -1.272444 -1.733789
 -1.680085 -1.551468 -1.246691 -1.157564
 -1.555586 -1.508184 -1.354033 -1.173036
 -1.347413 -1.134491 -2.822258 -1.024347
 -1.404359 -1.549867 -1.172917 -1.457848
 -1.830545 -1.570792 -1.333372 -0.999111
 -1.027995 -1.682921 -1.469827 -1.485095
 -1.289290 -1.066147 -2.521432 -1.204451
 -1.412206 -1.205192 -1.272444 -1.733789
 -1.680085 -1.551468 -1.246691 -1.157564
 -1.555586 -1.508184 -1.354033 -1.173036
 -1.347413 -1.134491 -2.822258 -1.024347
 -1.404359 -1.549867 -1.172917 -1.457848
 -1.830545 -1.570792 -1.333372 -0.999111
 -1.228312 -1.619388 -1.373645 -1.362534
 -1.256119 -1.285972 -2.264782 -1.093600
 -1.344229 -1.299777 -1.186837 -1.823364
 -1.546189 -1.877834 -1.236572 -1.068153
 -1.264884 -1.769631 -1.252763 -1.340870
 -1.291367 -1.180410 -2.509037 -1.088843
 -1.645156 -1.469591 -1.069792 -1.452784
 -1.691517 -1.561758 -1.419010 -1.010492
 -1.228312 -1.619388 -1.373645 -1.362534
 -1.256119 -1.285972 -2.264782 -1.093600
 -1.344229 -1.299777 -1.186837 -1.823364
 -1.546189 -1.877834 -1.236572 -1.068153
 -1.264884 -1.769631 -1.252763 -1.340870
 -1.291367 -1.180410 -2.509037 -1.088843
 -1.645156 -1.469591 -1.069792 -1.452784
 -1.691517 -1.561758 -1.419010 -1.010492
 -1.128465 -1.826408 -1.364854 -1.346835
 -1.051672 -1.323606 -2.381395 -1.230824
 -1.453128 -1.336653 -1.035967 -1.906795
 -1.560817 -1.809713 -1.213508 -1.111146
 -1.404756 -1.595811 -1.344497 -1.233887
 -1.274910 -1.079165 -2.757594 -1.148158
 -1.584120 -1.408229 -1.116524 -1.501123
 -1.769286 -1.528124 -1.459132 -0.967149
 -1.128465 -1.826408 -1.364854 -1.346835
 -1.051672 -1.323606 -2.381395 -1.230824
 -1.453128 -1.336653 -1.035967 -1.906795
 -1.560817 -1.809713 -1.213508 -1.111146
 -1.404756 -1.595811 -1.344497 -1.233887
 -1.274910 -1.079165 -2.757594 -1.148158
 -1.584120 -1.408229 -1.116524 -1.501123
 -1.769286 -1.528124 -1.459132 -0.967149
 -2.947839 0.000100 0.000100 0.000100
 -2.823541 0.000100 0.000100 0.000100
 -2.592635 0.000100 0.000100 0.000100
 -2.992959 0.000100 0.000100 0.000100
 -2.953738 0.000100 0.000100 0.000100
 -2.765517 0.000100 0.000100 0.000100
 -2.580340 0.000100 0.000100 0.000100
 -2.626182 0.000100 0.000100 0.000100
 -2.947839 0.000100 0.000100 0.000100
 -2.823541 0.000100 0.000100 0.000100
 -2.592635 0.000100 0.000100 0.000100
 -2.992959 0.000100 0.000100 0.000100
 -2.953738 0.000100 0.000100 0.000100
 -2.765517 0.000100 0.000100 0.000100
 -2.580340 0.000100 0.000100 0.000100
 -2.626182 0.000100 0.000100 0.000100
 -1.307157 -2.273596 -0.976916 -1.386294
 -1.025990 -1.464607 -2.001999 -1.289804
 -1.316615 -1.651549 -1.200542 -1.430559
 -1.776491 -1.723382 -0.856572 -1.479760
 -1.416327 -2.061845 -0.986764 -1.357138
 -1.199083 -1.478668 -1.968215 -1.105993
 -1.839735 -2.482870 -1.400654 -0.670992
 -2.073065 -1.731762 -0.872488 -1.275406
 -1.307157 -2.273596 -0.976916 -1.386294
 -1.025990 -1.464607 -2.001999 -1.289804
 -1.316615 -1.651549 -1.200542 -1.430559
 -1.776491 -1.723382 -0.856572 -1.479760
 -1.416327 -2.061845 -0.986764 -1.357138
 -1.199083 -1.478668 -1.968215 -1.105993
 -1.839735 -2.482870 -1.400654 -0.670992
 -2.073065 -1.731762 -0.872488 -1.275406
 -15.155762 -2.900894 -0.677563 -0.827427
 -14.566929 -1.922598 -2.137708 -0.306732
 -15.466091 -2.759240 -0.679801 -0.844104
 -15.500056 -3.154218 -0.961840 -0.553144
 -15.137267 -2.525726 -0.556289 -1.059392
 -14.987994 -1.885831 -1.717209 -0.402375
 -15.303911 -2.597060 -0.600509 -0.975576
 -15.310660 -3.055793 -0.611382 -0.890833
 -15.155762 -2.900894 -0.677563 -0.827427
 -14.566929 -1.922598 -2.137708 -0.306732
 -15.466091 -2.759240 -0.679801 -0.844104
 -15.500056 -3.154218 -0.961840 -0.553144
 -15.137267 -2.525726 -0.556289 -1.059392
 -14.987994 -1.885831 -1.717209 -0.402375
 -15.303911 -2.597060 -0.600509 -0.975576
 -15.310660 -3.055793 -0.611382 -0.890833
 -1.386294 -1.386294 -1.386294 -1.386294
 -13.972518 -13.972518 -0.000003 -13.972518
 -16.030357 -16.030357 -0.000000 -16.030357
 -15.744130 -15.744130 -0.000000 -15.744130
 -1.386294 -1.386294 -1.386294 -1.386294
 -14.030625 -14.030625 -0.000002 -14.030625
 -15.485104 -15.485104 -0.000001 -15.485104
 -15.973070 -15.973070 -0.000000 -15.973070
 -1.386294 -1.386294 -1.386294 -1.386294
 -13.972518 -13.972518 -0.000003 -13.972518
 -16.030357 -16.030357 -0.000000 -16.030357
 -15.744130 -15.744130 -0.000000 -15.744130
 -1.386294 -1.386294 -1.386294 -1.386294
 -14.030625 -14.030625 -0.000002 -14.030625
 -15.485104 -15.485104 -0.000001 -15.485104
 -15.973070 -15.973070 -0.000000 -15.973070
 -1.386294 -1.386294 -1.386294 -1.386294
 -1.386294 -1.386294 -1.386294 -1.386294
 -16.487589 -16.487589 -0.000000 -16.487589
 -1.386294 -1.386294 -1.386294 -1.386294
 -1.386294 -1.386294 -1.386294 -1.386294
 -1.386294 -1.386294 -1.386294 -1.386294
 -16.702543 -16.702543 -0.000000 -16.702543
 -1.386294 -1.386294 -1.386294 -1.386294
 -1.386294 -1.386294 -1.386294 -1.386294
 -1.386294 -1.386294 -1.386294 -1.386294
 -16.487589 -16.487589 -0.000000 -16.487589
 -1.386294 -1.386294 -1.386294 -1.386294
 -1.386294 -1.386294 -1.386294 -1.386294
 -1.386294 -1.386294 -1.386294 -1.386294
 -16.702543 -16.702543 -0.000000 -16.702543
 -1.386294 -1.386294 -1.386294 -1.386294
 -1.386294 -1.386294 -1.386294 -1.386294
 -1.386294 -1.386294 -1.386294 -1.386294
 -17.293978 -17.293978 -17.293978 -0.000000
 -1.386294 -1.386294 -1.386294 -1.386294
 -1.386294 -1.386294 -1.386294 -1.386294
 -1.386294 -1.386294 -1.386294 -1.386294
 -1.386294 -1.386294 -1.386294 -1.386294
 -1.386294 -1.386294 -1.386294 -1.386294
 -1.386294 -1.386294 -1.386294 -1.386294
 -1.386294 -1.386294 -1.386294 -1.386294
 -17.293978 -17.293978 -17.293978 -0.000000
 -1.386294 -1.386294 -1.386294 -1.386294
 -1.386294 -1.386294 -1.386294 -1.386294
 -1.386294 -1.386294 -1.386294 -1.386294
 -1.386294 -1.386294 -1.386294 -1.386294
 -1.386294 -1.386294 -1.386294 -1.386294
 -1.386294 -1.386294 -1.386294 -1.386294
 -1.386294 -1.386294 -1.386294 -1.386294
 -1.386294 -1.386294 -1.386294 -1.386294
 -1.509957 -0.559076 -17.293978 -1.573379
 -1.386294 -1.386294 -1.386294 -1.386294
 -1.386294 -1.386294 -1.386294 -1.386294
 -1.386294 -1.386294 -1.386294 -1.386294
 -1.386294 -1.386294 -1.386294 -1.386294
 -1.386294 -1.386294 -1.386294 -1.386294
 -1.386294 -1.386294 -1.386294 -1.386294
 -1.386294 -1.386294 -1.386294 -1.386294
 -1.509957 -0.559076 -17.293978 -1.573379
 -1.386294 -1.386294 -1.386294 -1.386294
 -1.386294 -1.386294 -1.386294 -1.386294
 -1.386294 -1.386294 -1.386294 -1.386294
 -1.386294 -1.386294 -1.386294 -1.386294
 -1.386294 -1.386294 -1.386294 -1.386294
 -1.386294 -1.386294 -1.386294 -1.386294
 -1.386294 -1.386294 -1.386294 -1.386294
 -1.386294 -1.386294 -1.386294 -1.386294
 -0.000001 -15.784021 -15.784021 -15.784021
 -0.000000 -16.734901 -16.734901 -16.734901
 -1.386294 -1.386294 -1.386294 -1.386294
 -0.000001 -15.720599 -15.720599 -15.720599
 -1.386294 -1.386294 -1.386294 -1.386294
 -1.386294 -1.386294 -1.386294 -1.386294
 -1.386294 -1.386294 -1.386294 -1.386294
 -1.386294 -1.386294 -1.386294 -1.386294
 -0.000001 -15.784021 -15.784021 -15.784021
 -0.000000 -16.734901 -16.734901 -16.734901
 -1.386294 -1.386294 -1.386294 -1.386294
 -0.000001 -15.720599 -15.720599 -15.720599
 -15.784021 -15.784021 -0.000000 -15.784021
 -1.386294 -1.386294 -1.386294 -1.386294
 -1.386294 -1.386294 -1.386294 -1.386294
 -1.386294 -1.386294 -1.386294 -1.386294
 -17.044336 -17.044336 -0.000000 -17.044336
 -1.386294 -1.386294 -1.386294 -1.386294
 -1.386294 -1.386294 -1.386294 -1.386294
 -1.386294 -1.386294 -1.386294 -1.386294
 -15.784021 -15.784021 -0.000000 -15.784021
 -1.386294 -1.386294 -1.386294 -1.386294
 -1.386294 -1.386294 -1.386294 -1.386294
 -1.386294 -1.386294 -1.386294 -1.386294
 -17.044336 -17.044336 -0.000000 -17.044336
 -1.386294 -1.386294 -1.386294 -1.386294
 -1.386294 -1.386294 -1.386294 -1.386294
 -1.386294 -1.386294 -1.386294 -1.386294
 -1.386294 -1.386294 -1.386294 -1.386294
 -1.386294 -1.386294 -1.386294 -1.386294
 -1.336051 -1.681720 -0.999411 -1.698443
 -1.386294 -1.386294 -1.386294 -1.386294
 -1.386294 -1.386294 -1.386294 -1.386294
 -1.386294 -1.386294 -1.386294 -1.386294
 -1.386294 -1.386294 -1.386294 -1.386294
 -1.386294 -1.386294 -1.386294 -1.386294
 -1.386294 -1.386294 -1.386294 -1.386294
 -1.386294 -1.386294 -1.386294 -1.386294
 -1.336051 -1.681720 -0.999411 -1.698443
 -1.386294 -1.386294 -1.386294 -1.386294
 -1.386294 -1.386294 -1.386294 -1.386294
 -1.386294 -1.386294 -1.386294 -1.386294
 -1.386294 -1.386294 -1.386294 -1.386294
 -1.386294 -1.386294 -1.386294 -1.386294
 -1.296548 -1.834931 -1.057227 -1.516478
 -1.059583 -1.391282 -2.258781 -1.203420
 -1.373799 -1.181593 -1.261181 -1.853118
 -1.657806 -1.589404 -0.987032 -1.457941
 -1.386294 -1.386294 -1.386294 -1.386294
 -1.386294 -1.386294 -1.386294 -1.386294
 -1.386294 -1.386294 -1.386294 -1.386294
 -1.386294 -1.386294 -1.386294 -1.386294
 -1.296548 -1.834931 -1.057227 -1.516478
 -1.059583 -1.391282 -2.258781 -1.203420
 -1.373799 -1.181593 -1.261181 -1.853118
 -1.657806 -1.589404 -0.987032 -1.457941
 -1.386294 -1.386294 -1.386294 -1.386294
 -1.386294 -1.386294 -1.386294 -1.386294
 -1.386294 -1.386294 -1.386294 -1.386294
 -1.386294 -1.386294 -1.386294 -1.386294
 -1.232411 -1.851449 -1.111783 -1.503143
 -1.473668 -1.836573 -2.960500 -0.580246
 -1.205025 -1.607862 -1.253552 -1.539394
 -1.765372 -1.606767 -1.041454 -1.289527
 -1.443818 -1.584897 -1.308643 -1.241952
 -1.136211 -1.271386 -2.424062 -1.171302
 -1.538100 -1.318241 -1.414868 -1.292266
 -1.670846 -1.531084 -1.254332 -1.170071
 -1.232411 -1.851449 -1.111783 -1.503143
 -1.473668 -1.836573 -2.960500 -0.580246
 -1.205025 -1.607862 -1.253552 -1.539394
 -1.765372 -1.606767 -1.041454 -1.289527
 -1.443818 -1.584897 -1.308643 -1.241952
 -1.136211 -1.271386 -2.424062 -1.171302
 -1.538100 -1.318241 -1.414868 -1.292266
 -1.670846 -1.531084 -1.254332 -1.170071
 -1.176070 -1.702680 -1.245543 -1.507188
 -1.175120 -1.323173 -2.340106 -1.112878
 -1.428091 -1.365079 -1.305802 -1.452784
 -1.880051 -1.600092 -1.070833 -1.194627
 -1.743846 -1.309561 -1.059510 -1.567389
 -1.160488 -1.129072 -2.484904 -1.272966
 -1.531934 -1.549029 -1.166821 -1.346792
 -2.135666 -1.970911 -0.629933 -1.561236
 -1.176070 -1.702680 -1.245543 -1.507188
 -1.175120 -1.323173 -2.340106 -1.112878
 -1.428091 -1.365079 -1.305802 -1.452784
 -1.880051 -1.600092 -1.070833 -1.194627
 -1.743846 -1.309561 -1.059510 -1.567389
 -1.160488 -1.129072 -2.484904 -1.272966
 -1.531934 -1.549029 -1.166821 -1.346792
 -2.135666 -1.970911 -0.629933 -1.561236
 -1.396657 -1.630272 -1.108975 -1.483668
 -1.129213 -1.367298 -2.262310 -1.146307
 -1.290221 -1.808709 -1.017924 -1.611541
 -1.571900 -1.877281 -1.277661 -1.019832
 -1.639743 -1.719785 -0.954319 -1.419681
 -1.183583 -1.202102 -2.616832 -1.138733
 -1.994404 -2.009003 -0.565551 -1.821791
 -1.722766 -1.627456 -1.170320 -1.156034
 -1.396657 -1.630272 -1.108975 -1.483668
 -1.129213 -1.367298 -2.262310 -1.146307
 -1.290221 -1.808709 -1.017924 -1.611541
 -1.571900 -1.877281 -1.277661 -1.019832
 -1.639743 -1.719785 -0.954319 -1.419681
 -1.183583 -1.202102 -2.616832 -1.138733
 -1.994404 -2.009003 -0.565551 -1.821791
 -1.722766 -1.627456 -1.170320 -1.156034
 -1.446227 -1.863526 -0.976223 -1.458061
 -0.959776 -1.452252 -2.383808 -1.235188
 -1.669801 -1.662421 -1.360140 -1.006732
 -1.515705 -1.502633 -1.119051 -1.464412
 -1.604229 -1.630547 -1.096005 -1.313306
 -1.225521 -1.167813 -2.406652 -1.186682
 -1.642774 -1.609438 -0.932820 -1.545924
 -1.943923 -1.368560 -1.102597 -1.307935
 -1.446227 -1.863526 -0.976223 -1.458061
 -0.959776 -1.452252 -2.383808 -1.235188
 -1.669801 -1.662421 -1.360140 -1.006732
 -1.515705 -1.502633 -1.119051 -1.464412
 -1.604229 -1.630547 -1.096005 -1.313306
 -1.225521 -1.167813 -2.406652 -1.186682
 -1.642774 -1.609438 -0.932820 -1.545924
 -1.943923 -1.368560 -1.102597 -1.307935
