 -2.683989 0.000100 0.000100 0.000100
 -2.759057 0.000100 0.000100 0.000100
 -2.625861 0.000100 0.000100 0.000100
 -3.156489 0.000100 0.000100 0.000100
 -2.891053 0.000100 0.000100 0.000100
 -2.584381 0.000100 0.000100 0.000100
 -2.719526 0.000100 0.000100 0.000100
 -2.872815 0.000100 0.000100 0.000100
 -2.683989 0.000100 0.000100 0.000100
 -2.759057 0.000100 0.000100 0.000100
 -2.625861 0.000100 0.000100 0.000100
 -3.156489 0.000100 0.000100 0.000100
 -2.891053 0.000100 0.000100 0.000100
 -2.584381 0.000100 0.000100 0.000100
 -2.719526 0.000100 0.000100 0.000100
 -2.872815 0.000100 0.000100 0.000100
 -1.149775 -1.472173 -1.408994 -1.563144
 -1.131402 -1.173962 -2.157692 -1.375599
 -0.940102 -1.132108 -1.862434 -2.026736
 -1.714798 -1.316768 -1.127012 -1.478410
 -1.417449 -1.524217 -1.344246 -1.276038
 -1.130725 -1.297779 -2.404689 -1.159096
 -1.294986 -1.404548 -1.458615 -1.394076
 -1.954986 -1.272536 -1.141696 -1.350788
 -1.149775 -1.472173 -1.408994 -1.563144
 -1.131402 -1.173962 -2.157692 -1.375599
 -0.940102 -1.132108 -1.862434 -2.026736
 -1.714798 -1.316768 -1.127012 -1.478410
 -1.417449 -1.524217 -1.344246 -1.276038
 -1.130725 -1.297779 -2.404689 -1.159096
 -1.294986 -1.404548 -1.458615 -1.394076
 -1.954986 -1.272536 -1.141696 -1.350788
 -15.379951 -1.787584 -1.057623 -0.722874
 -15.189227 -1.536234 -1.730390 -0.498247
 -15.036342 -1.230880 -1.360092 -0.795563
 -15.000301 -1.764608 -0.636669 -1.204993
 -15.082459 -1.581658 -1.162588 -0.730455
 -15.191755 -1.376244 -1.492778 -0.648696
 -14.808764 -1.424035 -1.179582 -0.794402
 -15.139931 -1.560141 -0.817602 -1.054392
 -15.379951 -1.787584 -1.057623 -0.722874
 -15.189227 -1.536234 -1.730390 -0.498247
 -15.036342 -1.230880 -1.360092 -0.795563
 -15.000301 -1.764608 -0.636669 -1.204993
 -15.082459 -1.581658 -1.162588 -0.730455
 -15.191755 -1.376244 -1.492778 -0.648696
 -14.808764 -1.424035 -1.179582 -0.794402
 -15.139931 -1.560141 -0.817602 -1.054392
 -1.386294 -1.386294 -1.386294 -1.386294
 -14.969243 -14.969243 -0.000001 -14.969243
 -15.312900 -15.312900 -0.000001 -15.312900
 -15.729488 -15.729488 -0.000000 -15.729488
 -1.386294 -1.386294 -1.386294 -1.386294
 -14.978662 -14.978662 -0.000001 -14.978662
 -15.420941 -15.420941 -0.000001 -15.420941
 -15.726534 -15.726534 -0.000000 -15.726534
 -1.386294 -1.386294 -1.386294 -1.386294
 -14.969243 -14.969243 -0.000001 -14.969243
 -15.312900 -15.312900 -0.000001 -15.312900
 -15.729488 -15.729488 -0.000000 -15.729488
 -1.386294 -1.386294 -1.386294 -1.386294
 -14.978662 -14.978662 -0.000001 -14.978662
 -15.420941 -15.420941 -0.000001 -15.420941
 -15.726534 -15.726534 -0.000000 -15.726534
 -1.386294 -1.386294 -1.386294 -1.386294
 -1.386294 -1.386294 -1.386294 -1.386294
 -16.061525 -16.061525 -0.000000 -16.061525
 -1.386294 -1.386294 -1.386294 -1.386294
 -1.386294 -1.386294 -1.386294 -1.386294
 -1.386294 -1.386294 -1.386294 -1.386294
 -16.806732 -16.806732 -0.000000 -16.806732
 -1.386294 -1.386294 -1.386294 -1.386294
 -1.386294 -1.386294 -1.386294 -1.386294
 -1.386294 -1.386294 -1.386294 -1.386294
 -16.061525 -16.061525 -0.000000 -16.061525
 -1.386294 -1.386294 -1.386294 -1.386294
 -1.386294 -1.386294 -1.386294 -1.386294
 -1.386294 -1.386294 -1.386294 -1.386294
 -16.806732 -16.806732 -0.000000 -16.806732
 -1.386294 -1.386294 -1.386294 -1.386294
 -1.386294 -1.386294 -1.386294 -1.386294
 -1.386294 -1.386294 -1.386294 -1.386294
 -17.195145 -17.195145 -17.195145 -0.000000
 -1.386294 -1.386294 -1.386294 -1.386294
 -1.386294 -1.386294 -1.386294 -1.386294
 -1.386294 -1.386294 -1.386294 -1.386294
 -1.386294 -1.386294 -1.386294 -1.386294
 -1.386294 -1.386294 -1.386294 -1.386294
 -1.386294 -1.386294 -1.386294 -1.386294
 -1.386294 -1.386294 -1.386294 -1.386294
 -17.195145 -17.195145 -17.195145 -0.000000
 -1.386294 -1.386294 -1.386294 -1.386294
 -1.386294 -1.386294 -1.386294 -1.386294
 -1.386294 -1.386294 -1.386294 -1.386294
 -1.386294 -1.386294 -1.386294 -1.386294
 -1.386294 -1.386294 -1.386294 -1.386294
 -1.386294 -1.386294 -1.386294 -1.386294
 -1.386294 -1.386294 -1.386294 -1.386294
 -1.386294 -1.386294 -1.386294 -1.386294
 -17.195145 -17.195145 -0.000000 -17.195145
 -1.386294 -1.386294 -1.386294 -1.386294
 -1.386294 -1.386294 -1.386294 -1.386294
 -1.386294 -1.386294 -1.386294 -1.386294
 -1.386294 -1.386294 -1.386294 -1.386294
 -1.386294 -1.386294 -1.386294 -1.386294
 -1.386294 -1.386294 -1.386294 -1.386294
 -1.386294 -1.386294 -1.386294 -1.386294
 -17.195145 -17.195145 -0.000000 -17.195145
 -1.386294 -1.386294 -1.386294 -1.386294
 -1.386294 -1.386294 -1.386294 -1.386294
 -1.386294 -1.386294 -1.386294 -1.386294
 -1.386294 -1.386294 -1.386294 -1.386294
 -1.386294 -1.386294 -1.386294 -1.386294
 -1.386294 -1.386294 -1.386294 -1.386294
 -1.386294 -1.386294 -1.386294 -1.386294
 -1.386294 -1.386294 -1.386294 -1.386294
 -1.386294 -1.386294 -1.386294 -1.386294
 -1.386294 -1.386294 -1.386294 -1.386294
 0.000000 -17.195145 -17.195145 -17.195145
 -1.386294 -1.386294 -1.386294 -1.386294
 -1.386294 -1.386294 -1.386294 -1.386294
 -1.386294 -1.386294 -1.386294 -1.386294
 -1.386294 -1.386294 -1.386294 -1.386294
 -1.386294 -1.386294 -1.386294 -1.386294
 -1.386294 -1.386294 -1.386294 -1.386294
 -1.386294 -1.386294 -1.386294 -1.386294
 0.000000 -17.195145 -17.195145 -17.195145
 -1.386294 -1.386294 -1.386294 -1.386294
 -17.195145 -17.195145 -0.000000 -17.195145
 -1.386294 -1.386294 -1.386294 -1.386294
 -1.386294 -1.386294 -1.386294 -1.386294
 -1.386294 -1.386294 -1.386294 -1.386294
 -1.386294 -1.386294 -1.386294 -1.386294
 -1.386294 -1.386294 -1.386294 -1.386294
 -1.386294 -1.386294 -1.386294 -1.386294
 -1.386294 -1.386294 -1.386294 -1.386294
 -17.195145 -17.195145 -0.000000 -17.195145
 -1.386294 -1.386294 -1.386294 -1.386294
 -1.386294 -1.386294 -1.386294 -1.386294
 -1.386294 -1.386294 -1.386294 -1.386294
 -1.386294 -1.386294 -1.386294 -1.386294
 -1.386294 -1.386294 -1.386294 -1.386294
 -1.386294 -1.386294 -1.386294 -1.386294
 -1.386294 -1.386294 -1.386294 -1.386294
 -1.386294 -1.386294 -1.386294 -1.386294
 -1.386294 -1.386294 -1.386294 -1.386294
 -17.195145 -17.195145 -17.195145 -0.000000
 -1.386294 -1.386294 -1.386294 -1.386294
 -1.386294 -1.386294 -1.386294 -1.386294
 -1.386294 -1.386294 -1.386294 -1.386294
 -1.386294 -1.386294 -1.386294 -1.386294
 -1.386294 -1.386294 -1.386294 -1.386294
 -1.386294 -1.386294 -1.386294 -1.386294
 -1.386294 -1.386294 -1.386294 -1.386294
 -17.195145 -17.195145 -17.195145 -0.000000
 -1.386294 -1.386294 -1.386294 -1.386294
 -1.386294 -1.386294 -1.386294 -1.386294
 -1.386294 -1.386294 -1.386294 -1.386294
 -1.386294 -1.386294 -1.386294 -1.386294
 -1.386294 -1.386294 -1.386294 -1.386294
 -1.386294 -1.386294 -1.386294 -1.386294
 -1.386294 -1.386294 -1.386294 -1.386294
 -1.386294 -1.386294 -1.386294 -1.386294
 -1.581229 -1.721405 -0.768828 -1.884484
 -1.386294 -1.386294 -1.386294 -1.386294
 -1.386294 -1.386294 -1.386294 -1.386294
 -1.386294 -1.386294 -1.386294 -1.386294
 -1.386294 -1.386294 -1.386294 -1.386294
 -1.386294 -1.386294 -1.386294 -1.386294
 -1.386294 -1.386294 -1.386294 -1.386294
 -1.386294 -1.386294 -1.386294 -1.386294
 -1.581229 -1.721405 -0.768828 -1.884484
 -1.386294 -1.386294 -1.386294 -1.386294
 -1.386294 -1.386294 -1.386294 -1.386294
 -1.386294 -1.386294 -1.386294 -1.386294
 -1.386294 -1.386294 -1.386294 -1.386294
 -1.386294 -1.386294 -1.386294 -1.386294
 -1.386294 -1.386294 -1.386294 -1.386294
 -1.386294 -1.386294 -1.386294 -1.386294
 -1.386294 -1.386294 -1.386294 -1.386294
 -1.469100 -1.419968 -1.347328 -1.315978
 -1.492713 -1.026957 -2.625810 -1.064901
 -1.559983 -1.275804 -1.254970 -1.489127
 -1.957184 -1.329634 -1.158677 -1.272005
 -1.386294 -1.386294 -1.386294 -1.386294
 -1.386294 -1.386294 -1.386294 -1.386294
 -1.386294 -1.386294 -1.386294 -1.386294
 -1.386294 -1.386294 -1.386294 -1.386294
 -1.469100 -1.419968 -1.347328 -1.315978
 -1.492713 -1.026957 -2.625810 -1.064901
 -1.559983 -1.275804 -1.254970 -1.489127
 -1.957184 -1.329634 -1.158677 -1.272005
 -1.597742 -1.248068 -0.970685 -2.026737
 -1.700953 -0.904009 -1.810953 -1.390104
 -1.666057 -1.164987 -0.968067 -2.126398
 -2.125250 -1.338418 -0.872488 -1.607308
 -1.391834 -1.587579 -1.071363 -1.587579
 -1.341559 -1.005087 -2.679059 -1.190986
 -1.849578 -1.626435 -0.825076 -1.570865
 -2.168236 -1.475090 -0.919565 -1.354137
 -1.597742 -1.248068 -0.970685 -2.026737
 -1.700953 -0.904009 -1.810953 -1.390104
 -1.666057 -1.164987 -0.968067 -2.126398
 -2.125250 -1.338418 -0.872488 -1.607308
 -1.391834 -1.587579 -1.071363 -1.587579
 -1.341559 -1.005087 -2.679059 -1.190986
 -1.849578 -1.626435 -0.825076 -1.570865
 -2.168236 -1.475090 -0.919565 -1.354137
 -1.224539 -1.854771 -1.091008 -1.542993
 -1.364554 -0.962680 -2.564947 -1.252763
 -1.776134 -1.386294 -0.869190 -1.823762
 -1.535330 -1.609437 -1.129865 -1.341174
 -1.826048 -1.636005 -0.905118 -1.428365
 -1.505043 -0.956671 -2.139101 -1.287131
 -1.761629 -1.307157 -0.928126 -1.817982
 -1.940884 -1.409225 -1.049463 -1.339545
 -1.224539 -1.854771 -1.091008 -1.542993
 -1.364554 -0.962680 -2.564947 -1.252763
 -1.776134 -1.386294 -0.869190 -1.823762
 -1.535330 -1.609437 -1.129865 -1.341174
 -1.826048 -1.636005 -0.905118 -1.428365
 -1.505043 -0.956671 -2.139101 -1.287131
 -1.761629 -1.307157 -0.928126 -1.817982
 -1.940884 -1.409225 -1.049463 -1.339545
 -1.212371 -1.570768 -1.046245 -1.942331
 -1.260254 -1.132000 -1.609438 -1.639743
 -1.666494 -1.132096 -1.001256 -2.109346
 -1.817928 -1.670293 -0.892589 -1.427732
 -1.666404 -1.522155 -0.947725 -1.583713
 -1.382084 -0.985058 -1.971552 -1.442708
 -1.912122 -1.439217 -0.768049 -1.889133
 -2.125250 -1.361723 -0.946597 -1.442575
 -1.212371 -1.570768 -1.046245 -1.942331
 -1.260254 -1.132000 -1.609438 -1.639743
 -1.666494 -1.132096 -1.001256 -2.109346
 -1.817928 -1.670293 -0.892589 -1.427732
 -1.666404 -1.522155 -0.947725 -1.583713
 -1.382084 -0.985058 -1.971552 -1.442708
 -1.912122 -1.439217 -0.768049 -1.889133
 -2.125250 -1.361723 -0.946597 -1.442575
 -2.860696 0.000100 0.000100 0.000100
 -2.887364 0.000100 0.000100 0.000100
 -2.669641 0.000100 0.000100 0.000100
 -2.737082 0.000100 0.000100 0.000100
 -3.032546 0.000100 0.000100 0.000100
 -2.566457 0.000100 0.000100 0.000100
 -2.760612 0.000100 0.000100 0.000100
 -2.737082 0.000100 0.000100 0.000100
 -2.860696 0.000100 0.000100 0.000100
 -2.887364 0.000100 0.000100 0.000100
 -2.669641 0.000100 0.000100 0.000100
 -2.737082 0.000100 0.000100 0.000100
 -3.032546 0.000100 0.000100 0.000100
 -2.566457 0.000100 0.000100 0.000100
 -2.760612 0.000100 0.000100 0.000100
 -2.737082 0.000100 0.000100 0.000100
 -1.440361 -2.028139 -0.865002 -1.558143
 -0.902872 -1.308334 -2.001471 -1.665004
 -1.056055 -1.263693 -1.882726 -1.526055
 -1.563974 -2.151752 -0.816765 -1.458614
 -1.163153 -1.673972 -1.268513 -1.519824
 -1.446918 -1.223777 -1.985909 -1.098614
 -1.339775 -1.658225 -1.172722 -1.435084
 -1.969433 -1.563974 -0.988614 -1.276294
 -1.440361 -2.028139 -0.865002 -1.558143
 -0.902872 -1.308334 -2.001471 -1.665004
 -1.056055 -1.263693 -1.882726 -1.526055
 -1.563974 -2.151752 -0.816765 -1.458614
 -1.163153 -1.673972 -1.268513 -1.519824
 -1.446918 -1.223777 -1.985909 -1.098614
 -1.339775 -1.658225 -1.172722 -1.435084
 -1.969433 -1.563974 -0.988614 -1.276294
 -13.038990 -2.730004 -0.832913 -0.693151
 -12.676089 -2.367103 -2.079429 -0.246869
 -13.017012 -2.708026 -0.671173 -0.862227
 -12.765700 -2.169040 -0.377302 -1.609435
 -12.948020 -2.639034 -0.559621 -1.029622
 -12.873912 -2.054114 -1.871796 -0.331364
 -13.060496 -1.652920 -0.672098 -1.211092
 -13.038990 -2.036874 -0.737603 -0.938273
 -13.038990 -2.730004 -0.832913 -0.693151
 -12.676089 -2.367103 -2.079429 -0.246869
 -13.017012 -2.708026 -0.671173 -0.862227
 -12.765700 -2.169040 -0.377302 -1.609435
 -12.948020 -2.639034 -0.559621 -1.029622
 -12.873912 -2.054114 -1.871796 -0.331364
 -13.060496 -1.652920 -0.672098 -1.211092
 -13.038990 -2.036874 -0.737603 -0.938273
 -1.386294 -1.386294 -1.386294 -1.386294
 -12.100735 -12.100735 -0.000017 -12.100735
 -13.721204 -13.721204 -0.000003 -13.721204
 -13.473026 -13.473026 -0.000004 -13.473026
 -1.386294 -1.386294 -1.386294 -1.386294
 -12.100735 -12.100735 -0.000017 -12.100735
 -13.235699 -13.235699 -0.000005 -13.235699
 -13.567055 -13.567055 -0.000004 -13.567055
 -1.386294 -1.386294 -1.386294 -1.386294
 -12.100735 -12.100735 -0.000017 -12.100735
 -13.721204 -13.721204 -0.000003 -13.721204
 -13.473026 -13.473026 -0.000004 -13.473026
 -1.386294 -1.386294 -1.386294 -1.386294
 -12.100735 -12.100735 -0.000017 -12.100735
 -13.235699 -13.235699 -0.000005 -13.235699
 -13.567055 -13.567055 -0.000004 -13.567055
 -1.386294 -1.386294 -1.386294 -1.386294
 -1.386294 -1.386294 -1.386294 -1.386294
 -14.200776 -14.200776 -0.000002 -14.200776
 -1.386294 -1.386294 -1.386294 -1.386294
 -1.386294 -1.386294 -1.386294 -1.386294
 -1.386294 -1.386294 -1.386294 -1.386294
 -14.430698 -14.430698 -0.000002 -14.430698
 -1.386294 -1.386294 -1.386294 -1.386294
 -1.386294 -1.386294 -1.386294 -1.386294
 -1.386294 -1.386294 -1.386294 -1.386294
 -14.200776 -14.200776 -0.000002 -14.200776
 -1.386294 -1.386294 -1.386294 -1.386294
 -1.386294 -1.386294 -1.386294 -1.386294
 -1.386294 -1.386294 -1.386294 -1.386294
 -14.430698 -14.430698 -0.000002 -14.430698
 -1.386294 -1.386294 -1.386294 -1.386294
 -1.386294 -1.386294 -1.386294 -1.386294
 -1.386294 -1.386294 -1.386294 -1.386294
 -15.015476 -15.015476 -15.015476 -0.000001
 -1.386294 -1.386294 -1.386294 -1.386294
 -1.386294 -1.386294 -1.386294 -1.386294
 -1.386294 -1.386294 -1.386294 -1.386294
 -1.386294 -1.386294 -1.386294 -1.386294
 -1.386294 -1.386294 -1.386294 -1.386294
 -1.386294 -1.386294 -1.386294 -1.386294
 -1.386294 -1.386294 -1.386294 -1.386294
 -15.015476 -15.015476 -15.015476 -0.000001
 -1.386294 -1.386294 -1.386294 -1.386294
 -1.386294 -1.386294 -1.386294 -1.386294
 -1.386294 -1.386294 -1.386294 -1.386294
 -1.386294 -1.386294 -1.386294 -1.386294
 -1.386294 -1.386294 -1.386294 -1.386294
 -1.386294 -1.386294 -1.386294 -1.386294
 -1.386294 -1.386294 -1.386294 -1.386294
 -1.386294 -1.386294 -1.386294 -1.386294
 -15.015476 -15.015476 -0.000001 -15.015476
 -1.386294 -1.386294 -1.386294 -1.386294
 -1.386294 -1.386294 -1.386294 -1.386294
 -1.386294 -1.386294 -1.386294 -1.386294
 -1.386294 -1.386294 -1.386294 -1.386294
 -1.386294 -1.386294 -1.386294 -1.386294
 -1.386294 -1.386294 -1.386294 -1.386294
 -1.386294 -1.386294 -1.386294 -1.386294
 -15.015476 -15.015476 -0.000001 -15.015476
 -1.386294 -1.386294 -1.386294 -1.386294
 -1.386294 -1.386294 -1.386294 -1.386294
 -1.386294 -1.386294 -1.386294 -1.386294
 -1.386294 -1.386294 -1.386294 -1.386294
 -1.386294 -1.386294 -1.386294 -1.386294
 -1.386294 -1.386294 -1.386294 -1.386294
 -1.386294 -1.386294 -1.386294 -1.386294
 -1.386294 -1.386294 -1.386294 -1.386294
 -1.386294 -1.386294 -1.386294 -1.386294
 -1.386294 -1.386294 -1.386294 -1.386294
 -0.000001 -15.015476 -15.015476 -15.015476
 -1.386294 -1.386294 -1.386294 -1.386294
 -1.386294 -1.386294 -1.386294 -1.386294
 -1.386294 -1.386294 -1.386294 -1.386294
 -1.386294 -1.386294 -1.386294 -1.386294
 -1.386294 -1.386294 -1.386294 -1.386294
 -1.386294 -1.386294 -1.386294 -1.386294
 -1.386294 -1.386294 -1.386294 -1.386294
 -0.000001 -15.015476 -15.015476 -15.015476
 -1.386294 -1.386294 -1.386294 -1.386294
 -15.015476 -15.015476 -0.000001 -15.015476
 -1.386294 -1.386294 -1.386294 -1.386294
 -1.386294 -1.386294 -1.386294 -1.386294
 -1.386294 -1.386294 -1.386294 -1.386294
 -1.386294 -1.386294 -1.386294 -1.386294
 -1.386294 -1.386294 -1.386294 -1.386294
 -1.386294 -1.386294 -1.386294 -1.386294
 -1.386294 -1.386294 -1.386294 -1.386294
 -15.015476 -15.015476 -0.000001 -15.015476
 -1.386294 -1.386294 -1.386294 -1.386294
 -1.386294 -1.386294 -1.386294 -1.386294
 -1.386294 -1.386294 -1.386294 -1.386294
 -1.386294 -1.386294 -1.386294 -1.386294
 -1.386294 -1.386294 -1.386294 -1.386294
 -1.386294 -1.386294 -1.386294 -1.386294
 -1.386294 -1.386294 -1.386294 -1.386294
 -1.386294 -1.386294 -1.386294 -1.386294
 -1.386294 -1.386294 -1.386294 -1.386294
 -15.015476 -15.015476 -15.015476 -0.000001
 -1.386294 -1.386294 -1.386294 -1.386294
 -1.386294 -1.386294 -1.386294 -1.386294
 -1.386294 -1.386294 -1.386294 -1.386294
 -1.386294 -1.386294 -1.386294 -1.386294
 -1.386294 -1.386294 -1.386294 -1.386294
 -1.386294 -1.386294 -1.386294 -1.386294
 -1.386294 -1.386294 -1.386294 -1.386294
 -15.015476 -15.015476 -15.015476 -0.000001
 -1.386294 -1.386294 -1.386294 -1.386294
 -1.386294 -1.386294 -1.386294 -1.386294
 -1.386294 -1.386294 -1.386294 -1.386294
 -1.386294 -1.386294 -1.386294 -1.386294
 -1.386294 -1.386294 -1.386294 -1.386294
 -1.386294 -1.386294 -1.386294 -1.386294
 -1.386294 -1.386294 -1.386294 -1.386294
 -1.386294 -1.386294 -1.386294 -1.386294
 -1.998471 -1.514675 -0.801189 -1.630747
 -1.386294 -1.386294 -1.386294 -1.386294
 -1.386294 -1.386294 -1.386294 -1.386294
 -1.386294 -1.386294 -1.386294 -1.386294
 -1.386294 -1.386294 -1.386294 -1.386294
 -1.386294 -1.386294 -1.386294 -1.386294
 -1.386294 -1.386294 -1.386294 -1.386294
 -1.386294 -1.386294 -1.386294 -1.386294
 -1.998471 -1.514675 -0.801189 -1.630747
 -1.386294 -1.386294 -1.386294 -1.386294
 -1.386294 -1.386294 -1.386294 -1.386294
 -1.386294 -1.386294 -1.386294 -1.386294
 -1.386294 -1.386294 -1.386294 -1.386294
 -1.386294 -1.386294 -1.386294 -1.386294
 -1.386294 -1.386294 -1.386294 -1.386294
 -1.386294 -1.386294 -1.386294 -1.386294
 -1.386294 -1.386294 -1.386294 -1.386294
 -1.241714 -1.408767 -1.504076 -1.408767
 -1.071585 -1.154966 -2.211011 -1.457246
 -1.448598 -1.569959 -1.072121 -1.538210
 -1.977158 -1.401798 -1.466336 -0.955514
 -1.386294 -1.386294 -1.386294 -1.386294
 -1.386294 -1.386294 -1.386294 -1.386294
 -1.386294 -1.386294 -1.386294 -1.386294
 -1.386294 -1.386294 -1.386294 -1.386294
 -1.241714 -1.408767 -1.504076 -1.408767
 -1.071585 -1.154966 -2.211011 -1.457246
 -1.448598 -1.569959 -1.072121 -1.538210
 -1.977158 -1.401798 -1.466336 -0.955514
 -2.079433 -1.306252 -0.875472 -1.673974
 -1.658225 -1.172722 -2.128221 -0.965084
 -1.115143 -1.277661 -1.166436 -2.501422
 -1.969433 -1.815285 -0.625711 -1.815285
 -1.446918 -1.580448 -0.961415 -1.734596
 -1.024507 -1.024507 -2.970375 -1.466336
 -1.749192 -1.189587 -1.343735 -1.343735
 -1.791755 -1.540443 -1.098615 -1.252764
 -2.079433 -1.306252 -0.875472 -1.673974
 -1.658225 -1.172722 -2.128221 -0.965084
 -1.115143 -1.277661 -1.166436 -2.501422
 -1.969433 -1.815285 -0.625711 -1.815285
 -1.446918 -1.580448 -0.961415 -1.734596
 -1.024507 -1.024507 -2.970375 -1.466336
 -1.749192 -1.189587 -1.343735 -1.343735
 -1.791755 -1.540443 -1.098615 -1.252764
 -1.440361 -1.691672 -1.072640 -1.440361
 -1.704745 -1.299284 -1.838274 -0.950980
 -1.352393 -1.662545 -0.969403 -1.757855
 -1.466336 -1.466336 -1.466336 -1.178658
 -1.609435 -1.609435 -1.763583 -0.847303
 -1.122145 -1.681755 -2.374890 -0.927990
 -1.481604 -2.174741 -0.893821 -1.386294
 -1.704745 -1.704745 -1.011604 -1.299284
 -1.440361 -1.691672 -1.072640 -1.440361
 -1.704745 -1.299284 -1.838274 -0.950980
 -1.352393 -1.662545 -0.969403 -1.757855
 -1.466336 -1.466336 -1.466336 -1.178658
 -1.609435 -1.609435 -1.763583 -0.847303
 -1.122145 -1.681755 -2.374890 -0.927990
 -1.481604 -2.174741 -0.893821 -1.386294
 -1.704745 -1.704745 -1.011604 -1.299284
 -0.940987 -1.921806 -1.074517 -2.104124
 -1.203975 -1.321757 -3.401111 -0.916296
 -1.081807 -1.592629 -1.133100 -1.998090
 -2.014895 -2.014895 -0.628613 -1.609436
 -1.504076 -1.637606 -0.875473 -1.791754
 -1.128468 -1.223777 -2.427727 -1.223777
 -1.193925 -1.550595 -1.550595 -1.299284
 -1.424034 -1.424034 -0.897944 -2.197215
 -0.940987 -1.921806 -1.074517 -2.104124
 -1.203975 -1.321757 -3.401111 -0.916296
 -1.081807 -1.592629 -1.133100 -1.998090
 -2.014895 -2.014895 -0.628613 -1.609436
 -1.504076 -1.637606 -0.875473 -1.791754
 -1.128468 -1.223777 -2.427727 -1.223777
 -1.193925 -1.550595 -1.550595 -1.299284
 -1.424034 -1.424034 -0.897944 -2.197215
