 -2.837605 0.000100 0.000100 0.000100
 -2.466746 0.000100 0.000100 0.000100
 -2.743533 0.000100 0.000100 0.000100
 -3.458590 0.000100 0.000100 0.000100
 -2.731225 0.000100 0.000100 0.000100
 -2.464401 0.000100 0.000100 0.000100
 -2.800873 0.000100 0.000100 0.000100
 -2.999724 0.000100 0.000100 0.000100
 -2.837605 0.000100 0.000100 0.000100
 -2.466746 0.000100 0.000100 0.000100
 -2.743533 0.000100 0.000100 0.000100
 -3.458590 0.000100 0.000100 0.000100
 -2.731225 0.000100 0.000100 0.000100
 -2.464401 0.000100 0.000100 0.000100
 -2.800873 0.000100 0.000100 0.000100
 -2.999724 0.000100 0.000100 0.000100
 -1.078410 -1.478887 -1.366092 -1.732335
 -1.105680 -1.186905 -2.470918 -1.275316
 -0.807840 -1.006968 -2.194132 -2.558774
 -1.804497 -1.055263 -1.278406 -1.566087
 -1.324052 -1.246666 -1.679086 -1.347309
 -1.026346 -1.286099 -2.837905 -1.181587
 -1.115142 -1.198523 -1.694960 -1.677260
 -1.857898 -1.164752 -1.177656 -1.496109
 -1.078410 -1.478887 -1.366092 -1.732335
 -1.105680 -1.186905 -2.470918 -1.275316
 -0.807840 -1.006968 -2.194132 -2.558774
 -1.804497 -1.055263 -1.278406 -1.566087
 -1.324052 -1.246666 -1.679086 -1.347309
 -1.026346 -1.286099 -2.837905 -1.181587
 -1.115142 -1.198523 -1.694960 -1.677260
 -1.857898 -1.164752 -1.177656 -1.496109
 -15.276449 -1.512231 -1.103264 -0.803418
 -15.126544 -1.311032 -1.405343 -0.723246
 -14.639688 -0.963438 -1.022627 -1.351808
 -14.599414 -1.230189 -1.032363 -1.045267
 -15.093664 -1.219883 -1.268202 -0.859442
 -15.153141 -1.488452 -1.560773 -0.572162
 -14.414350 -1.272181 -1.014353 -1.029620
 -15.036342 -1.348663 -0.738404 -1.337364
 -15.276449 -1.512231 -1.103264 -0.803418
 -15.126544 -1.311032 -1.405343 -0.723246
 -14.639688 -0.963438 -1.022627 -1.351808
 -14.599414 -1.230189 -1.032363 -1.045267
 -15.093664 -1.219883 -1.268202 -0.859442
 -15.153141 -1.488452 -1.560773 -0.572162
 -14.414350 -1.272181 -1.014353 -1.029620
 -15.036342 -1.348663 -0.738404 -1.337364
 -1.386294 -1.386294 -1.386294 -1.386294
 -15.036342 -15.036342 -0.000001 -15.036342
 -15.181603 -15.181603 -0.000001 -15.181603
 -15.360944 -15.360944 -0.000001 -15.360944
 -1.386294 -1.386294 -1.386294 -1.386294
 -15.033387 -15.033387 -0.000001 -15.033387
 -15.228934 -15.228934 -0.000001 -15.228934
 -15.540062 -15.540062 -0.000001 -15.540062
 -1.386294 -1.386294 -1.386294 -1.386294
 -15.036342 -15.036342 -0.000001 -15.036342
 -15.181603 -15.181603 -0.000001 -15.181603
 -15.360944 -15.360944 -0.000001 -15.360944
 -1.386294 -1.386294 -1.386294 -1.386294
 -15.033387 -15.033387 -0.000001 -15.033387
 -15.228934 -15.228934 -0.000001 -15.228934
 -15.540062 -15.540062 -0.000001 -15.540062
 -1.386294 -1.386294 -1.386294 -1.386294
 -1.386294 -1.386294 -1.386294 -1.386294
 -15.898696 -15.898696 -0.000000 -15.898696
 -1.386294 -1.386294 -1.386294 -1.386294
 -1.386294 -1.386294 -1.386294 -1.386294
 -1.386294 -1.386294 -1.386294 -1.386294
 -16.652834 -16.652834 -0.000000 -16.652834
 -1.386294 -1.386294 -1.386294 -1.386294
 -1.386294 -1.386294 -1.386294 -1.386294
 -1.386294 -1.386294 -1.386294 -1.386294
 -15.898696 -15.898696 -0.000000 -15.898696
 -1.386294 -1.386294 -1.386294 -1.386294
 -1.386294 -1.386294 -1.386294 -1.386294
 -1.386294 -1.386294 -1.386294 -1.386294
 -16.652834 -16.652834 -0.000000 -16.652834
 -1.386294 -1.386294 -1.386294 -1.386294
 -1.386294 -1.386294 -1.386294 -1.386294
 -1.386294 -1.386294 -1.386294 -1.386294
 -17.038378 -17.038378 -17.038378 -0.000000
 -1.386294 -1.386294 -1.386294 -1.386294
 -1.386294 -1.386294 -1.386294 -1.386294
 -1.386294 -1.386294 -1.386294 -1.386294
 -1.386294 -1.386294 -1.386294 -1.386294
 -1.386294 -1.386294 -1.386294 -1.386294
 -1.386294 -1.386294 -1.386294 -1.386294
 -1.386294 -1.386294 -1.386294 -1.386294
 -17.038378 -17.038378 -17.038378 -0.000000
 -1.386294 -1.386294 -1.386294 -1.386294
 -1.386294 -1.386294 -1.386294 -1.386294
 -1.386294 -1.386294 -1.386294 -1.386294
 -1.386294 -1.386294 -1.386294 -1.386294
 -1.386294 -1.386294 -1.386294 -1.386294
 -1.386294 -1.386294 -1.386294 -1.386294
 -1.386294 -1.386294 -1.386294 -1.386294
 -1.386294 -1.386294 -1.386294 -1.386294
 -17.038378 -17.038378 -0.000000 -17.038378
 -1.386294 -1.386294 -1.386294 -1.386294
 -1.386294 -1.386294 -1.386294 -1.386294
 -1.386294 -1.386294 -1.386294 -1.386294
 -1.386294 -1.386294 -1.386294 -1.386294
 -1.386294 -1.386294 -1.386294 -1.386294
 -1.386294 -1.386294 -1.386294 -1.386294
 -1.386294 -1.386294 -1.386294 -1.386294
 -17.038378 -17.038378 -0.000000 -17.038378
 -1.386294 -1.386294 -1.386294 -1.386294
 -1.386294 -1.386294 -1.386294 -1.386294
 -1.386294 -1.386294 -1.386294 -1.386294
 -1.386294 -1.386294 -1.386294 -1.386294
 -1.386294 -1.386294 -1.386294 -1.386294
 -1.386294 -1.386294 -1.386294 -1.386294
 -1.386294 -1.386294 -1.386294 -1.386294
 -1.386294 -1.386294 -1.386294 -1.386294
 -1.386294 -1.386294 -1.386294 -1.386294
 -1.386294 -1.386294 -1.386294 -1.386294
 0.000000 -17.038378 -17.038378 -17.038378
 -1.386294 -1.386294 -1.386294 -1.386294
 -1.386294 -1.386294 -1.386294 -1.386294
 -1.386294 -1.386294 -1.386294 -1.386294
 -1.386294 -1.386294 -1.386294 -1.386294
 -1.386294 -1.386294 -1.386294 -1.386294
 -1.386294 -1.386294 -1.386294 -1.386294
 -1.386294 -1.386294 -1.386294 -1.386294
 0.000000 -17.038378 -17.038378 -17.038378
 -1.386294 -1.386294 -1.386294 -1.386294
 -17.038378 -17.038378 -0.000000 -17.038378
 -1.386294 -1.386294 -1.386294 -1.386294
 -1.386294 -1.386294 -1.386294 -1.386294
 -1.386294 -1.386294 -1.386294 -1.386294
 -1.386294 -1.386294 -1.386294 -1.386294
 -1.386294 -1.386294 -1.386294 -1.386294
 -1.386294 -1.386294 -1.386294 -1.386294
 -1.386294 -1.386294 -1.386294 -1.386294
 -17.038378 -17.038378 -0.000000 -17.038378
 -1.386294 -1.386294 -1.386294 -1.386294
 -1.386294 -1.386294 -1.386294 -1.386294
 -1.386294 -1.386294 -1.386294 -1.386294
 -1.386294 -1.386294 -1.386294 -1.386294
 -1.386294 -1.386294 -1.386294 -1.386294
 -1.386294 -1.386294 -1.386294 -1.386294
 -1.386294 -1.386294 -1.386294 -1.386294
 -1.386294 -1.386294 -1.386294 -1.386294
 -1.386294 -1.386294 -1.386294 -1.386294
 -1.408043 -0.982158 -0.965280 -17.038378
 -1.386294 -1.386294 -1.386294 -1.386294
 -1.386294 -1.386294 -1.386294 -1.386294
 -1.386294 -1.386294 -1.386294 -1.386294
 -1.386294 -1.386294 -1.386294 -1.386294
 -1.386294 -1.386294 -1.386294 -1.386294
 -1.386294 -1.386294 -1.386294 -1.386294
 -1.386294 -1.386294 -1.386294 -1.386294
 -1.408043 -0.982158 -0.965280 -17.038378
 -1.386294 -1.386294 -1.386294 -1.386294
 -1.386294 -1.386294 -1.386294 -1.386294
 -1.386294 -1.386294 -1.386294 -1.386294
 -1.386294 -1.386294 -1.386294 -1.386294
 -1.386294 -1.386294 -1.386294 -1.386294
 -1.249511 -1.485521 -1.021832 -2.063285
 -1.099677 -1.247458 -1.692588 -1.630944
 -1.337305 -1.152331 -1.069744 -2.545269
 -1.386294 -1.386294 -1.386294 -1.386294
 -1.386294 -1.386294 -1.386294 -1.386294
 -1.386294 -1.386294 -1.386294 -1.386294
 -1.386294 -1.386294 -1.386294 -1.386294
 -1.386294 -1.386294 -1.386294 -1.386294
 -1.249511 -1.485521 -1.021832 -2.063285
 -1.099677 -1.247458 -1.692588 -1.630944
 -1.337305 -1.152331 -1.069744 -2.545269
 -1.386294 -1.386294 -1.386294 -1.386294
 -1.386294 -1.386294 -1.386294 -1.386294
 -1.386294 -1.386294 -1.386294 -1.386294
 -1.386294 -1.386294 -1.386294 -1.386294
 -1.386294 -1.386294 -1.386294 -1.386294
 -1.637943 -1.311852 -1.059572 -1.662335
 -1.658228 -0.826355 -2.260402 -1.318360
 -1.644659 -1.050603 -1.066352 -2.180963
 -1.985913 -1.629240 -0.887304 -1.366876
 -1.939540 -1.351754 -0.818950 -1.854382
 -1.706601 -0.934983 -1.860751 -1.307963
 -2.062247 -0.904797 -0.978905 -2.380699
 -2.324561 -1.604017 -0.640226 -1.749199
 -1.637943 -1.311852 -1.059572 -1.662335
 -1.658228 -0.826355 -2.260402 -1.318360
 -1.644659 -1.050603 -1.066352 -2.180963
 -1.985913 -1.629240 -0.887304 -1.366876
 -1.939540 -1.351754 -0.818950 -1.854382
 -1.706601 -0.934983 -1.860751 -1.307963
 -2.062247 -0.904797 -0.978905 -2.380699
 -2.324561 -1.604017 -0.640226 -1.749199
 -1.484734 -1.519826 -0.881739 -1.961657
 -1.638232 -0.991071 -1.562521 -1.492140
 -1.947763 -1.076634 -0.988264 -1.934860
 -1.970241 -1.277095 -1.047079 -1.466337
 -1.621133 -1.340832 -1.053151 -1.650986
 -1.683125 -0.790646 -2.213753 -1.380845
 -2.112230 -1.222970 -0.859469 -1.824548
 -3.003389 -1.250857 -0.797661 -1.542993
 -1.484734 -1.519826 -0.881739 -1.961657
 -1.638232 -0.991071 -1.562521 -1.492140
 -1.947763 -1.076634 -0.988264 -1.934860
 -1.970241 -1.277095 -1.047079 -1.466337
 -1.621133 -1.340832 -1.053151 -1.650986
 -1.683125 -0.790646 -2.213753 -1.380845
 -2.112230 -1.222970 -0.859469 -1.824548
 -3.003389 -1.250857 -0.797661 -1.542993
 -1.464663 -1.464663 -1.002846 -1.766943
 -1.617853 -1.012999 -1.820089 -1.285413
 -1.852913 -1.208219 -0.824261 -2.244955
 -2.340734 -1.647589 -0.776762 -1.380961
 -1.629743 -1.342061 -0.949500 -1.859316
 -1.696255 -0.935667 -2.007467 -1.237948
 -2.152373 -1.290151 -0.677973 -2.293451
 -2.299244 -1.409984 -0.848414 -1.480936
 -1.464663 -1.464663 -1.002846 -1.766943
 -1.617853 -1.012999 -1.820089 -1.285413
 -1.852913 -1.208219 -0.824261 -2.244955
 -2.340734 -1.647589 -0.776762 -1.380961
 -1.629743 -1.342061 -0.949500 -1.859316
 -1.696255 -0.935667 -2.007467 -1.237948
 -2.152373 -1.290151 -0.677973 -2.293451
 -2.299244 -1.409984 -0.848414 -1.480936
 -1.569631 -1.093549 -1.108817 -2.064326
 -1.414031 -0.944028 -2.034857 -1.439349
 -2.054888 -1.282848 -0.657463 -2.570700
 -2.599311 -1.333651 -0.693148 -1.819157
 -1.659448 -1.685423 -0.769134 -1.826501
 -1.493495 -1.043426 -1.969834 -1.259880
 -2.052929 -1.336794 -0.672468 -2.317621
 -2.220345 -1.336145 -0.895089 -1.514128
 -1.569631 -1.093549 -1.108817 -2.064326
 -1.414031 -0.944028 -2.034857 -1.439349
 -2.054888 -1.282848 -0.657463 -2.570700
 -2.599311 -1.333651 -0.693148 -1.819157
 -1.659448 -1.685423 -0.769134 -1.826501
 -1.493495 -1.043426 -1.969834 -1.259880
 -2.052929 -1.336794 -0.672468 -2.317621
 -2.220345 -1.336145 -0.895089 -1.514128
 -2.950645 0.000100 0.000100 0.000100
 -2.764745 0.000100 0.000100 0.000100
 -2.398739 0.000100 0.000100 0.000100
 -3.034728 0.000100 0.000100 0.000100
 -2.983434 0.000100 0.000100 0.000100
 -2.805753 0.000100 0.000100 0.000100
 -2.838853 0.000100 0.000100 0.000100
 -2.574273 0.000100 0.000100 0.000100
 -2.950645 0.000100 0.000100 0.000100
 -2.764745 0.000100 0.000100 0.000100
 -2.398739 0.000100 0.000100 0.000100
 -3.034728 0.000100 0.000100 0.000100
 -2.983434 0.000100 0.000100 0.000100
 -2.805753 0.000100 0.000100 0.000100
 -2.838853 0.000100 0.000100 0.000100
 -2.574273 0.000100 0.000100 0.000100
 -1.274503 -2.392530 -0.819028 -1.670398
 -1.080913 -1.441354 -1.856297 -1.317302
 -1.192685 -1.514972 -1.358812 -1.514972
 -1.845825 -1.707675 -0.797859 -1.558144
 -1.666596 -1.529395 -0.916292 -1.637608
 -1.165946 -1.276294 -2.537421 -1.107959
 -1.782189 -1.599868 -0.860202 -1.576338
 -2.200920 -2.136381 -0.484126 -1.864448
 -1.274503 -2.392530 -0.819028 -1.670398
 -1.080913 -1.441354 -1.856297 -1.317302
 -1.192685 -1.514972 -1.358812 -1.514972
 -1.845825 -1.707675 -0.797859 -1.558144
 -1.666596 -1.529395 -0.916292 -1.637608
 -1.165946 -1.276294 -2.537421 -1.107959
 -1.782189 -1.599868 -0.860202 -1.576338
 -2.200920 -2.136381 -0.484126 -1.864448
 -14.599414 -2.344546 -0.461819 -1.294727
 -14.340241 -1.951843 -1.574550 -0.429420
 -14.994166 -2.451618 -0.708652 -0.863845
 -14.425279 -2.912343 -0.514457 -1.056053
 -14.508659 -2.525724 -0.634879 -0.941609
 -14.380827 -2.125959 -1.951607 -0.302951
 -14.900702 -1.427680 -0.815163 -1.147065
 -14.552676 -2.634279 -0.614947 -0.947886
 -14.599414 -2.344546 -0.461819 -1.294727
 -14.340241 -1.951843 -1.574550 -0.429420
 -14.994166 -2.451618 -0.708652 -0.863845
 -14.425279 -2.912343 -0.514457 -1.056053
 -14.508659 -2.525724 -0.634879 -0.941609
 -14.380827 -2.125959 -1.951607 -0.302951
 -14.900702 -1.427680 -0.815163 -1.147065
 -14.552676 -2.634279 -0.614947 -0.947886
 -1.386294 -1.386294 -1.386294 -1.386294
 -14.122998 -14.122998 -0.000002 -14.122998
 -15.492608 -15.492608 -0.000001 -15.492608
 -15.121139 -15.121139 -0.000001 -15.121139
 -1.386294 -1.386294 -1.386294 -1.386294
 -13.458841 -13.458841 -0.000004 -13.458841
 -14.855788 -14.855788 -0.000001 -14.855788
 -15.163585 -15.163585 -0.000001 -15.163585
 -1.386294 -1.386294 -1.386294 -1.386294
 -14.122998 -14.122998 -0.000002 -14.122998
 -15.492608 -15.492608 -0.000001 -15.492608
 -15.121139 -15.121139 -0.000001 -15.121139
 -1.386294 -1.386294 -1.386294 -1.386294
 -13.458841 -13.458841 -0.000004 -13.458841
 -14.855788 -14.855788 -0.000001 -14.855788
 -15.163585 -15.163585 -0.000001 -15.163585
 -1.386294 -1.386294 -1.386294 -1.386294
 -1.386294 -1.386294 -1.386294 -1.386294
 -15.917203 -15.917203 -0.000000 -15.917203
 -1.386294 -1.386294 -1.386294 -1.386294
 -1.386294 -1.386294 -1.386294 -1.386294
 -1.386294 -1.386294 -1.386294 -1.386294
 -16.077274 -16.077274 -0.000000 -16.077274
 -1.386294 -1.386294 -1.386294 -1.386294
 -1.386294 -1.386294 -1.386294 -1.386294
 -1.386294 -1.386294 -1.386294 -1.386294
 -15.917203 -15.917203 -0.000000 -15.917203
 -1.386294 -1.386294 -1.386294 -1.386294
 -1.386294 -1.386294 -1.386294 -1.386294
 -1.386294 -1.386294 -1.386294 -1.386294
 -16.077274 -16.077274 -0.000000 -16.077274
 -1.386294 -1.386294 -1.386294 -1.386294
 -1.386294 -1.386294 -1.386294 -1.386294
 -1.386294 -1.386294 -1.386294 -1.386294
 -16.693584 -16.693584 -16.693584 -0.000000
 -1.386294 -1.386294 -1.386294 -1.386294
 -1.386294 -1.386294 -1.386294 -1.386294
 -1.386294 -1.386294 -1.386294 -1.386294
 -1.386294 -1.386294 -1.386294 -1.386294
 -1.386294 -1.386294 -1.386294 -1.386294
 -1.386294 -1.386294 -1.386294 -1.386294
 -1.386294 -1.386294 -1.386294 -1.386294
 -16.693584 -16.693584 -16.693584 -0.000000
 -1.386294 -1.386294 -1.386294 -1.386294
 -1.386294 -1.386294 -1.386294 -1.386294
 -1.386294 -1.386294 -1.386294 -1.386294
 -1.386294 -1.386294 -1.386294 -1.386294
 -1.386294 -1.386294 -1.386294 -1.386294
 -1.386294 -1.386294 -1.386294 -1.386294
 -1.386294 -1.386294 -1.386294 -1.386294
 -1.386294 -1.386294 -1.386294 -1.386294
 -16.693584 -16.693584 -0.000000 -16.693584
 -1.386294 -1.386294 -1.386294 -1.386294
 -1.386294 -1.386294 -1.386294 -1.386294
 -1.386294 -1.386294 -1.386294 -1.386294
 -1.386294 -1.386294 -1.386294 -1.386294
 -1.386294 -1.386294 -1.386294 -1.386294
 -1.386294 -1.386294 -1.386294 -1.386294
 -1.386294 -1.386294 -1.386294 -1.386294
 -16.693584 -16.693584 -0.000000 -16.693584
 -1.386294 -1.386294 -1.386294 -1.386294
 -1.386294 -1.386294 -1.386294 -1.386294
 -1.386294 -1.386294 -1.386294 -1.386294
 -1.386294 -1.386294 -1.386294 -1.386294
 -1.386294 -1.386294 -1.386294 -1.386294
 -1.386294 -1.386294 -1.386294 -1.386294
 -1.386294 -1.386294 -1.386294 -1.386294
 -1.386294 -1.386294 -1.386294 -1.386294
 -1.386294 -1.386294 -1.386294 -1.386294
 -1.386294 -1.386294 -1.386294 -1.386294
 -0.000000 -16.693584 -16.693584 -16.693584
 -1.386294 -1.386294 -1.386294 -1.386294
 -1.386294 -1.386294 -1.386294 -1.386294
 -1.386294 -1.386294 -1.386294 -1.386294
 -1.386294 -1.386294 -1.386294 -1.386294
 -1.386294 -1.386294 -1.386294 -1.386294
 -1.386294 -1.386294 -1.386294 -1.386294
 -1.386294 -1.386294 -1.386294 -1.386294
 -0.000000 -16.693584 -16.693584 -16.693584
 -1.386294 -1.386294 -1.386294 -1.386294
 -16.693584 -16.693584 -0.000000 -16.693584
 -1.386294 -1.386294 -1.386294 -1.386294
 -1.386294 -1.386294 -1.386294 -1.386294
 -1.386294 -1.386294 -1.386294 -1.386294
 -1.386294 -1.386294 -1.386294 -1.386294
 -1.386294 -1.386294 -1.386294 -1.386294
 -1.386294 -1.386294 -1.386294 -1.386294
 -1.386294 -1.386294 -1.386294 -1.386294
 -16.693584 -16.693584 -0.000000 -16.693584
 -1.386294 -1.386294 -1.386294 -1.386294
 -1.386294 -1.386294 -1.386294 -1.386294
 -1.386294 -1.386294 -1.386294 -1.386294
 -1.386294 -1.386294 -1.386294 -1.386294
 -1.386294 -1.386294 -1.386294 -1.386294
 -1.386294 -1.386294 -1.386294 -1.386294
 -1.386294 -1.386294 -1.386294 -1.386294
 -1.386294 -1.386294 -1.386294 -1.386294
 -1.386294 -1.386294 -1.386294 -1.386294
 -1.127137 -1.319930 -0.894318 -16.693584
 -1.386294 -1.386294 -1.386294 -1.386294
 -1.386294 -1.386294 -1.386294 -1.386294
 -1.386294 -1.386294 -1.386294 -1.386294
 -1.386294 -1.386294 -1.386294 -1.386294
 -1.386294 -1.386294 -1.386294 -1.386294
 -1.386294 -1.386294 -1.386294 -1.386294
 -1.386294 -1.386294 -1.386294 -1.386294
 -1.127137 -1.319930 -0.894318 -16.693584
 -1.386294 -1.386294 -1.386294 -1.386294
 -1.386294 -1.386294 -1.386294 -1.386294
 -1.386294 -1.386294 -1.386294 -1.386294
 -1.386294 -1.386294 -1.386294 -1.386294
 -1.386294 -1.386294 -1.386294 -1.386294
 -1.152101 -1.812812 -1.109084 -1.655627
 -1.343033 -0.981532 -2.231488 -1.359294
 -1.407143 -1.412777 -1.099989 -1.721392
 -1.386294 -1.386294 -1.386294 -1.386294
 -1.386294 -1.386294 -1.386294 -1.386294
 -1.386294 -1.386294 -1.386294 -1.386294
 -1.386294 -1.386294 -1.386294 -1.386294
 -1.386294 -1.386294 -1.386294 -1.386294
 -1.152101 -1.812812 -1.109084 -1.655627
 -1.343033 -0.981532 -2.231488 -1.359294
 -1.407143 -1.412777 -1.099989 -1.721392
 -1.386294 -1.386294 -1.386294 -1.386294
 -1.386294 -1.386294 -1.386294 -1.386294
 -1.386294 -1.386294 -1.386294 -1.386294
 -1.386294 -1.386294 -1.386294 -1.386294
 -1.386294 -1.386294 -1.386294 -1.386294
 -1.290984 -1.860752 -0.944462 -1.711716
 -1.258314 -1.058824 -2.168130 -1.368012
 -1.323493 -1.514549 -1.224239 -1.514549
 -2.046650 -1.386294 -1.014731 -1.353505
 -1.601405 -1.354546 -0.970135 -1.824548
 -1.104247 -1.420583 -1.310583 -1.849578
 -1.985909 -1.292769 -1.041456 -1.446918
 -2.724570 -1.759497 -0.614368 -1.508184
 -1.290984 -1.860752 -0.944462 -1.711716
 -1.258314 -1.058824 -2.168130 -1.368012
 -1.323493 -1.514549 -1.224239 -1.514549
 -2.046650 -1.386294 -1.014731 -1.353505
 -1.601405 -1.354546 -0.970135 -1.824548
 -1.104247 -1.420583 -1.310583 -1.849578
 -1.985909 -1.292769 -1.041456 -1.446918
 -2.724570 -1.759497 -0.614368 -1.508184
 -1.394458 -1.767661 -0.890212 -1.767661
 -0.992745 -1.257852 -2.192159 -1.454562
 -1.374318 -1.398416 -1.160744 -1.678000
 -1.791758 -1.760987 -0.757687 -1.646577
 -1.336145 -1.699049 -1.053913 -1.581267
 -1.290151 -1.027787 -2.339970 -1.306958
 -1.015921 -1.685537 -1.129250 -2.045538
 -2.453154 -1.293921 -0.908259 -1.441557
 -1.394458 -1.767661 -0.890212 -1.767661
 -0.992745 -1.257852 -2.192159 -1.454562
 -1.374318 -1.398416 -1.160744 -1.678000
 -1.791758 -1.760987 -0.757687 -1.646577
 -1.336145 -1.699049 -1.053913 -1.581267
 -1.290151 -1.027787 -2.339970 -1.306958
 -1.015921 -1.685537 -1.129250 -2.045538
 -2.453154 -1.293921 -0.908259 -1.441557
 -1.855570 -2.215572 -0.640038 -1.573720
 -1.422104 -0.989240 -2.157808 -1.304321
 -1.226712 -1.824549 -0.919228 -1.919859
 -1.670062 -1.609437 -0.887304 -1.609437
 -1.940399 -2.020441 -0.744151 -1.391834
 -1.472472 -1.107829 -2.611902 -1.002469
 -1.508896 -1.841029 -0.894888 -1.553348
 -2.181222 -1.375599 -0.869039 -1.536867
 -1.855570 -2.215572 -0.640038 -1.573720
 -1.422104 -0.989240 -2.157808 -1.304321
 -1.226712 -1.824549 -0.919228 -1.919859
 -1.670062 -1.609437 -0.887304 -1.609437
 -1.940399 -2.020441 -0.744151 -1.391834
 -1.472472 -1.107829 -2.611902 -1.002469
 -1.508896 -1.841029 -0.894888 -1.553348
 -2.181222 -1.375599 -0.869039 -1.536867
 -1.327587 -2.038432 -0.745666 -2.038432
 -1.064008 -1.171638 -2.183235 -1.459319
 -0.931899 -1.719233 -1.186429 -2.106348
 -1.640528 -1.910817 -0.693148 -1.844126
 -1.353718 -1.839224 -1.028297 -1.490919
 -1.250563 -1.297816 -2.206072 -1.107462
 -1.493439 -1.765372 -0.824390 -1.797120
 -2.341803 -1.226665 -0.860202 -1.673976
 -1.327587 -2.038432 -0.745666 -2.038432
 -1.064008 -1.171638 -2.183235 -1.459319
 -0.931899 -1.719233 -1.186429 -2.106348
 -1.640528 -1.910817 -0.693148 -1.844126
 -1.353718 -1.839224 -1.028297 -1.490919
 -1.250563 -1.297816 -2.206072 -1.107462
 -1.493439 -1.765372 -0.824390 -1.797120
 -2.341803 -1.226665 -0.860202 -1.673976
