 -2.569130 0.000100 0.000100 0.000100
 -2.584498 0.000100 0.000100 0.000100
 -2.845978 0.000100 0.000100 0.000100
 -3.092378 0.000100 0.000100 0.000100
 -2.843108 0.000100 0.000100 0.000100
 -2.584498 0.000100 0.000100 0.000100
 -3.074163 0.000100 0.000100 0.000100
 -2.739756 0.000100 0.000100 0.000100
 -2.569130 0.000100 0.000100 0.000100
 -2.584498 0.000100 0.000100 0.000100
 -2.845978 0.000100 0.000100 0.000100
 -3.092378 0.000100 0.000100 0.000100
 -2.843108 0.000100 0.000100 0.000100
 -2.584498 0.000100 0.000100 0.000100
 -3.074163 0.000100 0.000100 0.000100
 -2.739756 0.000100 0.000100 0.000100
 -0.892609 -1.710209 -1.504077 -1.674703
 -1.051087 -1.186429 -2.530161 -1.326190
 -0.896376 -1.098612 -2.138629 -1.960381
 -1.755654 -1.186962 -1.128466 -1.616818
 -1.259952 -1.448353 -1.592392 -1.280361
 -0.989718 -1.413202 -2.476094 -1.201027
 -1.039050 -1.241991 -1.773869 -1.672773
 -1.681758 -1.294986 -1.154404 -1.492517
 -0.892609 -1.710209 -1.504077 -1.674703
 -1.051087 -1.186429 -2.530161 -1.326190
 -0.896376 -1.098612 -2.138629 -1.960381
 -1.755654 -1.186962 -1.128466 -1.616818
 -1.259952 -1.448353 -1.592392 -1.280361
 -0.989718 -1.413202 -2.476094 -1.201027
 -1.039050 -1.241991 -1.773869 -1.672773
 -1.681758 -1.294986 -1.154404 -1.492517
 -15.477542 -1.872751 -1.004511 -0.733811
 -15.099219 -1.598418 -1.669370 -0.495251
 -14.774862 -1.110173 -1.233787 -0.969401
 -14.859316 -1.641641 -0.796945 -1.033854
 -15.308415 -1.379575 -1.142247 -0.845801
 -15.290275 -1.474763 -1.370403 -0.659399
 -14.859316 -1.554629 -0.886801 -0.976146
 -15.194278 -1.577217 -0.824881 -1.035177
 -15.477542 -1.872751 -1.004511 -0.733811
 -15.099219 -1.598418 -1.669370 -0.495251
 -14.774862 -1.110173 -1.233787 -0.969401
 -14.859316 -1.641641 -0.796945 -1.033854
 -15.308415 -1.379575 -1.142247 -0.845801
 -15.290275 -1.474763 -1.370403 -0.659399
 -14.859316 -1.554629 -0.886801 -0.976146
 -15.194278 -1.577217 -0.824881 -1.035177
 -1.386294 -1.386294 -1.386294 -1.386294
 -15.036342 -15.036342 -0.000001 -15.036342
 -15.479438 -15.479438 -0.000001 -15.479438
 -15.687313 -15.687313 -0.000000 -15.687313
 -1.386294 -1.386294 -1.386294 -1.386294
 -14.946914 -14.946914 -0.000001 -14.946914
 -15.386209 -15.386209 -0.000001 -15.386209
 -15.744130 -15.744130 -0.000000 -15.744130
 -1.386294 -1.386294 -1.386294 -1.386294
 -15.036342 -15.036342 -0.000001 -15.036342
 -15.479438 -15.479438 -0.000001 -15.479438
 -15.687313 -15.687313 -0.000000 -15.687313
 -1.386294 -1.386294 -1.386294 -1.386294
 -14.946914 -14.946914 -0.000001 -14.946914
 -15.386209 -15.386209 -0.000001 -15.386209
 -15.744130 -15.744130 -0.000000 -15.744130
 -1.386294 -1.386294 -1.386294 -1.386294
 -1.386294 -1.386294 -1.386294 -1.386294
 -16.127056 -16.127056 -0.000000 -16.127056
 -1.386294 -1.386294 -1.386294 -1.386294
 -1.386294 -1.386294 -1.386294 -1.386294
 -1.386294 -1.386294 -1.386294 -1.386294
 -16.804722 -16.804722 -0.000000 -16.804722
 -1.386294 -1.386294 -1.386294 -1.386294
 -1.386294 -1.386294 -1.386294 -1.386294
 -1.386294 -1.386294 -1.386294 -1.386294
 -16.127056 -16.127056 -0.000000 -16.127056
 -1.386294 -1.386294 -1.386294 -1.386294
 -1.386294 -1.386294 -1.386294 -1.386294
 -1.386294 -1.386294 -1.386294 -1.386294
 -16.804722 -16.804722 -0.000000 -16.804722
 -1.386294 -1.386294 -1.386294 -1.386294
 -1.386294 -1.386294 -1.386294 -1.386294
 -1.386294 -1.386294 -1.386294 -1.386294
 -17.215374 -17.215374 -17.215374 -0.000000
 -1.386294 -1.386294 -1.386294 -1.386294
 -1.386294 -1.386294 -1.386294 -1.386294
 -1.386294 -1.386294 -1.386294 -1.386294
 -1.386294 -1.386294 -1.386294 -1.386294
 -1.386294 -1.386294 -1.386294 -1.386294
 -1.386294 -1.386294 -1.386294 -1.386294
 -1.386294 -1.386294 -1.386294 -1.386294
 -17.215374 -17.215374 -17.215374 -0.000000
 -1.386294 -1.386294 -1.386294 -1.386294
 -1.386294 -1.386294 -1.386294 -1.386294
 -1.386294 -1.386294 -1.386294 -1.386294
 -1.386294 -1.386294 -1.386294 -1.386294
 -1.386294 -1.386294 -1.386294 -1.386294
 -1.386294 -1.386294 -1.386294 -1.386294
 -1.386294 -1.386294 -1.386294 -1.386294
 -1.386294 -1.386294 -1.386294 -1.386294
 -0.350590 -3.635584 -1.481471 -3.168751
 -1.386294 -1.386294 -1.386294 -1.386294
 -1.386294 -1.386294 -1.386294 -1.386294
 -1.386294 -1.386294 -1.386294 -1.386294
 -1.386294 -1.386294 -1.386294 -1.386294
 -1.386294 -1.386294 -1.386294 -1.386294
 -1.386294 -1.386294 -1.386294 -1.386294
 -1.386294 -1.386294 -1.386294 -1.386294
 -0.350590 -3.635584 -1.481471 -3.168751
 -1.386294 -1.386294 -1.386294 -1.386294
 -1.386294 -1.386294 -1.386294 -1.386294
 -1.386294 -1.386294 -1.386294 -1.386294
 -1.386294 -1.386294 -1.386294 -1.386294
 -1.386294 -1.386294 -1.386294 -1.386294
 -1.386294 -1.386294 -1.386294 -1.386294
 -1.386294 -1.386294 -1.386294 -1.386294
 -1.386294 -1.386294 -1.386294 -1.386294
 -16.864784 -2.093761 -0.835519 -0.813897
 -13.579793 -1.661396 -1.536234 -0.519303
 -15.733903 -1.287120 -0.578142 -1.814032
 -14.046625 -2.438381 -0.885039 -0.693149
 -1.386294 -1.386294 -1.386294 -1.386294
 -1.386294 -1.386294 -1.386294 -1.386294
 -1.386294 -1.386294 -1.386294 -1.386294
 -1.386294 -1.386294 -1.386294 -1.386294
 -16.864784 -2.093761 -0.835519 -0.813897
 -13.579793 -1.661396 -1.536234 -0.519303
 -15.733903 -1.287120 -0.578142 -1.814032
 -14.046625 -2.438381 -0.885039 -0.693149
 -1.386294 -1.386294 -1.386294 -1.386294
 -15.315134 -15.315134 -0.000001 -15.315134
 -16.378149 -16.378149 -0.000000 -16.378149
 -16.163069 -16.163069 -0.000000 -16.163069
 -1.386294 -1.386294 -1.386294 -1.386294
 -12.468452 -12.468452 -0.000012 -12.468452
 -13.444452 -13.444452 -0.000004 -13.444452
 -13.910825 -13.910825 -0.000003 -13.910825
 -1.386294 -1.386294 -1.386294 -1.386294
 -15.315134 -15.315134 -0.000001 -15.315134
 -16.378149 -16.378149 -0.000000 -16.378149
 -16.163069 -16.163069 -0.000000 -16.163069
 -1.386294 -1.386294 -1.386294 -1.386294
 -12.468452 -12.468452 -0.000012 -12.468452
 -13.444452 -13.444452 -0.000004 -13.444452
 -13.910825 -13.910825 -0.000003 -13.910825
 -1.386294 -1.386294 -1.386294 -1.386294
 -1.386294 -1.386294 -1.386294 -1.386294
 -1.999286 -2.066350 -2.054856 -0.494609
 -1.386294 -1.386294 -1.386294 -1.386294
 -1.386294 -1.386294 -1.386294 -1.386294
 -1.386294 -1.386294 -1.386294 -1.386294
 -2.290390 -2.365897 -1.733375 -0.464864
 -1.386294 -1.386294 -1.386294 -1.386294
 -1.386294 -1.386294 -1.386294 -1.386294
 -1.386294 -1.386294 -1.386294 -1.386294
 -1.999286 -2.066350 -2.054856 -0.494609
 -1.386294 -1.386294 -1.386294 -1.386294
 -1.386294 -1.386294 -1.386294 -1.386294
 -1.386294 -1.386294 -1.386294 -1.386294
 -2.290390 -2.365897 -1.733375 -0.464864
 -1.386294 -1.386294 -1.386294 -1.386294
 -1.213542 -1.653240 -1.062143 -1.797490
 -1.320989 -1.243603 -1.659763 -1.368057
 -1.317446 -1.350235 -1.167914 -1.820238
 -1.205949 -1.962197 -0.977067 -1.694835
 -1.386294 -1.386294 -1.386294 -1.386294
 -1.386294 -1.386294 -1.386294 -1.386294
 -1.386294 -1.386294 -1.386294 -1.386294
 -1.386294 -1.386294 -1.386294 -1.386294
 -1.213542 -1.653240 -1.062143 -1.797490
 -1.320989 -1.243603 -1.659763 -1.368057
 -1.317446 -1.350235 -1.167914 -1.820238
 -1.205949 -1.962197 -0.977067 -1.694835
 -1.386294 -1.386294 -1.386294 -1.386294
 -1.386294 -1.386294 -1.386294 -1.386294
 -1.386294 -1.386294 -1.386294 -1.386294
 -1.386294 -1.386294 -1.386294 -1.386294
 -1.459054 -1.318472 -1.195239 -1.622683
 -1.380961 -1.056722 -2.458516 -1.153572
 -1.751088 -1.137079 -1.148913 -1.667706
 -1.632252 -1.558144 -1.083687 -1.363989
 -1.590947 -1.409899 -1.590947 -1.054499
 -1.453277 -0.944864 -2.694061 -1.171638
 -1.630687 -1.351430 -1.196554 -1.414278
 -1.773067 -1.595386 -1.322346 -1.019296
 -1.459054 -1.318472 -1.195239 -1.622683
 -1.380961 -1.056722 -2.458516 -1.153572
 -1.751088 -1.137079 -1.148913 -1.667706
 -1.632252 -1.558144 -1.083687 -1.363989
 -1.590947 -1.409899 -1.590947 -1.054499
 -1.453277 -0.944864 -2.694061 -1.171638
 -1.630687 -1.351430 -1.196554 -1.414278
 -1.773067 -1.595386 -1.322346 -1.019296
 -1.312563 -1.530817 -1.312563 -1.404937
 -1.461018 -0.941609 -2.282781 -1.287354
 -1.541743 -1.118259 -1.205271 -1.835504
 -1.932116 -1.435084 -1.252763 -1.104583
 -1.622683 -1.478102 -1.302211 -1.195239
 -1.454837 -0.979779 -2.463063 -1.184191
 -1.624705 -1.376244 -1.039772 -1.624705
 -2.211368 -1.259810 -1.202102 -1.183583
 -1.312563 -1.530817 -1.312563 -1.404937
 -1.461018 -0.941609 -2.282781 -1.287354
 -1.541743 -1.118259 -1.205271 -1.835504
 -1.932116 -1.435084 -1.252763 -1.104583
 -1.622683 -1.478102 -1.302211 -1.195239
 -1.454837 -0.979779 -2.463063 -1.184191
 -1.624705 -1.376244 -1.039772 -1.624705
 -2.211368 -1.259810 -1.202102 -1.183583
 -1.320912 -1.647308 -1.190550 -1.441864
 -1.288920 -1.067841 -2.531424 -1.200192
 -1.617200 -1.376038 -0.892102 -1.972021
 -1.694203 -1.861256 -1.081099 -1.134588
 -1.599553 -1.567292 -1.156550 -1.291587
 -1.399465 -1.024772 -2.432118 -1.182400
 -1.770705 -1.307421 -1.104710 -1.478570
 -1.879660 -1.572930 -1.142620 -1.136503
 -1.320912 -1.647308 -1.190550 -1.441864
 -1.288920 -1.067841 -2.531424 -1.200192
 -1.617200 -1.376038 -0.892102 -1.972021
 -1.694203 -1.861256 -1.081099 -1.134588
 -1.599553 -1.567292 -1.156550 -1.291587
 -1.399465 -1.024772 -2.432118 -1.182400
 -1.770705 -1.307421 -1.104710 -1.478570
 -1.879660 -1.572930 -1.142620 -1.136503
 -1.252763 -1.697448 -1.240024 -1.419817
 -1.308007 -1.121678 -2.013275 -1.308007
 -1.530925 -1.424544 -0.939743 -1.881785
 -1.978344 -1.690663 -1.067196 -1.098613
 -1.708935 -1.606656 -1.138391 -1.210494
 -1.583850 -1.007829 -2.448846 -1.068823
 -1.822156 -1.278542 -0.959111 -1.733603
 -1.945910 -1.492713 -1.145405 -1.157453
 -1.252763 -1.697448 -1.240024 -1.419817
 -1.308007 -1.121678 -2.013275 -1.308007
 -1.530925 -1.424544 -0.939743 -1.881785
 -1.978344 -1.690663 -1.067196 -1.098613
 -1.708935 -1.606656 -1.138391 -1.210494
 -1.583850 -1.007829 -2.448846 -1.068823
 -1.822156 -1.278542 -0.959111 -1.733603
 -1.945910 -1.492713 -1.145405 -1.157453
 -3.012756 0.000100 0.000100 0.000100
 -2.663447 0.000100 0.000100 0.000100
 -2.527147 0.000100 0.000100 0.000100
 -2.971043 0.000100 0.000100 0.000100
 -2.943151 0.000100 0.000100 0.000100
 -2.698720 0.000100 0.000100 0.000100
 -2.703519 0.000100 0.000100 0.000100
 -2.763993 0.000100 0.000100 0.000100
 -3.012756 0.000100 0.000100 0.000100
 -2.663447 0.000100 0.000100 0.000100
 -2.527147 0.000100 0.000100 0.000100
 -2.971043 0.000100 0.000100 0.000100
 -2.943151 0.000100 0.000100 0.000100
 -2.698720 0.000100 0.000100 0.000100
 -2.703519 0.000100 0.000100 0.000100
 -2.763993 0.000100 0.000100 0.000100
 -1.287772 -2.131908 -0.998903 -1.438761
 -1.355355 -1.337592 -1.908273 -1.104638
 -1.386294 -1.491655 -1.227087 -1.461644
 -1.842689 -1.938396 -0.787327 -1.416281
 -1.679698 -2.034033 -0.706686 -1.663437
 -1.276254 -1.375345 -1.891868 -1.147666
 -1.778856 -1.737009 -0.801237 -1.578185
 -2.102704 -1.768027 -0.884606 -1.223060
 -1.287772 -2.131908 -0.998903 -1.438761
 -1.355355 -1.337592 -1.908273 -1.104638
 -1.386294 -1.491655 -1.227087 -1.461644
 -1.842689 -1.938396 -0.787327 -1.416281
 -1.679698 -2.034033 -0.706686 -1.663437
 -1.276254 -1.375345 -1.891868 -1.147666
 -1.778856 -1.737009 -0.801237 -1.578185
 -2.102704 -1.768027 -0.884606 -1.223060
 -16.646957 -2.487857 -0.561385 -1.059890
 -16.394970 -1.964273 -1.457781 -0.466825
 -17.226328 -2.312205 -0.816310 -0.778929
 -16.634506 -2.679233 -0.478151 -1.166498
 -16.607903 -2.455919 -0.566687 -1.058968
 -16.624311 -1.933331 -1.320401 -0.530508
 -16.891901 -2.393293 -0.572498 -1.065495
 -16.969101 -2.708904 -0.523862 -1.075400
 -16.646957 -2.487857 -0.561385 -1.059890
 -16.394970 -1.964273 -1.457781 -0.466825
 -17.226328 -2.312205 -0.816310 -0.778929
 -16.634506 -2.679233 -0.478151 -1.166498
 -16.607903 -2.455919 -0.566687 -1.058968
 -16.624311 -1.933331 -1.320401 -0.530508
 -16.891901 -2.393293 -0.572498 -1.065495
 -16.969101 -2.708904 -0.523862 -1.075400
 -1.386294 -1.386294 -1.386294 -1.386294
 -15.868352 -15.868352 -0.000000 -15.868352
 -17.612347 -17.612347 0.000000 -17.612347
 -17.309288 -17.309288 -0.000000 -17.309288
 -1.386294 -1.386294 -1.386294 -1.386294
 -15.755691 -15.755691 -0.000000 -15.755691
 -17.273718 -17.273718 -0.000000 -17.273718
 -17.257210 -17.257210 -0.000000 -17.257210
 -1.386294 -1.386294 -1.386294 -1.386294
 -15.868352 -15.868352 -0.000000 -15.868352
 -17.612347 -17.612347 0.000000 -17.612347
 -17.309288 -17.309288 -0.000000 -17.309288
 -1.386294 -1.386294 -1.386294 -1.386294
 -15.755691 -15.755691 -0.000000 -15.755691
 -17.273718 -17.273718 -0.000000 -17.273718
 -17.257210 -17.257210 -0.000000 -17.257210
 -1.386294 -1.386294 -1.386294 -1.386294
 -1.386294 -1.386294 -1.386294 -1.386294
 -18.150446 -18.150446 0.000000 -18.150446
 -1.386294 -1.386294 -1.386294 -1.386294
 -1.386294 -1.386294 -1.386294 -1.386294
 -1.386294 -1.386294 -1.386294 -1.386294
 -18.183691 -18.183691 0.000000 -18.183691
 -1.386294 -1.386294 -1.386294 -1.386294
 -1.386294 -1.386294 -1.386294 -1.386294
 -1.386294 -1.386294 -1.386294 -1.386294
 -18.150446 -18.150446 0.000000 -18.150446
 -1.386294 -1.386294 -1.386294 -1.386294
 -1.386294 -1.386294 -1.386294 -1.386294
 -1.386294 -1.386294 -1.386294 -1.386294
 -18.183691 -18.183691 0.000000 -18.183691
 -1.386294 -1.386294 -1.386294 -1.386294
 -1.386294 -1.386294 -1.386294 -1.386294
 -1.386294 -1.386294 -1.386294 -1.386294
 -18.860353 -18.860353 -18.860353 0.000000
 -1.386294 -1.386294 -1.386294 -1.386294
 -1.386294 -1.386294 -1.386294 -1.386294
 -1.386294 -1.386294 -1.386294 -1.386294
 -1.386294 -1.386294 -1.386294 -1.386294
 -1.386294 -1.386294 -1.386294 -1.386294
 -1.386294 -1.386294 -1.386294 -1.386294
 -1.386294 -1.386294 -1.386294 -1.386294
 -18.860353 -18.860353 -18.860353 0.000000
 -1.386294 -1.386294 -1.386294 -1.386294
 -1.386294 -1.386294 -1.386294 -1.386294
 -1.386294 -1.386294 -1.386294 -1.386294
 -1.386294 -1.386294 -1.386294 -1.386294
 -1.386294 -1.386294 -1.386294 -1.386294
 -1.386294 -1.386294 -1.386294 -1.386294
 -1.386294 -1.386294 -1.386294 -1.386294
 -1.386294 -1.386294 -1.386294 -1.386294
 -2.054626 -1.731749 -0.736060 -1.533000
 -1.386294 -1.386294 -1.386294 -1.386294
 -1.386294 -1.386294 -1.386294 -1.386294
 -1.386294 -1.386294 -1.386294 -1.386294
 -1.386294 -1.386294 -1.386294 -1.386294
 -1.386294 -1.386294 -1.386294 -1.386294
 -1.386294 -1.386294 -1.386294 -1.386294
 -1.386294 -1.386294 -1.386294 -1.386294
 -2.054626 -1.731749 -0.736060 -1.533000
 -1.386294 -1.386294 -1.386294 -1.386294
 -1.386294 -1.386294 -1.386294 -1.386294
 -1.386294 -1.386294 -1.386294 -1.386294
 -1.386294 -1.386294 -1.386294 -1.386294
 -1.386294 -1.386294 -1.386294 -1.386294
 -1.386294 -1.386294 -1.386294 -1.386294
 -1.386294 -1.386294 -1.386294 -1.386294
 -1.386294 -1.386294 -1.386294 -1.386294
 -16.805727 -2.272377 -0.666850 -0.958129
 -17.128605 -1.829220 -1.683854 -0.424948
 -18.124294 -2.165194 -0.628945 -1.043788
 -17.327354 -2.533518 -0.777476 -0.774235
 -1.386294 -1.386294 -1.386294 -1.386294
 -1.386294 -1.386294 -1.386294 -1.386294
 -1.386294 -1.386294 -1.386294 -1.386294
 -1.386294 -1.386294 -1.386294 -1.386294
 -16.805727 -2.272377 -0.666850 -0.958129
 -17.128605 -1.829220 -1.683854 -0.424948
 -18.124294 -2.165194 -0.628945 -1.043788
 -17.327354 -2.533518 -0.777476 -0.774235
 -1.386294 -1.386294 -1.386294 -1.386294
 -16.174477 -16.174477 -0.000000 -16.174477
 -17.724529 -17.724529 0.000000 -17.724529
 -17.336267 -17.336267 -0.000000 -17.336267
 -1.386294 -1.386294 -1.386294 -1.386294
 -15.771372 -15.771372 -0.000000 -15.771372
 -16.835936 -16.835936 -0.000000 -16.835936
 -17.324366 -17.324366 -0.000000 -17.324366
 -1.386294 -1.386294 -1.386294 -1.386294
 -16.174477 -16.174477 -0.000000 -16.174477
 -17.724529 -17.724529 0.000000 -17.724529
 -17.336267 -17.336267 -0.000000 -17.336267
 -1.386294 -1.386294 -1.386294 -1.386294
 -15.771372 -15.771372 -0.000000 -15.771372
 -16.835936 -16.835936 -0.000000 -16.835936
 -17.324366 -17.324366 -0.000000 -17.324366
 -1.386294 -1.386294 -1.386294 -1.386294
 -1.386294 -1.386294 -1.386294 -1.386294
 -1.508779 -1.558180 -0.932050 -1.745511
 -1.386294 -1.386294 -1.386294 -1.386294
 -1.386294 -1.386294 -1.386294 -1.386294
 -1.386294 -1.386294 -1.386294 -1.386294
 -1.505138 -1.657963 -1.045941 -1.443390
 -1.386294 -1.386294 -1.386294 -1.386294
 -1.386294 -1.386294 -1.386294 -1.386294
 -1.386294 -1.386294 -1.386294 -1.386294
 -1.508779 -1.558180 -0.932050 -1.745511
 -1.386294 -1.386294 -1.386294 -1.386294
 -1.386294 -1.386294 -1.386294 -1.386294
 -1.386294 -1.386294 -1.386294 -1.386294
 -1.505138 -1.657963 -1.045941 -1.443390
 -1.386294 -1.386294 -1.386294 -1.386294
 -1.400346 -2.005500 -1.009133 -1.369003
 -1.121797 -1.493162 -1.696391 -1.323129
 -1.496457 -1.574754 -1.017661 -1.572238
 -1.866248 -1.733467 -0.838774 -1.442289
 -1.386294 -1.386294 -1.386294 -1.386294
 -1.386294 -1.386294 -1.386294 -1.386294
 -1.386294 -1.386294 -1.386294 -1.386294
 -1.386294 -1.386294 -1.386294 -1.386294
 -1.400346 -2.005500 -1.009133 -1.369003
 -1.121797 -1.493162 -1.696391 -1.323129
 -1.496457 -1.574754 -1.017661 -1.572238
 -1.866248 -1.733467 -0.838774 -1.442289
 -1.386294 -1.386294 -1.386294 -1.386294
 -1.386294 -1.386294 -1.386294 -1.386294
 -1.386294 -1.386294 -1.386294 -1.386294
 -1.386294 -1.386294 -1.386294 -1.386294
 -1.291665 -1.665275 -1.083281 -1.621685
 -1.392359 -1.200352 -2.044976 -1.136190
 -1.457476 -1.474370 -1.088760 -1.601370
 -2.179499 -1.249626 -0.886061 -1.671241
 -1.687991 -1.447085 -0.998434 -1.554011
 -1.289335 -1.196372 -2.316093 -1.128250
 -1.731045 -1.282462 -1.089494 -1.564654
 -2.183474 -1.501563 -1.042923 -1.164284
 -1.291665 -1.665275 -1.083281 -1.621685
 -1.392359 -1.200352 -2.044976 -1.136190
 -1.457476 -1.474370 -1.088760 -1.601370
 -2.179499 -1.249626 -0.886061 -1.671241
 -1.687991 -1.447085 -0.998434 -1.554011
 -1.289335 -1.196372 -2.316093 -1.128250
 -1.731045 -1.282462 -1.089494 -1.564654
 -2.183474 -1.501563 -1.042923 -1.164284
 -1.377290 -1.565205 -1.023607 -1.718154
 -1.353458 -0.964356 -1.991946 -1.496127
 -1.379135 -1.451748 -1.100247 -1.707855
 -1.979358 -1.519826 -0.872841 -1.490194
 -1.646785 -1.526056 -1.010536 -1.487590
 -1.485112 -1.341367 -2.334828 -0.878976
 -1.959125 -1.627872 -0.688591 -1.830158
 -2.076161 -1.510947 -0.995170 -1.257979
 -1.377290 -1.565205 -1.023607 -1.718154
 -1.353458 -0.964356 -1.991946 -1.496127
 -1.379135 -1.451748 -1.100247 -1.707855
 -1.979358 -1.519826 -0.872841 -1.490194
 -1.646785 -1.526056 -1.010536 -1.487590
 -1.485112 -1.341367 -2.334828 -0.878976
 -1.959125 -1.627872 -0.688591 -1.830158
 -2.076161 -1.510947 -0.995170 -1.257979
 -1.448926 -1.788329 -0.954824 -1.546189
 -1.252474 -1.277015 -1.869783 -1.268768
 -1.624680 -1.304558 -1.045463 -1.713666
 -1.701324 -1.686399 -0.868089 -1.548249
 -1.880235 -1.505828 -0.969464 -1.401099
 -1.496610 -1.274763 -2.311327 -0.922597
 -1.801298 -1.591664 -0.959952 -1.392644
 -2.105808 -1.275558 -1.146195 -1.268924
 -1.448926 -1.788329 -0.954824 -1.546189
 -1.252474 -1.277015 -1.869783 -1.268768
 -1.624680 -1.304558 -1.045463 -1.713666
 -1.701324 -1.686399 -0.868089 -1.548249
 -1.880235 -1.505828 -0.969464 -1.401099
 -1.496610 -1.274763 -2.311327 -0.922597
 -1.801298 -1.591664 -0.959952 -1.392644
 -2.105808 -1.275558 -1.146195 -1.268924
 -1.358124 -1.782709 -0.990399 -1.593334
 -1.114675 -1.442807 -1.889821 -1.256617
 -1.455430 -1.494650 -0.960108 -1.835577
 -1.786609 -1.733263 -0.848638 -1.479427
 -1.633962 -1.477843 -1.003057 -1.560840
 -1.229485 -1.353705 -1.855884 -1.227717
 -1.718702 -1.566808 -0.890054 -1.602673
 -2.177633 -1.560733 -0.768778 -1.545855
 -1.358124 -1.782709 -0.990399 -1.593334
 -1.114675 -1.442807 -1.889821 -1.256617
 -1.455430 -1.494650 -0.960108 -1.835577
 -1.786609 -1.733263 -0.848638 -1.479427
 -1.633962 -1.477843 -1.003057 -1.560840
 -1.229485 -1.353705 -1.855884 -1.227717
 -1.718702 -1.566808 -0.890054 -1.602673
 -2.177633 -1.560733 -0.768778 -1.545855
