 -2.422573 0.000100 0.000100 0.000100
 -2.796217 0.000100 0.000100 0.000100
 -2.706413 0.000100 0.000100 0.000100
 -3.012671 0.000100 0.000100 0.000100
 -2.643986 0.000100 0.000100 0.000100
 -2.799578 0.000100 0.000100 0.000100
 -3.077210 0.000100 0.000100 0.000100
 -2.876539 0.000100 0.000100 0.000100
 -2.422573 0.000100 0.000100 0.000100
 -2.796217 0.000100 0.000100 0.000100
 -2.706413 0.000100 0.000100 0.000100
 -3.012671 0.000100 0.000100 0.000100
 -2.643986 0.000100 0.000100 0.000100
 -2.799578 0.000100 0.000100 0.000100
 -3.077210 0.000100 0.000100 0.000100
 -2.876539 0.000100 0.000100 0.000100
 -0.964793 -1.033785 -1.593401 -2.812638
 -0.960895 -0.713487 -2.806717 -2.701357
 -0.838138 -0.991107 -1.709359 -4.177441
 -1.696449 -0.753252 -1.306252 -2.590263
 -1.113127 -0.786730 -1.898080 -2.713827
 -0.975234 -0.744973 -2.558235 -2.649206
 -1.257218 -0.820981 -1.544899 -2.777038
 -1.573719 -0.682298 -1.573719 -2.525725
 -0.964793 -1.033785 -1.593401 -2.812638
 -0.960895 -0.713487 -2.806717 -2.701357
 -0.838138 -0.991107 -1.709359 -4.177441
 -1.696449 -0.753252 -1.306252 -2.590263
 -1.113127 -0.786730 -1.898080 -2.713827
 -0.975234 -0.744973 -2.558235 -2.649206
 -1.257218 -0.820981 -1.544899 -2.777038
 -1.573719 -0.682298 -1.573719 -2.525725
 -0.000001 -15.392426 -15.392426 -15.392426
 -0.000001 -15.486985 -15.486985 -15.486985
 -0.000001 -14.719730 -14.719730 -14.719730
 -0.000004 -13.429854 -13.429854 -13.429854
 -0.000001 -15.000301 -15.000301 -15.000301
 -0.000001 -15.500057 -15.500057 -15.500057
 -0.000002 -14.304093 -14.304093 -14.304093
 -0.000004 -13.604795 -13.604795 -13.604795
 -0.000001 -15.392426 -15.392426 -15.392426
 -0.000001 -15.486985 -15.486985 -15.486985
 -0.000001 -14.719730 -14.719730 -14.719730
 -0.000004 -13.429854 -13.429854 -13.429854
 -0.000001 -15.000301 -15.000301 -15.000301
 -0.000001 -15.500057 -15.500057 -15.500057
 -0.000002 -14.304093 -14.304093 -14.304093
 -0.000004 -13.604795 -13.604795 -13.604795
 -16.317766 -16.317766 -0.000000 -16.317766
 -1.386294 -1.386294 -1.386294 -1.386294
 -1.386294 -1.386294 -1.386294 -1.386294
 -1.386294 -1.386294 -1.386294 -1.386294
 -16.316946 -16.316946 -0.000000 -16.316946
 -1.386294 -1.386294 -1.386294 -1.386294
 -1.386294 -1.386294 -1.386294 -1.386294
 -1.386294 -1.386294 -1.386294 -1.386294
 -16.317766 -16.317766 -0.000000 -16.317766
 -1.386294 -1.386294 -1.386294 -1.386294
 -1.386294 -1.386294 -1.386294 -1.386294
 -1.386294 -1.386294 -1.386294 -1.386294
 -16.316946 -16.316946 -0.000000 -16.316946
 -1.386294 -1.386294 -1.386294 -1.386294
 -1.386294 -1.386294 -1.386294 -1.386294
 -1.386294 -1.386294 -1.386294 -1.386294
 -1.386294 -1.386294 -1.386294 -1.386294
 -1.386294 -1.386294 -1.386294 -1.386294
 -17.010504 -17.010504 -0.000000 -17.010504
 -1.386294 -1.386294 -1.386294 -1.386294
 -1.386294 -1.386294 -1.386294 -1.386294
 -1.386294 -1.386294 -1.386294 -1.386294
 -1.386294 -1.386294 -1.386294 -1.386294
 -1.386294 -1.386294 -1.386294 -1.386294
 -1.386294 -1.386294 -1.386294 -1.386294
 -1.386294 -1.386294 -1.386294 -1.386294
 -17.010504 -17.010504 -0.000000 -17.010504
 -1.386294 -1.386294 -1.386294 -1.386294
 -1.386294 -1.386294 -1.386294 -1.386294
 -1.386294 -1.386294 -1.386294 -1.386294
 -1.386294 -1.386294 -1.386294 -1.386294
 -1.386294 -1.386294 -1.386294 -1.386294
 -1.386294 -1.386294 -1.386294 -1.386294
 -1.386294 -1.386294 -1.386294 -1.386294
 -17.010504 -17.010504 -17.010504 -0.000000
 -1.386294 -1.386294 -1.386294 -1.386294
 -1.386294 -1.386294 -1.386294 -1.386294
 -1.386294 -1.386294 -1.386294 -1.386294
 -1.386294 -1.386294 -1.386294 -1.386294
 -1.386294 -1.386294 -1.386294 -1.386294
 -1.386294 -1.386294 -1.386294 -1.386294
 -1.386294 -1.386294 -1.386294 -1.386294
 -17.010504 -17.010504 -17.010504 -0.000000
 -1.386294 -1.386294 -1.386294 -1.386294
 -1.386294 -1.386294 -1.386294 -1.386294
 -1.386294 -1.386294 -1.386294 -1.386294
 -1.386294 -1.386294 -1.386294 -1.386294
 -1.386294 -1.386294 -1.386294 -1.386294
 -1.386294 -1.386294 -1.386294 -1.386294
 -1.386294 -1.386294 -1.386294 -1.386294
 -1.386294 -1.386294 -1.386294 -1.386294
 0.000000 -17.010504 -17.010504 -17.010504
 -1.386294 -1.386294 -1.386294 -1.386294
 -1.386294 -1.386294 -1.386294 -1.386294
 -1.386294 -1.386294 -1.386294 -1.386294
 -1.386294 -1.386294 -1.386294 -1.386294
 -1.386294 -1.386294 -1.386294 -1.386294
 -1.386294 -1.386294 -1.386294 -1.386294
 -1.386294 -1.386294 -1.386294 -1.386294
 0.000000 -17.010504 -17.010504 -17.010504
 -1.386294 -1.386294 -1.386294 -1.386294
 -1.386294 -1.386294 -1.386294 -1.386294
 -1.386294 -1.386294 -1.386294 -1.386294
 -1.386294 -1.386294 -1.386294 -1.386294
 -1.386294 -1.386294 -1.386294 -1.386294
 -1.386294 -1.386294 -1.386294 -1.386294
 -1.386294 -1.386294 -1.386294 -1.386294
 -1.386294 -1.386294 -1.386294 -1.386294
 -17.010504 -1.673294 -17.010504 -0.207797
 -1.386294 -1.386294 -1.386294 -1.386294
 -1.386294 -1.386294 -1.386294 -1.386294
 -1.386294 -1.386294 -1.386294 -1.386294
 -1.386294 -1.386294 -1.386294 -1.386294
 -1.386294 -1.386294 -1.386294 -1.386294
 -1.386294 -1.386294 -1.386294 -1.386294
 -1.386294 -1.386294 -1.386294 -1.386294
 -17.010504 -1.673294 -17.010504 -0.207797
 -1.386294 -1.386294 -1.386294 -1.386294
 -1.386294 -1.386294 -1.386294 -1.386294
 -1.386294 -1.386294 -1.386294 -1.386294
 -1.386294 -1.386294 -1.386294 -1.386294
 -15.337211 -15.337211 -0.000001 -15.337211
 -1.386294 -1.386294 -1.386294 -1.386294
 -16.802708 -16.802708 -0.000000 -16.802708
 -1.386294 -1.386294 -1.386294 -1.386294
 -1.386294 -1.386294 -1.386294 -1.386294
 -1.386294 -1.386294 -1.386294 -1.386294
 -1.386294 -1.386294 -1.386294 -1.386294
 -1.386294 -1.386294 -1.386294 -1.386294
 -15.337211 -15.337211 -0.000001 -15.337211
 -1.386294 -1.386294 -1.386294 -1.386294
 -16.802708 -16.802708 -0.000000 -16.802708
 -1.386294 -1.386294 -1.386294 -1.386294
 -1.386294 -1.386294 -1.386294 -1.386294
 -1.386294 -1.386294 -1.386294 -1.386294
 -1.386294 -1.386294 -1.386294 -1.386294
 -1.386294 -1.386294 -1.386294 -1.386294
 -1.386294 -1.386294 -1.386294 -1.386294
 -1.386294 -1.386294 -1.386294 -1.386294
 -1.386294 -1.386294 -1.386294 -1.386294
 -1.386294 -1.386294 -1.386294 -1.386294
 -1.386294 -1.386294 -1.386294 -1.386294
 -1.620146 -2.025611 -1.420040 -0.847435
 -1.386294 -1.386294 -1.386294 -1.386294
 -1.386294 -1.386294 -1.386294 -1.386294
 -1.386294 -1.386294 -1.386294 -1.386294
 -1.386294 -1.386294 -1.386294 -1.386294
 -1.386294 -1.386294 -1.386294 -1.386294
 -1.386294 -1.386294 -1.386294 -1.386294
 -1.386294 -1.386294 -1.386294 -1.386294
 -1.620146 -2.025611 -1.420040 -0.847435
 -1.386294 -1.386294 -1.386294 -1.386294
 -1.189584 -1.773297 -1.367832 -1.304819
 -1.169382 -1.600164 -1.862528 -1.101723
 -1.250224 -1.424295 -1.311218 -1.592631
 -1.395901 -1.969122 -1.120846 -1.248946
 -1.386294 -1.386294 -1.386294 -1.386294
 -1.386294 -1.386294 -1.386294 -1.386294
 -1.386294 -1.386294 -1.386294 -1.386294
 -1.386294 -1.386294 -1.386294 -1.386294
 -1.189584 -1.773297 -1.367832 -1.304819
 -1.169382 -1.600164 -1.862528 -1.101723
 -1.250224 -1.424295 -1.311218 -1.592631
 -1.395901 -1.969122 -1.120846 -1.248946
 -1.386294 -1.386294 -1.386294 -1.386294
 -1.386294 -1.386294 -1.386294 -1.386294
 -1.386294 -1.386294 -1.386294 -1.386294
 -1.386294 -1.386294 -1.386294 -1.386294
 -1.181031 -1.695299 -1.324926 -1.411937
 -1.334109 -1.192139 -2.521271 -1.042199
 -1.365241 -1.153271 -1.259881 -1.928334
 -1.718790 -1.836573 -1.094637 -1.118734
 -1.318974 -1.663814 -1.565834 -1.095831
 -1.224724 -1.439835 -3.049265 -0.863223
 -1.706027 -1.491371 -1.093511 -1.353587
 -1.614364 -1.639365 -1.509003 -0.952568
 -1.181031 -1.695299 -1.324926 -1.411937
 -1.334109 -1.192139 -2.521271 -1.042199
 -1.365241 -1.153271 -1.259881 -1.928334
 -1.718790 -1.836573 -1.094637 -1.118734
 -1.318974 -1.663814 -1.565834 -1.095831
 -1.224724 -1.439835 -3.049265 -0.863223
 -1.706027 -1.491371 -1.093511 -1.353587
 -1.614364 -1.639365 -1.509003 -0.952568
 -1.098613 -1.791759 -1.410392 -1.362764
 -1.451053 -1.149385 -2.312533 -1.050294
 -1.447595 -1.222155 -1.250064 -1.693995
 -1.482195 -1.800648 -1.272123 -1.116470
 -1.415044 -1.577562 -1.558144 -1.078572
 -1.205381 -1.390523 -2.377015 -1.025409
 -1.907069 -1.570598 -1.149385 -1.118613
 -1.804120 -1.626786 -1.476214 -0.890820
 -1.098613 -1.791759 -1.410392 -1.362764
 -1.451053 -1.149385 -2.312533 -1.050294
 -1.447595 -1.222155 -1.250064 -1.693995
 -1.482195 -1.800648 -1.272123 -1.116470
 -1.415044 -1.577562 -1.558144 -1.078572
 -1.205381 -1.390523 -2.377015 -1.025409
 -1.907069 -1.570598 -1.149385 -1.118613
 -1.804120 -1.626786 -1.476214 -0.890820
 -1.144638 -1.882236 -1.271978 -1.389761
 -1.262500 -1.170933 -2.334081 -1.170933
 -1.426568 -1.468532 -1.142317 -1.558144
 -1.606153 -1.639490 -1.373222 -1.044199
 -1.421885 -1.764171 -1.325258 -1.134204
 -1.329518 -1.230672 -2.377484 -1.048351
 -1.588818 -1.337504 -1.529395 -1.149906
 -1.618003 -1.515874 -1.565635 -0.985817
 -1.144638 -1.882236 -1.271978 -1.389761
 -1.262500 -1.170933 -2.334081 -1.170933
 -1.426568 -1.468532 -1.142317 -1.558144
 -1.606153 -1.639490 -1.373222 -1.044199
 -1.421885 -1.764171 -1.325258 -1.134204
 -1.329518 -1.230672 -2.377484 -1.048351
 -1.588818 -1.337504 -1.529395 -1.149906
 -1.618003 -1.515874 -1.565635 -0.985817
 -1.168110 -1.884246 -1.250998 -1.382767
 -1.201028 -1.246148 -2.329490 -1.157856
 -1.366876 -1.269238 -1.257677 -1.716251
 -1.412963 -1.765783 -1.239691 -1.217218
 -1.482921 -1.673976 -1.386294 -1.092055
 -1.324052 -1.126521 -2.794224 -1.053762
 -1.663749 -1.533129 -1.094217 -1.347413
 -1.697233 -1.618096 -1.352393 -1.021891
 -1.168110 -1.884246 -1.250998 -1.382767
 -1.201028 -1.246148 -2.329490 -1.157856
 -1.366876 -1.269238 -1.257677 -1.716251
 -1.412963 -1.765783 -1.239691 -1.217218
 -1.482921 -1.673976 -1.386294 -1.092055
 -1.324052 -1.126521 -2.794224 -1.053762
 -1.663749 -1.533129 -1.094217 -1.347413
 -1.697233 -1.618096 -1.352393 -1.021891
 -2.598566 0.000100 0.000100 0.000100
 -2.797695 0.000100 0.000100 0.000100
 -2.685578 0.000100 0.000100 0.000100
 -2.923988 0.000100 0.000100 0.000100
 -2.290265 0.000100 0.000100 0.000100
 -3.114031 0.000100 0.000100 0.000100
 -3.186352 0.000100 0.000100 0.000100
 -2.886248 0.000100 0.000100 0.000100
 -2.598566 0.000100 0.000100 0.000100
 -2.797695 0.000100 0.000100 0.000100
 -2.685578 0.000100 0.000100 0.000100
 -2.923988 0.000100 0.000100 0.000100
 -2.290265 0.000100 0.000100 0.000100
 -3.114031 0.000100 0.000100 0.000100
 -3.186352 0.000100 0.000100 0.000100
 -2.886248 0.000100 0.000100 0.000100
 -1.504077 -1.098614 -1.386294 -1.637607
 -1.512587 -0.551181 -2.978899 -1.880309
 -1.481604 -0.970781 -1.704746 -1.550596
 -1.466336 -1.178656 -1.178656 -1.871797
 -2.020015 -0.595986 -1.640527 -2.100057
 -2.151752 -0.542330 -2.662564 -1.458614
 -1.491654 -0.855670 -1.609435 -1.897113
 -2.043067 -1.349927 -0.993254 -1.424034
 -1.504077 -1.098614 -1.386294 -1.637607
 -1.512587 -0.551181 -2.978899 -1.880309
 -1.481604 -0.970781 -1.704746 -1.550596
 -1.466336 -1.178656 -1.178656 -1.871797
 -2.020015 -0.595986 -1.640527 -2.100057
 -2.151752 -0.542330 -2.662564 -1.458614
 -1.491654 -0.855670 -1.609435 -1.897113
 -2.043067 -1.349927 -0.993254 -1.424034
 -0.000006 -13.180640 -13.180640 -13.180640
 -0.000002 -13.997835 -13.997835 -13.997835
 -0.000005 -13.253399 -13.253399 -13.253399
 -0.000006 -13.038990 -13.038990 -13.038990
 -0.000008 -12.821269 -12.821269 -12.821269
 -0.000003 -13.698981 -13.698981 -13.698981
 -0.000007 -12.948019 -12.948019 -12.948019
 -0.000007 -12.899230 -12.899230 -12.899230
 -0.000006 -13.180640 -13.180640 -13.180640
 -0.000002 -13.997835 -13.997835 -13.997835
 -0.000005 -13.253399 -13.253399 -13.253399
 -0.000006 -13.038990 -13.038990 -13.038990
 -0.000008 -12.821269 -12.821269 -12.821269
 -0.000003 -13.698981 -13.698981 -13.698981
 -0.000007 -12.948019 -12.948019 -12.948019
 -0.000007 -12.899230 -12.899230 -12.899230
 -14.452089 -14.452089 -0.000002 -14.452089
 -1.386294 -1.386294 -1.386294 -1.386294
 -1.386294 -1.386294 -1.386294 -1.386294
 -1.386294 -1.386294 -1.386294 -1.386294
 -14.897317 -14.897317 -0.000001 -14.897317
 -1.386294 -1.386294 -1.386294 -1.386294
 -1.386294 -1.386294 -1.386294 -1.386294
 -1.386294 -1.386294 -1.386294 -1.386294
 -14.452089 -14.452089 -0.000002 -14.452089
 -1.386294 -1.386294 -1.386294 -1.386294
 -1.386294 -1.386294 -1.386294 -1.386294
 -1.386294 -1.386294 -1.386294 -1.386294
 -14.897317 -14.897317 -0.000001 -14.897317
 -1.386294 -1.386294 -1.386294 -1.386294
 -1.386294 -1.386294 -1.386294 -1.386294
 -1.386294 -1.386294 -1.386294 -1.386294
 -1.386294 -1.386294 -1.386294 -1.386294
 -1.386294 -1.386294 -1.386294 -1.386294
 -15.392426 -15.392426 -0.000001 -15.392426
 -1.386294 -1.386294 -1.386294 -1.386294
 -1.386294 -1.386294 -1.386294 -1.386294
 -1.386294 -1.386294 -1.386294 -1.386294
 -1.386294 -1.386294 -1.386294 -1.386294
 -1.386294 -1.386294 -1.386294 -1.386294
 -1.386294 -1.386294 -1.386294 -1.386294
 -1.386294 -1.386294 -1.386294 -1.386294
 -15.392426 -15.392426 -0.000001 -15.392426
 -1.386294 -1.386294 -1.386294 -1.386294
 -1.386294 -1.386294 -1.386294 -1.386294
 -1.386294 -1.386294 -1.386294 -1.386294
 -1.386294 -1.386294 -1.386294 -1.386294
 -1.386294 -1.386294 -1.386294 -1.386294
 -1.386294 -1.386294 -1.386294 -1.386294
 -1.386294 -1.386294 -1.386294 -1.386294
 -15.392426 -15.392426 -15.392426 -0.000001
 -1.386294 -1.386294 -1.386294 -1.386294
 -1.386294 -1.386294 -1.386294 -1.386294
 -1.386294 -1.386294 -1.386294 -1.386294
 -1.386294 -1.386294 -1.386294 -1.386294
 -1.386294 -1.386294 -1.386294 -1.386294
 -1.386294 -1.386294 -1.386294 -1.386294
 -1.386294 -1.386294 -1.386294 -1.386294
 -15.392426 -15.392426 -15.392426 -0.000001
 -1.386294 -1.386294 -1.386294 -1.386294
 -1.386294 -1.386294 -1.386294 -1.386294
 -1.386294 -1.386294 -1.386294 -1.386294
 -1.386294 -1.386294 -1.386294 -1.386294
 -1.386294 -1.386294 -1.386294 -1.386294
 -1.386294 -1.386294 -1.386294 -1.386294
 -1.386294 -1.386294 -1.386294 -1.386294
 -1.386294 -1.386294 -1.386294 -1.386294
 -0.000001 -15.392426 -15.392426 -15.392426
 -1.386294 -1.386294 -1.386294 -1.386294
 -1.386294 -1.386294 -1.386294 -1.386294
 -1.386294 -1.386294 -1.386294 -1.386294
 -1.386294 -1.386294 -1.386294 -1.386294
 -1.386294 -1.386294 -1.386294 -1.386294
 -1.386294 -1.386294 -1.386294 -1.386294
 -1.386294 -1.386294 -1.386294 -1.386294
 -0.000001 -15.392426 -15.392426 -15.392426
 -1.386294 -1.386294 -1.386294 -1.386294
 -1.386294 -1.386294 -1.386294 -1.386294
 -1.386294 -1.386294 -1.386294 -1.386294
 -1.386294 -1.386294 -1.386294 -1.386294
 -1.386294 -1.386294 -1.386294 -1.386294
 -1.386294 -1.386294 -1.386294 -1.386294
 -1.386294 -1.386294 -1.386294 -1.386294
 -1.386294 -1.386294 -1.386294 -1.386294
 -15.392426 -1.825376 -15.392426 -0.175732
 -1.386294 -1.386294 -1.386294 -1.386294
 -1.386294 -1.386294 -1.386294 -1.386294
 -1.386294 -1.386294 -1.386294 -1.386294
 -1.386294 -1.386294 -1.386294 -1.386294
 -1.386294 -1.386294 -1.386294 -1.386294
 -1.386294 -1.386294 -1.386294 -1.386294
 -1.386294 -1.386294 -1.386294 -1.386294
 -15.392426 -1.825376 -15.392426 -0.175732
 -1.386294 -1.386294 -1.386294 -1.386294
 -1.386294 -1.386294 -1.386294 -1.386294
 -1.386294 -1.386294 -1.386294 -1.386294
 -1.386294 -1.386294 -1.386294 -1.386294
 -13.567055 -13.567055 -0.000004 -13.567055
 -1.386294 -1.386294 -1.386294 -1.386294
 -15.216695 -15.216695 -0.000001 -15.216695
 -1.386294 -1.386294 -1.386294 -1.386294
 -1.386294 -1.386294 -1.386294 -1.386294
 -1.386294 -1.386294 -1.386294 -1.386294
 -1.386294 -1.386294 -1.386294 -1.386294
 -1.386294 -1.386294 -1.386294 -1.386294
 -13.567055 -13.567055 -0.000004 -13.567055
 -1.386294 -1.386294 -1.386294 -1.386294
 -15.216695 -15.216695 -0.000001 -15.216695
 -1.386294 -1.386294 -1.386294 -1.386294
 -1.386294 -1.386294 -1.386294 -1.386294
 -1.386294 -1.386294 -1.386294 -1.386294
 -1.386294 -1.386294 -1.386294 -1.386294
 -1.386294 -1.386294 -1.386294 -1.386294
 -1.386294 -1.386294 -1.386294 -1.386294
 -1.386294 -1.386294 -1.386294 -1.386294
 -1.386294 -1.386294 -1.386294 -1.386294
 -1.386294 -1.386294 -1.386294 -1.386294
 -1.386294 -1.386294 -1.386294 -1.386294
 -1.254831 -1.716176 -1.314551 -1.322273
 -1.386294 -1.386294 -1.386294 -1.386294
 -1.386294 -1.386294 -1.386294 -1.386294
 -1.386294 -1.386294 -1.386294 -1.386294
 -1.386294 -1.386294 -1.386294 -1.386294
 -1.386294 -1.386294 -1.386294 -1.386294
 -1.386294 -1.386294 -1.386294 -1.386294
 -1.386294 -1.386294 -1.386294 -1.386294
 -1.254831 -1.716176 -1.314551 -1.322273
 -1.386294 -1.386294 -1.386294 -1.386294
 -1.371906 -2.154662 -0.816381 -1.669156
 -1.000174 -1.421386 -1.826848 -1.470176
 -1.401798 -1.923093 -1.312187 -1.083346
 -1.425825 -1.969438 -1.009666 -1.363305
 -1.386294 -1.386294 -1.386294 -1.386294
 -1.386294 -1.386294 -1.386294 -1.386294
 -1.386294 -1.386294 -1.386294 -1.386294
 -1.386294 -1.386294 -1.386294 -1.386294
 -1.371906 -2.154662 -0.816381 -1.669156
 -1.000174 -1.421386 -1.826848 -1.470176
 -1.401798 -1.923093 -1.312187 -1.083346
 -1.425825 -1.969438 -1.009666 -1.363305
 -1.386294 -1.386294 -1.386294 -1.386294
 -1.386294 -1.386294 -1.386294 -1.386294
 -1.386294 -1.386294 -1.386294 -1.386294
 -1.386294 -1.386294 -1.386294 -1.386294
 -1.069200 -2.125244 -1.260254 -1.371479
 -0.847303 -1.252764 -3.555259 -1.358124
 -1.473305 -1.098613 -1.232144 -1.925288
 -1.850597 -2.302577 -0.751990 -1.304057
 -2.533683 -1.007643 -1.147404 -1.435084
 -2.277252 -1.466336 -2.970375 -0.485514
 -1.712976 -1.115143 -1.471816 -1.338285
 -2.024375 -1.773064 -1.331235 -0.834801
 -1.069200 -2.125244 -1.260254 -1.371479
 -0.847303 -1.252764 -3.555259 -1.358124
 -1.473305 -1.098613 -1.232144 -1.925288
 -1.850597 -2.302577 -0.751990 -1.304057
 -2.533683 -1.007643 -1.147404 -1.435084
 -2.277252 -1.466336 -2.970375 -0.485514
 -1.712976 -1.115143 -1.471816 -1.338285
 -2.024375 -1.773064 -1.331235 -0.834801
 -0.778672 -1.808285 -1.277661 -2.319104
 -1.474401 -0.547642 -2.809387 -2.020941
 -1.258955 -1.450010 -1.136354 -1.829497
 -1.488076 -1.729236 -1.236763 -1.182697
 -1.308334 -2.001471 -1.045972 -1.413693
 -0.990402 -1.252764 -3.555259 -1.157455
 -2.302573 -1.609436 -0.478041 -2.525712
 -2.238039 -1.544899 -1.373049 -0.851754
 -0.778672 -1.808285 -1.277661 -2.319104
 -1.474401 -0.547642 -2.809387 -2.020941
 -1.258955 -1.450010 -1.136354 -1.829497
 -1.488076 -1.729236 -1.236763 -1.182697
 -1.308334 -2.001471 -1.045972 -1.413693
 -0.990402 -1.252764 -3.555259 -1.157455
 -2.302573 -1.609436 -0.478041 -2.525712
 -2.238039 -1.544899 -1.373049 -0.851754
 -1.356442 -1.704746 -1.356442 -1.193923
 -1.299284 -0.893821 -2.685553 -1.386294
 -1.632694 -1.170072 -1.693318 -1.170072
 -1.673972 -1.519824 -1.386294 -1.067844
 -1.791756 -2.379534 -0.993254 -0.993254
 -0.530631 -1.498212 -3.749459 -1.803591
 -1.681755 -1.681755 -1.363305 -0.988614
 -1.892560 -1.582408 -1.400088 -0.923166
 -1.356442 -1.704746 -1.356442 -1.193923
 -1.299284 -0.893821 -2.685553 -1.386294
 -1.632694 -1.170072 -1.693318 -1.170072
 -1.673972 -1.519824 -1.386294 -1.067844
 -1.791756 -2.379534 -0.993254 -0.993254
 -0.530631 -1.498212 -3.749459 -1.803591
 -1.681755 -1.681755 -1.363305 -0.988614
 -1.892560 -1.582408 -1.400088 -0.923166
 -1.041456 -1.985909 -1.041456 -1.852379
 -0.732372 -2.005327 -2.852606 -1.118032
 -0.980831 -2.212965 -1.114362 -1.673974
 -1.710788 -1.933930 -0.835324 -1.423108
 -1.884538 -0.540809 -1.884538 -2.172217
 -0.676344 -1.998090 -2.285768 -1.369487
 -1.354546 -1.354546 -1.354546 -1.488076
 -1.776489 -1.609436 -1.129866 -1.178656
 -1.041456 -1.985909 -1.041456 -1.852379
 -0.732372 -2.005327 -2.852606 -1.118032
 -0.980831 -2.212965 -1.114362 -1.673974
 -1.710788 -1.933930 -0.835324 -1.423108
 -1.884538 -0.540809 -1.884538 -2.172217
 -0.676344 -1.998090 -2.285768 -1.369487
 -1.354546 -1.354546 -1.354546 -1.488076
 -1.776489 -1.609436 -1.129866 -1.178656
