 -2.629932 0.000100 0.000100 0.000100
 -2.679301 0.000100 0.000100 0.000100
 -2.597702 0.000100 0.000100 0.000100
 -3.364383 0.000100 0.000100 0.000100
 -2.783762 0.000100 0.000100 0.000100
 -2.518808 0.000100 0.000100 0.000100
 -2.820379 0.000100 0.000100 0.000100
 -3.029634 0.000100 0.000100 0.000100
 -2.629932 0.000100 0.000100 0.000100
 -2.679301 0.000100 0.000100 0.000100
 -2.597702 0.000100 0.000100 0.000100
 -3.364383 0.000100 0.000100 0.000100
 -2.783762 0.000100 0.000100 0.000100
 -2.518808 0.000100 0.000100 0.000100
 -2.820379 0.000100 0.000100 0.000100
 -3.029634 0.000100 0.000100 0.000100
 -1.254692 -0.909570 -1.296077 -3.256167
 -0.874660 -0.777586 -2.270709 -3.899941
 -1.021444 -0.816074 -1.678964 -4.492359
 -1.828573 -0.681172 -1.173648 -3.725678
 -1.361876 -0.655657 -1.716047 -3.102338
 -0.933683 -0.739011 -2.319976 -3.472651
 -1.466337 -0.548029 -1.784790 -3.758863
 -1.863218 -0.558898 -1.457753 -3.213139
 -1.254692 -0.909570 -1.296077 -3.256167
 -0.874660 -0.777586 -2.270709 -3.899941
 -1.021444 -0.816074 -1.678964 -4.492359
 -1.828573 -0.681172 -1.173648 -3.725678
 -1.361876 -0.655657 -1.716047 -3.102338
 -0.933683 -0.739011 -2.319976 -3.472651
 -1.466337 -0.548029 -1.784790 -3.758863
 -1.863218 -0.558898 -1.457753 -3.213139
 -0.000001 -15.527506 -15.527506 -15.527506
 -0.000000 -16.040134 -16.040134 -16.040134
 -0.000001 -15.186692 -15.186692 -15.186692
 -0.000005 -13.235699 -13.235699 -13.235699
 -0.000001 -15.479438 -15.479438 -15.479438
 -0.000000 -15.930561 -15.930561 -15.930561
 -0.000001 -14.793839 -14.793839 -14.793839
 -0.000006 -13.081550 -13.081550 -13.081550
 -0.000001 -15.527506 -15.527506 -15.527506
 -0.000000 -16.040134 -16.040134 -16.040134
 -0.000001 -15.186692 -15.186692 -15.186692
 -0.000005 -13.235699 -13.235699 -13.235699
 -0.000001 -15.479438 -15.479438 -15.479438
 -0.000000 -15.930561 -15.930561 -15.930561
 -0.000001 -14.793839 -14.793839 -14.793839
 -0.000006 -13.081550 -13.081550 -13.081550
 -16.673130 -16.673130 -0.000000 -16.673130
 -1.386294 -1.386294 -1.386294 -1.386294
 -1.386294 -1.386294 -1.386294 -1.386294
 -1.386294 -1.386294 -1.386294 -1.386294
 -16.737597 -16.737597 -0.000000 -16.737597
 -1.386294 -1.386294 -1.386294 -1.386294
 -1.386294 -1.386294 -1.386294 -1.386294
 -1.386294 -1.386294 -1.386294 -1.386294
 -16.673130 -16.673130 -0.000000 -16.673130
 -1.386294 -1.386294 -1.386294 -1.386294
 -1.386294 -1.386294 -1.386294 -1.386294
 -1.386294 -1.386294 -1.386294 -1.386294
 -16.737597 -16.737597 -0.000000 -16.737597
 -1.386294 -1.386294 -1.386294 -1.386294
 -1.386294 -1.386294 -1.386294 -1.386294
 -1.386294 -1.386294 -1.386294 -1.386294
 -1.386294 -1.386294 -1.386294 -1.386294
 -1.386294 -1.386294 -1.386294 -1.386294
 -17.399029 -17.399029 -0.000000 -17.399029
 -1.386294 -1.386294 -1.386294 -1.386294
 -1.386294 -1.386294 -1.386294 -1.386294
 -1.386294 -1.386294 -1.386294 -1.386294
 -1.386294 -1.386294 -1.386294 -1.386294
 -1.386294 -1.386294 -1.386294 -1.386294
 -1.386294 -1.386294 -1.386294 -1.386294
 -1.386294 -1.386294 -1.386294 -1.386294
 -17.399029 -17.399029 -0.000000 -17.399029
 -1.386294 -1.386294 -1.386294 -1.386294
 -1.386294 -1.386294 -1.386294 -1.386294
 -1.386294 -1.386294 -1.386294 -1.386294
 -1.386294 -1.386294 -1.386294 -1.386294
 -1.386294 -1.386294 -1.386294 -1.386294
 -1.386294 -1.386294 -1.386294 -1.386294
 -1.386294 -1.386294 -1.386294 -1.386294
 -17.399029 -17.399029 -17.399029 -0.000000
 -1.386294 -1.386294 -1.386294 -1.386294
 -1.386294 -1.386294 -1.386294 -1.386294
 -1.386294 -1.386294 -1.386294 -1.386294
 -1.386294 -1.386294 -1.386294 -1.386294
 -1.386294 -1.386294 -1.386294 -1.386294
 -1.386294 -1.386294 -1.386294 -1.386294
 -1.386294 -1.386294 -1.386294 -1.386294
 -17.399029 -17.399029 -17.399029 -0.000000
 -1.386294 -1.386294 -1.386294 -1.386294
 -1.386294 -1.386294 -1.386294 -1.386294
 -1.386294 -1.386294 -1.386294 -1.386294
 -1.386294 -1.386294 -1.386294 -1.386294
 -1.386294 -1.386294 -1.386294 -1.386294
 -1.386294 -1.386294 -1.386294 -1.386294
 -1.386294 -1.386294 -1.386294 -1.386294
 -1.386294 -1.386294 -1.386294 -1.386294
 -17.399029 -2.494957 -0.357866 -1.521732
 -1.386294 -1.386294 -1.386294 -1.386294
 -1.386294 -1.386294 -1.386294 -1.386294
 -1.386294 -1.386294 -1.386294 -1.386294
 -1.386294 -1.386294 -1.386294 -1.386294
 -1.386294 -1.386294 -1.386294 -1.386294
 -1.386294 -1.386294 -1.386294 -1.386294
 -1.386294 -1.386294 -1.386294 -1.386294
 -17.399029 -2.494957 -0.357866 -1.521732
 -1.386294 -1.386294 -1.386294 -1.386294
 -1.386294 -1.386294 -1.386294 -1.386294
 -1.386294 -1.386294 -1.386294 -1.386294
 -1.386294 -1.386294 -1.386294 -1.386294
 -1.386294 -1.386294 -1.386294 -1.386294
 -1.386294 -1.386294 -1.386294 -1.386294
 -1.386294 -1.386294 -1.386294 -1.386294
 -1.386294 -1.386294 -1.386294 -1.386294
 -1.386294 -1.386294 -1.386294 -1.386294
 -14.904074 -2.292533 -1.489039 -0.395416
 -17.041164 -1.812230 -0.491935 -1.490464
 -15.877297 -2.606513 -0.846874 -0.698249
 -1.386294 -1.386294 -1.386294 -1.386294
 -1.386294 -1.386294 -1.386294 -1.386294
 -1.386294 -1.386294 -1.386294 -1.386294
 -1.386294 -1.386294 -1.386294 -1.386294
 -1.386294 -1.386294 -1.386294 -1.386294
 -14.904074 -2.292533 -1.489039 -0.395416
 -17.041164 -1.812230 -0.491935 -1.490464
 -15.877297 -2.606513 -0.846874 -0.698249
 -1.386294 -1.386294 -1.386294 -1.386294
 -15.228934 -15.228934 -0.000001 -15.228934
 -16.549229 -16.549229 -0.000000 -16.549229
 -15.550700 -15.550700 -0.000001 -15.550700
 -1.386294 -1.386294 -1.386294 -1.386294
 -13.687682 -13.687682 -0.000003 -13.687682
 -15.211757 -15.211757 -0.000001 -15.211757
 -15.592157 -15.592157 -0.000001 -15.592157
 -1.386294 -1.386294 -1.386294 -1.386294
 -15.228934 -15.228934 -0.000001 -15.228934
 -16.549229 -16.549229 -0.000000 -16.549229
 -15.550700 -15.550700 -0.000001 -15.550700
 -1.386294 -1.386294 -1.386294 -1.386294
 -13.687682 -13.687682 -0.000003 -13.687682
 -15.211757 -15.211757 -0.000001 -15.211757
 -15.592157 -15.592157 -0.000001 -15.592157
 -1.386294 -1.386294 -1.386294 -1.386294
 -1.386294 -1.386294 -1.386294 -1.386294
 -2.120950 -1.429951 -1.828985 -0.733583
 -1.386294 -1.386294 -1.386294 -1.386294
 -1.386294 -1.386294 -1.386294 -1.386294
 -1.386294 -1.386294 -1.386294 -1.386294
 -2.060906 -1.810645 -1.557692 -0.696169
 -1.386294 -1.386294 -1.386294 -1.386294
 -1.386294 -1.386294 -1.386294 -1.386294
 -1.386294 -1.386294 -1.386294 -1.386294
 -2.120950 -1.429951 -1.828985 -0.733583
 -1.386294 -1.386294 -1.386294 -1.386294
 -1.386294 -1.386294 -1.386294 -1.386294
 -1.386294 -1.386294 -1.386294 -1.386294
 -2.060906 -1.810645 -1.557692 -0.696169
 -1.386294 -1.386294 -1.386294 -1.386294
 -1.275543 -1.739115 -0.954161 -1.833144
 -1.292962 -1.087801 -1.733696 -1.551374
 -1.603405 -1.132462 -1.060032 -2.039406
 -1.441815 -1.939111 -0.808092 -1.748916
 -1.386294 -1.386294 -1.386294 -1.386294
 -1.386294 -1.386294 -1.386294 -1.386294
 -1.386294 -1.386294 -1.386294 -1.386294
 -1.386294 -1.386294 -1.386294 -1.386294
 -1.275543 -1.739115 -0.954161 -1.833144
 -1.292962 -1.087801 -1.733696 -1.551374
 -1.603405 -1.132462 -1.060032 -2.039406
 -1.441815 -1.939111 -0.808092 -1.748916
 -1.386294 -1.386294 -1.386294 -1.386294
 -1.386294 -1.386294 -1.386294 -1.386294
 -1.386294 -1.386294 -1.386294 -1.386294
 -1.386294 -1.386294 -1.386294 -1.386294
 -1.405941 -1.523724 -1.154627 -1.506025
 -1.781502 -0.885832 -2.117974 -1.207415
 -1.701005 -1.086190 -1.049822 -2.040220
 -1.965201 -1.878190 -0.929112 -1.164426
 -1.590206 -1.484846 -1.363893 -1.158630
 -1.631638 -1.007120 -2.156162 -1.129010
 -1.807195 -1.234334 -1.186619 -1.428759
 -2.075121 -1.530395 -1.252763 -0.988071
 -1.405941 -1.523724 -1.154627 -1.506025
 -1.781502 -0.885832 -2.117974 -1.207415
 -1.701005 -1.086190 -1.049822 -2.040220
 -1.965201 -1.878190 -0.929112 -1.164426
 -1.590206 -1.484846 -1.363893 -1.158630
 -1.631638 -1.007120 -2.156162 -1.129010
 -1.807195 -1.234334 -1.186619 -1.428759
 -2.075121 -1.530395 -1.252763 -0.988071
 -1.329676 -1.578372 -1.101043 -1.626574
 -1.516720 -0.958195 -2.202261 -1.250254
 -1.835244 -1.236932 -0.924685 -1.874084
 -1.981001 -1.429354 -0.969401 -1.413481
 -1.787363 -1.533129 -1.094217 -1.266067
 -1.461664 -1.006928 -2.295583 -1.196972
 -1.995919 -1.355417 -0.823201 -1.788280
 -2.240709 -1.348712 -1.090138 -1.211090
 -1.329676 -1.578372 -1.101043 -1.626574
 -1.516720 -0.958195 -2.202261 -1.250254
 -1.835244 -1.236932 -0.924685 -1.874084
 -1.981001 -1.429354 -0.969401 -1.413481
 -1.787363 -1.533129 -1.094217 -1.266067
 -1.461664 -1.006928 -2.295583 -1.196972
 -1.995919 -1.355417 -0.823201 -1.788280
 -2.240709 -1.348712 -1.090138 -1.211090
 -1.514440 -1.468631 -1.130029 -1.483668
 -1.363989 -1.033135 -2.204771 -1.279431
 -1.687399 -1.469676 -0.840102 -1.875141
 -2.045992 -1.572706 -0.887790 -1.379515
 -1.931805 -1.341843 -1.011601 -1.469182
 -1.486045 -1.073611 -2.042170 -1.196616
 -2.064499 -1.469208 -0.804500 -1.631178
 -2.297307 -1.465162 -0.974384 -1.234414
 -1.514440 -1.468631 -1.130029 -1.483668
 -1.363989 -1.033135 -2.204771 -1.279431
 -1.687399 -1.469676 -0.840102 -1.875141
 -2.045992 -1.572706 -0.887790 -1.379515
 -1.931805 -1.341843 -1.011601 -1.469182
 -1.486045 -1.073611 -2.042170 -1.196616
 -2.064499 -1.469208 -0.804500 -1.631178
 -2.297307 -1.465162 -0.974384 -1.234414
 -1.418383 -1.493606 -1.163853 -1.509354
 -1.337976 -1.141603 -2.151266 -1.197394
 -1.675429 -1.331235 -0.882752 -2.002641
 -1.992429 -1.671958 -0.908744 -1.299283
 -1.751408 -1.398129 -1.033155 -1.498212
 -1.397263 -1.122533 -2.090410 -1.191925
 -1.990263 -1.379808 -0.875903 -1.633588
 -2.059312 -1.373438 -1.089413 -1.262981
 -1.418383 -1.493606 -1.163853 -1.509354
 -1.337976 -1.141603 -2.151266 -1.197394
 -1.675429 -1.331235 -0.882752 -2.002641
 -1.992429 -1.671958 -0.908744 -1.299283
 -1.751408 -1.398129 -1.033155 -1.498212
 -1.397263 -1.122533 -2.090410 -1.191925
 -1.990263 -1.379808 -0.875903 -1.633588
 -2.059312 -1.373438 -1.089413 -1.262981
 -3.091537 0.000100 0.000100 0.000100
 -2.935573 0.000100 0.000100 0.000100
 -2.488541 0.000100 0.000100 0.000100
 -3.223255 0.000100 0.000100 0.000100
 -2.470824 0.000100 0.000100 0.000100
 -2.644017 0.000100 0.000100 0.000100
 -2.986540 0.000100 0.000100 0.000100
 -2.623350 0.000100 0.000100 0.000100
 -3.091537 0.000100 0.000100 0.000100
 -2.935573 0.000100 0.000100 0.000100
 -2.488541 0.000100 0.000100 0.000100
 -3.223255 0.000100 0.000100 0.000100
 -2.470824 0.000100 0.000100 0.000100
 -2.644017 0.000100 0.000100 0.000100
 -2.986540 0.000100 0.000100 0.000100
 -2.623350 0.000100 0.000100 0.000100
 -1.236561 -1.413895 -1.038735 -2.184599
 -1.569859 -0.530163 -2.263005 -2.308815
 -1.507559 -1.258739 -0.998529 -2.070543
 -1.761176 -1.535626 -0.809379 -1.785567
 -2.278487 -0.537187 -1.624180 -2.153324
 -1.352084 -1.032408 -1.379358 -2.014323
 -1.801611 -1.018570 -1.027661 -2.154052
 -2.269062 -1.644123 -0.508934 -2.280112
 -1.236561 -1.413895 -1.038735 -2.184599
 -1.569859 -0.530163 -2.263005 -2.308815
 -1.507559 -1.258739 -0.998529 -2.070543
 -1.761176 -1.535626 -0.809379 -1.785567
 -2.278487 -0.537187 -1.624180 -2.153324
 -1.352084 -1.032408 -1.379358 -2.014323
 -1.801611 -1.018570 -1.027661 -2.154052
 -2.269062 -1.644123 -0.508934 -2.280112
 -0.000001 -15.588767 -15.588767 -15.588767
 -0.000000 -16.333208 -16.333208 -16.333208
 -0.000000 -16.105011 -16.105011 -16.105011
 -0.000001 -15.147878 -15.147878 -15.147878
 -0.000001 -15.485104 -15.485104 -15.485104
 -0.000000 -16.077274 -16.077274 -16.077274
 -0.000000 -16.145712 -16.145712 -16.145712
 -0.000001 -15.068274 -15.068274 -15.068274
 -0.000001 -15.588767 -15.588767 -15.588767
 -0.000000 -16.333208 -16.333208 -16.333208
 -0.000000 -16.105011 -16.105011 -16.105011
 -0.000001 -15.147878 -15.147878 -15.147878
 -0.000001 -15.485104 -15.485104 -15.485104
 -0.000000 -16.077274 -16.077274 -16.077274
 -0.000000 -16.145712 -16.145712 -16.145712
 -0.000001 -15.068274 -15.068274 -15.068274
 -17.260725 -17.260725 -0.000000 -17.260725
 -1.386294 -1.386294 -1.386294 -1.386294
 -1.386294 -1.386294 -1.386294 -1.386294
 -1.386294 -1.386294 -1.386294 -1.386294
 -17.192757 -17.192757 -0.000000 -17.192757
 -1.386294 -1.386294 -1.386294 -1.386294
 -1.386294 -1.386294 -1.386294 -1.386294
 -1.386294 -1.386294 -1.386294 -1.386294
 -17.260725 -17.260725 -0.000000 -17.260725
 -1.386294 -1.386294 -1.386294 -1.386294
 -1.386294 -1.386294 -1.386294 -1.386294
 -1.386294 -1.386294 -1.386294 -1.386294
 -17.192757 -17.192757 -0.000000 -17.192757
 -1.386294 -1.386294 -1.386294 -1.386294
 -1.386294 -1.386294 -1.386294 -1.386294
 -1.386294 -1.386294 -1.386294 -1.386294
 -1.386294 -1.386294 -1.386294 -1.386294
 -1.386294 -1.386294 -1.386294 -1.386294
 -17.920465 -17.920465 0.000000 -17.920465
 -1.386294 -1.386294 -1.386294 -1.386294
 -1.386294 -1.386294 -1.386294 -1.386294
 -1.386294 -1.386294 -1.386294 -1.386294
 -1.386294 -1.386294 -1.386294 -1.386294
 -1.386294 -1.386294 -1.386294 -1.386294
 -1.386294 -1.386294 -1.386294 -1.386294
 -1.386294 -1.386294 -1.386294 -1.386294
 -17.920465 -17.920465 0.000000 -17.920465
 -1.386294 -1.386294 -1.386294 -1.386294
 -1.386294 -1.386294 -1.386294 -1.386294
 -1.386294 -1.386294 -1.386294 -1.386294
 -1.386294 -1.386294 -1.386294 -1.386294
 -1.386294 -1.386294 -1.386294 -1.386294
 -1.386294 -1.386294 -1.386294 -1.386294
 -1.386294 -1.386294 -1.386294 -1.386294
 -17.920465 -17.920465 -17.920465 -0.000000
 -1.386294 -1.386294 -1.386294 -1.386294
 -1.386294 -1.386294 -1.386294 -1.386294
 -1.386294 -1.386294 -1.386294 -1.386294
 -1.386294 -1.386294 -1.386294 -1.386294
 -1.386294 -1.386294 -1.386294 -1.386294
 -1.386294 -1.386294 -1.386294 -1.386294
 -1.386294 -1.386294 -1.386294 -1.386294
 -17.920465 -17.920465 -17.920465 -0.000000
 -1.386294 -1.386294 -1.386294 -1.386294
 -1.386294 -1.386294 -1.386294 -1.386294
 -1.386294 -1.386294 -1.386294 -1.386294
 -1.386294 -1.386294 -1.386294 -1.386294
 -1.386294 -1.386294 -1.386294 -1.386294
 -1.386294 -1.386294 -1.386294 -1.386294
 -1.386294 -1.386294 -1.386294 -1.386294
 -1.386294 -1.386294 -1.386294 -1.386294
 -17.920465 -1.748829 -0.531486 -1.434260
 -1.386294 -1.386294 -1.386294 -1.386294
 -1.386294 -1.386294 -1.386294 -1.386294
 -1.386294 -1.386294 -1.386294 -1.386294
 -1.386294 -1.386294 -1.386294 -1.386294
 -1.386294 -1.386294 -1.386294 -1.386294
 -1.386294 -1.386294 -1.386294 -1.386294
 -1.386294 -1.386294 -1.386294 -1.386294
 -17.920465 -1.748829 -0.531486 -1.434260
 -1.386294 -1.386294 -1.386294 -1.386294
 -1.386294 -1.386294 -1.386294 -1.386294
 -1.386294 -1.386294 -1.386294 -1.386294
 -1.386294 -1.386294 -1.386294 -1.386294
 -1.386294 -1.386294 -1.386294 -1.386294
 -1.386294 -1.386294 -1.386294 -1.386294
 -1.386294 -1.386294 -1.386294 -1.386294
 -1.386294 -1.386294 -1.386294 -1.386294
 -1.386294 -1.386294 -1.386294 -1.386294
 -16.171637 -1.957350 -1.648090 -0.405939
 -17.388979 -2.526150 -0.635365 -0.940861
 -16.486206 -2.881415 -0.721931 -0.780599
 -1.386294 -1.386294 -1.386294 -1.386294
 -1.386294 -1.386294 -1.386294 -1.386294
 -1.386294 -1.386294 -1.386294 -1.386294
 -1.386294 -1.386294 -1.386294 -1.386294
 -1.386294 -1.386294 -1.386294 -1.386294
 -16.171637 -1.957350 -1.648090 -0.405939
 -17.388979 -2.526150 -0.635365 -0.940861
 -16.486206 -2.881415 -0.721931 -0.780599
 -1.386294 -1.386294 -1.386294 -1.386294
 -14.862831 -14.862831 -0.000001 -14.862831
 -16.753614 -16.753614 -0.000000 -16.753614
 -16.448118 -16.448118 -0.000000 -16.448118
 -1.386294 -1.386294 -1.386294 -1.386294
 -14.648421 -14.648421 -0.000001 -14.648421
 -16.018276 -16.018276 -0.000000 -16.018276
 -16.429251 -16.429251 -0.000000 -16.429251
 -1.386294 -1.386294 -1.386294 -1.386294
 -14.862831 -14.862831 -0.000001 -14.862831
 -16.753614 -16.753614 -0.000000 -16.753614
 -16.448118 -16.448118 -0.000000 -16.448118
 -1.386294 -1.386294 -1.386294 -1.386294
 -14.648421 -14.648421 -0.000001 -14.648421
 -16.018276 -16.018276 -0.000000 -16.018276
 -16.429251 -16.429251 -0.000000 -16.429251
 -1.386294 -1.386294 -1.386294 -1.386294
 -1.386294 -1.386294 -1.386294 -1.386294
 -1.208638 -1.556445 -1.200280 -1.663883
 -1.386294 -1.386294 -1.386294 -1.386294
 -1.386294 -1.386294 -1.386294 -1.386294
 -1.386294 -1.386294 -1.386294 -1.386294
 -1.236389 -1.663131 -1.188100 -1.536073
 -1.386294 -1.386294 -1.386294 -1.386294
 -1.386294 -1.386294 -1.386294 -1.386294
 -1.386294 -1.386294 -1.386294 -1.386294
 -1.208638 -1.556445 -1.200280 -1.663883
 -1.386294 -1.386294 -1.386294 -1.386294
 -1.386294 -1.386294 -1.386294 -1.386294
 -1.386294 -1.386294 -1.386294 -1.386294
 -1.236389 -1.663131 -1.188100 -1.536073
 -1.386294 -1.386294 -1.386294 -1.386294
 -1.699716 -2.173407 -0.538676 -2.120637
 -0.992756 -1.572096 -1.608611 -1.506562
 -1.413875 -1.630329 -1.149963 -1.409410
 -2.017339 -1.719043 -0.721944 -1.599753
 -1.386294 -1.386294 -1.386294 -1.386294
 -1.386294 -1.386294 -1.386294 -1.386294
 -1.386294 -1.386294 -1.386294 -1.386294
 -1.386294 -1.386294 -1.386294 -1.386294
 -1.699716 -2.173407 -0.538676 -2.120637
 -0.992756 -1.572096 -1.608611 -1.506562
 -1.413875 -1.630329 -1.149963 -1.409410
 -2.017339 -1.719043 -0.721944 -1.599753
 -1.386294 -1.386294 -1.386294 -1.386294
 -1.386294 -1.386294 -1.386294 -1.386294
 -1.386294 -1.386294 -1.386294 -1.386294
 -1.386294 -1.386294 -1.386294 -1.386294
 -1.419170 -1.767477 -0.881958 -1.752439
 -1.435440 -1.264375 -2.190144 -1.000561
 -1.708452 -1.032458 -1.181432 -1.858642
 -2.179286 -1.862046 -0.706815 -1.434180
 -1.962384 -1.373307 -0.856051 -1.707202
 -1.208219 -1.582268 -2.468098 -0.889121
 -1.989659 -1.340964 -0.771013 -1.972417
 -1.770706 -1.427761 -1.237408 -1.204618
 -1.419170 -1.767477 -0.881958 -1.752439
 -1.435440 -1.264375 -2.190144 -1.000561
 -1.708452 -1.032458 -1.181432 -1.858642
 -2.179286 -1.862046 -0.706815 -1.434180
 -1.962384 -1.373307 -0.856051 -1.707202
 -1.208219 -1.582268 -2.468098 -0.889121
 -1.989659 -1.340964 -0.771013 -1.972417
 -1.770706 -1.427761 -1.237408 -1.204618
 -1.052759 -1.900056 -1.113384 -1.754345
 -1.752893 -0.553185 -2.645529 -1.711221
 -0.755734 -2.081488 -1.497961 -1.703726
 -2.077816 -1.593308 -0.808494 -1.487148
 -1.517871 -1.437828 -1.133459 -1.507508
 -1.304819 -1.343735 -2.351374 -0.987060
 -1.968578 -1.981001 -0.525298 -2.032294
 -2.027588 -1.429219 -1.177256 -1.137161
 -1.052759 -1.900056 -1.113384 -1.754345
 -1.752893 -0.553185 -2.645529 -1.711221
 -0.755734 -2.081488 -1.497961 -1.703726
 -2.077816 -1.593308 -0.808494 -1.487148
 -1.517871 -1.437828 -1.133459 -1.507508
 -1.304819 -1.343735 -2.351374 -0.987060
 -1.968578 -1.981001 -0.525298 -2.032294
 -2.027588 -1.429219 -1.177256 -1.137161
 -1.836211 -2.186413 -1.786339 -0.578590
 -1.100747 -1.388429 -2.161618 -1.194776
 -1.690849 -1.249390 -1.076654 -1.670123
 -1.791759 -1.699386 -1.148209 -1.098612
 -1.630057 -1.449473 -1.094539 -1.449473
 -0.465045 -1.852862 -2.733220 -1.896483
 -1.596555 -1.349695 -1.040374 -1.688670
 -1.791759 -1.424655 -1.059082 -1.402555
 -1.836211 -2.186413 -1.786339 -0.578590
 -1.100747 -1.388429 -2.161618 -1.194776
 -1.690849 -1.249390 -1.076654 -1.670123
 -1.791759 -1.699386 -1.148209 -1.098612
 -1.630057 -1.449473 -1.094539 -1.449473
 -0.465045 -1.852862 -2.733220 -1.896483
 -1.596555 -1.349695 -1.040374 -1.688670
 -1.791759 -1.424655 -1.059082 -1.402555
 -1.413882 -1.713288 -0.956192 -1.649339
 -1.151722 -1.489104 -1.960382 -1.147187
 -1.331312 -1.572100 -1.025281 -1.774517
 -2.428067 -0.743281 -1.428396 -1.626846
 -2.209926 -0.588175 -1.761164 -1.813350
 -1.053387 -1.294549 -2.720582 -1.166716
 -1.380923 -1.535073 -1.086123 -1.631217
 -2.004478 -1.246793 -1.129010 -1.368490
 -1.413882 -1.713288 -0.956192 -1.649339
 -1.151722 -1.489104 -1.960382 -1.147187
 -1.331312 -1.572100 -1.025281 -1.774517
 -2.428067 -0.743281 -1.428396 -1.626846
 -2.209926 -0.588175 -1.761164 -1.813350
 -1.053387 -1.294549 -2.720582 -1.166716
 -1.380923 -1.535073 -1.086123 -1.631217
 -2.004478 -1.246793 -1.129010 -1.368490
