 -2.379250 0.000100 0.000100 0.000100
 -2.904340 0.000100 0.000100 0.000100
 -2.877672 0.000100 0.000100 0.000100
 -3.156163 0.000100 0.000100 0.000100
 -2.614882 0.000100 0.000100 0.000100
 -2.668476 0.000100 0.000100 0.000100
 -3.008437 0.000100 0.000100 0.000100
 -2.783244 0.000100 0.000100 0.000100
 -2.379250 0.000100 0.000100 0.000100
 -2.904340 0.000100 0.000100 0.000100
 -2.877672 0.000100 0.000100 0.000100
 -3.156163 0.000100 0.000100 0.000100
 -2.614882 0.000100 0.000100 0.000100
 -2.668476 0.000100 0.000100 0.000100
 -3.008437 0.000100 0.000100 0.000100
 -2.783244 0.000100 0.000100 0.000100
 -0.882985 -1.086486 -1.653297 -2.853613
 -0.796455 -0.876892 -2.782595 -2.643333
 -0.810584 -0.915599 -1.981867 -4.056293
 -1.479229 -0.772123 -1.447605 -2.589961
 -1.010005 -0.900705 -1.798170 -2.750470
 -0.840579 -0.830216 -2.869247 -2.579093
 -0.976891 -0.864012 -1.741730 -3.618044
 -1.500304 -0.659078 -1.713609 -2.533318
 -0.882985 -1.086486 -1.653297 -2.853613
 -0.796455 -0.876892 -2.782595 -2.643333
 -0.810584 -0.915599 -1.981867 -4.056293
 -1.479229 -0.772123 -1.447605 -2.589961
 -1.010005 -0.900705 -1.798170 -2.750470
 -0.840579 -0.830216 -2.869247 -2.579093
 -0.976891 -0.864012 -1.741730 -3.618044
 -1.500304 -0.659078 -1.713609 -2.533318
 -0.143322 -3.757973 -3.378484 -2.575775
 -0.095572 -4.178877 -3.980427 -2.862014
 -0.105642 -3.341513 -3.677984 -3.229035
 -0.693148 -2.118155 -2.018071 -1.399033
 -0.162666 -3.354903 -3.233950 -2.579519
 -0.105485 -3.801834 -3.870827 -2.865742
 -0.199152 -3.262206 -2.500068 -2.810222
 -0.800265 -2.309379 -1.439609 -1.539693
 -0.143322 -3.757973 -3.378484 -2.575775
 -0.095572 -4.178877 -3.980427 -2.862014
 -0.105642 -3.341513 -3.677984 -3.229035
 -0.693148 -2.118155 -2.018071 -1.399033
 -0.162666 -3.354903 -3.233950 -2.579519
 -0.105485 -3.801834 -3.870827 -2.865742
 -0.199152 -3.262206 -2.500068 -2.810222
 -0.800265 -2.309379 -1.439609 -1.539693
 -17.873363 -17.873363 0.000000 -17.873363
 -14.533352 -14.533352 -0.000001 -14.533352
 -14.786291 -14.786291 -0.000001 -14.786291
 -15.330639 -15.330639 -0.000001 -15.330639
 -17.768291 -17.768291 0.000000 -17.768291
 -14.419828 -14.419828 -0.000002 -14.419828
 -14.743731 -14.743731 -0.000001 -14.743731
 -15.382042 -15.382042 -0.000001 -15.382042
 -17.873363 -17.873363 0.000000 -17.873363
 -14.533352 -14.533352 -0.000001 -14.533352
 -14.786291 -14.786291 -0.000001 -14.786291
 -15.330639 -15.330639 -0.000001 -15.330639
 -17.768291 -17.768291 0.000000 -17.768291
 -14.419828 -14.419828 -0.000002 -14.419828
 -14.743731 -14.743731 -0.000001 -14.743731
 -15.382042 -15.382042 -0.000001 -15.382042
 -1.386294 -1.386294 -1.386294 -1.386294
 -1.386294 -1.386294 -1.386294 -1.386294
 -18.561312 -18.561312 0.000000 -18.561312
 -1.386294 -1.386294 -1.386294 -1.386294
 -1.386294 -1.386294 -1.386294 -1.386294
 -1.386294 -1.386294 -1.386294 -1.386294
 -16.397242 -16.397242 -0.000000 -16.397242
 -1.386294 -1.386294 -1.386294 -1.386294
 -1.386294 -1.386294 -1.386294 -1.386294
 -1.386294 -1.386294 -1.386294 -1.386294
 -18.561312 -18.561312 0.000000 -18.561312
 -1.386294 -1.386294 -1.386294 -1.386294
 -1.386294 -1.386294 -1.386294 -1.386294
 -1.386294 -1.386294 -1.386294 -1.386294
 -16.397242 -16.397242 -0.000000 -16.397242
 -1.386294 -1.386294 -1.386294 -1.386294
 -1.386294 -1.386294 -1.386294 -1.386294
 -1.386294 -1.386294 -1.386294 -1.386294
 -18.670038 -18.670038 -18.670038 0.000000
 -1.386294 -1.386294 -1.386294 -1.386294
 -1.386294 -1.386294 -1.386294 -1.386294
 -1.386294 -1.386294 -1.386294 -1.386294
 -1.386294 -1.386294 -1.386294 -1.386294
 -1.386294 -1.386294 -1.386294 -1.386294
 -1.386294 -1.386294 -1.386294 -1.386294
 -1.386294 -1.386294 -1.386294 -1.386294
 -18.670038 -18.670038 -18.670038 0.000000
 -1.386294 -1.386294 -1.386294 -1.386294
 -1.386294 -1.386294 -1.386294 -1.386294
 -1.386294 -1.386294 -1.386294 -1.386294
 -1.386294 -1.386294 -1.386294 -1.386294
 -1.386294 -1.386294 -1.386294 -1.386294
 -1.386294 -1.386294 -1.386294 -1.386294
 -1.386294 -1.386294 -1.386294 -1.386294
 -1.386294 -1.386294 -1.386294 -1.386294
 -0.172766 -4.390792 -2.059077 -3.979058
 -1.386294 -1.386294 -1.386294 -1.386294
 -1.386294 -1.386294 -1.386294 -1.386294
 -1.386294 -1.386294 -1.386294 -1.386294
 -1.386294 -1.386294 -1.386294 -1.386294
 -1.386294 -1.386294 -1.386294 -1.386294
 -1.386294 -1.386294 -1.386294 -1.386294
 -1.386294 -1.386294 -1.386294 -1.386294
 -0.172766 -4.390792 -2.059077 -3.979058
 -1.386294 -1.386294 -1.386294 -1.386294
 -1.386294 -1.386294 -1.386294 -1.386294
 -1.386294 -1.386294 -1.386294 -1.386294
 -1.386294 -1.386294 -1.386294 -1.386294
 -1.386294 -1.386294 -1.386294 -1.386294
 -1.386294 -1.386294 -1.386294 -1.386294
 -1.386294 -1.386294 -1.386294 -1.386294
 -1.386294 -1.386294 -1.386294 -1.386294
 -0.564514 -1.598476 -2.474586 -1.931290
 -1.137079 -1.117661 -2.871671 -1.218757
 -0.562216 -1.220604 -2.423887 -3.069886
 -1.111192 -1.630491 -1.548813 -1.337504
 -1.386294 -1.386294 -1.386294 -1.386294
 -1.386294 -1.386294 -1.386294 -1.386294
 -1.386294 -1.386294 -1.386294 -1.386294
 -1.386294 -1.386294 -1.386294 -1.386294
 -0.564514 -1.598476 -2.474586 -1.931290
 -1.137079 -1.117661 -2.871671 -1.218757
 -0.562216 -1.220604 -2.423887 -3.069886
 -1.111192 -1.630491 -1.548813 -1.337504
 -0.808741 -1.448122 -18.074240 -1.140779
 -1.072695 -1.156124 -17.098675 -1.069410
 -0.875848 -1.179604 -16.170689 -1.287024
 -1.208656 -1.530943 -16.613401 -0.723462
 -0.878552 -1.256617 -14.077878 -1.203973
 -1.098613 -1.650680 -13.805464 -0.744974
 -0.762143 -1.529394 -13.304691 -1.149907
 -1.655957 -1.299283 -13.910825 -0.622945
 -0.808741 -1.448122 -18.074240 -1.140779
 -1.072695 -1.156124 -17.098675 -1.069410
 -0.875848 -1.179604 -16.170689 -1.287024
 -1.208656 -1.530943 -16.613401 -0.723462
 -0.878552 -1.256617 -14.077878 -1.203973
 -1.098613 -1.650680 -13.805464 -0.744974
 -0.762143 -1.529394 -13.304691 -1.149907
 -1.655957 -1.299283 -13.910825 -0.622945
 -1.268965 -1.977738 -1.300464 -1.177362
 -1.243718 -1.408142 -2.185020 -1.036717
 -1.386294 -1.386294 -1.386294 -1.386294
 -1.558624 -2.143137 -1.092498 -1.087937
 -1.603276 -2.020758 -0.929078 -1.304562
 -1.203705 -1.418173 -2.088330 -1.097005
 -1.386294 -1.386294 -1.386294 -1.386294
 -1.955866 -1.925212 -1.045038 -1.018781
 -1.268965 -1.977738 -1.300464 -1.177362
 -1.243718 -1.408142 -2.185020 -1.036717
 -1.386294 -1.386294 -1.386294 -1.386294
 -1.558624 -2.143137 -1.092498 -1.087937
 -1.603276 -2.020758 -0.929078 -1.304562
 -1.203705 -1.418173 -2.088330 -1.097005
 -1.386294 -1.386294 -1.386294 -1.386294
 -1.955866 -1.925212 -1.045038 -1.018781
 -1.047130 -1.818530 -1.579696 -1.270274
 -0.896516 -1.548561 -2.545173 -1.200650
 -1.462113 -1.641699 -1.456649 -1.074152
 -1.156619 -2.007395 -1.343953 -1.236835
 -1.391973 -1.659361 -1.290264 -1.251914
 -1.061359 -1.423473 -2.266739 -1.172833
 -1.607858 -1.461254 -1.423346 -1.118309
 -1.446451 -1.733604 -1.316902 -1.139481
 -1.047130 -1.818530 -1.579696 -1.270274
 -0.896516 -1.548561 -2.545173 -1.200650
 -1.462113 -1.641699 -1.456649 -1.074152
 -1.156619 -2.007395 -1.343953 -1.236835
 -1.391973 -1.659361 -1.290264 -1.251914
 -1.061359 -1.423473 -2.266739 -1.172833
 -1.607858 -1.461254 -1.423346 -1.118309
 -1.446451 -1.733604 -1.316902 -1.139481
 -1.129403 -1.655352 -1.513522 -1.325706
 -1.275394 -1.122033 -2.484906 -1.165623
 -1.406072 -1.333991 -1.172672 -1.704116
 -1.324832 -1.748954 -1.324832 -1.222990
 -1.464733 -1.521892 -1.587738 -1.060812
 -1.232638 -1.241580 -2.683272 -1.046368
 -1.536638 -1.355500 -1.278648 -1.391648
 -1.720390 -1.631934 -1.598121 -0.859966
 -1.129403 -1.655352 -1.513522 -1.325706
 -1.275394 -1.122033 -2.484906 -1.165623
 -1.406072 -1.333991 -1.172672 -1.704116
 -1.324832 -1.748954 -1.324832 -1.222990
 -1.464733 -1.521892 -1.587738 -1.060812
 -1.232638 -1.241580 -2.683272 -1.046368
 -1.536638 -1.355500 -1.278648 -1.391648
 -1.720390 -1.631934 -1.598121 -0.859966
 -1.055518 -1.722644 -1.483196 -1.400462
 -1.189198 -1.202621 -2.494423 -1.162880
 -1.434960 -1.421921 -1.095492 -1.680665
 -1.577009 -1.620684 -1.355576 -1.085166
 -1.314531 -1.789240 -1.513898 -1.066351
 -1.250749 -1.243731 -2.783399 -1.011769
 -1.582111 -1.514859 -1.218072 -1.277188
 -1.760376 -1.585918 -1.516048 -0.907128
 -1.055518 -1.722644 -1.483196 -1.400462
 -1.189198 -1.202621 -2.494423 -1.162880
 -1.434960 -1.421921 -1.095492 -1.680665
 -1.577009 -1.620684 -1.355576 -1.085166
 -1.314531 -1.789240 -1.513898 -1.066351
 -1.250749 -1.243731 -2.783399 -1.011769
 -1.582111 -1.514859 -1.218072 -1.277188
 -1.760376 -1.585918 -1.516048 -0.907128
 -1.073403 -1.736055 -1.470705 -1.377615
 -1.222935 -1.334665 -2.293376 -1.074515
 -1.426171 -1.463609 -1.077401 -1.671877
 -1.577248 -1.717010 -1.350385 -1.036442
 -1.336617 -1.584897 -1.492345 -1.179432
 -1.333081 -1.195004 -2.413634 -1.066695
 -1.538402 -1.459931 -1.225530 -1.349301
 -1.732181 -1.513614 -1.475806 -0.982446
 -1.073403 -1.736055 -1.470705 -1.377615
 -1.222935 -1.334665 -2.293376 -1.074515
 -1.426171 -1.463609 -1.077401 -1.671877
 -1.577248 -1.717010 -1.350385 -1.036442
 -1.336617 -1.584897 -1.492345 -1.179432
 -1.333081 -1.195004 -2.413634 -1.066695
 -1.538402 -1.459931 -1.225530 -1.349301
 -1.732181 -1.513614 -1.475806 -0.982446
 -0.979579 -1.851055 -1.535866 -1.377572
 -1.216094 -1.238013 -2.492161 -1.105868
 -1.395050 -1.430859 -1.147091 -1.632109
 -1.553470 -1.760136 -1.420334 -0.981276
 -1.288581 -1.721347 -1.392122 -1.214138
 -1.365799 -1.142179 -2.778697 -1.011753
 -1.608631 -1.462578 -1.224906 -1.293114
 -1.806095 -1.575062 -1.598920 -0.851918
 -0.979579 -1.851055 -1.535866 -1.377572
 -1.216094 -1.238013 -2.492161 -1.105868
 -1.395050 -1.430859 -1.147091 -1.632109
 -1.553470 -1.760136 -1.420334 -0.981276
 -1.288581 -1.721347 -1.392122 -1.214138
 -1.365799 -1.142179 -2.778697 -1.011753
 -1.608631 -1.462578 -1.224906 -1.293114
 -1.806095 -1.575062 -1.598920 -0.851918
 -2.966399 0.000100 0.000100 0.000100
 -2.697363 0.000100 0.000100 0.000100
 -2.517625 0.000100 0.000100 0.000100
 -2.960747 0.000100 0.000100 0.000100
 -2.981310 0.000100 0.000100 0.000100
 -2.603279 0.000100 0.000100 0.000100
 -2.934480 0.000100 0.000100 0.000100
 -2.648146 0.000100 0.000100 0.000100
 -2.966399 0.000100 0.000100 0.000100
 -2.697363 0.000100 0.000100 0.000100
 -2.517625 0.000100 0.000100 0.000100
 -2.960747 0.000100 0.000100 0.000100
 -2.981310 0.000100 0.000100 0.000100
 -2.603279 0.000100 0.000100 0.000100
 -2.934480 0.000100 0.000100 0.000100
 -2.648146 0.000100 0.000100 0.000100
 -1.191145 -1.737123 -1.174700 -1.555001
 -0.997761 -1.436963 -1.715351 -1.542961
 -1.404075 -1.195498 -1.313863 -1.697870
 -1.747557 -1.819593 -0.843929 -1.453753
 -1.545072 -1.503492 -1.028767 -1.575501
 -1.350866 -1.138604 -2.434928 -1.099270
 -1.569674 -1.467151 -1.000957 -1.641042
 -1.893842 -1.403934 -1.124994 -1.275740
 -1.191145 -1.737123 -1.174700 -1.555001
 -0.997761 -1.436963 -1.715351 -1.542961
 -1.404075 -1.195498 -1.313863 -1.697870
 -1.747557 -1.819593 -0.843929 -1.453753
 -1.545072 -1.503492 -1.028767 -1.575501
 -1.350866 -1.138604 -2.434928 -1.099270
 -1.569674 -1.467151 -1.000957 -1.641042
 -1.893842 -1.403934 -1.124994 -1.275740
 -1.135284 -2.902987 -1.245578 -1.090539
 -0.947541 -2.640860 -2.295687 -0.820265
 -0.956704 -2.595355 -1.442119 -1.188108
 -1.463199 -2.965017 -0.914198 -1.151671
 -1.410079 -2.510779 -1.156065 -1.021793
 -0.884020 -2.569580 -2.140685 -0.934609
 -1.505432 -2.416777 -1.110190 -1.023393
 -1.706502 -2.722943 -0.880480 -1.084013
 -1.135284 -2.902987 -1.245578 -1.090539
 -0.947541 -2.640860 -2.295687 -0.820265
 -0.956704 -2.595355 -1.442119 -1.188108
 -1.463199 -2.965017 -0.914198 -1.151671
 -1.410079 -2.510779 -1.156065 -1.021793
 -0.884020 -2.569580 -2.140685 -0.934609
 -1.505432 -2.416777 -1.110190 -1.023393
 -1.706502 -2.722943 -0.880480 -1.084013
 -18.775343 -18.775343 0.000000 -18.775343
 -17.407879 -17.407879 -0.000000 -17.407879
 -18.753361 -18.753361 0.000000 -18.753361
 -18.909077 -18.909077 0.000000 -18.909077
 -18.718338 -18.718338 0.000000 -18.718338
 -17.211695 -17.211695 -0.000000 -17.211695
 -18.549250 -18.549250 0.000000 -18.549250
 -18.925026 -18.925026 0.000000 -18.925026
 -18.775343 -18.775343 0.000000 -18.775343
 -17.407879 -17.407879 -0.000000 -17.407879
 -18.753361 -18.753361 0.000000 -18.753361
 -18.909077 -18.909077 0.000000 -18.909077
 -18.718338 -18.718338 0.000000 -18.718338
 -17.211695 -17.211695 -0.000000 -17.211695
 -18.549250 -18.549250 0.000000 -18.549250
 -18.925026 -18.925026 0.000000 -18.925026
 -1.386294 -1.386294 -1.386294 -1.386294
 -1.386294 -1.386294 -1.386294 -1.386294
 -20.089199 -20.089199 0.000000 -20.089199
 -1.386294 -1.386294 -1.386294 -1.386294
 -1.386294 -1.386294 -1.386294 -1.386294
 -1.386294 -1.386294 -1.386294 -1.386294
 -19.793713 -19.793713 0.000000 -19.793713
 -1.386294 -1.386294 -1.386294 -1.386294
 -1.386294 -1.386294 -1.386294 -1.386294
 -1.386294 -1.386294 -1.386294 -1.386294
 -20.089199 -20.089199 0.000000 -20.089199
 -1.386294 -1.386294 -1.386294 -1.386294
 -1.386294 -1.386294 -1.386294 -1.386294
 -1.386294 -1.386294 -1.386294 -1.386294
 -19.793713 -19.793713 0.000000 -19.793713
 -1.386294 -1.386294 -1.386294 -1.386294
 -1.386294 -1.386294 -1.386294 -1.386294
 -1.386294 -1.386294 -1.386294 -1.386294
 -20.645477 -20.645477 -20.645477 0.000000
 -1.386294 -1.386294 -1.386294 -1.386294
 -1.386294 -1.386294 -1.386294 -1.386294
 -1.386294 -1.386294 -1.386294 -1.386294
 -1.386294 -1.386294 -1.386294 -1.386294
 -1.386294 -1.386294 -1.386294 -1.386294
 -1.386294 -1.386294 -1.386294 -1.386294
 -1.386294 -1.386294 -1.386294 -1.386294
 -20.645477 -20.645477 -20.645477 0.000000
 -1.386294 -1.386294 -1.386294 -1.386294
 -1.386294 -1.386294 -1.386294 -1.386294
 -1.386294 -1.386294 -1.386294 -1.386294
 -1.386294 -1.386294 -1.386294 -1.386294
 -1.386294 -1.386294 -1.386294 -1.386294
 -1.386294 -1.386294 -1.386294 -1.386294
 -1.386294 -1.386294 -1.386294 -1.386294
 -1.386294 -1.386294 -1.386294 -1.386294
 -1.827364 -1.542104 -1.005945 -1.348870
 -1.386294 -1.386294 -1.386294 -1.386294
 -1.386294 -1.386294 -1.386294 -1.386294
 -1.386294 -1.386294 -1.386294 -1.386294
 -1.386294 -1.386294 -1.386294 -1.386294
 -1.386294 -1.386294 -1.386294 -1.386294
 -1.386294 -1.386294 -1.386294 -1.386294
 -1.386294 -1.386294 -1.386294 -1.386294
 -1.827364 -1.542104 -1.005945 -1.348870
 -1.386294 -1.386294 -1.386294 -1.386294
 -1.386294 -1.386294 -1.386294 -1.386294
 -1.386294 -1.386294 -1.386294 -1.386294
 -1.386294 -1.386294 -1.386294 -1.386294
 -1.386294 -1.386294 -1.386294 -1.386294
 -1.386294 -1.386294 -1.386294 -1.386294
 -1.386294 -1.386294 -1.386294 -1.386294
 -1.386294 -1.386294 -1.386294 -1.386294
 -1.348833 -1.473306 -1.335714 -1.393037
 -1.382462 -1.122284 -2.793831 -1.015233
 -1.442620 -1.392015 -1.020739 -1.865688
 -1.913538 -1.249893 -1.524483 -1.055054
 -1.386294 -1.386294 -1.386294 -1.386294
 -1.386294 -1.386294 -1.386294 -1.386294
 -1.386294 -1.386294 -1.386294 -1.386294
 -1.386294 -1.386294 -1.386294 -1.386294
 -1.348833 -1.473306 -1.335714 -1.393037
 -1.382462 -1.122284 -2.793831 -1.015233
 -1.442620 -1.392015 -1.020739 -1.865688
 -1.913538 -1.249893 -1.524483 -1.055054
 -0.916670 -1.232807 -18.591015 -1.175455
 -1.072806 -1.113443 -18.587889 -1.110099
 -1.033527 -0.968650 -18.897163 -1.329329
 -1.354126 -1.127001 -18.307735 -0.872696
 -1.109126 -1.141714 -18.259338 -1.047307
 -1.101318 -1.090986 -18.707588 -1.103578
 -1.256419 -0.879172 -17.980469 -1.203300
 -1.797377 -0.844319 -18.860933 -0.905309
 -0.916670 -1.232807 -18.591015 -1.175455
 -1.072806 -1.113443 -18.587889 -1.110099
 -1.033527 -0.968650 -18.897163 -1.329329
 -1.354126 -1.127001 -18.307735 -0.872696
 -1.109126 -1.141714 -18.259338 -1.047307
 -1.101318 -1.090986 -18.707588 -1.103578
 -1.256419 -0.879172 -17.980469 -1.203300
 -1.797377 -0.844319 -18.860933 -0.905309
 -1.175055 -1.967721 -1.077526 -1.555963
 -1.030462 -1.472461 -2.206358 -1.191725
 -1.386294 -1.386294 -1.386294 -1.386294
 -1.713233 -1.573941 -1.015346 -1.385438
 -1.287667 -1.695986 -1.204372 -1.423839
 -1.090059 -1.326691 -2.213363 -1.240924
 -1.386294 -1.386294 -1.386294 -1.386294
 -1.857554 -1.527345 -1.056776 -1.275612
 -1.175055 -1.967721 -1.077526 -1.555963
 -1.030462 -1.472461 -2.206358 -1.191725
 -1.386294 -1.386294 -1.386294 -1.386294
 -1.713233 -1.573941 -1.015346 -1.385438
 -1.287667 -1.695986 -1.204372 -1.423839
 -1.090059 -1.326691 -2.213363 -1.240924
 -1.386294 -1.386294 -1.386294 -1.386294
 -1.857554 -1.527345 -1.056776 -1.275612
 -1.393265 -1.572407 -1.086234 -1.576455
 -0.972315 -1.491874 -1.898802 -1.397983
 -1.310938 -1.632438 -1.056969 -1.674122
 -1.597484 -1.499092 -1.174175 -1.327316
 -1.547889 -1.465270 -1.026939 -1.618548
 -1.186900 -1.260005 -2.239092 -1.188669
 -1.359651 -1.501279 -1.090511 -1.690866
 -1.912579 -1.378846 -1.154823 -1.254148
 -1.393265 -1.572407 -1.086234 -1.576455
 -0.972315 -1.491874 -1.898802 -1.397983
 -1.310938 -1.632438 -1.056969 -1.674122
 -1.597484 -1.499092 -1.174175 -1.327316
 -1.547889 -1.465270 -1.026939 -1.618548
 -1.186900 -1.260005 -2.239092 -1.188669
 -1.359651 -1.501279 -1.090511 -1.690866
 -1.912579 -1.378846 -1.154823 -1.254148
 -1.019931 -1.892026 -1.360968 -1.460148
 -1.329996 -0.982025 -2.475332 -1.284335
 -1.453863 -1.447781 -1.276808 -1.377071
 -1.752604 -1.517765 -1.130553 -1.256594
 -1.454462 -1.517632 -1.236110 -1.359724
 -0.997319 -1.350373 -2.549195 -1.224704
 -1.594151 -1.365568 -1.221784 -1.398450
 -1.859987 -1.458471 -1.257175 -1.116948
 -1.019931 -1.892026 -1.360968 -1.460148
 -1.329996 -0.982025 -2.475332 -1.284335
 -1.453863 -1.447781 -1.276808 -1.377071
 -1.752604 -1.517765 -1.130553 -1.256594
 -1.454462 -1.517632 -1.236110 -1.359724
 -0.997319 -1.350373 -2.549195 -1.224704
 -1.594151 -1.365568 -1.221784 -1.398450
 -1.859987 -1.458471 -1.257175 -1.116948
 -1.374299 -1.418894 -1.141351 -1.684083
 -1.290319 -1.112211 -2.066682 -1.311629
 -1.350735 -1.471712 -1.167138 -1.608631
 -1.792257 -1.645812 -0.910794 -1.433991
 -1.649800 -1.250626 -1.338030 -1.350063
 -1.114610 -1.196907 -2.541340 -1.234196
 -1.588374 -1.406346 -1.179792 -1.413202
 -1.813851 -1.408229 -1.198959 -1.234807
 -1.374299 -1.418894 -1.141351 -1.684083
 -1.290319 -1.112211 -2.066682 -1.311629
 -1.350735 -1.471712 -1.167138 -1.608631
 -1.792257 -1.645812 -0.910794 -1.433991
 -1.649800 -1.250626 -1.338030 -1.350063
 -1.114610 -1.196907 -2.541340 -1.234196
 -1.588374 -1.406346 -1.179792 -1.413202
 -1.813851 -1.408229 -1.198959 -1.234807
 -1.222952 -1.767635 -1.170976 -1.492368
 -1.219884 -1.406980 -1.964689 -1.140514
 -1.355788 -1.401642 -1.186782 -1.656207
 -1.663816 -1.761978 -0.983649 -1.328266
 -1.472006 -1.785727 -1.217634 -1.181133
 -1.226714 -1.244545 -2.500495 -1.088774
 -1.144408 -1.717561 -1.231160 -1.560027
 -1.815776 -1.484407 -1.184100 -1.188657
 -1.222952 -1.767635 -1.170976 -1.492368
 -1.219884 -1.406980 -1.964689 -1.140514
 -1.355788 -1.401642 -1.186782 -1.656207
 -1.663816 -1.761978 -0.983649 -1.328266
 -1.472006 -1.785727 -1.217634 -1.181133
 -1.226714 -1.244545 -2.500495 -1.088774
 -1.144408 -1.717561 -1.231160 -1.560027
 -1.815776 -1.484407 -1.184100 -1.188657
 -1.352414 -1.862830 -1.136728 -1.326950
 -1.226486 -1.287016 -2.309207 -1.104897
 -1.375941 -1.403498 -1.246998 -1.540397
 -1.817055 -1.651698 -0.939559 -1.366601
 -1.527663 -1.294066 -1.371533 -1.366154
 -1.313527 -1.226657 -2.352332 -1.070866
 -1.663836 -1.029639 -1.428697 -1.542564
 -1.977108 -1.204228 -1.283458 -1.256916
 -1.352414 -1.862830 -1.136728 -1.326950
 -1.226486 -1.287016 -2.309207 -1.104897
 -1.375941 -1.403498 -1.246998 -1.540397
 -1.817055 -1.651698 -0.939559 -1.366601
 -1.527663 -1.294066 -1.371533 -1.366154
 -1.313527 -1.226657 -2.352332 -1.070866
 -1.663836 -1.029639 -1.428697 -1.542564
 -1.977108 -1.204228 -1.283458 -1.256916
